2 0.046875 0.944531 0.060156 0.109375
2 0.087500 0.696094 0.036719 0.063281
2 0.015625 0.592187 0.031250 0.056250
2 0.007812 0.632812 0.015625 0.061719
1 0.037500 0.696875 0.027344 0.028125
1 0.032031 0.688281 0.032031 0.032031
1 0.053125 0.661719 0.032813 0.029687
1 0.052344 0.645312 0.030469 0.028125
1 0.067187 0.649219 0.016406 0.019531
2 0.014063 0.935156 0.027344 0.128125
1 0.003125 0.392969 0.006250 0.035937
1 0.007031 0.380469 0.013281 0.053125
1 0.010156 0.375781 0.020313 0.050781
1 0.013281 0.371094 0.026562 0.048438
1 0.015625 0.367188 0.031250 0.043750
1 0.017969 0.363281 0.035937 0.042188
1 0.015625 0.544531 0.031250 0.053906
1 0.018750 0.530469 0.036719 0.054688
1 0.035156 0.518750 0.014844 0.051562
1 0.017188 0.478125 0.033594 0.058594
1 0.040625 0.507031 0.013281 0.048438
1 0.046094 0.497656 0.012500 0.046875
1 0.050781 0.489063 0.011719 0.043750
1 0.053906 0.480469 0.011719 0.042969
1 0.023438 0.466406 0.031250 0.049219
1 0.025000 0.457813 0.036719 0.046875
1 0.028125 0.450781 0.040625 0.044531
2 0.496094 0.631250 0.051562 0.054688
2 0.930469 0.689063 0.138281 0.148438
2 0.404687 0.488281 0.033594 0.028125
2 0.465625 0.538281 0.049219 0.041406
2 0.495312 0.558594 0.053906 0.048438
2 0.525000 0.584375 0.060156 0.056250
2 0.575000 0.504687 0.069531 0.051562
2 0.620313 0.528125 0.080469 0.063281
2 0.684375 0.564844 0.089844 0.074219
2 0.666406 0.812500 0.078125 0.119531
2 0.525781 0.660937 0.056250 0.064062
2 0.410938 0.545312 0.037500 0.033594
2 0.461719 0.450000 0.052344 0.031250
2 0.484375 0.461719 0.055469 0.035937
2 0.569531 0.709375 0.065625 0.080469
1 0.918750 0.874219 0.110156 0.153125
1 0.425000 0.497656 0.021094 0.035937
2 0.763281 0.908594 0.105469 0.163281
2 0.830469 0.951562 0.062500 0.094531
2 0.787500 0.796094 0.113281 0.121094
1 0.685156 0.691406 0.047656 0.088281
1 0.657813 0.678906 0.045312 0.064062
1 0.625781 0.652344 0.027344 0.075000
1 0.660937 0.630469 0.046094 0.075781
1 0.607031 0.593750 0.040625 0.065625
1 0.605469 0.637500 0.039844 0.056250
1 0.576562 0.624219 0.019531 0.050000
1 0.559375 0.603125 0.017969 0.060156
1 0.585938 0.580469 0.035156 0.060937
1 0.442969 0.428125 0.027344 0.034375
1 0.433594 0.425781 0.025781 0.034375
1 0.417187 0.423438 0.008594 0.028906
1 0.424219 0.395313 0.025000 0.031250
1 0.410156 0.419531 0.007031 0.028125
1 0.402344 0.416406 0.007031 0.026562
1 0.396094 0.413281 0.007031 0.025781
1 0.389844 0.408594 0.007031 0.026562
1 0.417187 0.392188 0.024219 0.030469
1 0.409375 0.389844 0.022656 0.029687
1 0.403125 0.386719 0.023438 0.029687
1 0.441406 0.342969 0.028125 0.032031
1 0.429688 0.341406 0.022656 0.031250
1 0.421094 0.340625 0.021875 0.030469
1 0.414844 0.339062 0.024219 0.029687
1 0.407813 0.336719 0.023438 0.028125
1 0.400781 0.335938 0.022656 0.028125
1 0.394531 0.334375 0.021875 0.026562
1 0.542188 0.378125 0.036719 0.046094
1 0.522656 0.374219 0.027344 0.043750
1 0.488281 0.369531 0.012500 0.038281
1 0.501563 0.373437 0.013281 0.039062
1 0.512500 0.334375 0.034375 0.039844
1 0.496094 0.333594 0.028125 0.039062
1 0.483594 0.331250 0.027344 0.036719
1 0.471875 0.330469 0.025781 0.035937
1 0.476562 0.366406 0.011719 0.035156
1 0.464844 0.364063 0.010937 0.034375
1 0.453906 0.360938 0.010156 0.034375
