3 0.585156 0.775781 0.453906 0.446094
2 0.904687 0.432031 0.047656 0.014063
2 0.921094 0.428906 0.053906 0.016406
2 0.996094 0.418750 0.006250 0.025000
2 0.981250 0.421094 0.030469 0.025781
2 0.957031 0.426563 0.018750 0.019531
2 0.995313 0.739844 0.008594 0.033594
1 0.903906 0.521094 0.016406 0.033594
1 0.907813 0.528906 0.007812 0.036719
1 0.929688 0.532031 0.038281 0.039062
1 0.946094 0.538281 0.056250 0.045312
1 0.938281 0.496875 0.053125 0.039844
1 0.996094 0.516406 0.007031 0.054688
1 0.994531 0.570312 0.010156 0.057031
2 0.885156 0.609375 0.014844 0.025000
2 0.898438 0.625781 0.017188 0.029687
2 0.972656 0.701562 0.053906 0.058594
2 0.932031 0.648438 0.052344 0.040625
2 0.441406 0.673438 0.074219 0.053125
2 0.596875 0.438281 0.028906 0.009375
2 0.585938 0.436719 0.032031 0.010937
2 0.510156 0.432812 0.053125 0.015625
2 0.544531 0.434375 0.016406 0.014063
2 0.557031 0.435937 0.025000 0.013281
2 0.090625 0.910937 0.180469 0.175781
2 0.394531 0.421094 0.082812 0.026562
2 0.446094 0.425000 0.052344 0.021875
1 0.597656 0.500781 0.018750 0.023438
1 0.318750 0.599219 0.028906 0.025781
1 0.301563 0.608594 0.032031 0.028906
1 0.269531 0.606250 0.032031 0.044531
1 0.205469 0.639062 0.038281 0.035937
1 0.238281 0.621875 0.034375 0.032031
2 0.603125 0.559375 0.017188 0.006250
2 0.482031 0.547656 0.064844 0.030469
1 0.589844 0.503906 0.003906 0.025000
1 0.579688 0.506250 0.016406 0.025000
1 0.570312 0.507031 0.023438 0.026562
1 0.576562 0.481250 0.022656 0.025000
1 0.529687 0.489844 0.024219 0.033594
1 0.537500 0.521875 0.007812 0.032031
1 0.528906 0.524219 0.008594 0.034375
1 0.508594 0.526563 0.032031 0.038281
1 0.517969 0.491406 0.030469 0.034375
1 0.499219 0.317969 0.011719 0.040625
1 0.486719 0.310937 0.012500 0.043750
1 0.457813 0.294531 0.015625 0.049219
1 0.473438 0.303125 0.014063 0.045312
1 0.473438 0.262500 0.014063 0.050781
1 0.457813 0.251563 0.015625 0.053906
1 0.440625 0.239844 0.017969 0.059375
1 0.407813 0.226562 0.047656 0.063281
1 0.440625 0.285938 0.017188 0.051562
1 0.421875 0.275781 0.019531 0.056250
1 0.386719 0.263281 0.050781 0.060937
1 0.335156 0.202344 0.033594 0.076563
1 0.300000 0.180469 0.039062 0.085938
1 0.257812 0.154688 0.046875 0.096094
1 0.207031 0.123438 0.057813 0.110156
1 0.144531 0.085156 0.071094 0.125781
1 0.067187 0.056250 0.089063 0.111719
1 0.012500 0.032813 0.025000 0.065625
1 0.335938 0.396875 0.032813 0.065625
1 0.300781 0.391406 0.038281 0.071875
1 0.260156 0.386719 0.046094 0.078906
1 0.257812 0.312500 0.046094 0.085938
1 0.210156 0.379688 0.057031 0.086719
1 0.149219 0.371094 0.069531 0.098437
1 0.073438 0.360938 0.088281 0.111719
1 0.017188 0.354687 0.034375 0.114844
1 0.207813 0.298438 0.057031 0.096094
1 0.146094 0.280469 0.070312 0.110156
1 0.063281 0.257812 0.102344 0.126562
2 0.239844 0.586719 0.053125 0.025781
2 0.011719 0.547656 0.022656 0.023438
2 0.197656 0.525000 0.053906 0.020313
2 0.239063 0.518750 0.053906 0.018750
2 0.278906 0.513281 0.044531 0.015625
2 0.370312 0.553125 0.035937 0.015625
2 0.277344 0.576562 0.046875 0.021094
2 0.018750 0.636719 0.025781 0.015625
2 0.317188 0.566406 0.038281 0.020313
1 0.417969 0.490625 0.017969 0.017969
1 0.078125 0.528906 0.050781 0.039844
2 0.397656 0.546875 0.028906 0.011719
2 0.418750 0.542188 0.022656 0.011719
2 0.435156 0.536719 0.021094 0.009375
2 0.396094 0.498437 0.029687 0.008594
1 0.363281 0.496875 0.011719 0.020313
1 0.353125 0.498437 0.014063 0.021875
1 0.359375 0.476562 0.019531 0.020313
1 0.339844 0.482031 0.010156 0.010937
1 0.329688 0.501563 0.010937 0.023438
1 0.312500 0.501563 0.021875 0.024219
1 0.324219 0.478906 0.021875 0.021875
1 0.007812 0.288281 0.014844 0.021875
1 0.289844 0.356250 0.013281 0.004687
2 0.750000 0.576562 0.055469 0.024219
2 0.490625 0.523438 0.001563 0.007031
