3 0.263281 0.549219 0.052344 0.126562
2 0.034375 0.669531 0.067969 0.043750
2 0.091406 0.537500 0.034375 0.015625
2 0.072656 0.529687 0.004687 0.016406
2 0.039844 0.525781 0.061719 0.025000
2 0.033594 0.519531 0.046875 0.030469
2 0.043750 0.291406 0.042969 0.074219
2 0.017188 0.235937 0.034375 0.096094
2 0.072656 0.625781 0.066406 0.021875
2 0.087500 0.395313 0.008594 0.031250
2 0.071875 0.375781 0.023438 0.041406
2 0.006250 0.712500 0.012500 0.041406
1 0.006250 0.487500 0.012500 0.078125
1 0.001563 0.400781 0.003125 0.070312
1 0.042969 0.112500 0.010937 0.035937
1 0.059375 0.159375 0.002344 0.019531
1 0.069531 0.199219 0.006250 0.033594
1 0.064062 0.177344 0.007031 0.038281
1 0.053125 0.135937 0.033594 0.089844
1 0.071094 0.167969 0.007031 0.068750
1 0.076563 0.188281 0.007031 0.064062
1 0.081250 0.207031 0.006250 0.057031
1 0.075000 0.218750 0.005469 0.030469
1 0.079687 0.236719 0.004687 0.028906
1 0.084375 0.252344 0.003906 0.026562
1 0.089844 0.271094 0.007031 0.032031
1 0.100781 0.292969 0.002344 0.014063
1 0.103125 0.302344 0.002344 0.015625
1 0.105469 0.311719 0.002344 0.014844
1 0.107031 0.320312 0.002344 0.014844
1 0.109375 0.328906 0.001563 0.014844
1 0.085156 0.380469 0.003906 0.008594
1 0.095312 0.406250 0.002344 0.025000
1 0.077344 0.371875 0.040625 0.050000
1 0.097656 0.411719 0.003125 0.025000
1 0.100000 0.417969 0.003125 0.024219
1 0.103125 0.421875 0.002344 0.021875
1 0.104688 0.427344 0.002344 0.021094
1 0.098437 0.389062 0.003906 0.028125
1 0.101562 0.391406 0.003906 0.033594
1 0.103906 0.396875 0.003906 0.035937
2 0.464062 0.614844 0.032031 0.018750
2 0.887500 0.296094 0.135156 0.081250
2 0.774219 0.338281 0.103125 0.060156
2 0.520312 0.432031 0.030469 0.023438
2 0.557031 0.419531 0.042969 0.026562
2 0.607812 0.403125 0.059375 0.032031
2 0.398438 0.600781 0.035156 0.011719
2 0.435156 0.460938 0.024219 0.016406
2 0.460938 0.454688 0.042969 0.018750
1 0.877344 0.496094 0.096094 0.073438
1 0.433594 0.542969 0.009375 0.006250
1 0.424219 0.542969 0.010156 0.006250
1 0.411719 0.544531 0.008594 0.005469
1 0.417969 0.543750 0.002344 0.006250
2 0.698438 0.661719 0.092969 0.044531
2 0.782813 0.679688 0.111719 0.055469
2 0.900781 0.703906 0.145313 0.075000
2 0.492188 0.537500 0.046094 0.014063
1 0.764062 0.505469 0.050781 0.059375
1 0.721875 0.509375 0.035156 0.055469
1 0.690625 0.511719 0.030469 0.051562
1 0.727344 0.456250 0.047656 0.058594
1 0.560156 0.486719 0.033594 0.039062
1 0.560937 0.523438 0.033594 0.038281
1 0.535937 0.525000 0.014063 0.035156
1 0.521875 0.526563 0.013281 0.034375
1 0.535937 0.489844 0.013281 0.036719
1 0.507031 0.350000 0.028906 0.031250
1 0.486719 0.356250 0.010156 0.031250
1 0.466406 0.368750 0.009375 0.028906
1 0.476562 0.363281 0.009375 0.029687
1 0.485156 0.336719 0.027344 0.034375
1 0.467187 0.342969 0.008594 0.032031
1 0.457813 0.350000 0.008594 0.031250
1 0.449219 0.356250 0.007812 0.030469
1 0.457813 0.375000 0.008594 0.028125
1 0.448437 0.380469 0.007812 0.025781
1 0.440625 0.385156 0.007812 0.025781
1 0.428906 0.386719 0.016406 0.023438
1 0.416406 0.391406 0.006250 0.023438
1 0.410156 0.395313 0.006250 0.021875
1 0.404687 0.399219 0.005469 0.021094
1 0.398438 0.403125 0.005469 0.021094
1 0.392969 0.407031 0.004687 0.019531
1 0.387500 0.410938 0.004687 0.019531
1 0.429688 0.460938 0.021094 0.023438
1 0.415625 0.462500 0.006250 0.023438
1 0.409375 0.464844 0.005469 0.021875
1 0.415625 0.443750 0.019531 0.024219
1 0.403125 0.467969 0.005469 0.021875
1 0.397656 0.469531 0.005469 0.021094
1 0.391406 0.471875 0.005469 0.021094
1 0.386719 0.473438 0.004687 0.019531
1 0.403125 0.446094 0.005469 0.024219
1 0.397656 0.449219 0.005469 0.021875
1 0.392188 0.451562 0.005469 0.021875
2 0.916406 0.440625 0.063281 0.025000
2 0.857812 0.449219 0.055469 0.021094
2 0.680469 0.478125 0.021094 0.010937
2 0.697656 0.475781 0.013281 0.010156
2 0.760938 0.466406 0.019531 0.010937
2 0.739844 0.605469 0.011719 0.013281
2 0.656250 0.597656 0.013281 0.010156
2 0.596094 0.490625 0.023438 0.009375
2 0.617969 0.487500 0.032031 0.010156
2 0.815625 0.611719 0.044531 0.017969
2 0.846094 0.614844 0.024219 0.016406
2 0.923438 0.621094 0.063281 0.021875
1 0.675000 0.532813 0.002344 0.010156
1 0.582812 0.489063 0.011719 0.016406
1 0.654687 0.430469 0.009375 0.005469
1 0.648438 0.432031 0.002344 0.004687
1 0.624219 0.438281 0.009375 0.006250
1 0.633594 0.435937 0.008594 0.005469
1 0.614844 0.440625 0.009375 0.005469
1 0.605469 0.443750 0.008594 0.005469
1 0.596875 0.445312 0.008594 0.005469
2 0.565625 0.796875 0.225781 0.199219
