2 0.007031 0.750000 0.014063 0.033594
2 0.001563 0.458594 0.002344 0.026562
1 0.001563 0.636719 0.003125 0.014063
1 0.003125 0.196094 0.006250 0.076563
1 0.003125 0.263281 0.005469 0.044531
1 0.010937 0.288281 0.014063 0.049219
1 0.025000 0.308594 0.002344 0.019531
1 0.027344 0.317969 0.005469 0.030469
1 0.031250 0.332031 0.005469 0.028906
1 0.035156 0.344531 0.004687 0.028125
1 0.038281 0.356250 0.003906 0.025000
1 0.041406 0.366406 0.003906 0.023438
1 0.007031 0.459375 0.005469 0.038281
1 0.010156 0.464844 0.008594 0.040625
1 0.008594 0.421094 0.017188 0.057813
1 0.014844 0.471875 0.008594 0.038281
1 0.019531 0.478906 0.007812 0.036719
1 0.023438 0.484375 0.007031 0.034375
1 0.027344 0.489844 0.006250 0.033594
1 0.019531 0.435156 0.008594 0.046094
1 0.024219 0.441406 0.008594 0.048438
1 0.028125 0.449219 0.007812 0.044531
2 0.489063 0.718750 0.057031 0.029687
2 0.928906 0.411719 0.141406 0.071094
2 0.386719 0.623437 0.031250 0.010156
2 0.450781 0.626563 0.041406 0.014844
2 0.484375 0.628125 0.047656 0.015625
2 0.521875 0.630469 0.060937 0.017969
2 0.559375 0.505469 0.041406 0.025781
2 0.610156 0.494531 0.061719 0.029687
2 0.682813 0.478125 0.084375 0.035156
2 0.701562 0.782813 0.091406 0.064062
2 0.525000 0.728125 0.063281 0.034375
2 0.391406 0.689844 0.041406 0.018750
2 0.451562 0.532031 0.044531 0.017969
2 0.478125 0.526563 0.054688 0.019531
2 0.578906 0.745313 0.074219 0.042969
1 0.953906 0.626563 0.091406 0.082031
1 0.412500 0.617188 0.022656 0.026562
2 0.827344 0.819531 0.124219 0.088281
2 0.943750 0.851562 0.110937 0.098437
2 0.820312 0.644531 0.117188 0.031250
1 0.701562 0.621094 0.046875 0.055469
1 0.664062 0.621094 0.030469 0.051562
1 0.636719 0.620313 0.027344 0.050000
1 0.669531 0.569531 0.043750 0.051562
1 0.610156 0.574219 0.039844 0.046094
1 0.607812 0.619531 0.031250 0.046094
1 0.582031 0.619531 0.021094 0.043750
1 0.562500 0.618750 0.019531 0.041406
1 0.581250 0.575781 0.020313 0.043750
1 0.435156 0.530469 0.026562 0.026562
1 0.417187 0.532031 0.008594 0.028125
1 0.408594 0.534375 0.008594 0.025781
1 0.417969 0.509375 0.025781 0.028125
1 0.400781 0.536719 0.007812 0.025000
1 0.392969 0.539062 0.007031 0.024219
1 0.385937 0.540625 0.007031 0.024219
1 0.379688 0.542188 0.006250 0.023438
1 0.401562 0.511719 0.007031 0.025781
1 0.393750 0.514844 0.007812 0.025781
1 0.386719 0.517188 0.007031 0.025000
1 0.435156 0.446875 0.021875 0.028906
1 0.419531 0.450781 0.008594 0.025781
1 0.410938 0.455469 0.007812 0.025781
1 0.403125 0.459375 0.007812 0.025000
1 0.396094 0.463281 0.007031 0.023438
1 0.389062 0.467187 0.007031 0.023438
1 0.382031 0.470313 0.006250 0.021875
1 0.535937 0.408594 0.032031 0.035937
1 0.512500 0.415625 0.014063 0.036719
1 0.485156 0.428906 0.011719 0.032031
1 0.498437 0.422656 0.013281 0.034375
1 0.507031 0.392188 0.030469 0.038281
1 0.485156 0.399219 0.011719 0.035937
1 0.472656 0.406250 0.011719 0.035156
1 0.461719 0.413281 0.010937 0.034375
1 0.472656 0.435156 0.011719 0.031250
1 0.461719 0.441406 0.010156 0.030469
1 0.450781 0.446094 0.010156 0.029687
