2 0.382812 0.724219 0.092969 0.063281
2 0.931250 0.399219 0.117188 0.028906
2 0.864062 0.397656 0.120313 0.028906
2 0.560937 0.390625 0.071094 0.026562
2 0.634375 0.393750 0.075781 0.024219
2 0.711719 0.396094 0.080469 0.025000
2 0.047656 0.739062 0.094531 0.067969
2 0.275000 0.378125 0.085938 0.034375
2 0.358594 0.381250 0.089063 0.034375
2 0.571094 0.717187 0.089844 0.060156
1 0.925000 0.549219 0.078906 0.053125
1 0.211719 0.573438 0.025781 0.020313
1 0.182812 0.573438 0.036719 0.023438
1 0.170313 0.565625 0.036719 0.033594
1 0.106250 0.574219 0.041406 0.021094
1 0.139844 0.571875 0.025781 0.019531
2 0.803125 0.706250 0.117188 0.051562
2 0.671875 0.713281 0.102344 0.054688
2 0.885156 0.708594 0.093750 0.039062
2 0.951562 0.703906 0.094531 0.039844
2 0.472656 0.571094 0.071875 0.035156
1 0.870313 0.549219 0.028906 0.054688
1 0.828906 0.549219 0.056250 0.054688
1 0.797656 0.550000 0.062500 0.055469
1 0.824219 0.495312 0.064844 0.053906
1 0.622656 0.494531 0.030469 0.056250
1 0.622656 0.552344 0.031250 0.056250
1 0.591406 0.553125 0.032031 0.057031
1 0.555469 0.552344 0.040625 0.058594
1 0.585156 0.494531 0.042969 0.057031
1 0.496875 0.217969 0.033594 0.053125
1 0.463281 0.215625 0.033594 0.053906
1 0.394531 0.210938 0.034375 0.054688
1 0.429688 0.213281 0.033594 0.053906
1 0.430469 0.158594 0.035937 0.059375
1 0.395313 0.155469 0.034375 0.060156
1 0.360156 0.153125 0.035156 0.061719
1 0.324219 0.149219 0.035156 0.060937
1 0.360156 0.207813 0.035156 0.054688
1 0.324219 0.205469 0.035156 0.054688
1 0.288281 0.202344 0.036719 0.056250
1 0.214062 0.184375 0.065625 0.084375
1 0.161719 0.167969 0.039844 0.057031
1 0.121875 0.164844 0.039844 0.057031
1 0.082031 0.161719 0.040625 0.058594
1 0.041406 0.157812 0.042188 0.058594
1 0.010937 0.155469 0.021094 0.057031
1 0.210156 0.361719 0.066406 0.060937
1 0.156250 0.360938 0.039844 0.061719
1 0.116406 0.359375 0.039844 0.061719
1 0.135937 0.298438 0.077344 0.064844
1 0.075781 0.358594 0.040625 0.060937
1 0.035156 0.357031 0.042969 0.061719
1 0.007031 0.355469 0.014063 0.060937
1 0.077344 0.296094 0.040625 0.064844
1 0.035937 0.293750 0.042188 0.065625
1 0.007812 0.292969 0.015625 0.064844
2 0.662500 0.468750 0.038281 0.010937
2 0.632812 0.468750 0.038281 0.010937
2 0.292969 0.538281 0.043750 0.010156
2 0.400000 0.538281 0.035937 0.010937
2 0.433594 0.537500 0.032813 0.010156
2 0.467187 0.537500 0.026562 0.010156
2 0.498437 0.467969 0.020313 0.009375
2 0.535937 0.468750 0.019531 0.009375
2 0.562500 0.468750 0.033594 0.009375
2 0.394531 0.466406 0.028906 0.010156
2 0.423438 0.466406 0.028906 0.010156
1 0.642969 0.530469 0.009375 0.021094
1 0.335156 0.531250 0.025781 0.023438
1 0.542188 0.530469 0.014844 0.021094
1 0.554688 0.507812 0.016406 0.021094
1 0.528906 0.507812 0.006250 0.021094
1 0.529687 0.530469 0.007031 0.021875
1 0.500781 0.530469 0.013281 0.021875
1 0.507031 0.507812 0.003125 0.021094
1 0.365625 0.459375 0.017188 0.023438
1 0.350000 0.459375 0.014063 0.021875
1 0.335938 0.459375 0.013281 0.021875
1 0.338281 0.439844 0.018750 0.014844
1 0.321875 0.459375 0.013281 0.021875
1 0.307812 0.458594 0.014063 0.023438
1 0.293750 0.458594 0.014063 0.023438
1 0.278906 0.458594 0.013281 0.021875
1 0.321875 0.439844 0.013281 0.014844
1 0.307812 0.439063 0.013281 0.015625
1 0.293750 0.439063 0.014063 0.014844
1 0.476562 0.394531 0.013281 0.010156
1 0.463281 0.394531 0.012500 0.010156
1 0.437500 0.393750 0.013281 0.010156
1 0.450781 0.394531 0.012500 0.010156
1 0.450781 0.378125 0.012500 0.021875
1 0.437500 0.378125 0.013281 0.021875
1 0.423438 0.376563 0.013281 0.021875
1 0.410938 0.376563 0.013281 0.021875
1 0.423438 0.393750 0.013281 0.010156
1 0.410156 0.392969 0.012500 0.010156
1 0.402344 0.392969 0.003125 0.010156
