3 0.073438 0.625781 0.146875 0.268750
2 0.439844 0.561719 0.063281 0.078906
2 0.971094 0.656250 0.057031 0.150000
2 0.561719 0.436719 0.088281 0.116406
2 0.632812 0.474219 0.100781 0.126562
2 0.731250 0.534375 0.109375 0.131250
2 0.291406 0.446875 0.057031 0.055469
2 0.364063 0.340625 0.081250 0.081250
2 0.407031 0.364063 0.083594 0.089063
2 0.551562 0.650000 0.071094 0.103906
1 0.996875 0.856250 0.005469 0.055469
1 0.353906 0.413281 0.015625 0.025000
1 0.332813 0.411719 0.013281 0.025781
1 0.329688 0.393750 0.014063 0.026562
1 0.307031 0.386719 0.019531 0.024219
1 0.323437 0.389062 0.019531 0.024219
2 0.775781 0.819531 0.092188 0.153906
2 0.634375 0.713281 0.077344 0.120313
2 0.871875 0.904687 0.110156 0.142969
2 0.958594 0.943750 0.082031 0.110937
2 0.485156 0.521094 0.074219 0.105469
1 0.922656 0.790625 0.078125 0.118750
1 0.873437 0.749219 0.069531 0.133594
1 0.827344 0.721094 0.064844 0.126562
1 0.896094 0.729688 0.085156 0.109375
1 0.607031 0.555469 0.041406 0.071875
1 0.604688 0.585938 0.044531 0.081250
1 0.571094 0.581250 0.029687 0.051562
1 0.547656 0.543750 0.033594 0.090625
1 0.577344 0.536719 0.036719 0.070312
1 0.507812 0.255469 0.053906 0.099219
1 0.476562 0.244531 0.053906 0.096094
1 0.409375 0.235156 0.030469 0.066406
1 0.435937 0.246094 0.030469 0.069531
1 0.445312 0.173437 0.058594 0.093750
1 0.416406 0.165625 0.056250 0.089844
1 0.389062 0.157031 0.055469 0.086719
1 0.364063 0.150000 0.053906 0.083594
1 0.384375 0.225781 0.030469 0.064844
1 0.360156 0.216406 0.028906 0.063281
1 0.338281 0.201563 0.028906 0.074219
1 0.300781 0.160938 0.057813 0.075000
1 0.278125 0.153906 0.050781 0.071094
1 0.258594 0.147656 0.046875 0.071094
1 0.242969 0.142187 0.049219 0.069531
1 0.226562 0.135937 0.048438 0.066406
1 0.210938 0.131250 0.047656 0.064844
1 0.196875 0.126562 0.047656 0.064062
1 0.325000 0.300000 0.050000 0.070312
1 0.304688 0.291406 0.042969 0.069531
1 0.278906 0.292969 0.024219 0.046094
1 0.282813 0.244531 0.052344 0.063281
1 0.263281 0.284375 0.023438 0.046094
1 0.248438 0.276562 0.023438 0.045312
1 0.233594 0.268750 0.022656 0.044531
1 0.220312 0.257812 0.022656 0.049219
1 0.259375 0.236719 0.036719 0.060937
1 0.244531 0.230469 0.036719 0.060156
1 0.229687 0.223438 0.035937 0.059375
2 0.581250 0.284375 0.028906 0.011719
2 0.940625 0.238281 0.061719 0.046094
2 0.882812 0.225781 0.067187 0.046875
2 0.478125 0.193750 0.005469 0.007031
2 0.551562 0.229687 0.033594 0.031250
2 0.581250 0.237500 0.039844 0.034375
2 0.614844 0.250000 0.037500 0.039062
2 0.667969 0.176563 0.042969 0.036719
2 0.706250 0.185938 0.049219 0.038281
2 0.755469 0.199219 0.050000 0.036719
2 0.610938 0.296094 0.030469 0.011719
2 0.548438 0.150781 0.039062 0.028906
2 0.576562 0.157031 0.039844 0.032031
2 0.653125 0.312500 0.032813 0.011719
1 0.493750 0.196094 0.022656 0.019531
2 0.867188 0.426563 0.014063 0.010937
1 0.701562 0.266406 0.010156 0.039062
1 0.734375 0.230469 0.018750 0.013281
1 0.691406 0.235156 0.024219 0.042969
1 0.685937 0.264844 0.023438 0.036719
1 0.668750 0.263281 0.019531 0.030469
1 0.654687 0.252344 0.020313 0.041406
1 0.675000 0.230469 0.023438 0.042969
1 0.518750 0.132812 0.017188 0.034375
1 0.504687 0.130469 0.013281 0.035937
1 0.491406 0.131250 0.011719 0.028906
1 0.496094 0.100781 0.021094 0.035156
1 0.479687 0.128125 0.011719 0.028125
1 0.467969 0.125000 0.011719 0.028125
1 0.457031 0.119531 0.010937 0.020313
1 0.446094 0.114062 0.010937 0.025781
1 0.483594 0.098437 0.020313 0.034375
1 0.471875 0.096094 0.021094 0.034375
1 0.460938 0.093750 0.020313 0.033594
1 0.527344 0.058594 0.002344 0.008594
1 0.504687 0.043750 0.013281 0.036719
1 0.496094 0.041406 0.021875 0.035156
1 0.483594 0.039844 0.021094 0.035156
1 0.471094 0.038281 0.021094 0.035156
1 0.460156 0.036719 0.021875 0.034375
1 0.447656 0.035156 0.020313 0.033594
1 0.645312 0.084375 0.019531 0.026562
1 0.628125 0.082031 0.018750 0.026562
1 0.595313 0.076563 0.017188 0.025781
1 0.611719 0.079687 0.017969 0.025781
1 0.579688 0.074219 0.016406 0.025000
1 0.565625 0.071875 0.014844 0.024219
1 0.550781 0.069531 0.014844 0.024219
2 0.997656 0.558594 0.003125 0.004687
