2 0.372656 0.811719 0.087500 0.051562
2 0.706250 0.573438 0.049219 0.018750
2 0.675000 0.567969 0.058594 0.020313
2 0.005469 0.658594 0.010937 0.026562
2 0.297656 0.661719 0.094531 0.026562
2 0.382812 0.664062 0.078906 0.024219
2 0.454688 0.665625 0.064844 0.021875
2 0.511719 0.533594 0.058594 0.025781
2 0.556250 0.543750 0.053906 0.021875
2 0.604688 0.552344 0.042188 0.021094
2 0.610156 0.776563 0.069531 0.031250
2 0.442188 0.800781 0.081250 0.044531
2 0.301563 0.483594 0.074219 0.043750
2 0.369531 0.499219 0.067187 0.039062
2 0.518750 0.790625 0.076563 0.039062
1 0.688281 0.661719 0.035156 0.034375
1 0.089844 0.635938 0.106250 0.074219
2 0.657031 0.771094 0.066406 0.025000
2 0.692187 0.766406 0.057813 0.021094
2 0.721875 0.761719 0.053125 0.019531
2 0.651563 0.671875 0.056250 0.014063
1 0.614844 0.658594 0.017188 0.039062
1 0.598437 0.657813 0.017969 0.039844
1 0.578125 0.657031 0.024219 0.041406
1 0.587500 0.617969 0.036719 0.039844
1 0.555469 0.614062 0.018750 0.042969
1 0.556250 0.655469 0.019531 0.042969
1 0.536719 0.655469 0.020313 0.043750
1 0.510938 0.653906 0.030469 0.045312
1 0.528125 0.611719 0.036719 0.043750
1 0.216406 0.454688 0.050781 0.063281
1 0.170313 0.443750 0.052344 0.064062
1 0.121875 0.433594 0.057813 0.066406
1 0.136719 0.378125 0.067969 0.073438
1 0.070312 0.421094 0.063281 0.070312
1 0.024219 0.408594 0.048438 0.070312
1 0.080469 0.361719 0.062500 0.074219
1 0.030469 0.346094 0.060156 0.078125
1 0.001563 0.315625 0.003125 0.018750
1 0.236719 0.293750 0.044531 0.058594
1 0.195312 0.278125 0.046094 0.059375
1 0.152344 0.260937 0.050781 0.061719
1 0.106250 0.242188 0.055469 0.065625
1 0.054688 0.221875 0.061719 0.068750
1 0.017188 0.204687 0.033594 0.063281
1 0.475000 0.403906 0.022656 0.040625
1 0.452344 0.394531 0.023438 0.043750
1 0.403125 0.376563 0.027344 0.046094
1 0.428125 0.385937 0.025781 0.044531
1 0.429688 0.348438 0.025000 0.049219
1 0.403906 0.338281 0.027344 0.050000
1 0.377344 0.326562 0.028906 0.053125
1 0.348438 0.314063 0.033594 0.054688
1 0.375781 0.366406 0.028906 0.048438
1 0.346875 0.356250 0.032031 0.049219
1 0.315625 0.343750 0.035156 0.050781
2 0.903906 0.741406 0.078906 0.025000
