3 0.161719 0.533594 0.118750 0.208594
2 0.457031 0.557031 0.057031 0.069531
2 0.935156 0.710938 0.128906 0.196875
2 0.550781 0.450000 0.078125 0.089063
2 0.605469 0.485938 0.089063 0.101562
2 0.680469 0.543750 0.096094 0.113281
2 0.347656 0.446875 0.046875 0.046094
2 0.404687 0.358594 0.064844 0.058594
2 0.434375 0.378906 0.067969 0.065625
2 0.543750 0.646875 0.066406 0.095312
1 0.963281 0.921094 0.072656 0.156250
1 0.394531 0.421875 0.013281 0.020313
1 0.381250 0.421094 0.016406 0.017969
1 0.379688 0.405469 0.016406 0.019531
1 0.360938 0.398438 0.015625 0.018750
1 0.372656 0.400781 0.013281 0.018750
2 0.732031 0.838281 0.085156 0.155469
2 0.611719 0.714844 0.075000 0.114844
2 0.818750 0.917188 0.102344 0.164062
2 0.882812 0.960938 0.028906 0.076563
2 0.490625 0.521094 0.066406 0.083594
1 0.853906 0.811719 0.064844 0.121875
1 0.808594 0.769531 0.057031 0.125781
1 0.771094 0.736719 0.057031 0.117969
1 0.826562 0.745313 0.063281 0.103906
1 0.586719 0.556250 0.040625 0.067969
1 0.585156 0.590625 0.042188 0.066406
1 0.554688 0.578906 0.022656 0.050000
1 0.535937 0.546875 0.025000 0.076563
1 0.560156 0.538281 0.031250 0.064844
1 0.508594 0.303125 0.044531 0.054688
1 0.475781 0.288281 0.021094 0.066406
1 0.436719 0.275000 0.019531 0.051562
1 0.455469 0.283594 0.020313 0.054688
1 0.465625 0.230469 0.045312 0.067969
1 0.446094 0.223438 0.042969 0.064844
1 0.428125 0.216406 0.042969 0.061719
1 0.410938 0.209375 0.040625 0.060156
1 0.419531 0.266406 0.019531 0.050000
1 0.403125 0.258594 0.017969 0.049219
1 0.388281 0.248438 0.017969 0.053906
1 0.366406 0.215625 0.040625 0.053906
1 0.351562 0.210938 0.036719 0.050000
1 0.337500 0.205469 0.030469 0.050000
1 0.328906 0.200781 0.035156 0.049219
1 0.317188 0.196094 0.033594 0.046875
1 0.307031 0.191406 0.032813 0.046094
1 0.297656 0.188281 0.032031 0.044531
1 0.377344 0.325000 0.036719 0.053906
1 0.364063 0.317969 0.033594 0.050781
1 0.343750 0.316406 0.014063 0.038281
1 0.350000 0.278906 0.035937 0.048438
1 0.332813 0.309375 0.014063 0.036719
1 0.322656 0.302344 0.013281 0.035937
1 0.313281 0.296094 0.013281 0.035156
1 0.303906 0.287500 0.013281 0.038281
1 0.335156 0.271875 0.028906 0.046094
1 0.325000 0.266406 0.028125 0.044531
1 0.315625 0.260937 0.027344 0.043750
2 0.965625 0.341406 0.067187 0.053906
2 0.903906 0.321875 0.065625 0.048438
2 0.692187 0.260937 0.042969 0.032031
2 0.728125 0.271094 0.049219 0.035156
2 0.774219 0.286719 0.050000 0.035156
2 0.584375 0.229687 0.036719 0.025781
2 0.609375 0.236719 0.038281 0.028125
1 0.900000 0.407031 0.004687 0.014844
2 0.787500 0.464062 0.002344 0.009375
1 0.560156 0.214062 0.019531 0.029687
1 0.551562 0.210938 0.010937 0.029687
1 0.533594 0.210156 0.007031 0.021875
1 0.540625 0.185938 0.019531 0.026562
1 0.525000 0.207031 0.008594 0.024219
1 0.518750 0.205469 0.003906 0.021875
1 0.503906 0.200781 0.002344 0.020313
1 0.497656 0.196875 0.008594 0.026562
1 0.528906 0.182812 0.015625 0.028906
1 0.522656 0.180469 0.014063 0.028125
1 0.510938 0.178125 0.016406 0.024219
1 0.520312 0.133594 0.010156 0.028125
1 0.512500 0.130469 0.018750 0.025781
1 0.499219 0.130469 0.010937 0.026562
1 0.671875 0.182031 0.022656 0.014844
1 0.653906 0.179688 0.015625 0.014844
1 0.625781 0.173437 0.014844 0.014063
1 0.639844 0.176563 0.014844 0.014063
1 0.648438 0.124219 0.021094 0.005469
1 0.633594 0.121875 0.020313 0.004687
1 0.619531 0.119531 0.019531 0.004687
1 0.606250 0.117969 0.019531 0.004687
1 0.611719 0.171094 0.013281 0.014063
1 0.599219 0.168750 0.013281 0.013281
1 0.586719 0.165625 0.012500 0.013281
