3 0.254688 0.539062 0.052344 0.135937
2 0.010937 0.746875 0.021875 0.057031
2 0.050781 0.543750 0.075000 0.028125
2 0.014063 0.579688 0.027344 0.033594
2 0.004687 0.593750 0.009375 0.031250
2 0.055469 0.635938 0.074219 0.043750
2 0.021875 0.425781 0.022656 0.024219
2 0.005469 0.423438 0.010937 0.025000
1 0.003906 0.269531 0.007812 0.048438
1 0.015625 0.268750 0.030469 0.049219
1 0.034375 0.281250 0.009375 0.042969
1 0.042188 0.289062 0.008594 0.039844
1 0.050000 0.296875 0.007812 0.036719
1 0.056250 0.303906 0.007031 0.035937
1 0.062500 0.310156 0.007031 0.033594
1 0.067969 0.315625 0.006250 0.031250
1 0.018750 0.412500 0.037500 0.043750
1 0.041406 0.417187 0.009375 0.043750
1 0.049219 0.418750 0.008594 0.039844
1 0.025781 0.376563 0.050781 0.046875
1 0.055469 0.420312 0.007031 0.039062
1 0.061719 0.421875 0.007031 0.035937
1 0.067969 0.423438 0.006250 0.035156
1 0.072656 0.424219 0.006250 0.033594
1 0.053906 0.382031 0.007812 0.039844
1 0.060156 0.385156 0.007031 0.039062
1 0.066406 0.388281 0.006250 0.036719
2 0.472656 0.610156 0.050781 0.033594
2 0.961719 0.396094 0.075781 0.050000
2 0.853125 0.403125 0.152344 0.046875
2 0.528125 0.431250 0.046875 0.018750
2 0.563281 0.428906 0.048438 0.020313
2 0.629687 0.425000 0.083594 0.024219
2 0.400000 0.567969 0.035937 0.020313
2 0.427344 0.436719 0.016406 0.013281
2 0.462500 0.435937 0.052344 0.014063
2 0.537500 0.651563 0.066406 0.049219
1 0.956250 0.655469 0.085938 0.121094
1 0.432031 0.519531 0.008594 0.007031
1 0.425000 0.517188 0.013281 0.008594
1 0.426563 0.510156 0.012500 0.007031
1 0.413281 0.513281 0.010937 0.008594
1 0.418750 0.514062 0.003906 0.007031
2 0.724219 0.765625 0.114062 0.106250
2 0.597656 0.690625 0.080469 0.059375
2 0.831250 0.831250 0.146094 0.150000
2 0.946875 0.900781 0.105469 0.160156
2 0.491406 0.539062 0.049219 0.026562
1 0.818750 0.612500 0.067187 0.095312
1 0.771094 0.603906 0.061719 0.078125
1 0.722656 0.589063 0.039844 0.078125
1 0.773438 0.535156 0.061719 0.078125
1 0.566406 0.503906 0.039844 0.045312
1 0.566406 0.546875 0.039844 0.046094
1 0.539062 0.542969 0.014844 0.043750
1 0.523438 0.538281 0.014063 0.044531
1 0.546875 0.502344 0.032031 0.043750
1 0.509375 0.325000 0.033594 0.039062
1 0.485938 0.330469 0.011719 0.038281
1 0.464062 0.339844 0.009375 0.033594
1 0.474219 0.335156 0.010156 0.035156
1 0.484375 0.302344 0.030469 0.038281
1 0.464062 0.307812 0.009375 0.035937
1 0.454688 0.313281 0.008594 0.035156
1 0.445312 0.317969 0.008594 0.034375
1 0.454688 0.343750 0.008594 0.031250
1 0.445312 0.347656 0.008594 0.030469
1 0.437500 0.350781 0.007812 0.029687
1 0.426563 0.347656 0.021094 0.026562
1 0.412500 0.350781 0.007031 0.026562
1 0.406250 0.353906 0.005469 0.025781
1 0.400781 0.356250 0.005469 0.024219
1 0.394531 0.359375 0.005469 0.024219
1 0.389062 0.361719 0.004687 0.023438
1 0.384375 0.364063 0.004687 0.021875
1 0.428906 0.430469 0.025000 0.025781
1 0.413281 0.430469 0.006250 0.025781
1 0.406250 0.432031 0.005469 0.025000
1 0.415625 0.407031 0.024219 0.025000
1 0.400781 0.432031 0.005469 0.024219
1 0.395313 0.432812 0.005469 0.023438
1 0.389844 0.433594 0.004687 0.021875
1 0.385156 0.433594 0.004687 0.021875
1 0.400781 0.407813 0.005469 0.025000
1 0.394531 0.409375 0.005469 0.024219
1 0.389844 0.410938 0.004687 0.023438
2 0.642188 0.557031 0.032031 0.017969
2 0.618750 0.501563 0.033594 0.011719
2 0.642969 0.503906 0.032813 0.011719
2 0.669531 0.507031 0.030469 0.013281
2 0.667969 0.564063 0.031250 0.017969
2 0.699219 0.571094 0.007031 0.016406
1 0.929688 0.528125 0.051562 0.039062
2 0.867969 0.613281 0.033594 0.021875
2 0.898438 0.618750 0.036719 0.030469
2 0.860938 0.530469 0.061719 0.019531
1 0.799219 0.512500 0.017969 0.028906
1 0.777344 0.484375 0.025000 0.025781
1 0.738281 0.482812 0.022656 0.025000
1 0.737500 0.508594 0.022656 0.025781
1 0.718750 0.506250 0.014844 0.024219
1 0.704688 0.503906 0.014063 0.025000
1 0.722656 0.482031 0.021094 0.025000
1 0.581250 0.414844 0.016406 0.007031
1 0.568750 0.415625 0.007031 0.007031
1 0.561719 0.416406 0.007031 0.007031
1 0.554688 0.417187 0.006250 0.006250
1 0.598437 0.380469 0.017188 0.019531
1 0.585938 0.381250 0.007812 0.018750
1 0.577344 0.382812 0.007031 0.017969
1 0.569531 0.384375 0.007031 0.017969
1 0.562500 0.385937 0.007031 0.017969
1 0.555469 0.386719 0.006250 0.016406
1 0.548438 0.388281 0.006250 0.016406
1 0.681250 0.373437 0.011719 0.024219
1 0.674219 0.374219 0.003125 0.021094
1 0.646094 0.378906 0.010937 0.021094
1 0.656250 0.378125 0.010156 0.021875
1 0.657031 0.356250 0.010156 0.023438
1 0.646094 0.358594 0.010156 0.021875
1 0.635156 0.360938 0.010156 0.021094
1 0.625000 0.362500 0.010156 0.021094
1 0.635156 0.381250 0.010156 0.021094
1 0.625000 0.382031 0.009375 0.020313
1 0.615625 0.384375 0.008594 0.020313
