2 0.187500 0.766406 0.003125 0.053906
2 0.116406 0.996875 0.017188 0.004687
2 0.077344 0.872656 0.154688 0.253125
2 0.127344 0.574219 0.126562 0.054688
2 0.115625 0.594531 0.134375 0.060937
2 0.079687 0.658594 0.144531 0.123438
2 0.187500 0.659375 0.002344 0.025000
2 0.140625 0.525781 0.076563 0.026562
2 0.138281 0.536719 0.082031 0.035156
2 0.177344 0.694531 0.012500 0.050000
1 0.127344 0.394531 0.065625 0.053906
1 0.160156 0.400000 0.003125 0.044531
1 0.162500 0.404687 0.002344 0.039062
1 0.160938 0.401562 0.002344 0.042969
1 0.132031 0.354687 0.058594 0.051562
1 0.160156 0.359375 0.002344 0.041406
1 0.150000 0.500781 0.034375 0.026562
1 0.150781 0.469531 0.030469 0.033594
1 0.168750 0.464844 0.010156 0.028125
2 0.498437 0.635156 0.042188 0.031250
2 0.864062 0.559375 0.114062 0.053125
2 0.773438 0.542969 0.093750 0.042969
2 0.422656 0.540625 0.023438 0.015625
2 0.474219 0.563281 0.039844 0.021875
2 0.497656 0.571094 0.042969 0.025000
2 0.517969 0.582031 0.042188 0.028125
2 0.555469 0.505469 0.050781 0.021094
2 0.587500 0.510938 0.057031 0.024219
2 0.628906 0.519531 0.061719 0.026562
2 0.629687 0.722656 0.064844 0.060156
2 0.521875 0.650781 0.046094 0.035937
2 0.428906 0.589844 0.031250 0.020313
2 0.472656 0.490625 0.040625 0.014844
2 0.489844 0.493750 0.042969 0.015625
2 0.556250 0.674219 0.051562 0.043750
1 0.775000 0.679688 0.061719 0.074219
1 0.442188 0.542188 0.017969 0.025000
2 0.692969 0.765625 0.075781 0.075000
2 0.759375 0.809375 0.089844 0.092969
2 0.843750 0.864062 0.107813 0.123438
2 0.702344 0.664062 0.078125 0.046094
1 0.633594 0.618750 0.032031 0.050781
1 0.616406 0.614062 0.032813 0.041406
1 0.592187 0.605469 0.015625 0.045312
1 0.617188 0.577344 0.033594 0.045312
1 0.579688 0.565625 0.029687 0.039844
1 0.579688 0.598437 0.030469 0.038281
1 0.557813 0.593750 0.013281 0.035156
1 0.545312 0.586719 0.011719 0.038281
1 0.566406 0.560937 0.028906 0.038281
1 0.457813 0.480469 0.021094 0.023438
1 0.446094 0.478906 0.011719 0.023438
1 0.437500 0.478906 0.005469 0.021094
1 0.443750 0.457813 0.019531 0.021094
1 0.431250 0.478125 0.005469 0.020313
1 0.425781 0.476562 0.005469 0.020313
1 0.420312 0.476562 0.004687 0.019531
1 0.414844 0.475000 0.005469 0.020313
1 0.431250 0.457031 0.005469 0.020313
1 0.432031 0.456250 0.017969 0.020313
1 0.421875 0.456250 0.008594 0.019531
1 0.457813 0.411719 0.021094 0.021875
1 0.443750 0.413281 0.006250 0.021875
1 0.437500 0.413281 0.005469 0.021094
1 0.431250 0.414062 0.005469 0.020313
1 0.425781 0.414844 0.005469 0.020313
1 0.419531 0.414844 0.005469 0.020313
1 0.414844 0.415625 0.004687 0.019531
1 0.532031 0.417187 0.026562 0.028906
1 0.513281 0.417969 0.010156 0.028125
1 0.493750 0.418750 0.010156 0.026562
1 0.502344 0.417969 0.009375 0.026562
1 0.510938 0.390625 0.025781 0.028125
1 0.492969 0.392188 0.008594 0.026562
1 0.483594 0.393750 0.008594 0.025781
1 0.475781 0.394531 0.007031 0.025000
1 0.489063 0.419531 0.017969 0.025000
1 0.475781 0.419531 0.007812 0.025000
1 0.467969 0.420312 0.007031 0.024219
