3 0.515625 0.866406 0.154688 0.264844
2 0.871875 0.871875 0.096094 0.128906
2 0.832031 0.425781 0.042969 0.018750
2 0.837500 0.440625 0.047656 0.028906
2 0.917969 0.855469 0.100000 0.155469
2 0.889062 0.764062 0.089844 0.123438
2 0.866406 0.688281 0.068750 0.071094
2 0.874219 0.526563 0.084375 0.056250
2 0.864062 0.494531 0.067969 0.033594
2 0.857812 0.476562 0.054688 0.031250
2 0.943750 0.678125 0.110937 0.100000
2 0.935156 0.621094 0.128125 0.079687
2 0.828125 0.722656 0.030469 0.069531
1 0.814063 0.496875 0.007031 0.028125
1 0.812500 0.513281 0.005469 0.029687
1 0.821094 0.520312 0.019531 0.029687
1 0.828906 0.532031 0.025781 0.039062
1 0.823438 0.496875 0.017188 0.035937
1 0.839063 0.561719 0.012500 0.044531
1 0.831250 0.594531 0.007031 0.043750
1 0.833594 0.621875 0.006250 0.021094
1 0.857031 0.633594 0.047656 0.064844
1 0.850000 0.578125 0.027344 0.054688
1 0.892969 0.410938 0.025781 0.054688
1 0.896094 0.417969 0.017969 0.058594
1 0.914844 0.436719 0.021094 0.066406
1 0.904687 0.426563 0.017969 0.060937
1 0.946094 0.371094 0.083594 0.060937
1 0.950781 0.377344 0.074219 0.065625
1 0.950000 0.384375 0.048438 0.071875
1 0.969531 0.394531 0.060156 0.084375
1 0.926562 0.448437 0.023438 0.071875
1 0.940625 0.461719 0.027344 0.078906
1 0.970313 0.473438 0.058594 0.083594
1 0.996094 0.509375 0.006250 0.035156
1 0.971094 0.744531 0.057031 0.119531
1 0.981250 0.798438 0.036719 0.136719
1 0.992969 0.860156 0.013281 0.083594
2 0.796875 0.561719 0.004687 0.026562
2 0.800000 0.581250 0.004687 0.029687
2 0.819531 0.665625 0.025000 0.053906
2 0.809375 0.606250 0.018750 0.036719
2 0.458594 0.632031 0.050781 0.054688
2 0.582812 0.392969 0.028125 0.014844
2 0.571875 0.398438 0.031250 0.016406
2 0.507812 0.438281 0.041406 0.025781
2 0.522656 0.427344 0.041406 0.023438
2 0.542188 0.418750 0.032031 0.020313
2 0.288281 0.828906 0.086719 0.124219
2 0.427344 0.491406 0.054688 0.043750
2 0.450781 0.474219 0.057813 0.038281
2 0.510156 0.576562 0.040625 0.039062
1 0.582031 0.446094 0.016406 0.024219
1 0.382812 0.618750 0.019531 0.021875
1 0.374219 0.632031 0.019531 0.025781
1 0.356250 0.633594 0.021094 0.034375
1 0.326562 0.669531 0.022656 0.029687
1 0.340625 0.649219 0.021094 0.026562
2 0.559375 0.523438 0.030469 0.023438
2 0.533594 0.553125 0.036719 0.028125
2 0.575000 0.510938 0.017969 0.021094
2 0.585156 0.499219 0.017188 0.018750
2 0.486719 0.536719 0.049219 0.039062
1 0.575000 0.456250 0.004687 0.023438
1 0.564063 0.460938 0.019531 0.023438
1 0.558594 0.463281 0.019531 0.026562
1 0.564063 0.439844 0.019531 0.024219
1 0.522656 0.471875 0.019531 0.031250
1 0.529687 0.497656 0.007031 0.028906
1 0.522656 0.503906 0.007031 0.028906
1 0.506250 0.507812 0.024219 0.035937
1 0.514062 0.478125 0.024219 0.033594
1 0.494531 0.363281 0.019531 0.034375
1 0.489844 0.366406 0.010156 0.034375
1 0.467969 0.373437 0.011719 0.035937
1 0.478906 0.369531 0.010156 0.034375
1 0.469531 0.335938 0.030469 0.035156
1 0.458594 0.338281 0.028906 0.035937
1 0.446094 0.340625 0.030469 0.039062
1 0.431250 0.342969 0.035937 0.040625
1 0.455469 0.376563 0.012500 0.036719
1 0.442188 0.380469 0.014063 0.039062
1 0.417187 0.382812 0.036719 0.045312
1 0.376563 0.376563 0.042969 0.050000
1 0.356250 0.382031 0.044531 0.053125
1 0.332813 0.386719 0.049219 0.057031
1 0.307812 0.392969 0.051562 0.060937
1 0.278906 0.399219 0.055469 0.064844
1 0.246875 0.406250 0.060156 0.070312
1 0.214062 0.415625 0.058594 0.076563
1 0.381250 0.499219 0.039844 0.056250
1 0.371875 0.510938 0.022656 0.060156
1 0.351562 0.528125 0.024219 0.053906
1 0.338281 0.480469 0.046875 0.060937
1 0.328125 0.541406 0.028125 0.058594
1 0.301563 0.556250 0.031250 0.060937
1 0.271875 0.573438 0.035937 0.065625
1 0.233594 0.584375 0.051562 0.088281
1 0.314063 0.491406 0.050781 0.065625
1 0.286719 0.503906 0.053906 0.071875
1 0.256250 0.517188 0.058594 0.076563
2 0.114062 0.546094 0.064844 0.042969
2 0.277344 0.471094 0.021094 0.007031
2 0.308594 0.459375 0.020313 0.007031
2 0.397656 0.475000 0.012500 0.007031
2 0.128906 0.614062 0.061719 0.049219
1 0.427344 0.422656 0.014844 0.010156
1 0.175781 0.514844 0.028906 0.036719
2 0.410938 0.469531 0.027344 0.010156
2 0.429688 0.460938 0.017969 0.008594
2 0.442969 0.453906 0.017969 0.007031
2 0.408594 0.431250 0.026562 0.011719
1 0.391406 0.433594 0.007031 0.020313
1 0.377344 0.436719 0.009375 0.018750
1 0.373437 0.439063 0.011719 0.021875
1 0.375781 0.425000 0.010156 0.009375
1 0.363281 0.431250 0.008594 0.011719
1 0.364063 0.444531 0.008594 0.020313
1 0.355469 0.446875 0.010156 0.017969
1 0.341406 0.446094 0.019531 0.015625
1 0.350000 0.433594 0.017969 0.011719
1 0.172656 0.432031 0.011719 0.023438
1 0.167969 0.405469 0.014063 0.031250
1 0.147656 0.441406 0.017969 0.030469
1 0.128906 0.445312 0.025781 0.033594
1 0.106250 0.451562 0.028906 0.034375
1 0.078125 0.455469 0.036719 0.041406
1 0.139063 0.410156 0.025781 0.035156
1 0.121094 0.414844 0.033594 0.036719
1 0.097656 0.418750 0.035937 0.038281
1 0.195312 0.344531 0.028906 0.029687
1 0.184375 0.346094 0.013281 0.029687
1 0.160156 0.348438 0.013281 0.031250
1 0.131250 0.350781 0.024219 0.032031
1 0.113281 0.353125 0.032813 0.035156
1 0.089063 0.355469 0.034375 0.035937
1 0.061719 0.357031 0.038281 0.036719
1 0.314844 0.342187 0.019531 0.023438
1 0.307031 0.342969 0.013281 0.023438
1 0.282031 0.346875 0.014844 0.023438
1 0.294531 0.344531 0.013281 0.023438
1 0.291406 0.321875 0.017188 0.023438
1 0.275781 0.323437 0.022656 0.024219
1 0.265625 0.323437 0.017188 0.025000
1 0.247656 0.325000 0.025781 0.025781
1 0.268750 0.348438 0.015625 0.024219
1 0.254688 0.350000 0.016406 0.025781
1 0.235156 0.350781 0.026562 0.028125
2 0.697656 0.530469 0.039844 0.026562
