2 0.127344 0.775781 0.075781 0.078125
2 0.066406 0.547656 0.132812 0.039844
2 0.050781 0.569531 0.100781 0.058594
2 0.010156 0.591406 0.019531 0.050000
2 0.176563 0.659375 0.042969 0.035156
2 0.127344 0.514062 0.084375 0.021875
2 0.110156 0.519531 0.099219 0.025000
2 0.075781 0.907031 0.089844 0.116406
1 0.160156 0.614062 0.017969 0.014844
1 0.157031 0.610156 0.021094 0.014844
1 0.169531 0.600781 0.019531 0.017969
1 0.170313 0.594531 0.017969 0.009375
1 0.175000 0.598437 0.017188 0.010937
2 0.071094 0.985938 0.012500 0.026562
2 0.117969 0.688281 0.053906 0.054688
1 0.038281 0.699219 0.076563 0.107031
1 0.039844 0.774219 0.078906 0.118750
1 0.085156 0.737500 0.016406 0.085938
1 0.098437 0.715625 0.014844 0.078125
1 0.052344 0.671875 0.078125 0.082031
1 0.071094 0.366406 0.071875 0.061719
1 0.119531 0.378906 0.007031 0.050000
1 0.134375 0.387500 0.007812 0.045312
1 0.127344 0.382812 0.009375 0.049219
1 0.096875 0.331250 0.067187 0.064062
1 0.133594 0.342969 0.008594 0.050781
1 0.139844 0.349219 0.007031 0.048438
1 0.146094 0.355469 0.006250 0.045312
1 0.141406 0.391406 0.007031 0.042969
1 0.147656 0.394531 0.006250 0.040625
1 0.153125 0.397656 0.005469 0.038281
1 0.156250 0.389062 0.012500 0.035937
1 0.168750 0.393750 0.002344 0.029687
1 0.171094 0.394531 0.003906 0.030469
1 0.175000 0.397656 0.003906 0.028906
1 0.178125 0.400000 0.003125 0.028125
1 0.180469 0.401562 0.003125 0.026562
1 0.183594 0.403906 0.002344 0.025781
1 0.146875 0.491406 0.036719 0.024219
1 0.153906 0.494531 0.038281 0.032031
1 0.175000 0.496094 0.003906 0.028906
1 0.156250 0.462500 0.038281 0.032031
1 0.178125 0.492969 0.003906 0.030469
1 0.180469 0.491406 0.003125 0.029687
1 0.183594 0.490625 0.002344 0.028125
1 0.185938 0.489063 0.002344 0.028125
1 0.176563 0.462500 0.003906 0.030469
1 0.179688 0.462500 0.003906 0.028906
1 0.182812 0.461719 0.003125 0.028125
2 0.507031 0.652344 0.044531 0.034375
2 0.932813 0.564063 0.133594 0.063281
2 0.821094 0.544531 0.133594 0.050000
2 0.436719 0.549219 0.021094 0.014844
2 0.483594 0.571875 0.041406 0.021875
2 0.506250 0.581250 0.045312 0.025781
2 0.522656 0.594531 0.042969 0.028906
2 0.564063 0.507031 0.059375 0.020313
2 0.596875 0.512500 0.066406 0.023438
2 0.640625 0.520312 0.073438 0.028125
2 0.642969 0.764062 0.078906 0.075000
2 0.528906 0.669531 0.050000 0.039844
2 0.442969 0.601562 0.032031 0.020313
2 0.481250 0.494531 0.041406 0.014063
2 0.498437 0.496875 0.046094 0.014844
2 0.563281 0.700000 0.058594 0.050000
1 0.824219 0.725781 0.087500 0.100000
1 0.454688 0.550781 0.017188 0.025000
2 0.717187 0.828906 0.096094 0.100000
2 0.804688 0.900781 0.127344 0.135937
2 0.903906 0.947656 0.117969 0.103125
2 0.728906 0.698438 0.102344 0.061719
1 0.644531 0.639062 0.035156 0.060156
1 0.627344 0.632812 0.039844 0.049219
1 0.599219 0.621875 0.017188 0.050781
1 0.628125 0.589063 0.040625 0.053125
1 0.588281 0.574219 0.035156 0.045312
1 0.588281 0.614062 0.035156 0.042969
1 0.563281 0.606250 0.013281 0.040625
1 0.550000 0.599219 0.011719 0.040625
1 0.573438 0.569531 0.033594 0.042969
1 0.468750 0.484375 0.022656 0.023438
1 0.460938 0.484375 0.017969 0.024219
1 0.449219 0.483594 0.004687 0.021094
1 0.457031 0.461719 0.021094 0.021094
1 0.443750 0.482812 0.004687 0.021094
1 0.439063 0.482031 0.003906 0.020313
1 0.434375 0.482031 0.003906 0.019531
1 0.429688 0.481250 0.003906 0.019531
1 0.443750 0.461719 0.004687 0.021094
1 0.439063 0.460938 0.003906 0.020313
1 0.434375 0.460938 0.003906 0.020313
1 0.468750 0.411719 0.021094 0.024219
1 0.455469 0.413281 0.005469 0.023438
1 0.449219 0.414844 0.005469 0.021875
1 0.443750 0.415625 0.004687 0.021875
1 0.439063 0.417187 0.003906 0.021094
1 0.434375 0.417969 0.003906 0.021094
1 0.429688 0.418750 0.003906 0.019531
1 0.539062 0.409375 0.030469 0.033594
1 0.518750 0.410938 0.010156 0.031250
1 0.500000 0.414844 0.008594 0.029687
1 0.508594 0.413281 0.008594 0.029687
1 0.517969 0.383594 0.025781 0.031250
1 0.500000 0.386719 0.008594 0.030469
1 0.491406 0.389062 0.007812 0.029687
1 0.483594 0.391406 0.007031 0.028125
1 0.491406 0.416406 0.007812 0.028125
1 0.483594 0.417969 0.007031 0.026562
1 0.476562 0.418750 0.006250 0.025781
