2 0.417969 0.730469 0.085156 0.131250
2 0.697656 0.228125 0.056250 0.041406
2 0.675781 0.245312 0.062500 0.046094
2 0.527344 0.368750 0.086719 0.088281
2 0.567187 0.332031 0.080469 0.071875
2 0.610156 0.303906 0.065625 0.060937
2 0.276562 0.590625 0.144531 0.203906
2 0.366406 0.513281 0.125781 0.160156
2 0.531250 0.589063 0.066406 0.092969
1 0.685156 0.322656 0.031250 0.046875
1 0.207031 0.816406 0.037500 0.074219
1 0.172656 0.872656 0.040625 0.084375
1 0.131250 0.880469 0.042969 0.098437
1 0.029687 0.978125 0.046094 0.041406
1 0.085938 0.926562 0.042969 0.092969
2 0.628906 0.464062 0.053906 0.049219
2 0.577344 0.532031 0.062500 0.063281
2 0.661719 0.434375 0.030469 0.044531
2 0.680469 0.408594 0.028125 0.039844
2 0.473438 0.564063 0.090625 0.123438
1 0.669531 0.349219 0.013281 0.044531
1 0.650000 0.358594 0.033594 0.045312
1 0.637500 0.364844 0.039844 0.057031
1 0.652344 0.325781 0.039844 0.046875
1 0.568750 0.419531 0.025781 0.063281
1 0.569531 0.461719 0.017969 0.053906
1 0.544531 0.479687 0.035937 0.055469
1 0.522656 0.488281 0.046094 0.078906
1 0.545312 0.436719 0.039844 0.065625
1 0.480469 0.225781 0.064844 0.100781
1 0.466406 0.239844 0.035156 0.107031
1 0.391406 0.284375 0.050781 0.103906
1 0.431250 0.264844 0.041406 0.096094
1 0.408594 0.172656 0.081250 0.115625
1 0.365625 0.185938 0.089063 0.126562
1 0.315625 0.200781 0.098437 0.139063
1 0.258594 0.218750 0.110156 0.153125
1 0.344531 0.306250 0.060937 0.110937
1 0.290625 0.332031 0.075000 0.121094
1 0.217188 0.344531 0.112500 0.166406
1 0.040625 0.381250 0.080469 0.213281
1 0.126562 0.664062 0.114062 0.198437
1 0.055469 0.727344 0.110156 0.225000
1 0.012500 0.836719 0.024219 0.053125
2 0.471875 0.150781 0.038281 0.019531
2 0.457031 0.156250 0.021094 0.021875
2 0.166406 0.359375 0.038281 0.046094
2 0.023438 0.542969 0.046875 0.029687
2 0.141406 0.253906 0.063281 0.048438
2 0.191406 0.238281 0.059375 0.043750
1 0.071094 0.371875 0.009375 0.013281
1 0.039062 0.267188 0.048438 0.060156
1 0.010937 0.266406 0.021875 0.030469
1 0.007812 0.234375 0.014844 0.053906
1 0.005469 0.139063 0.010937 0.031250
1 0.253125 0.108594 0.035156 0.045312
1 0.235156 0.111719 0.030469 0.046094
1 0.189062 0.121094 0.033594 0.044531
1 0.213281 0.117969 0.031250 0.042969
1 0.200781 0.074219 0.039062 0.046875
1 0.175781 0.076563 0.040625 0.048438
1 0.150000 0.079687 0.042969 0.050000
1 0.121875 0.082031 0.044531 0.051562
1 0.163281 0.125781 0.036719 0.045312
1 0.136719 0.129688 0.039844 0.048438
1 0.106250 0.131250 0.045312 0.054688
2 0.897656 0.558594 0.094531 0.093750
2 0.563281 0.273438 0.034375 0.021094
