2 0.865625 0.482031 0.019531 0.026562
2 0.867969 0.503906 0.023438 0.038281
2 0.875000 0.655469 0.055469 0.086719
2 0.874219 0.601562 0.038281 0.051562
2 0.875000 0.570312 0.019531 0.050000
2 0.915625 0.941406 0.089844 0.114844
2 0.908594 0.872656 0.083594 0.180469
2 0.825781 0.876563 0.008594 0.091406
2 0.832031 0.703906 0.006250 0.050781
2 0.828125 0.789062 0.008594 0.069531
2 0.831250 0.667969 0.003906 0.040625
2 0.833594 0.638281 0.005469 0.035156
2 0.848437 0.875781 0.032031 0.114844
1 0.849219 0.585156 0.003125 0.020313
1 0.850781 0.617969 0.008594 0.042969
1 0.855469 0.694531 0.003906 0.035156
1 0.850000 0.717187 0.007031 0.039844
1 0.851562 0.728125 0.003906 0.020313
1 0.853906 0.778906 0.014844 0.073438
1 0.880469 0.722656 0.042969 0.038281
1 0.920312 0.535937 0.030469 0.078125
1 0.920312 0.557031 0.022656 0.085156
1 0.932031 0.610156 0.024219 0.101562
1 0.925000 0.582031 0.021094 0.091406
1 0.964063 0.510938 0.071094 0.093750
1 0.967969 0.533594 0.063281 0.103906
1 0.971875 0.560937 0.055469 0.114844
1 0.977344 0.587500 0.044531 0.115625
1 0.940625 0.644531 0.027344 0.113281
1 0.948438 0.684375 0.028906 0.128906
1 0.971875 0.755469 0.055469 0.160938
1 0.996094 0.882812 0.007031 0.056250
2 0.423438 0.685937 0.056250 0.067969
2 0.591406 0.413281 0.033594 0.020313
2 0.578906 0.421094 0.033594 0.021875
2 0.176563 0.811719 0.104688 0.136719
2 0.382812 0.648438 0.066406 0.071875
2 0.421875 0.611719 0.058594 0.060156
2 0.458594 0.584375 0.052344 0.051562
2 0.487500 0.475781 0.046094 0.035156
2 0.508594 0.460938 0.046094 0.031250
2 0.535156 0.449219 0.036719 0.028125
2 0.535937 0.576562 0.039844 0.039062
2 0.455469 0.653125 0.050781 0.058594
2 0.200000 0.907813 0.096094 0.146875
2 0.370312 0.548438 0.067969 0.060937
2 0.407813 0.525781 0.061719 0.053125
2 0.492188 0.619531 0.045312 0.049219
1 0.578906 0.478906 0.021094 0.028906
1 0.275000 0.720313 0.047656 0.081250
2 0.557813 0.557813 0.036719 0.026562
2 0.580469 0.542188 0.020313 0.025000
2 0.593750 0.528125 0.019531 0.021875
2 0.558594 0.503125 0.035156 0.021875
1 0.543750 0.511719 0.007812 0.031250
1 0.530469 0.521094 0.018750 0.028906
1 0.525781 0.524219 0.011719 0.035937
1 0.528125 0.493750 0.024219 0.034375
1 0.509375 0.509375 0.020313 0.036719
1 0.514844 0.537500 0.008594 0.030469
1 0.503125 0.545312 0.013281 0.031250
1 0.486719 0.549219 0.026562 0.041406
1 0.498437 0.516406 0.023438 0.039062
1 0.315625 0.562500 0.042969 0.067969
1 0.295312 0.578125 0.033594 0.071875
1 0.267969 0.603125 0.034375 0.059375
1 0.256250 0.550781 0.049219 0.075000
1 0.235937 0.621094 0.039844 0.064062
1 0.200781 0.641406 0.044531 0.067969
1 0.160938 0.664844 0.050781 0.071875
1 0.114062 0.676562 0.062500 0.106250
1 0.224219 0.566406 0.052344 0.080469
1 0.188281 0.583594 0.055469 0.086719
1 0.148438 0.603125 0.060156 0.094531
1 0.305469 0.435937 0.046094 0.061719
1 0.277344 0.444531 0.048438 0.064844
1 0.246875 0.453906 0.051562 0.069531
1 0.212500 0.465625 0.054688 0.075000
1 0.173437 0.477344 0.058594 0.080469
1 0.130469 0.490625 0.063281 0.086719
1 0.082031 0.506250 0.068750 0.095312
1 0.463281 0.399219 0.028125 0.040625
1 0.457031 0.404687 0.014844 0.042969
1 0.426563 0.417969 0.017188 0.040625
1 0.442188 0.411719 0.015625 0.039062
1 0.432812 0.375000 0.033594 0.042969
1 0.416406 0.378906 0.034375 0.045312
1 0.399219 0.383594 0.035937 0.046875
1 0.379688 0.389062 0.039062 0.050000
1 0.409375 0.424219 0.018750 0.042969
1 0.390625 0.430469 0.021094 0.044531
1 0.364063 0.433594 0.036719 0.054688
2 0.678125 0.514844 0.032031 0.025781
