3 0.255469 0.468750 0.064844 0.155469
2 0.012500 0.784375 0.024219 0.071875
2 0.062500 0.490625 0.078125 0.051562
2 0.007031 0.598437 0.014063 0.039062
2 0.084375 0.573438 0.071875 0.060937
1 0.003906 0.263281 0.007812 0.031250
1 0.010156 0.253906 0.020313 0.046094
1 0.021094 0.252344 0.021875 0.043750
1 0.021094 0.250000 0.042188 0.040625
1 0.001563 0.428125 0.003125 0.015625
1 0.008594 0.404687 0.017188 0.053125
1 0.018750 0.396094 0.024219 0.050000
1 0.009375 0.352344 0.018750 0.051562
1 0.031250 0.387500 0.021875 0.046875
1 0.042188 0.378906 0.020313 0.044531
1 0.052344 0.371875 0.017969 0.041406
1 0.060937 0.365625 0.017969 0.041406
1 0.015625 0.346094 0.031250 0.048438
1 0.021094 0.339062 0.042188 0.043750
1 0.026562 0.334375 0.053125 0.042969
2 0.478906 0.580469 0.053125 0.058594
2 0.939844 0.803125 0.119531 0.239844
2 0.545312 0.443750 0.087500 0.063281
2 0.589063 0.480469 0.100781 0.084375
2 0.655469 0.543750 0.124219 0.117969
2 0.415625 0.471875 0.028906 0.032031
2 0.450000 0.369531 0.057031 0.033594
2 0.466406 0.384375 0.062500 0.039062
2 0.537500 0.689063 0.073438 0.098437
1 0.446094 0.442969 0.014844 0.014063
1 0.439063 0.439063 0.010156 0.013281
1 0.439844 0.428906 0.012500 0.015625
1 0.428125 0.423438 0.013281 0.010937
1 0.438281 0.422656 0.010156 0.004687
2 0.683594 0.953906 0.053125 0.089844
2 0.595313 0.800781 0.093750 0.126562
2 0.497656 0.532031 0.064844 0.064844
1 0.909375 0.958594 0.113281 0.081250
1 0.829688 0.946875 0.117188 0.104688
1 0.763281 0.868750 0.085156 0.179688
1 0.844531 0.891406 0.115625 0.188281
1 0.571875 0.563281 0.052344 0.078125
1 0.571094 0.614062 0.052344 0.069531
1 0.537500 0.590625 0.016406 0.064062
1 0.522656 0.565625 0.014844 0.066406
1 0.546094 0.542188 0.032813 0.071094
1 0.514844 0.281250 0.046875 0.056250
1 0.500000 0.277344 0.042188 0.053125
1 0.463281 0.271875 0.010156 0.045312
1 0.473438 0.275000 0.010937 0.048438
1 0.488281 0.227344 0.042969 0.049219
1 0.462500 0.226562 0.010156 0.046094
1 0.452344 0.226562 0.009375 0.043750
1 0.444531 0.225781 0.008594 0.042969
1 0.453906 0.269531 0.009375 0.042969
1 0.445312 0.267188 0.008594 0.041406
1 0.437500 0.264062 0.007812 0.039844
1 0.429688 0.246094 0.022656 0.035937
1 0.425000 0.244531 0.025000 0.035156
1 0.417187 0.243750 0.019531 0.033594
1 0.405469 0.242969 0.005469 0.031250
1 0.409375 0.241406 0.022656 0.031250
1 0.396094 0.240625 0.005469 0.029687
1 0.392188 0.240625 0.004687 0.028906
1 0.437500 0.342187 0.029687 0.032031
1 0.430469 0.340625 0.027344 0.035937
1 0.414844 0.338281 0.006250 0.032031
1 0.424219 0.307812 0.028125 0.034375
1 0.409375 0.333594 0.005469 0.030469
1 0.405469 0.330469 0.005469 0.029687
1 0.400781 0.326562 0.005469 0.028906
1 0.396875 0.322656 0.004687 0.028906
1 0.414062 0.303906 0.016406 0.032031
1 0.411719 0.301563 0.021094 0.032031
1 0.408594 0.298438 0.022656 0.030469
2 0.692187 0.472656 0.028906 0.032031
2 0.817187 0.357031 0.046875 0.029687
2 0.857812 0.371094 0.077344 0.034375
2 0.927344 0.390625 0.087500 0.040625
2 0.886719 0.586719 0.078906 0.064844
2 0.738281 0.492969 0.033594 0.038281
2 0.603125 0.414062 0.032813 0.021875
2 0.680469 0.325000 0.045312 0.020313
2 0.703125 0.332031 0.042188 0.021094
2 0.789844 0.524219 0.047656 0.046094
2 0.964063 0.639062 0.070312 0.076563
1 0.657031 0.310937 0.024219 0.026562
1 0.645312 0.308594 0.021875 0.025781
1 0.630469 0.307031 0.010156 0.023438
1 0.638281 0.283594 0.022656 0.025000
1 0.621094 0.304688 0.009375 0.021875
1 0.612500 0.302344 0.009375 0.021094
1 0.604688 0.300781 0.008594 0.021094
1 0.596875 0.296875 0.008594 0.021875
1 0.626563 0.282031 0.017969 0.023438
1 0.619531 0.280469 0.020313 0.023438
1 0.610156 0.278906 0.017969 0.021875
1 0.664062 0.237500 0.025781 0.025000
1 0.650781 0.236719 0.021094 0.025000
1 0.636719 0.235937 0.012500 0.024219
1 0.626563 0.235937 0.010156 0.023438
1 0.617188 0.235156 0.010156 0.021875
1 0.608594 0.235156 0.009375 0.021875
1 0.605469 0.234375 0.018750 0.021875
1 0.779687 0.257031 0.028906 0.034375
1 0.764062 0.255469 0.018750 0.033594
1 0.725781 0.253906 0.017969 0.029687
1 0.733594 0.254688 0.003125 0.025781
1 0.752344 0.223438 0.033594 0.029687
1 0.728906 0.223438 0.018750 0.029687
1 0.714063 0.223438 0.017188 0.029687
1 0.700000 0.223438 0.015625 0.028125
1 0.710938 0.252344 0.016406 0.028906
1 0.696875 0.250781 0.014844 0.028125
1 0.684375 0.250000 0.014844 0.028125
