2 0.986719 0.503906 0.022656 0.021094
2 0.992188 0.499219 0.014844 0.024219
2 0.995313 0.742188 0.007812 0.028906
2 0.391406 0.759375 0.078906 0.060937
2 0.619531 0.522656 0.035156 0.011719
2 0.601562 0.521094 0.039844 0.013281
2 0.022656 0.710156 0.045312 0.060937
2 0.338281 0.654687 0.082031 0.044531
2 0.395313 0.640625 0.077344 0.035937
2 0.448437 0.631250 0.067187 0.030469
2 0.489844 0.512500 0.056250 0.017969
2 0.519531 0.515625 0.050781 0.014844
2 0.553906 0.517969 0.036719 0.014063
2 0.554688 0.690625 0.050781 0.030469
2 0.441406 0.736719 0.069531 0.050000
2 0.021875 0.914844 0.043750 0.104688
2 0.328125 0.496094 0.082812 0.028906
2 0.392969 0.501563 0.053906 0.025000
2 0.495312 0.716406 0.061719 0.041406
1 0.607031 0.592969 0.024219 0.026562
1 0.146094 0.668750 0.091406 0.084375
2 0.583594 0.679688 0.046094 0.021875
2 0.611719 0.671094 0.025781 0.020313
2 0.628125 0.663281 0.024219 0.017969
2 0.585938 0.606250 0.035156 0.014063
1 0.562500 0.601562 0.010156 0.032031
1 0.545312 0.603125 0.023438 0.032031
1 0.538281 0.604688 0.015625 0.035156
1 0.542969 0.571875 0.028906 0.031250
1 0.524219 0.574219 0.011719 0.034375
1 0.525000 0.608594 0.011719 0.035156
1 0.511719 0.610938 0.013281 0.035937
1 0.488281 0.611719 0.032813 0.039844
1 0.502344 0.575000 0.032031 0.035156
1 0.253125 0.471875 0.039844 0.060937
1 0.210938 0.467187 0.045312 0.065625
1 0.164062 0.461719 0.052344 0.070312
1 0.166406 0.396875 0.051562 0.074219
1 0.110156 0.455469 0.060156 0.075781
1 0.046875 0.447656 0.071094 0.082031
1 0.007031 0.443750 0.014063 0.080469
1 0.112500 0.385937 0.060156 0.080469
1 0.050000 0.372656 0.070312 0.089844
1 0.009375 0.364063 0.017969 0.082031
1 0.260156 0.299219 0.039062 0.064844
1 0.220312 0.282031 0.042969 0.070312
1 0.175000 0.264062 0.049219 0.076563
1 0.122656 0.243750 0.057031 0.083594
1 0.062500 0.218750 0.067969 0.091406
1 0.015625 0.199219 0.031250 0.082812
1 0.468750 0.397656 0.016406 0.039844
1 0.450781 0.391406 0.017969 0.041406
1 0.411719 0.376563 0.021875 0.046094
1 0.432031 0.384375 0.019531 0.044531
1 0.432812 0.346094 0.019531 0.046875
1 0.411719 0.335938 0.021094 0.050000
1 0.389062 0.326562 0.023438 0.053125
1 0.357812 0.315625 0.041406 0.056250
1 0.389062 0.368750 0.023438 0.048438
1 0.364063 0.359375 0.025781 0.050781
1 0.330469 0.350000 0.042969 0.055469
2 0.735156 0.646094 0.042969 0.020313
