2 0.420312 0.719531 0.089844 0.103906
2 0.642188 0.378125 0.041406 0.014844
2 0.626563 0.381250 0.046094 0.016406
2 0.518750 0.407031 0.068750 0.029687
2 0.550781 0.400000 0.057031 0.024219
2 0.578906 0.394531 0.050000 0.021875
2 0.328906 0.451562 0.119531 0.060937
2 0.397656 0.435937 0.103125 0.049219
2 0.523438 0.629687 0.066406 0.064844
1 0.640625 0.453906 0.025000 0.031250
1 0.232813 0.689844 0.035156 0.050000
1 0.199219 0.719531 0.038281 0.059375
1 0.157031 0.720313 0.039062 0.078125
1 0.044531 0.803125 0.047656 0.079687
1 0.107813 0.752344 0.041406 0.065625
2 0.604688 0.559375 0.047656 0.031250
2 0.563281 0.597656 0.057031 0.041406
2 0.631250 0.542969 0.024219 0.028125
2 0.644531 0.528906 0.024219 0.025000
2 0.476562 0.560937 0.080469 0.063281
1 0.630469 0.463281 0.007812 0.032031
1 0.614062 0.467969 0.027344 0.033594
1 0.605469 0.469531 0.030469 0.038281
1 0.614062 0.437500 0.028906 0.034375
1 0.544531 0.467969 0.035156 0.048438
1 0.555469 0.508594 0.012500 0.043750
1 0.542969 0.516406 0.013281 0.045312
1 0.516406 0.519531 0.039062 0.056250
1 0.530469 0.473438 0.038281 0.050781
1 0.499219 0.264844 0.018750 0.055469
1 0.478125 0.260156 0.021094 0.059375
1 0.429688 0.250781 0.028906 0.067969
1 0.455469 0.255469 0.024219 0.063281
1 0.454688 0.196094 0.024219 0.069531
1 0.428906 0.185938 0.028906 0.075000
1 0.398438 0.174219 0.033594 0.082031
1 0.350781 0.161719 0.066406 0.089844
1 0.400781 0.243750 0.032813 0.073438
1 0.367188 0.236719 0.038281 0.078906
1 0.315625 0.227344 0.070312 0.088281
1 0.198437 0.158594 0.077344 0.117969
1 0.121875 0.136719 0.096094 0.135937
1 0.044531 0.115625 0.088281 0.145313
1 0.214844 0.448437 0.081250 0.103125
1 0.153906 0.459375 0.084375 0.115625
1 0.072656 0.479687 0.105469 0.120313
1 0.056250 0.368750 0.111719 0.119531
1 0.018750 0.489844 0.037500 0.120313
1 0.009375 0.369531 0.018750 0.120313
2 0.242188 0.540625 0.039062 0.033594
2 0.458594 0.365625 0.029687 0.009375
2 0.438281 0.367188 0.033594 0.010156
2 0.268750 0.457813 0.002344 0.006250
2 0.320312 0.378125 0.041406 0.014063
2 0.350781 0.375781 0.039844 0.013281
2 0.382812 0.373437 0.034375 0.011719
2 0.389844 0.492969 0.037500 0.021094
2 0.292969 0.526563 0.038281 0.028906
2 0.017188 0.617969 0.034375 0.045312
2 0.180469 0.389062 0.052344 0.019531
2 0.223438 0.385937 0.050781 0.017969
2 0.333594 0.511719 0.042969 0.025781
1 0.442969 0.416406 0.018750 0.011719
2 0.419531 0.484375 0.034375 0.016406
2 0.443750 0.476562 0.024219 0.014844
2 0.462500 0.471094 0.023438 0.014063
1 0.375781 0.408594 0.019531 0.016406
1 0.348438 0.411719 0.021094 0.015625
1 0.335938 0.414062 0.021875 0.019531
1 0.121094 0.382812 0.030469 0.038281
1 0.107813 0.271875 0.033594 0.039844
1 0.077344 0.268750 0.036719 0.041406
1 0.044531 0.266406 0.039844 0.043750
1 0.014844 0.262500 0.029687 0.043750
1 0.293750 0.307031 0.012500 0.013281
1 0.267969 0.306250 0.003906 0.014063
1 0.233594 0.296094 0.015625 0.030469
1 0.261719 0.305469 0.009375 0.014844
1 0.257031 0.263281 0.010156 0.019531
1 0.230469 0.272656 0.011719 0.015625
1 0.214062 0.271094 0.021875 0.017969
1 0.189844 0.267969 0.028906 0.019531
1 0.216406 0.294531 0.023438 0.032031
1 0.194531 0.293750 0.025000 0.033594
1 0.169531 0.291406 0.032031 0.035937
2 0.838281 0.583594 0.081250 0.049219
