2 0.468750 0.680469 0.058594 0.051562
2 0.985156 0.529687 0.028906 0.013281
2 0.928906 0.540625 0.141406 0.056250
2 0.333594 0.555469 0.042188 0.025781
2 0.427344 0.584375 0.057813 0.035937
2 0.467969 0.594531 0.060156 0.039844
2 0.510156 0.608594 0.060156 0.046875
2 0.568750 0.501563 0.064062 0.032031
2 0.621094 0.507812 0.072656 0.034375
2 0.695312 0.517969 0.077344 0.038281
2 0.693750 0.782031 0.075781 0.089844
2 0.510156 0.698438 0.061719 0.057031
2 0.341406 0.625781 0.049219 0.034375
2 0.421875 0.484375 0.057813 0.023438
2 0.453906 0.489063 0.059375 0.025781
2 0.570312 0.728125 0.066406 0.068750
1 0.925781 0.713281 0.082031 0.101562
1 0.367188 0.557813 0.028906 0.038281
2 0.800000 0.826562 0.099219 0.110937
2 0.907031 0.872656 0.127344 0.130469
2 0.975000 0.901563 0.049219 0.103906
2 0.810937 0.691406 0.103125 0.079687
1 0.701562 0.646875 0.033594 0.071875
1 0.671094 0.643750 0.033594 0.059375
1 0.642188 0.631250 0.028906 0.065625
1 0.673438 0.594531 0.033594 0.064844
1 0.610938 0.581250 0.032813 0.058594
1 0.610156 0.624219 0.032813 0.056250
1 0.582031 0.621875 0.023438 0.046094
1 0.560156 0.609375 0.021875 0.057031
1 0.587500 0.575781 0.032813 0.056250
1 0.393750 0.471094 0.030469 0.035156
1 0.378906 0.469531 0.026562 0.034375
1 0.360156 0.469531 0.011719 0.030469
1 0.368750 0.439063 0.030469 0.030469
1 0.348438 0.468750 0.011719 0.029687
1 0.337500 0.467187 0.010937 0.028906
1 0.327344 0.466406 0.010156 0.028906
1 0.317188 0.464062 0.010156 0.028906
1 0.347656 0.439063 0.011719 0.029687
1 0.336719 0.438281 0.010937 0.028906
1 0.333594 0.437500 0.025000 0.028906
1 0.392969 0.374219 0.032031 0.033594
1 0.371094 0.374219 0.013281 0.032031
1 0.358594 0.375781 0.011719 0.031250
1 0.346875 0.376563 0.011719 0.030469
1 0.335938 0.377344 0.010937 0.030469
1 0.325000 0.378125 0.010156 0.028906
1 0.314844 0.378906 0.010156 0.028906
1 0.528125 0.380469 0.033594 0.041406
1 0.501563 0.381250 0.019531 0.039844
1 0.464062 0.382812 0.017188 0.038281
1 0.482031 0.382031 0.017969 0.039062
1 0.489063 0.342969 0.032813 0.039844
1 0.464062 0.345313 0.016406 0.039062
1 0.446875 0.347656 0.016406 0.038281
1 0.431250 0.349219 0.015625 0.036719
1 0.447656 0.383594 0.016406 0.035937
1 0.433594 0.384375 0.018750 0.035937
1 0.416406 0.385156 0.014844 0.035156
