3 0.573438 0.778125 0.202344 0.441406
2 0.955469 0.806250 0.088281 0.107031
2 0.812500 0.439063 0.007031 0.010156
2 0.842187 0.439063 0.052344 0.011719
2 0.990625 0.673438 0.017969 0.045312
2 0.960938 0.642969 0.076563 0.065625
2 0.945312 0.606250 0.108594 0.043750
2 0.905469 0.446875 0.083594 0.019531
2 0.893750 0.445312 0.082031 0.016406
2 0.849219 0.443750 0.007031 0.014063
2 0.995313 0.453125 0.008594 0.032031
2 0.968750 0.452344 0.046094 0.030469
2 0.904687 0.696875 0.086719 0.065625
1 0.821875 0.511719 0.009375 0.026562
1 0.823438 0.518750 0.004687 0.029687
1 0.839844 0.521875 0.028125 0.030469
1 0.847656 0.526563 0.037500 0.035156
1 0.844531 0.493750 0.035937 0.032031
1 0.892188 0.514844 0.052344 0.042969
1 0.868750 0.554688 0.008594 0.044531
1 0.877344 0.560937 0.010156 0.046094
1 0.911719 0.566406 0.063281 0.046875
1 0.903906 0.521875 0.059375 0.050781
1 0.922656 0.292969 0.015625 0.055469
1 0.937500 0.281250 0.017969 0.060937
1 0.973437 0.256250 0.024219 0.073438
1 0.953906 0.269531 0.020313 0.065625
1 0.957812 0.211719 0.021094 0.076563
1 0.977344 0.193750 0.025781 0.085156
1 0.992969 0.179688 0.013281 0.078125
1 0.990625 0.243750 0.017188 0.071094
2 0.809375 0.583594 0.008594 0.021094
2 0.837500 0.596094 0.049219 0.023438
2 0.878125 0.653125 0.074219 0.045312
2 0.840625 0.612500 0.041406 0.028906
2 0.455469 0.640625 0.058594 0.044531
2 0.585938 0.438281 0.007812 0.008594
2 0.566406 0.438281 0.030469 0.008594
2 0.507031 0.442969 0.043750 0.011719
2 0.535156 0.442188 0.012500 0.010156
2 0.548438 0.441406 0.013281 0.009375
2 0.239063 0.815625 0.119531 0.131250
2 0.426563 0.446094 0.058594 0.017969
2 0.463281 0.444531 0.035937 0.015625
2 0.506250 0.600781 0.038281 0.030469
1 0.578125 0.493750 0.015625 0.020313
1 0.369531 0.584375 0.022656 0.019531
1 0.360156 0.592969 0.024219 0.021875
1 0.338281 0.591406 0.025000 0.032031
1 0.300781 0.615625 0.028125 0.025781
1 0.317969 0.603125 0.025781 0.023438
2 0.557813 0.563281 0.028906 0.013281
2 0.521094 0.583594 0.016406 0.011719
2 0.574219 0.553906 0.015625 0.010156
2 0.582031 0.549219 0.014844 0.014063
2 0.485156 0.539844 0.053906 0.025781
1 0.571875 0.497656 0.003906 0.021094
1 0.567187 0.499219 0.003906 0.021094
1 0.555469 0.500781 0.019531 0.024219
1 0.560156 0.478125 0.019531 0.021875
1 0.521875 0.488281 0.021094 0.028906
1 0.528906 0.515625 0.006250 0.028125
1 0.522656 0.518750 0.006250 0.029687
1 0.505469 0.520312 0.027344 0.031250
1 0.512500 0.490625 0.025781 0.029687
1 0.500000 0.349219 0.008594 0.033594
1 0.489844 0.344531 0.009375 0.034375
1 0.468750 0.336719 0.010937 0.038281
1 0.480469 0.341406 0.010156 0.035937
1 0.479687 0.307031 0.010156 0.039844
1 0.468750 0.301563 0.011719 0.041406
1 0.457031 0.294531 0.012500 0.044531
1 0.432031 0.286719 0.035156 0.046094
1 0.457031 0.332031 0.012500 0.039844
1 0.443750 0.326562 0.014063 0.042969
1 0.416406 0.320312 0.039844 0.046094
1 0.385937 0.283594 0.021094 0.054688
1 0.363281 0.273438 0.024219 0.058594
1 0.338281 0.261719 0.027344 0.064062
1 0.309375 0.248438 0.032031 0.069531
1 0.275781 0.232813 0.037500 0.076563
1 0.235937 0.214062 0.044531 0.085938
1 0.182031 0.192969 0.066406 0.096094
1 0.386719 0.432031 0.021094 0.048438
1 0.364844 0.432031 0.023438 0.053125
1 0.339844 0.432031 0.027344 0.054688
1 0.339062 0.376563 0.027344 0.057031
1 0.311719 0.431250 0.032031 0.059375
1 0.278906 0.431250 0.036719 0.064844
1 0.240625 0.430469 0.042969 0.070312
1 0.190625 0.430469 0.060937 0.078906
1 0.310156 0.372656 0.032031 0.061719
1 0.276562 0.367188 0.036719 0.067969
1 0.225000 0.360938 0.070312 0.074219
2 0.259375 0.576562 0.047656 0.023438
2 0.042188 0.551562 0.083594 0.031250
2 0.221094 0.521094 0.053906 0.020313
2 0.258594 0.514062 0.047656 0.017969
2 0.292969 0.508594 0.041406 0.015625
2 0.371094 0.542969 0.032031 0.014844
2 0.290625 0.566406 0.042969 0.021094
2 0.053906 0.639844 0.075000 0.044531
2 0.327344 0.556250 0.038281 0.018750
1 0.413281 0.483594 0.016406 0.016406
1 0.125000 0.530469 0.038281 0.034375
2 0.397656 0.536719 0.024219 0.011719
2 0.414844 0.531250 0.018750 0.011719
2 0.428906 0.526563 0.018750 0.010156
2 0.396094 0.492188 0.023438 0.008594
1 0.374219 0.489844 0.005469 0.018750
1 0.365625 0.491406 0.010156 0.018750
1 0.356250 0.492969 0.011719 0.020313
1 0.361719 0.478906 0.017969 0.007031
1 0.345313 0.481250 0.008594 0.007031
1 0.346094 0.494531 0.009375 0.019531
1 0.335938 0.496094 0.010156 0.020313
1 0.321094 0.496875 0.020313 0.021875
1 0.330469 0.482031 0.019531 0.007031
1 0.129688 0.433594 0.002344 0.030469
1 0.132031 0.402344 0.010156 0.030469
1 0.100781 0.433594 0.024219 0.032031
1 0.075000 0.433594 0.029687 0.034375
1 0.046094 0.433594 0.032031 0.035156
1 0.015625 0.432812 0.031250 0.038281
1 0.099219 0.400781 0.024219 0.034375
1 0.073438 0.399219 0.029687 0.035156
1 0.039844 0.396875 0.039844 0.036719
1 0.169531 0.343750 0.022656 0.032031
1 0.147656 0.339844 0.023438 0.033594
1 0.131250 0.338281 0.011719 0.031250
1 0.096094 0.332031 0.022656 0.035937
1 0.071094 0.327344 0.029687 0.038281
1 0.041406 0.321875 0.033594 0.040625
1 0.013281 0.317969 0.026562 0.040625
2 0.703906 0.558594 0.043750 0.019531
2 0.488281 0.513281 0.006250 0.007031
