2 0.453906 0.710938 0.069531 0.067969
2 0.968750 0.537500 0.061719 0.056250
2 0.284375 0.562500 0.053906 0.034375
2 0.401562 0.598437 0.070312 0.048438
2 0.452344 0.609375 0.071875 0.053125
2 0.505469 0.627344 0.070312 0.064062
2 0.578906 0.498437 0.072656 0.042969
2 0.646094 0.505469 0.084375 0.046094
2 0.745313 0.518750 0.104688 0.050000
2 0.739844 0.832031 0.097656 0.120313
2 0.504687 0.731250 0.072656 0.075781
2 0.295312 0.643750 0.061719 0.045312
2 0.394531 0.478125 0.071094 0.031250
2 0.434375 0.482812 0.072656 0.034375
2 0.580469 0.767969 0.075781 0.090625
1 0.987500 0.736719 0.023438 0.095312
1 0.326562 0.564844 0.035937 0.048438
2 0.868750 0.886719 0.141406 0.146875
2 0.962500 0.932031 0.074219 0.115625
2 0.889844 0.728906 0.138281 0.105469
1 0.750000 0.673438 0.043750 0.091406
1 0.710156 0.663281 0.039844 0.088281
1 0.674219 0.653906 0.036719 0.084375
1 0.713281 0.610156 0.041406 0.083594
1 0.632812 0.593750 0.035937 0.074219
1 0.631250 0.646094 0.035937 0.073438
1 0.599219 0.644531 0.030469 0.056250
1 0.570312 0.628125 0.028906 0.071875
1 0.603125 0.587500 0.035937 0.071094
1 0.358594 0.460938 0.038281 0.042969
1 0.339844 0.458594 0.033594 0.041406
1 0.316406 0.459375 0.015625 0.036719
1 0.326562 0.421875 0.039062 0.038281
1 0.301563 0.457813 0.015625 0.035937
1 0.287500 0.456250 0.014844 0.035156
1 0.274219 0.455469 0.014063 0.034375
1 0.261719 0.453125 0.014063 0.035156
1 0.306250 0.421094 0.028906 0.036719
1 0.288281 0.421094 0.019531 0.035937
1 0.278906 0.419531 0.025781 0.035937
1 0.356250 0.341406 0.039844 0.042969
1 0.328125 0.342187 0.017969 0.039844
1 0.312500 0.343750 0.016406 0.039062
1 0.297656 0.344531 0.015625 0.039062
1 0.282813 0.345313 0.014844 0.036719
1 0.269531 0.346875 0.014844 0.035937
1 0.257031 0.347656 0.014063 0.035937
1 0.528125 0.348438 0.039062 0.051562
1 0.496094 0.349219 0.025000 0.050781
1 0.448437 0.352344 0.022656 0.046875
1 0.471094 0.350781 0.023438 0.048438
1 0.478906 0.302344 0.039844 0.050781
1 0.447656 0.305469 0.022656 0.049219
1 0.425781 0.307031 0.021094 0.048438
1 0.404687 0.309375 0.020313 0.046875
1 0.426563 0.353125 0.021875 0.045312
1 0.406250 0.354687 0.020313 0.044531
1 0.386719 0.355469 0.019531 0.043750
