2 0.477344 0.617188 0.055469 0.064062
2 0.996094 0.638281 0.006250 0.014844
2 0.934375 0.650000 0.130469 0.135156
2 0.356250 0.469531 0.045312 0.036719
2 0.438281 0.525781 0.055469 0.053125
2 0.475781 0.544531 0.058594 0.058594
2 0.514062 0.571875 0.060156 0.068750
2 0.573438 0.490625 0.067969 0.065625
2 0.625000 0.513281 0.078906 0.073438
2 0.696875 0.550000 0.082812 0.079687
2 0.675781 0.771875 0.074219 0.111719
2 0.514062 0.644531 0.058594 0.071094
2 0.364063 0.531250 0.044531 0.041406
2 0.431250 0.431250 0.058594 0.044531
2 0.460938 0.445312 0.060156 0.048438
2 0.567187 0.689063 0.064062 0.085156
1 0.907813 0.798438 0.089063 0.125781
1 0.383594 0.481250 0.027344 0.043750
2 0.765625 0.839844 0.085156 0.139063
2 0.858594 0.908594 0.105469 0.161719
2 0.951562 0.946875 0.095312 0.103906
2 0.792969 0.736719 0.094531 0.125000
1 0.693750 0.664062 0.040625 0.086719
1 0.665625 0.655469 0.039062 0.064844
1 0.636719 0.631250 0.032031 0.078125
1 0.669531 0.612500 0.039844 0.075000
1 0.610156 0.579688 0.036719 0.066406
1 0.608594 0.618750 0.036719 0.060937
1 0.580469 0.610938 0.022656 0.046094
1 0.560156 0.587500 0.022656 0.067969
1 0.586719 0.567187 0.032813 0.064062
1 0.404687 0.407031 0.032031 0.043750
1 0.389062 0.401562 0.024219 0.042969
1 0.371875 0.401562 0.012500 0.032031
1 0.378906 0.367969 0.032031 0.039844
1 0.360938 0.396875 0.011719 0.032031
1 0.350781 0.392188 0.011719 0.030469
1 0.341406 0.387500 0.011719 0.030469
1 0.332031 0.382031 0.010937 0.032031
1 0.367188 0.364063 0.028906 0.039062
1 0.356250 0.360938 0.028125 0.038281
1 0.346875 0.356250 0.028125 0.036719
1 0.399219 0.310937 0.033594 0.041406
1 0.385937 0.307031 0.031250 0.040625
1 0.374219 0.304688 0.030469 0.039062
1 0.362500 0.302344 0.028906 0.038281
1 0.351562 0.300000 0.028906 0.036719
1 0.342187 0.297656 0.028906 0.035937
1 0.332031 0.295312 0.027344 0.035156
1 0.535156 0.358594 0.037500 0.055469
1 0.514844 0.353125 0.036719 0.054688
1 0.468750 0.346875 0.017188 0.042969
1 0.486719 0.352344 0.017969 0.043750
1 0.495312 0.308594 0.036719 0.050000
1 0.477344 0.305469 0.035156 0.048438
1 0.460156 0.301563 0.035156 0.046094
1 0.443750 0.299219 0.032813 0.044531
1 0.452344 0.343750 0.016406 0.040625
1 0.436719 0.339062 0.016406 0.039844
1 0.421875 0.332813 0.014844 0.043750
