2 0.385156 0.859375 0.093750 0.046875
2 0.924219 0.539062 0.090625 0.025781
2 0.844531 0.538281 0.112500 0.025781
2 0.071875 0.701562 0.134375 0.024219
2 0.307031 0.701562 0.088281 0.025000
2 0.393750 0.701562 0.086719 0.024219
2 0.471094 0.701562 0.066406 0.025000
2 0.552344 0.536719 0.060937 0.021875
2 0.617969 0.538281 0.070312 0.019531
2 0.691406 0.539062 0.077344 0.019531
2 0.725781 0.858594 0.112500 0.046875
2 0.464844 0.859375 0.082031 0.046094
2 0.062500 0.861719 0.125000 0.048438
2 0.310937 0.531250 0.067969 0.028125
2 0.378906 0.532031 0.074219 0.028125
2 0.571094 0.859375 0.089063 0.046875
1 0.878125 0.686719 0.076563 0.054688
1 0.171875 0.684375 0.071094 0.058594
2 0.821875 0.858594 0.127344 0.046094
2 0.913281 0.860938 0.107031 0.039062
2 0.966406 0.859375 0.066406 0.039844
2 0.797656 0.703906 0.111719 0.020313
1 0.717187 0.685937 0.035937 0.055469
1 0.686719 0.685937 0.035156 0.055469
1 0.651563 0.685937 0.043750 0.055469
1 0.674219 0.632031 0.049219 0.053125
1 0.612500 0.631250 0.032031 0.053125
1 0.615625 0.685937 0.032813 0.055469
1 0.585156 0.685937 0.032031 0.055469
1 0.552344 0.685937 0.036719 0.055469
1 0.579688 0.631250 0.038281 0.053125
1 0.253906 0.521875 0.042969 0.045312
1 0.219531 0.521094 0.035937 0.046094
1 0.189062 0.521094 0.035937 0.045312
1 0.208594 0.475000 0.060156 0.046094
1 0.159375 0.521094 0.036719 0.045312
1 0.129688 0.521094 0.038281 0.045312
1 0.099219 0.519531 0.038281 0.045312
1 0.068750 0.519531 0.039062 0.046094
1 0.167187 0.475000 0.036719 0.046094
1 0.137500 0.474219 0.037500 0.046094
1 0.108594 0.474219 0.037500 0.046094
1 0.277344 0.390625 0.047656 0.054688
1 0.240625 0.380469 0.032813 0.035937
1 0.212500 0.380469 0.032813 0.035937
1 0.185156 0.378906 0.033594 0.035937
1 0.157031 0.378906 0.033594 0.036719
1 0.128906 0.378125 0.034375 0.035937
1 0.101562 0.378125 0.035156 0.036719
1 0.496875 0.416406 0.026562 0.064062
1 0.468750 0.401562 0.027344 0.036719
1 0.414062 0.400781 0.028125 0.036719
1 0.441406 0.401562 0.027344 0.036719
1 0.443750 0.363281 0.030469 0.040625
1 0.415625 0.361719 0.028125 0.040625
1 0.389062 0.361719 0.028906 0.040625
1 0.361719 0.360938 0.028906 0.040625
1 0.386719 0.400781 0.028906 0.036719
1 0.359375 0.400000 0.029687 0.036719
1 0.332031 0.399219 0.030469 0.038281
