2 0.882031 0.488281 0.041406 0.021094
2 0.891406 0.506250 0.053906 0.035156
2 0.928906 0.618750 0.116406 0.088281
2 0.914062 0.573438 0.080469 0.046094
2 0.909375 0.552344 0.060156 0.045312
2 0.962500 0.875000 0.074219 0.194531
2 0.947656 0.753125 0.078125 0.110156
2 0.864844 0.880469 0.018750 0.096875
1 0.864062 0.576562 0.001563 0.006250
2 0.854688 0.716406 0.011719 0.049219
2 0.858594 0.794531 0.012500 0.068750
2 0.850000 0.682813 0.003906 0.038281
2 0.848437 0.656250 0.003906 0.033594
2 0.900781 0.851562 0.062500 0.121875
1 0.863281 0.586719 0.002344 0.018750
1 0.873437 0.621094 0.018750 0.049219
1 0.870313 0.583594 0.003906 0.023438
1 0.882031 0.664062 0.006250 0.054688
1 0.877344 0.707031 0.005469 0.060156
1 0.877344 0.717969 0.005469 0.043750
1 0.896094 0.759375 0.032031 0.086719
1 0.889062 0.696875 0.017188 0.042969
1 0.939844 0.453906 0.027344 0.074219
1 0.943750 0.461719 0.019531 0.081250
1 0.964844 0.484375 0.025000 0.098437
1 0.953125 0.471875 0.021094 0.089063
1 0.964063 0.390625 0.023438 0.085938
1 0.978125 0.393750 0.028125 0.095312
1 0.989062 0.399219 0.021094 0.107031
1 0.996875 0.438281 0.004687 0.034375
1 0.979688 0.499219 0.029687 0.110937
1 0.989844 0.516406 0.019531 0.125000
2 0.418750 0.699219 0.059375 0.064062
2 0.591406 0.444531 0.033594 0.015625
2 0.578906 0.450781 0.033594 0.017969
2 0.144531 0.790625 0.116406 0.129688
2 0.376563 0.646875 0.069531 0.064844
2 0.417969 0.617188 0.061719 0.053125
2 0.457031 0.594531 0.054688 0.044531
2 0.486719 0.486719 0.047656 0.026562
2 0.509375 0.476562 0.045312 0.024219
2 0.535156 0.468750 0.038281 0.021094
2 0.536719 0.603906 0.040625 0.035156
2 0.453125 0.671094 0.053906 0.054688
2 0.164844 0.913281 0.109375 0.153125
2 0.365625 0.535937 0.069531 0.046875
2 0.405469 0.519531 0.064062 0.040625
2 0.492188 0.641406 0.047656 0.045312
1 0.582031 0.510156 0.017188 0.028125
1 0.257031 0.705469 0.052344 0.081250
2 0.559375 0.587500 0.037500 0.025000
2 0.582031 0.574219 0.021094 0.023438
2 0.595313 0.562500 0.019531 0.021094
2 0.560937 0.528906 0.032031 0.019531
1 0.544531 0.534375 0.007812 0.030469
1 0.531250 0.541406 0.017969 0.028906
1 0.525781 0.544531 0.011719 0.034375
1 0.528906 0.514062 0.024219 0.033594
1 0.507031 0.525781 0.025781 0.035937
1 0.514844 0.554688 0.009375 0.031250
1 0.505469 0.560937 0.009375 0.031250
1 0.485938 0.564063 0.027344 0.039844
1 0.498437 0.530469 0.024219 0.039062
1 0.307812 0.540625 0.042969 0.061719
1 0.286719 0.550781 0.033594 0.066406
1 0.256250 0.567969 0.035937 0.059375
1 0.246094 0.514062 0.049219 0.066406
1 0.220312 0.580469 0.041406 0.064062
1 0.181250 0.594531 0.046875 0.068750
1 0.136719 0.610938 0.053906 0.074219
1 0.085156 0.620313 0.063281 0.100000
1 0.210938 0.523438 0.052344 0.071875
1 0.171875 0.534375 0.055469 0.078125
1 0.127344 0.546094 0.060156 0.085156
1 0.302344 0.403906 0.044531 0.051562
1 0.275000 0.407031 0.042969 0.054688
1 0.240625 0.409375 0.050781 0.058594
1 0.204687 0.413281 0.052344 0.063281
1 0.163281 0.416406 0.057031 0.066406
1 0.116406 0.421094 0.061719 0.071875
1 0.062500 0.426563 0.067969 0.078906
1 0.464062 0.402344 0.027344 0.035937
1 0.457031 0.403906 0.014844 0.036719
1 0.425781 0.408594 0.017188 0.038281
1 0.441406 0.406250 0.015625 0.036719
1 0.441406 0.371094 0.015625 0.035937
1 0.424219 0.371094 0.017969 0.038281
1 0.407031 0.371875 0.019531 0.039844
1 0.378906 0.372656 0.038281 0.041406
1 0.407813 0.411719 0.017969 0.039844
1 0.389062 0.413281 0.021094 0.041406
1 0.361719 0.414844 0.035937 0.046094
2 0.681250 0.548438 0.032813 0.023438
