3 0.404687 0.773438 0.247656 0.451562
2 0.916406 0.856250 0.067969 0.128906
2 0.862500 0.442969 0.002344 0.010937
2 0.891406 0.442969 0.056250 0.013281
2 0.960938 0.736719 0.076563 0.114844
2 0.946875 0.676562 0.104688 0.085938
2 0.941406 0.638281 0.116406 0.065625
2 0.889844 0.451562 0.035156 0.021094
2 0.896094 0.448437 0.041406 0.017969
2 0.910937 0.448437 0.052344 0.016406
2 0.953125 0.463281 0.063281 0.043750
2 0.946094 0.457813 0.078125 0.034375
2 0.889844 0.725000 0.032031 0.059375
1 0.876563 0.540625 0.013281 0.039062
1 0.890625 0.504687 0.039062 0.035156
1 0.912500 0.507031 0.035156 0.005469
1 0.922656 0.589063 0.066406 0.057031
1 0.914844 0.536719 0.046094 0.057031
1 0.915625 0.268750 0.007031 0.044531
1 0.921875 0.257031 0.007812 0.046875
1 0.936719 0.226562 0.010937 0.059375
1 0.928906 0.242969 0.009375 0.053906
1 0.931250 0.188281 0.010937 0.084375
1 0.939844 0.167187 0.012500 0.093750
1 0.950000 0.142969 0.014844 0.104688
1 0.976562 0.107031 0.046094 0.132031
1 0.946094 0.207031 0.012500 0.064844
1 0.955469 0.190625 0.009375 0.061719
1 0.989062 0.157812 0.021094 0.093750
1 0.991406 0.432031 0.016406 0.125000
2 0.857812 0.605469 0.003906 0.021875
2 0.859375 0.619531 0.002344 0.025000
2 0.880469 0.678906 0.026562 0.041406
2 0.867969 0.644531 0.006250 0.018750
2 0.450000 0.628906 0.055469 0.039844
2 0.613281 0.441406 0.011719 0.007031
2 0.590625 0.441406 0.033594 0.008594
2 0.511719 0.445312 0.043750 0.010937
2 0.539062 0.444531 0.025781 0.010156
2 0.557031 0.444531 0.027344 0.009375
2 0.229687 0.740625 0.097656 0.089063
2 0.410938 0.448437 0.060156 0.016406
2 0.442969 0.446875 0.056250 0.014844
2 0.515625 0.596875 0.045312 0.029687
1 0.603125 0.496875 0.020313 0.020313
1 0.359375 0.569531 0.017969 0.016406
1 0.347656 0.575000 0.019531 0.018750
1 0.328125 0.571875 0.019531 0.028125
1 0.290625 0.589063 0.021094 0.021094
1 0.309375 0.580469 0.020313 0.018750
2 0.575781 0.567969 0.035156 0.017969
2 0.544531 0.584375 0.040625 0.021094
2 0.596875 0.560937 0.019531 0.015625
2 0.609375 0.554688 0.018750 0.014844
2 0.485156 0.536719 0.051562 0.024219
1 0.594531 0.500781 0.005469 0.021875
1 0.585156 0.503125 0.012500 0.021875
1 0.575781 0.503906 0.021094 0.024219
1 0.582031 0.480469 0.021094 0.021875
1 0.530469 0.489844 0.021094 0.028125
1 0.536719 0.516406 0.008594 0.028125
1 0.528125 0.518750 0.008594 0.028906
1 0.510156 0.520312 0.025781 0.031250
1 0.522656 0.491406 0.021094 0.028906
1 0.499219 0.356250 0.010937 0.031250
1 0.487500 0.353906 0.011719 0.033594
1 0.461719 0.346875 0.013281 0.035156
1 0.475000 0.350781 0.011719 0.033594
1 0.475000 0.318750 0.012500 0.035156
1 0.461719 0.314063 0.013281 0.036719
1 0.447656 0.309375 0.014844 0.039062
1 0.422656 0.303906 0.033594 0.040625
1 0.447656 0.343750 0.014844 0.035937
1 0.432031 0.340625 0.016406 0.038281
1 0.407031 0.335156 0.034375 0.040625
1 0.368750 0.306250 0.022656 0.046094
1 0.345313 0.300781 0.024219 0.049219
1 0.320312 0.292969 0.027344 0.051562
1 0.292187 0.285156 0.030469 0.055469
1 0.260937 0.275781 0.033594 0.059375
1 0.225781 0.265625 0.038281 0.064062
1 0.182031 0.253906 0.052344 0.069531
1 0.369531 0.435937 0.022656 0.042969
1 0.346875 0.435937 0.024219 0.044531
1 0.321875 0.435937 0.026562 0.046094
1 0.321094 0.389062 0.027344 0.046875
1 0.293750 0.435937 0.029687 0.049219
1 0.263281 0.435937 0.032813 0.050781
1 0.228906 0.435937 0.037500 0.054688
1 0.185938 0.435156 0.051562 0.059375
1 0.292969 0.386719 0.030469 0.050000
1 0.261719 0.384375 0.033594 0.053906
1 0.221875 0.380469 0.049219 0.057031
2 0.309375 0.560937 0.038281 0.019531
2 0.470313 0.440625 0.014063 0.005469
2 0.142187 0.528906 0.054688 0.020313
2 0.279687 0.511719 0.036719 0.015625
2 0.308594 0.507031 0.038281 0.014063
2 0.338281 0.503125 0.033594 0.013281
2 0.413281 0.535937 0.025000 0.010937
2 0.336719 0.553906 0.035156 0.017969
2 0.149219 0.598437 0.052344 0.029687
2 0.368750 0.546875 0.032813 0.014844
1 0.452344 0.483594 0.014844 0.015625
1 0.201563 0.514062 0.029687 0.028125
2 0.433594 0.532031 0.027344 0.010156
2 0.453125 0.527344 0.019531 0.008594
2 0.467969 0.524219 0.017969 0.008594
2 0.432812 0.490625 0.027344 0.007031
1 0.414062 0.488281 0.007812 0.017969
1 0.406250 0.489844 0.007812 0.016406
1 0.396094 0.490625 0.011719 0.017969
1 0.405469 0.475000 0.009375 0.013281
1 0.385937 0.476562 0.008594 0.013281
1 0.385937 0.492188 0.008594 0.017969
1 0.379688 0.492969 0.003906 0.017969
1 0.364844 0.493750 0.011719 0.019531
1 0.373437 0.477344 0.016406 0.011719
1 0.196094 0.402344 0.005469 0.006250
1 0.160938 0.436719 0.001563 0.025781
1 0.136719 0.436719 0.006250 0.028125
1 0.121094 0.436719 0.025781 0.028906
1 0.183594 0.401562 0.018750 0.008594
1 0.166406 0.409375 0.014063 0.026562
1 0.133594 0.408594 0.008594 0.026562
1 0.235937 0.353125 0.016406 0.005469
1 0.218750 0.350781 0.016406 0.006250
1 0.200781 0.357812 0.017969 0.025000
1 0.182812 0.356250 0.019531 0.028125
1 0.164844 0.353906 0.016406 0.028906
1 0.132812 0.350000 0.004687 0.028125
1 0.118750 0.348438 0.025781 0.031250
1 0.346875 0.385156 0.010937 0.020313
1 0.337500 0.384375 0.007031 0.020313
1 0.323437 0.359375 0.011719 0.016406
1 0.310937 0.357031 0.011719 0.016406
1 0.298438 0.356250 0.013281 0.017969
1 0.282031 0.353906 0.020313 0.018750
2 0.732031 0.571094 0.046094 0.023438
