3 0.054688 0.592187 0.109375 0.240625
2 0.443750 0.717969 0.086719 0.045312
2 0.546094 0.355469 0.068750 0.064062
2 0.637500 0.305469 0.114844 0.086719
2 0.787500 0.216406 0.177344 0.133594
2 0.327344 0.679688 0.055469 0.024219
2 0.386719 0.446875 0.046094 0.035156
2 0.419531 0.430469 0.060156 0.040625
2 0.578906 0.767188 0.128906 0.082031
1 0.378906 0.588281 0.014063 0.010156
1 0.365625 0.589063 0.014844 0.010937
1 0.349219 0.590625 0.012500 0.009375
1 0.357031 0.589844 0.002344 0.009375
2 0.739062 0.828125 0.182031 0.133594
2 0.486719 0.572656 0.094531 0.030469
1 0.634375 0.456250 0.069531 0.092969
1 0.637500 0.534375 0.071094 0.085938
1 0.584375 0.541406 0.037500 0.078906
1 0.550000 0.546094 0.032031 0.073438
1 0.582812 0.467187 0.036719 0.082031
1 0.512500 0.239063 0.051562 0.075781
1 0.475781 0.246875 0.021094 0.057031
1 0.438281 0.283594 0.016406 0.049219
1 0.456250 0.266406 0.017969 0.053125
1 0.467187 0.225781 0.039844 0.064062
1 0.439063 0.244531 0.016406 0.059375
1 0.423438 0.261719 0.014844 0.056250
1 0.409375 0.278125 0.013281 0.053906
1 0.422656 0.299219 0.014844 0.045312
1 0.408594 0.313281 0.014063 0.043750
1 0.396094 0.325781 0.012500 0.040625
1 0.377344 0.339062 0.025000 0.033594
1 0.359375 0.348438 0.010156 0.034375
1 0.350781 0.357812 0.009375 0.032031
1 0.342187 0.366406 0.008594 0.031250
1 0.334375 0.375000 0.007812 0.029687
1 0.326562 0.383594 0.007031 0.028125
1 0.319531 0.390625 0.007031 0.026562
1 0.371094 0.454688 0.021875 0.035156
1 0.355469 0.459375 0.010156 0.036719
1 0.346094 0.464844 0.009375 0.035156
1 0.360156 0.432812 0.035937 0.039844
1 0.337500 0.470313 0.008594 0.033594
1 0.329688 0.475000 0.007812 0.031250
1 0.321875 0.480469 0.007812 0.030469
1 0.314844 0.484375 0.007031 0.029687
1 0.339062 0.439063 0.008594 0.036719
1 0.330469 0.444531 0.008594 0.035937
1 0.323437 0.450781 0.007812 0.035156
2 0.657813 0.664844 0.046094 0.016406
2 0.996875 0.451562 0.005469 0.021875
2 0.735156 0.500000 0.041406 0.018750
2 0.785156 0.492188 0.059375 0.021094
2 0.848437 0.480469 0.064844 0.024219
2 0.873437 0.686719 0.072656 0.026562
2 0.693750 0.667969 0.045312 0.016406
2 0.539844 0.653125 0.035156 0.011719
2 0.753906 0.674219 0.057031 0.021094
2 0.946875 0.693750 0.039062 0.026562
1 0.835938 0.543750 0.029687 0.035937
1 0.781250 0.549219 0.027344 0.033594
1 0.757812 0.551562 0.021094 0.032031
1 0.561719 0.501563 0.007031 0.016406
1 0.532031 0.531250 0.003906 0.019531
1 0.525781 0.532031 0.007812 0.019531
1 0.556250 0.503125 0.002344 0.014844
1 0.541406 0.506250 0.005469 0.014844
1 0.534375 0.510938 0.008594 0.020313
1 0.560937 0.460938 0.007031 0.020313
1 0.555469 0.463281 0.003906 0.020313
1 0.541406 0.467969 0.004687 0.018750
1 0.534375 0.469531 0.008594 0.018750
1 0.525781 0.472656 0.008594 0.019531
1 0.700000 0.426563 0.024219 0.029687
1 0.680469 0.432031 0.016406 0.028906
1 0.666406 0.435937 0.011719 0.025000
1 0.667188 0.411719 0.022656 0.028125
1 0.649219 0.413281 0.014063 0.018750
1 0.635156 0.411719 0.013281 0.004687
