3 0.331250 0.551562 0.480469 0.894531
2 0.900000 0.440625 0.010156 0.020313
2 0.917188 0.429688 0.028125 0.025781
2 0.969531 0.359375 0.037500 0.050781
2 0.960156 0.385156 0.038281 0.036719
2 0.939844 0.403125 0.006250 0.011719
2 0.989062 0.703125 0.021094 0.044531
1 0.915625 0.530469 0.004687 0.031250
1 0.920312 0.529687 0.004687 0.035156
1 0.924219 0.529687 0.005469 0.036719
1 0.952344 0.528906 0.036719 0.040625
1 0.945312 0.490625 0.048438 0.041406
1 0.973437 0.471094 0.011719 0.057031
1 0.975781 0.526563 0.011719 0.055469
1 0.985938 0.525781 0.013281 0.059375
1 0.992969 0.525781 0.005469 0.060156
1 0.985938 0.468750 0.016406 0.056250
2 0.909375 0.625000 0.010156 0.020313
2 0.918750 0.634375 0.010937 0.024219
2 0.974219 0.675000 0.050000 0.040625
2 0.939063 0.646094 0.031250 0.029687
2 0.615625 0.471875 0.019531 0.011719
2 0.595313 0.467969 0.035937 0.013281
2 0.510938 0.442969 0.042969 0.017969
2 0.542188 0.451562 0.027344 0.014844
2 0.561719 0.457031 0.028906 0.014844
2 0.089844 0.757031 0.010156 0.035937
2 0.382812 0.401562 0.044531 0.023438
2 0.451562 0.417187 0.032813 0.028906
1 0.612500 0.532031 0.016406 0.021094
1 0.305469 0.539062 0.001563 0.006250
1 0.289844 0.539062 0.024219 0.026562
1 0.237500 0.546875 0.027344 0.017969
1 0.257031 0.544531 0.010937 0.015625
2 0.582812 0.603906 0.039844 0.014844
2 0.565625 0.611719 0.011719 0.014844
2 0.605469 0.599219 0.020313 0.013281
2 0.617969 0.595313 0.019531 0.013281
2 0.500781 0.540625 0.024219 0.014844
1 0.601562 0.532031 0.005469 0.023438
1 0.595313 0.532031 0.005469 0.023438
1 0.581250 0.531250 0.023438 0.024219
1 0.587500 0.507812 0.022656 0.023438
1 0.529687 0.530469 0.007031 0.029687
1 0.511719 0.530469 0.028906 0.031250
1 0.520312 0.499219 0.025781 0.030469
1 0.499219 0.340625 0.011719 0.032031
1 0.488281 0.338281 0.008594 0.021875
1 0.350781 0.224219 0.027344 0.054688
1 0.322656 0.207813 0.028906 0.061719
1 0.291406 0.186719 0.033594 0.067969
1 0.255469 0.163281 0.038281 0.074219
1 0.214844 0.126562 0.042969 0.063281
1 0.167969 0.094531 0.050781 0.071094
1 0.111719 0.067187 0.063281 0.096875
1 0.346875 0.374219 0.027344 0.053906
1 0.318750 0.364063 0.029687 0.058594
1 0.285938 0.349219 0.034375 0.054688
1 0.286719 0.300000 0.033594 0.068750
1 0.249219 0.343750 0.039844 0.060937
1 0.227344 0.353906 0.003906 0.018750
1 0.088281 0.285156 0.041406 0.083594
1 0.256250 0.286719 0.028906 0.069531
1 0.130469 0.218750 0.003125 0.013281
2 0.280469 0.596875 0.017969 0.008594
2 0.460938 0.489063 0.021094 0.008594
2 0.446094 0.486719 0.020313 0.009375
2 0.071875 0.540625 0.044531 0.013281
2 0.347656 0.475781 0.032031 0.010156
2 0.403125 0.482031 0.017188 0.009375
2 0.399219 0.585938 0.032031 0.010937
2 0.074219 0.625000 0.048438 0.024219
2 0.244531 0.461719 0.042188 0.014063
2 0.280469 0.465625 0.032031 0.013281
2 0.412500 0.582812 0.005469 0.006250
1 0.396094 0.517188 0.005469 0.004687
1 0.360156 0.526563 0.006250 0.008594
1 0.350000 0.526563 0.013281 0.008594
1 0.360156 0.513281 0.009375 0.018750
1 0.092188 0.433594 0.025000 0.033594
1 0.065625 0.428906 0.029687 0.035937
1 0.092188 0.401562 0.026562 0.035156
2 0.760938 0.593750 0.055469 0.017969
2 0.524219 0.566406 0.019531 0.007031
