3 0.782031 0.813281 0.219531 0.371875
2 0.917969 0.743750 0.113281 0.086719
2 0.755469 0.423438 0.032031 0.010937
2 0.771094 0.426563 0.042969 0.011719
2 0.960938 0.667969 0.065625 0.071094
2 0.933594 0.623437 0.119531 0.060156
2 0.884375 0.585938 0.089844 0.039062
2 0.852344 0.454688 0.078906 0.024219
2 0.828906 0.445312 0.064844 0.018750
2 0.809375 0.439063 0.051562 0.014844
2 0.972656 0.501563 0.053125 0.041406
2 0.950000 0.484375 0.099219 0.035156
2 0.837500 0.646875 0.068750 0.049219
1 0.753906 0.484375 0.011719 0.024219
1 0.756250 0.492969 0.005469 0.025781
1 0.767969 0.496875 0.019531 0.026562
1 0.778125 0.501563 0.029687 0.029687
1 0.774219 0.473438 0.028906 0.028125
1 0.828125 0.503125 0.041406 0.035937
1 0.810156 0.534375 0.010156 0.035937
1 0.819531 0.541406 0.011719 0.039062
1 0.846875 0.549219 0.047656 0.040625
1 0.839063 0.510156 0.045312 0.040625
1 0.871875 0.340625 0.018750 0.043750
1 0.887500 0.337500 0.020313 0.046875
1 0.926562 0.331250 0.026562 0.053906
1 0.905469 0.334375 0.022656 0.049219
1 0.910156 0.286719 0.024219 0.053906
1 0.931250 0.280469 0.027344 0.058594
1 0.955469 0.271875 0.031250 0.063281
1 0.982031 0.264062 0.034375 0.068750
1 0.949219 0.328125 0.030469 0.057031
1 0.976562 0.323437 0.035156 0.063281
1 0.993750 0.321094 0.011719 0.061719
2 0.739844 0.544531 0.010156 0.018750
2 0.749219 0.557031 0.011719 0.021094
2 0.807813 0.608594 0.058594 0.035156
2 0.770312 0.572656 0.032813 0.026562
2 0.467187 0.648438 0.052344 0.050781
2 0.539062 0.417969 0.024219 0.009375
2 0.533594 0.419531 0.027344 0.010156
2 0.496094 0.439063 0.046875 0.016406
2 0.506250 0.433594 0.038281 0.013281
2 0.518750 0.430469 0.027344 0.014063
2 0.318750 0.914062 0.129688 0.169531
2 0.460938 0.466406 0.042969 0.029687
2 0.467187 0.457031 0.057813 0.025000
2 0.501563 0.592969 0.039062 0.033594
1 0.543750 0.471094 0.010156 0.021094
1 0.409375 0.617969 0.024219 0.017969
1 0.407031 0.634375 0.025781 0.025781
1 0.385937 0.637500 0.027344 0.038281
1 0.363281 0.678906 0.031250 0.031250
1 0.371094 0.655469 0.028906 0.025781
2 0.532813 0.544531 0.017969 0.020313
2 0.514062 0.569531 0.033594 0.025000
2 0.541406 0.533594 0.010937 0.017969
2 0.546094 0.523438 0.010156 0.015625
2 0.487500 0.541406 0.050781 0.030469
1 0.539844 0.477344 0.001563 0.021094
1 0.532031 0.480469 0.013281 0.021094
1 0.527344 0.482031 0.017969 0.024219
1 0.529687 0.459375 0.017969 0.021875
1 0.507031 0.480469 0.022656 0.029687
1 0.516406 0.507031 0.003125 0.028906
1 0.512500 0.511719 0.003906 0.030469
1 0.498437 0.514062 0.025781 0.029687
1 0.502344 0.483594 0.024219 0.030469
1 0.500000 0.350000 0.004687 0.033594
1 0.494531 0.348438 0.005469 0.035156
1 0.482031 0.344531 0.007031 0.038281
1 0.489063 0.346875 0.005469 0.035937
1 0.489063 0.310937 0.005469 0.039062
1 0.482031 0.307031 0.007031 0.040625
1 0.474219 0.303125 0.007031 0.043750
1 0.450781 0.298438 0.039844 0.046094
1 0.475000 0.342969 0.007031 0.039844
1 0.466406 0.340625 0.008594 0.042969
1 0.442188 0.336719 0.041406 0.046094
1 0.430469 0.307812 0.014063 0.056250
1 0.415625 0.301563 0.016406 0.060937
1 0.398438 0.294531 0.019531 0.066406
1 0.378125 0.286719 0.023438 0.073438
1 0.354687 0.276562 0.028906 0.082031
1 0.325000 0.264062 0.035156 0.093750
1 0.259375 0.248438 0.102344 0.108594
1 0.425000 0.464844 0.028906 0.055469
1 0.417969 0.471875 0.015625 0.060156
1 0.401562 0.480469 0.017969 0.064062
1 0.382812 0.421875 0.054688 0.060937
1 0.382812 0.489063 0.021875 0.070312
1 0.360156 0.499219 0.026562 0.076563
1 0.332813 0.511719 0.032031 0.086719
1 0.271094 0.525000 0.096094 0.101562
1 0.360156 0.425781 0.063281 0.066406
1 0.336719 0.430469 0.069531 0.074219
1 0.310156 0.435937 0.072656 0.082031
2 0.206250 0.597656 0.059375 0.023438
2 0.157031 0.539062 0.065625 0.032031
2 0.199219 0.521094 0.053906 0.021875
2 0.251563 0.429688 0.010156 0.010937
2 0.002344 0.709375 0.004687 0.021875
2 0.146094 0.446094 0.071875 0.020313
2 0.185938 0.440625 0.063281 0.016406
1 0.039062 0.568750 0.055469 0.054688
1 0.089844 0.442969 0.042969 0.039062
1 0.067969 0.446094 0.033594 0.041406
1 0.036719 0.450000 0.036719 0.042969
1 0.028906 0.409375 0.044531 0.041406
1 0.011719 0.453125 0.022656 0.043750
1 0.008594 0.410156 0.017188 0.042188
1 0.086719 0.329688 0.031250 0.040625
1 0.057031 0.326562 0.034375 0.042969
1 0.024219 0.323437 0.038281 0.045312
1 0.004687 0.321875 0.009375 0.043750
1 0.246875 0.356250 0.011719 0.025781
1 0.233594 0.355469 0.015625 0.028125
1 0.204687 0.353906 0.014844 0.029687
1 0.218750 0.353906 0.016406 0.028906
1 0.217969 0.336719 0.015625 0.007031
1 0.203125 0.335156 0.013281 0.007031
1 0.154688 0.318750 0.038281 0.033594
1 0.166406 0.350781 0.021094 0.032031
1 0.139844 0.349219 0.035937 0.035156
2 0.659375 0.529687 0.038281 0.016406
