3 0.322656 0.526563 0.039844 0.098437
2 0.204687 0.645312 0.013281 0.033594
2 0.075781 0.438281 0.150781 0.082031
2 0.160156 0.444531 0.019531 0.048438
2 0.201563 0.526563 0.022656 0.014844
2 0.196875 0.546875 0.011719 0.018750
2 0.198437 0.553906 0.014844 0.016406
2 0.201563 0.569531 0.007812 0.025781
2 0.206250 0.453906 0.007812 0.018750
2 0.192969 0.453906 0.017969 0.021094
2 0.167969 0.455469 0.014844 0.025000
2 0.210938 0.588281 0.010156 0.018750
2 0.197656 0.701562 0.008594 0.048438
1 0.048438 0.879687 0.096875 0.239063
1 0.092969 0.718750 0.133594 0.120313
1 0.160938 0.689844 0.010156 0.103906
1 0.167187 0.667969 0.007812 0.092969
1 0.104688 0.618750 0.117969 0.125000
1 0.160938 0.541406 0.057031 0.054688
1 0.175781 0.592969 0.028906 0.053125
1 0.190625 0.578906 0.001563 0.049219
1 0.192188 0.553125 0.001563 0.008594
1 0.176563 0.533594 0.029687 0.046875
1 0.187500 0.317969 0.003906 0.014063
1 0.189844 0.325781 0.001563 0.010156
1 0.185156 0.304688 0.010156 0.039062
1 0.198437 0.348438 0.001563 0.014063
1 0.185938 0.436719 0.030469 0.014063
1 0.187500 0.415625 0.028906 0.023438
2 0.172656 0.956250 0.012500 0.085938
2 0.189062 0.757031 0.017188 0.071094
2 0.180469 0.881250 0.015625 0.119531
2 0.481250 0.581250 0.036719 0.021094
2 0.736719 0.449219 0.075781 0.020313
2 0.671875 0.449219 0.054688 0.017969
2 0.523438 0.453906 0.041406 0.010937
2 0.538281 0.453125 0.028125 0.011719
2 0.578906 0.453906 0.050781 0.013281
2 0.426563 0.553125 0.027344 0.014844
2 0.448437 0.453125 0.011719 0.008594
2 0.474219 0.453125 0.038281 0.008594
2 0.524219 0.603906 0.043750 0.028906
1 0.729688 0.578906 0.054688 0.057031
1 0.451562 0.514062 0.006250 0.004687
1 0.446094 0.512500 0.009375 0.006250
1 0.446875 0.507031 0.010156 0.005469
1 0.436719 0.510156 0.007812 0.005469
1 0.440625 0.510156 0.002344 0.005469
2 0.623437 0.658594 0.057031 0.042969
2 0.560937 0.624219 0.051562 0.030469
2 0.673438 0.683594 0.073438 0.050781
2 0.725000 0.711719 0.071094 0.068750
2 0.493750 0.528125 0.033594 0.016406
1 0.670312 0.561719 0.038281 0.048438
1 0.641406 0.558594 0.019531 0.041406
1 0.622656 0.552344 0.017969 0.043750
1 0.650000 0.519531 0.036719 0.042969
1 0.542969 0.503125 0.027344 0.029687
1 0.542969 0.532031 0.027344 0.030469
1 0.525000 0.528906 0.010156 0.028906
1 0.515625 0.525781 0.008594 0.029687
1 0.532813 0.500781 0.025781 0.029687
1 0.507031 0.378125 0.024219 0.025781
1 0.490625 0.380469 0.007812 0.025000
1 0.475000 0.384375 0.007031 0.024219
1 0.482812 0.382031 0.007031 0.024219
1 0.489063 0.358594 0.020313 0.025781
1 0.475000 0.360938 0.007031 0.025000
1 0.467969 0.364063 0.006250 0.024219
1 0.461719 0.366406 0.005469 0.023438
1 0.467969 0.385937 0.006250 0.021875
1 0.461719 0.388281 0.005469 0.021875
1 0.455469 0.389062 0.005469 0.021094
1 0.449219 0.384375 0.017969 0.019531
1 0.437500 0.386719 0.004687 0.019531
1 0.432031 0.388281 0.003906 0.018750
1 0.427344 0.389062 0.003906 0.019531
1 0.422656 0.390625 0.003906 0.018750
1 0.418750 0.392188 0.003906 0.017969
1 0.414062 0.393750 0.003906 0.016406
1 0.449219 0.446875 0.018750 0.019531
1 0.437500 0.446875 0.004687 0.018750
1 0.432031 0.446875 0.003906 0.018750
1 0.439063 0.428125 0.017969 0.019531
1 0.427344 0.447656 0.003906 0.017969
1 0.422656 0.447656 0.003906 0.017969
1 0.418750 0.447656 0.003906 0.017969
1 0.414844 0.447656 0.003906 0.017969
1 0.427344 0.428906 0.003906 0.018750
1 0.422656 0.428906 0.003906 0.017969
1 0.418750 0.430469 0.003906 0.017969
2 0.610938 0.546094 0.003906 0.007031
2 0.863281 0.450781 0.053906 0.010937
2 0.814844 0.450781 0.042969 0.010156
2 0.560937 0.495312 0.008594 0.007031
2 0.601562 0.501563 0.024219 0.009375
2 0.621094 0.503906 0.023438 0.010156
2 0.630469 0.506250 0.002344 0.007031
2 0.562500 0.531250 0.011719 0.009375
2 0.618750 0.453125 0.028125 0.006250
2 0.689844 0.560937 0.001563 0.008594
1 0.819531 0.521875 0.033594 0.028125
1 0.571875 0.492969 0.014063 0.015625
2 0.772656 0.582031 0.035156 0.020313
2 0.810937 0.594531 0.050000 0.021875
2 0.854688 0.603906 0.051562 0.028125
2 0.772656 0.524219 0.039062 0.014063
1 0.732031 0.511719 0.020313 0.023438
1 0.715625 0.510938 0.012500 0.021094
1 0.703125 0.508594 0.011719 0.021875
1 0.719531 0.489063 0.019531 0.021094
1 0.692187 0.487500 0.018750 0.019531
1 0.692187 0.507031 0.018750 0.020313
1 0.677344 0.506250 0.010156 0.019531
1 0.667188 0.504687 0.009375 0.020313
1 0.677344 0.486719 0.010156 0.019531
1 0.585938 0.443750 0.010156 0.005469
1 0.577344 0.443750 0.006250 0.005469
1 0.570312 0.443750 0.005469 0.004687
1 0.575000 0.433594 0.014063 0.014063
1 0.564844 0.443750 0.005469 0.004687
1 0.558594 0.443750 0.005469 0.004687
1 0.564844 0.433594 0.005469 0.014063
1 0.558594 0.434375 0.005469 0.014063
1 0.553125 0.434375 0.005469 0.014063
1 0.586719 0.401562 0.010156 0.015625
1 0.577344 0.402344 0.006250 0.015625
1 0.571875 0.403125 0.005469 0.014844
1 0.565625 0.403906 0.005469 0.014844
1 0.559375 0.405469 0.005469 0.014063
1 0.553906 0.406250 0.005469 0.014063
1 0.548438 0.406250 0.004687 0.013281
1 0.654687 0.399219 0.017188 0.018750
1 0.641406 0.400781 0.008594 0.017969
1 0.624219 0.403125 0.007031 0.016406
1 0.632031 0.401562 0.008594 0.017969
1 0.636719 0.386719 0.016406 0.013281
1 0.625000 0.389062 0.006250 0.010937
1 0.613281 0.390625 0.001563 0.010156
1 0.608594 0.391406 0.007031 0.010156
1 0.613281 0.403906 0.002344 0.015625
1 0.608594 0.404687 0.007031 0.016406
1 0.600781 0.405469 0.006250 0.016406
2 0.478125 0.786719 0.109375 0.101562
2 0.946875 0.634375 0.082031 0.044531
