3 0.282813 0.509375 0.050000 0.134375
2 0.023438 0.729688 0.046875 0.075000
2 0.114844 0.510938 0.067969 0.028906
2 0.031250 0.566406 0.062500 0.040625
2 0.014063 0.592187 0.028125 0.040625
2 0.122656 0.590625 0.065625 0.039062
2 0.029687 0.428125 0.059375 0.024219
2 0.011719 0.431250 0.023438 0.025000
1 0.000781 0.248438 0.001563 0.015625
1 0.003906 0.281250 0.007031 0.049219
1 0.014063 0.283594 0.024219 0.054688
1 0.032031 0.277344 0.060156 0.050781
1 0.067187 0.284375 0.017188 0.043750
1 0.079687 0.289844 0.014844 0.040625
1 0.091406 0.294531 0.014063 0.039062
1 0.101562 0.298438 0.013281 0.035937
1 0.111719 0.302344 0.011719 0.034375
1 0.120313 0.305469 0.010937 0.033594
1 0.043750 0.409375 0.064844 0.041406
1 0.080469 0.408594 0.016406 0.039844
1 0.092188 0.407031 0.014063 0.036719
1 0.067187 0.368750 0.057031 0.038281
1 0.103125 0.406250 0.013281 0.035156
1 0.112500 0.405469 0.011719 0.033594
1 0.121094 0.404687 0.010156 0.031250
1 0.129688 0.403906 0.010156 0.031250
1 0.099219 0.370312 0.013281 0.035156
1 0.109375 0.371094 0.011719 0.033594
1 0.118750 0.371875 0.010937 0.032031
2 0.484375 0.607812 0.051562 0.045312
2 0.906250 0.506250 0.185938 0.110156
2 0.539844 0.428125 0.080469 0.026562
2 0.575781 0.435937 0.091406 0.033594
2 0.630469 0.449219 0.111719 0.045312
2 0.433594 0.536719 0.033594 0.024219
2 0.460156 0.413281 0.049219 0.015625
2 0.471094 0.416406 0.050000 0.017969
2 0.531250 0.684375 0.064844 0.075000
1 0.455469 0.494531 0.010156 0.009375
1 0.450781 0.492969 0.010156 0.010156
1 0.452344 0.484375 0.012500 0.010156
1 0.442188 0.485156 0.010156 0.009375
2 0.728125 0.928125 0.164062 0.141406
2 0.589844 0.766406 0.096875 0.101562
2 0.494531 0.541406 0.052344 0.039844
1 0.886719 0.833594 0.144531 0.219531
1 0.807813 0.782031 0.117969 0.151562
1 0.728906 0.721875 0.058594 0.148438
1 0.816406 0.673438 0.121875 0.163281
1 0.563281 0.524219 0.050781 0.064844
1 0.563281 0.577344 0.050000 0.061719
1 0.531250 0.564844 0.013281 0.057031
1 0.518750 0.553125 0.011719 0.055469
1 0.547656 0.514844 0.046094 0.059375
1 0.513281 0.292969 0.040625 0.046875
1 0.488281 0.298438 0.009375 0.044531
1 0.471094 0.307031 0.007031 0.038281
1 0.478906 0.303125 0.008594 0.040625
1 0.492969 0.263281 0.036719 0.045312
1 0.471094 0.269531 0.007031 0.042969
1 0.464062 0.275781 0.007031 0.039844
1 0.457031 0.280469 0.006250 0.038281
1 0.464062 0.310937 0.007031 0.035937
1 0.457813 0.314063 0.005469 0.035156
1 0.451562 0.316406 0.005469 0.033594
1 0.445312 0.310937 0.017188 0.030469
1 0.435156 0.313281 0.003906 0.028906
1 0.430469 0.316406 0.003906 0.026562
1 0.426563 0.318750 0.003906 0.025781
1 0.423438 0.321094 0.003906 0.025000
1 0.419531 0.321875 0.003125 0.024219
1 0.416406 0.324219 0.003125 0.023438
1 0.451562 0.396875 0.025781 0.017969
1 0.445312 0.400781 0.022656 0.028125
1 0.432031 0.400781 0.003906 0.025781
1 0.441406 0.373437 0.024219 0.026562
1 0.428125 0.400781 0.003906 0.025000
1 0.424219 0.400000 0.003906 0.024219
1 0.421094 0.399219 0.003125 0.023438
1 0.417969 0.398438 0.003125 0.023438
1 0.427344 0.374219 0.003906 0.025781
1 0.424219 0.374219 0.003125 0.025000
1 0.420312 0.375000 0.003125 0.024219
2 0.714063 0.546875 0.047656 0.025781
2 0.808594 0.412500 0.063281 0.015625
2 0.858594 0.415625 0.078125 0.018750
2 0.928906 0.421094 0.088281 0.021094
2 0.911719 0.632031 0.081250 0.054688
2 0.747656 0.560937 0.053906 0.030469
2 0.616406 0.506250 0.032031 0.015625
2 0.685156 0.403125 0.032031 0.006250
2 0.710938 0.407031 0.047656 0.011719
2 0.799219 0.581250 0.064844 0.032031
2 0.981250 0.663281 0.035937 0.045312
1 0.911719 0.491406 0.009375 0.008594
1 0.839063 0.456250 0.024219 0.005469
1 0.809375 0.486719 0.011719 0.007031
1 0.793750 0.482812 0.019531 0.011719
1 0.820312 0.467969 0.033594 0.034375
1 0.662500 0.397656 0.022656 0.021094
1 0.646875 0.396875 0.009375 0.020313
1 0.637500 0.396875 0.008594 0.020313
1 0.643750 0.375781 0.019531 0.020313
1 0.628906 0.396875 0.008594 0.019531
1 0.621094 0.396094 0.007812 0.018750
1 0.613281 0.396094 0.007031 0.018750
1 0.606250 0.395313 0.007031 0.018750
1 0.629687 0.376563 0.008594 0.019531
1 0.621875 0.376563 0.008594 0.019531
1 0.614062 0.376563 0.007031 0.018750
1 0.666406 0.329688 0.022656 0.021875
1 0.650000 0.331250 0.010156 0.023438
1 0.640625 0.332031 0.009375 0.021875
1 0.632031 0.333594 0.008594 0.021094
1 0.623437 0.335156 0.007812 0.020313
1 0.615625 0.336719 0.007812 0.019531
1 0.608594 0.337500 0.007031 0.019531
1 0.777344 0.324219 0.032813 0.031250
1 0.753125 0.325781 0.017969 0.029687
1 0.737500 0.328125 0.014844 0.028906
1 0.747656 0.300781 0.025781 0.028906
1 0.710156 0.307031 0.011719 0.025000
1 0.697656 0.309375 0.013281 0.025781
1 0.709375 0.332031 0.014063 0.025781
1 0.696094 0.333594 0.012500 0.025000
1 0.684375 0.334375 0.011719 0.025000
