2 0.414062 0.666406 0.064844 0.035937
2 0.788281 0.439063 0.066406 0.019531
2 0.744531 0.435937 0.071875 0.020313
2 0.539062 0.423438 0.056250 0.020313
2 0.592187 0.427344 0.050781 0.017969
2 0.644531 0.430469 0.053125 0.018750
2 0.111719 0.684375 0.124219 0.044531
2 0.340625 0.406250 0.061719 0.028125
2 0.397656 0.410156 0.054688 0.025781
2 0.550781 0.658594 0.062500 0.032031
1 0.785156 0.539844 0.044531 0.035156
1 0.281250 0.553125 0.020313 0.013281
1 0.257812 0.553125 0.022656 0.014844
1 0.243750 0.547656 0.022656 0.023438
1 0.193750 0.553125 0.026562 0.014063
1 0.221875 0.551562 0.020313 0.013281
2 0.707031 0.649219 0.073438 0.026562
2 0.618750 0.655469 0.070312 0.028125
2 0.759375 0.649219 0.057031 0.021875
2 0.801562 0.646094 0.056250 0.021094
2 0.479687 0.550781 0.055469 0.018750
1 0.749219 0.539062 0.018750 0.035937
1 0.731250 0.539844 0.018750 0.036719
1 0.706250 0.539062 0.032031 0.038281
1 0.720313 0.502344 0.039062 0.035937
1 0.585156 0.497656 0.021094 0.039844
1 0.585938 0.538281 0.021094 0.039844
1 0.564063 0.539062 0.021875 0.040625
1 0.537500 0.538281 0.031250 0.041406
1 0.558594 0.496875 0.032031 0.040625
1 0.497656 0.300000 0.022656 0.039062
1 0.474219 0.296875 0.023438 0.039844
1 0.425781 0.289844 0.025000 0.040625
1 0.450000 0.292969 0.024219 0.039844
1 0.450781 0.253906 0.024219 0.043750
1 0.425781 0.250781 0.024219 0.043750
1 0.400000 0.249219 0.025781 0.050781
1 0.374219 0.242188 0.025781 0.045312
1 0.400000 0.286719 0.025781 0.041406
1 0.374219 0.282813 0.025781 0.041406
1 0.347656 0.278906 0.027344 0.042969
1 0.285938 0.252344 0.038281 0.045312
1 0.252344 0.246875 0.031250 0.044531
1 0.221875 0.242969 0.032031 0.045312
1 0.190625 0.238281 0.032813 0.045312
1 0.157812 0.233594 0.033594 0.046094
1 0.125000 0.228906 0.034375 0.048438
1 0.091406 0.224219 0.035937 0.048438
1 0.282031 0.392188 0.040625 0.046875
1 0.246094 0.389062 0.032031 0.046875
1 0.214844 0.386719 0.032031 0.046094
1 0.224219 0.341406 0.048438 0.050000
1 0.182812 0.384375 0.033594 0.046875
1 0.150000 0.382031 0.034375 0.048438
1 0.116406 0.379688 0.035156 0.048438
1 0.081250 0.376563 0.036719 0.050781
1 0.184375 0.338281 0.033594 0.050000
1 0.151562 0.334375 0.035156 0.050781
1 0.117969 0.331250 0.035156 0.051562
2 0.416406 0.603906 0.028906 0.010937
2 0.614062 0.492969 0.028125 0.009375
2 0.600000 0.492188 0.008594 0.008594
2 0.284375 0.550781 0.030469 0.008594
2 0.386719 0.550781 0.030469 0.008594
2 0.407031 0.550000 0.007812 0.007031
2 0.443750 0.550000 0.016406 0.007031
2 0.478125 0.489063 0.023438 0.008594
2 0.500781 0.489844 0.021094 0.007031
2 0.530469 0.491406 0.023438 0.008594
2 0.534375 0.600781 0.029687 0.010937
2 0.445312 0.603125 0.028906 0.010937
2 0.287500 0.607031 0.039844 0.013281
2 0.384375 0.485938 0.025781 0.010156
2 0.409375 0.486719 0.024219 0.010156
2 0.481250 0.601562 0.029687 0.010937
1 0.598437 0.544531 0.004687 0.018750
1 0.328906 0.543750 0.016406 0.021094
2 0.564844 0.600000 0.031250 0.009375
2 0.591406 0.599219 0.027344 0.010156
2 0.614844 0.598437 0.028125 0.009375
1 0.521094 0.544531 0.002344 0.018750
1 0.514062 0.544531 0.010156 0.018750
1 0.525000 0.525000 0.010937 0.018750
1 0.498437 0.524219 0.007812 0.019531
1 0.498437 0.538281 0.007812 0.005469
1 0.488281 0.538281 0.010156 0.005469
1 0.476562 0.537500 0.012500 0.006250
1 0.487500 0.524219 0.012500 0.019531
1 0.356250 0.479687 0.014844 0.020313
1 0.342187 0.478906 0.013281 0.020313
1 0.328906 0.478906 0.013281 0.020313
1 0.331250 0.457031 0.016406 0.020313
1 0.315625 0.478125 0.013281 0.020313
1 0.298438 0.478125 0.005469 0.020313
1 0.289062 0.476562 0.013281 0.020313
1 0.275781 0.476562 0.013281 0.021094
1 0.316406 0.457031 0.012500 0.021094
1 0.299219 0.456250 0.005469 0.020313
1 0.289844 0.456250 0.013281 0.021094
1 0.353125 0.413281 0.004687 0.009375
1 0.307031 0.408594 0.009375 0.014063
1 0.457031 0.423438 0.011719 0.004687
1 0.445312 0.422656 0.010937 0.004687
1 0.426563 0.421875 0.002344 0.004687
1 0.433594 0.421875 0.010937 0.004687
1 0.433594 0.409375 0.011719 0.019531
1 0.421875 0.408594 0.010937 0.019531
1 0.410156 0.405469 0.011719 0.014844
1 0.398438 0.404687 0.011719 0.014844
2 0.698438 0.589063 0.041406 0.010937
