2 0.403906 0.729688 0.067969 0.051562
2 0.642969 0.510938 0.027344 0.010156
2 0.617188 0.510156 0.042969 0.010937
2 0.064062 0.687500 0.127344 0.065625
2 0.353125 0.638281 0.071094 0.039062
2 0.406250 0.626563 0.067969 0.033594
2 0.456250 0.618750 0.059375 0.029687
2 0.496875 0.508594 0.052344 0.014063
2 0.527344 0.510156 0.051562 0.013281
2 0.563281 0.510938 0.038281 0.011719
2 0.564844 0.673438 0.050000 0.030469
2 0.450781 0.713281 0.062500 0.044531
2 0.065625 0.850000 0.130469 0.110937
2 0.344531 0.503906 0.067969 0.020313
2 0.401562 0.505469 0.046875 0.017969
2 0.503125 0.696094 0.057031 0.039062
1 0.621875 0.581250 0.025781 0.026562
1 0.199219 0.647656 0.068750 0.065625
2 0.596094 0.665625 0.046094 0.021094
2 0.625781 0.657031 0.028906 0.019531
2 0.645312 0.650000 0.026562 0.018750
2 0.597656 0.593750 0.038281 0.014844
1 0.571875 0.589844 0.010937 0.031250
1 0.554688 0.591406 0.022656 0.031250
1 0.546875 0.592969 0.016406 0.034375
1 0.552344 0.561719 0.027344 0.030469
1 0.524219 0.564844 0.027344 0.033594
1 0.532031 0.596875 0.012500 0.033594
1 0.517969 0.599219 0.013281 0.034375
1 0.496094 0.600000 0.029687 0.039062
1 0.510156 0.565625 0.028906 0.035156
1 0.278906 0.486719 0.032813 0.050000
1 0.245312 0.485938 0.035156 0.053125
1 0.208594 0.483594 0.039062 0.054688
1 0.209375 0.431250 0.038281 0.056250
1 0.167969 0.482031 0.042969 0.058594
1 0.122656 0.479687 0.047656 0.060937
1 0.072656 0.477344 0.053125 0.064062
1 0.023438 0.473438 0.046875 0.068750
1 0.169531 0.425781 0.042969 0.059375
1 0.124219 0.421094 0.047656 0.064062
1 0.074219 0.414062 0.053906 0.067969
1 0.282813 0.339062 0.032031 0.053125
1 0.250000 0.330469 0.034375 0.055469
1 0.214062 0.321875 0.038281 0.058594
1 0.174219 0.310937 0.042188 0.063281
1 0.129688 0.299219 0.047656 0.065625
1 0.080469 0.286719 0.052344 0.071094
1 0.028125 0.271875 0.055469 0.075781
1 0.474219 0.403906 0.016406 0.036719
1 0.457031 0.399219 0.017969 0.038281
1 0.418750 0.390625 0.020313 0.040625
1 0.438281 0.395313 0.017969 0.039062
1 0.438281 0.358594 0.018750 0.041406
1 0.418750 0.353125 0.020313 0.043750
1 0.397656 0.346875 0.021875 0.045312
1 0.369531 0.340625 0.033594 0.046875
1 0.396875 0.385937 0.021094 0.042969
1 0.374219 0.380469 0.022656 0.044531
1 0.345313 0.374219 0.034375 0.046875
2 0.757031 0.636719 0.043750 0.021875
