2 0.009375 0.371875 0.018750 0.089063
2 0.006250 0.746875 0.012500 0.036719
2 0.012500 0.464062 0.006250 0.034375
2 0.005469 0.448437 0.010937 0.043750
1 0.006250 0.639062 0.005469 0.016406
1 0.008594 0.146094 0.003125 0.033594
1 0.010156 0.174219 0.005469 0.063281
1 0.013281 0.198437 0.005469 0.059375
1 0.018750 0.276562 0.001563 0.014844
1 0.005469 0.428125 0.010937 0.025000
1 0.017969 0.478125 0.002344 0.021875
1 0.018750 0.445312 0.002344 0.039062
2 0.485156 0.696875 0.053906 0.029687
2 0.966406 0.448437 0.066406 0.044531
2 0.879687 0.459375 0.119531 0.046875
2 0.378906 0.603906 0.032031 0.011719
2 0.451562 0.610938 0.050000 0.016406
2 0.484375 0.614062 0.053125 0.018750
2 0.517969 0.617969 0.057031 0.020313
2 0.554688 0.506250 0.039844 0.020313
2 0.603125 0.500781 0.057031 0.021875
2 0.668750 0.492969 0.073438 0.025781
2 0.681250 0.757812 0.077344 0.058594
2 0.518750 0.707031 0.058594 0.034375
2 0.383594 0.667188 0.041406 0.019531
2 0.440625 0.521094 0.031250 0.014844
2 0.473438 0.517969 0.051562 0.015625
2 0.570312 0.724219 0.066406 0.040625
1 0.896094 0.637500 0.088281 0.071094
1 0.405469 0.598437 0.023438 0.026562
2 0.782813 0.788281 0.096875 0.075000
2 0.896875 0.821094 0.129688 0.094531
2 0.971875 0.842187 0.055469 0.078906
2 0.781250 0.644531 0.092969 0.033594
1 0.682813 0.619531 0.038281 0.050000
1 0.650781 0.617969 0.027344 0.046875
1 0.625781 0.615625 0.024219 0.045312
1 0.654687 0.572656 0.036719 0.045312
1 0.601562 0.572656 0.034375 0.039844
1 0.601562 0.614062 0.033594 0.042969
1 0.575000 0.612500 0.019531 0.039844
1 0.556250 0.610938 0.017969 0.039844
1 0.575000 0.571875 0.019531 0.039062
1 0.428906 0.516406 0.025781 0.028125
1 0.410938 0.517969 0.009375 0.026562
1 0.402344 0.519531 0.008594 0.025000
1 0.410156 0.494531 0.025000 0.025781
1 0.393750 0.521094 0.007812 0.025000
1 0.385937 0.521875 0.007812 0.024219
1 0.378125 0.523438 0.007031 0.023438
1 0.370312 0.524219 0.007031 0.023438
1 0.393750 0.496875 0.007812 0.025000
1 0.385937 0.498437 0.007812 0.025000
1 0.378125 0.500000 0.007031 0.024219
1 0.428906 0.435937 0.022656 0.028906
1 0.412500 0.439063 0.008594 0.025781
1 0.403906 0.442188 0.008594 0.025000
1 0.395313 0.444531 0.007812 0.025000
1 0.387500 0.448437 0.007812 0.024219
1 0.379688 0.450781 0.007031 0.024219
1 0.372656 0.453906 0.007031 0.021875
1 0.531250 0.410938 0.030469 0.035156
1 0.508594 0.416406 0.014844 0.034375
1 0.481250 0.425781 0.011719 0.030469
1 0.493750 0.421094 0.013281 0.032031
1 0.501563 0.390625 0.028906 0.035156
1 0.481250 0.396094 0.011719 0.033594
1 0.468750 0.401562 0.011719 0.033594
1 0.457031 0.406250 0.010937 0.031250
1 0.468750 0.430469 0.011719 0.030469
1 0.456250 0.434375 0.010937 0.029687
1 0.446094 0.437500 0.010156 0.028906
