2 0.378906 0.785156 0.085938 0.050000
2 0.659375 0.564844 0.040625 0.016406
2 0.634375 0.559375 0.049219 0.017969
2 0.007031 0.646094 0.014063 0.029687
2 0.313281 0.648438 0.092969 0.025000
2 0.392969 0.649219 0.067969 0.021875
2 0.455469 0.649219 0.057031 0.019531
2 0.500000 0.528125 0.057813 0.024219
2 0.539062 0.537500 0.046875 0.021094
2 0.575000 0.546094 0.044531 0.019531
2 0.580469 0.743750 0.060156 0.026562
2 0.439844 0.771875 0.077344 0.042969
2 0.316406 0.478125 0.074219 0.042969
2 0.380469 0.493750 0.061719 0.036719
2 0.505469 0.759375 0.069531 0.035937
1 0.643750 0.642188 0.029687 0.028906
1 0.108594 0.625781 0.102344 0.075000
2 0.617969 0.738281 0.054688 0.020313
2 0.646094 0.732031 0.046094 0.018750
2 0.674219 0.728125 0.032031 0.016406
2 0.616406 0.651563 0.044531 0.010937
1 0.586719 0.640625 0.013281 0.034375
1 0.573438 0.639844 0.014063 0.035156
1 0.557031 0.639062 0.019531 0.035937
1 0.563281 0.604688 0.032813 0.035156
1 0.539062 0.600781 0.014844 0.039062
1 0.539844 0.639062 0.015625 0.039062
1 0.523438 0.638281 0.016406 0.039844
1 0.496875 0.638281 0.035156 0.040625
1 0.514062 0.599219 0.034375 0.039062
1 0.231250 0.444531 0.044531 0.063281
1 0.187500 0.432812 0.050781 0.067969
1 0.139063 0.420312 0.057031 0.070312
1 0.147656 0.361719 0.058594 0.075781
1 0.085156 0.405469 0.064844 0.075781
1 0.030469 0.389844 0.060937 0.079687
1 0.093750 0.343750 0.063281 0.079687
1 0.035156 0.324219 0.070312 0.085938
1 0.004687 0.306250 0.009375 0.058594
1 0.249219 0.282031 0.040625 0.060156
1 0.208594 0.263281 0.045312 0.064844
1 0.164844 0.241406 0.051562 0.068750
1 0.115625 0.217969 0.057813 0.073438
1 0.060937 0.191406 0.066406 0.079687
1 0.018750 0.168750 0.036719 0.071875
1 0.471875 0.404687 0.019531 0.040625
1 0.451562 0.395313 0.021094 0.042969
1 0.407031 0.375000 0.025000 0.046094
1 0.430469 0.385937 0.022656 0.043750
1 0.431250 0.348438 0.021875 0.049219
1 0.408594 0.337500 0.024219 0.050781
1 0.384375 0.324219 0.026562 0.053125
1 0.353906 0.310937 0.037500 0.055469
1 0.382812 0.364063 0.026562 0.048438
1 0.355469 0.352344 0.028906 0.050781
1 0.323437 0.339062 0.038281 0.053906
2 0.808594 0.707812 0.057031 0.019531
