2 0.414062 0.751563 0.101562 0.129688
2 0.639062 0.358594 0.042969 0.016406
2 0.624219 0.361719 0.047656 0.018750
2 0.517969 0.394531 0.075000 0.035937
2 0.546094 0.385937 0.070312 0.028906
2 0.578906 0.378125 0.052344 0.025000
2 0.303906 0.463281 0.149219 0.086719
2 0.385937 0.436719 0.122656 0.064844
2 0.522656 0.635938 0.071094 0.075000
1 0.638281 0.436719 0.023438 0.033594
1 0.189062 0.757812 0.045312 0.069531
1 0.144531 0.805469 0.050781 0.084375
1 0.088281 0.813281 0.052344 0.109375
1 0.024219 0.865625 0.048438 0.099219
2 0.603125 0.550000 0.045312 0.035156
2 0.562500 0.595313 0.060156 0.048438
2 0.626563 0.531250 0.027344 0.030469
2 0.640625 0.515625 0.024219 0.026562
2 0.475000 0.568750 0.089844 0.076563
1 0.628906 0.448437 0.007031 0.034375
1 0.611719 0.453906 0.028906 0.035156
1 0.603125 0.457031 0.032031 0.039844
1 0.611719 0.421094 0.031250 0.036719
1 0.543750 0.459375 0.038281 0.053906
1 0.556250 0.503906 0.012500 0.048438
1 0.543750 0.513281 0.013281 0.050000
1 0.515625 0.517969 0.042969 0.064062
1 0.530469 0.466406 0.041406 0.057031
1 0.499219 0.235156 0.021094 0.064844
1 0.476562 0.229687 0.023438 0.070312
1 0.422656 0.216406 0.033594 0.082031
1 0.451562 0.223438 0.027344 0.075000
1 0.450781 0.151562 0.028125 0.085156
1 0.420312 0.138281 0.034375 0.093750
1 0.384375 0.121875 0.041406 0.104688
1 0.325781 0.103125 0.084375 0.116406
1 0.388281 0.207813 0.039844 0.089844
1 0.347656 0.196875 0.048438 0.100000
1 0.282813 0.183594 0.091406 0.114062
1 0.116406 0.083594 0.119531 0.166406
1 0.038281 0.071875 0.076563 0.143750
1 0.154688 0.468750 0.111719 0.140625
1 0.064062 0.490625 0.128125 0.165625
1 0.012500 0.515625 0.024219 0.135156
2 0.442188 0.343750 0.032031 0.010156
2 0.421094 0.346094 0.035937 0.010156
2 0.217969 0.460938 0.027344 0.028125
2 0.293750 0.359375 0.046094 0.016406
2 0.325781 0.356250 0.046094 0.014844
2 0.360938 0.353906 0.039844 0.013281
2 0.378906 0.488281 0.025781 0.010156
2 0.130469 0.375000 0.063281 0.024219
2 0.175000 0.369531 0.048438 0.021094
2 0.317188 0.513281 0.033594 0.014063
1 0.426563 0.402344 0.019531 0.021094
2 0.410938 0.475781 0.021094 0.008594
2 0.432031 0.466406 0.018750 0.007031
2 0.451562 0.458594 0.017188 0.006250
1 0.372656 0.405469 0.011719 0.005469
1 0.346094 0.411719 0.016406 0.008594
1 0.355469 0.395313 0.022656 0.028125
1 0.325000 0.400781 0.024219 0.029687
1 0.298438 0.421875 0.022656 0.011719
1 0.311719 0.403125 0.025781 0.030469
1 0.055469 0.369531 0.042188 0.044531
1 0.021094 0.371875 0.041406 0.046875
1 0.002344 0.382031 0.004687 0.025781
1 0.036719 0.239063 0.044531 0.046875
1 0.010937 0.236719 0.021094 0.046094
1 0.258594 0.282031 0.019531 0.013281
1 0.248438 0.282031 0.003125 0.011719
1 0.185156 0.268750 0.007031 0.035156
1 0.216406 0.280469 0.014063 0.014063
1 0.207031 0.228906 0.010937 0.023438
1 0.191406 0.233594 0.023438 0.032031
1 0.167969 0.239063 0.027344 0.021094
1 0.138281 0.235937 0.035156 0.023438
1 0.171094 0.266406 0.028906 0.036719
1 0.145313 0.264844 0.030469 0.039062
1 0.114062 0.262500 0.039062 0.041406
2 0.845313 0.572656 0.085938 0.050781
2 0.517188 0.439063 0.013281 0.007031
