1 0.841406 0.679688 0.312500 0.444531
1 0.200781 0.639062 0.396875 0.696875
1 0.464062 0.671094 0.115625 0.427344
1 0.592187 0.632812 0.132031 0.316406
1 0.647656 0.290625 0.098437 0.325000
1 0.741406 0.335156 0.079687 0.278125
1 0.837500 0.375781 0.084375 0.214062
1 0.906250 0.412500 0.053125 0.157812
1 0.502344 0.235156 0.182812 0.435937
1 0.210156 0.207031 0.415625 0.406250
1 0.935937 0.269531 0.055469 0.196875
1 0.863281 0.194531 0.096094 0.252344
1 0.796875 0.142969 0.045312 0.226562
1 0.716406 0.110937 0.125000 0.221875
1 0.984375 0.337500 0.026562 0.110937
