3 0.146094 0.508594 0.105469 0.211719
2 0.460938 0.603906 0.068750 0.078125
2 0.564063 0.418750 0.110937 0.071094
2 0.637500 0.453125 0.136719 0.096094
2 0.760156 0.516406 0.177344 0.139063
2 0.368750 0.489844 0.046094 0.040625
2 0.414062 0.355469 0.072656 0.036719
2 0.440625 0.367969 0.079687 0.042969
2 0.555469 0.728125 0.096094 0.131250
1 0.407031 0.449219 0.017969 0.017969
1 0.395313 0.446094 0.017188 0.015625
1 0.400000 0.433594 0.010937 0.017969
1 0.378906 0.429688 0.012500 0.014844
1 0.392188 0.432031 0.016406 0.014063
2 0.837500 0.981250 0.042969 0.035937
2 0.652344 0.859375 0.125781 0.178906
2 0.493750 0.543750 0.086719 0.079687
1 0.953125 0.898438 0.092188 0.200781
1 0.612500 0.559375 0.067187 0.107031
1 0.608594 0.628906 0.065625 0.090625
1 0.564063 0.604688 0.028906 0.079687
1 0.539062 0.573438 0.025781 0.090625
1 0.580469 0.538281 0.058594 0.098437
1 0.515625 0.215625 0.058594 0.070312
1 0.475781 0.217188 0.021094 0.065625
1 0.439063 0.220312 0.017188 0.057031
1 0.456250 0.219531 0.018750 0.060937
1 0.472656 0.157031 0.053906 0.067969
1 0.437500 0.161719 0.017188 0.063281
1 0.422656 0.165625 0.015625 0.059375
1 0.408594 0.169531 0.014844 0.056250
1 0.424219 0.221094 0.015625 0.053906
1 0.410938 0.221875 0.014844 0.051562
1 0.399219 0.222656 0.013281 0.049219
1 0.385156 0.207031 0.035156 0.045312
1 0.364844 0.207813 0.011719 0.043750
1 0.356250 0.209375 0.010156 0.040625
1 0.348438 0.210938 0.009375 0.039844
1 0.341406 0.211719 0.009375 0.038281
1 0.335156 0.212500 0.008594 0.035937
1 0.328906 0.213281 0.008594 0.035937
1 0.393750 0.330469 0.038281 0.041406
1 0.383594 0.328125 0.033594 0.043750
1 0.363281 0.326562 0.009375 0.038281
1 0.374219 0.289062 0.036719 0.039844
1 0.356250 0.323437 0.009375 0.035937
1 0.349219 0.320312 0.008594 0.035156
1 0.342969 0.317969 0.008594 0.033594
1 0.336719 0.314063 0.007812 0.034375
1 0.363281 0.287500 0.028906 0.038281
1 0.357031 0.285938 0.028906 0.036719
1 0.350000 0.284375 0.028906 0.035156
2 0.562500 0.359375 0.033594 0.017969
2 0.641406 0.385156 0.044531 0.024219
2 0.676562 0.394531 0.047656 0.026562
2 0.714063 0.407031 0.049219 0.030469
2 0.777344 0.326562 0.057813 0.024219
2 0.828125 0.334375 0.071094 0.028125
2 0.889844 0.343750 0.060937 0.028906
2 0.863281 0.531250 0.038281 0.026562
2 0.643750 0.308594 0.042969 0.017969
2 0.671875 0.313281 0.046094 0.018750
1 0.589844 0.362500 0.021875 0.026562
2 0.957031 0.571094 0.078906 0.045312
2 0.997656 0.588281 0.003125 0.014844
2 0.969531 0.483594 0.060156 0.048438
1 0.886719 0.446875 0.036719 0.050781
1 0.860156 0.442188 0.037500 0.041406
1 0.832812 0.431250 0.032031 0.046094
1 0.867188 0.403906 0.038281 0.046875
1 0.809375 0.390625 0.034375 0.042969
1 0.803906 0.425781 0.033594 0.038281
1 0.779687 0.419531 0.024219 0.035156
1 0.760156 0.410938 0.024219 0.039844
1 0.787500 0.385937 0.032031 0.040625
1 0.617188 0.298438 0.022656 0.023438
1 0.600781 0.296875 0.011719 0.021875
1 0.589844 0.296094 0.010156 0.021094
1 0.579688 0.293750 0.010156 0.021094
1 0.570312 0.292969 0.009375 0.021094
1 0.560937 0.292187 0.008594 0.019531
1 0.622656 0.219531 0.024219 0.025781
1 0.605469 0.220312 0.012500 0.025781
1 0.594531 0.221094 0.011719 0.025000
1 0.583594 0.221094 0.010937 0.025000
1 0.573438 0.221094 0.010156 0.024219
1 0.564063 0.221875 0.010156 0.023438
1 0.750000 0.228125 0.032031 0.033594
1 0.726562 0.228125 0.021875 0.032031
1 0.691406 0.228906 0.018750 0.029687
1 0.708594 0.228906 0.019531 0.031250
1 0.716406 0.196094 0.030469 0.033594
1 0.694531 0.197656 0.019531 0.032031
1 0.678125 0.199219 0.017969 0.031250
1 0.663281 0.200000 0.016406 0.029687
1 0.675781 0.228906 0.017188 0.028906
1 0.660937 0.229687 0.015625 0.028125
1 0.646875 0.229687 0.014844 0.028125
