2 0.007031 0.764062 0.013281 0.053906
2 0.486719 0.671875 0.055469 0.048438
2 0.937500 0.560937 0.123438 0.066406
2 0.379688 0.546875 0.032813 0.021875
2 0.452344 0.578125 0.052344 0.032031
2 0.485938 0.589844 0.056250 0.036719
2 0.520312 0.606250 0.061719 0.043750
2 0.572656 0.505469 0.067187 0.030469
2 0.621875 0.513281 0.078125 0.035937
2 0.690625 0.526563 0.085156 0.040625
2 0.689063 0.803125 0.085156 0.100781
2 0.521094 0.693750 0.060156 0.055469
2 0.386719 0.609375 0.041406 0.028906
2 0.448437 0.485156 0.053906 0.020313
2 0.474219 0.489844 0.056250 0.021875
2 0.573438 0.728906 0.068750 0.069531
1 0.947656 0.764844 0.103125 0.125781
1 0.405469 0.550000 0.024219 0.033594
2 0.796875 0.871875 0.105469 0.135937
2 0.921875 0.928125 0.144531 0.141406
2 0.989062 0.963281 0.021094 0.071094
2 0.810937 0.725000 0.108594 0.096094
1 0.698438 0.661719 0.042969 0.075781
1 0.668750 0.655469 0.041406 0.061719
1 0.635938 0.640625 0.027344 0.067969
1 0.670312 0.603906 0.041406 0.067969
1 0.610938 0.585938 0.038281 0.058594
1 0.610156 0.631250 0.038281 0.054688
1 0.580469 0.624219 0.021094 0.049219
1 0.560937 0.611719 0.019531 0.056250
1 0.589063 0.578906 0.036719 0.054688
1 0.426563 0.471875 0.027344 0.031250
1 0.412500 0.471094 0.017969 0.030469
1 0.399219 0.470313 0.008594 0.028125
1 0.407813 0.442969 0.026562 0.026562
1 0.390625 0.468750 0.008594 0.026562
1 0.382812 0.467969 0.007812 0.025781
1 0.375000 0.467187 0.007031 0.025000
1 0.367969 0.465625 0.007031 0.025000
1 0.395313 0.442188 0.018750 0.026562
1 0.389844 0.441406 0.023438 0.025781
1 0.376563 0.441406 0.010937 0.025000
1 0.426563 0.383594 0.028125 0.030469
1 0.407813 0.384375 0.009375 0.028906
1 0.398438 0.385937 0.008594 0.028906
1 0.389844 0.386719 0.008594 0.026562
1 0.381250 0.387500 0.007812 0.026562
1 0.373437 0.388281 0.007812 0.025000
1 0.366406 0.389062 0.007031 0.025000
1 0.536719 0.386719 0.035156 0.039844
1 0.510938 0.388281 0.016406 0.039062
1 0.480469 0.390625 0.013281 0.035156
1 0.495312 0.389062 0.014844 0.035937
1 0.504687 0.353125 0.032813 0.038281
1 0.480469 0.355469 0.013281 0.035937
1 0.467187 0.357031 0.013281 0.035156
1 0.453906 0.359375 0.011719 0.034375
1 0.467187 0.391406 0.013281 0.033594
1 0.454688 0.392969 0.011719 0.033594
1 0.442969 0.392969 0.011719 0.032031
