3 0.503125 0.847656 0.142187 0.303125
2 0.840625 0.836719 0.082031 0.103125
2 0.818750 0.432812 0.032813 0.015625
2 0.825000 0.446094 0.041406 0.026562
2 0.864062 0.812500 0.060937 0.126562
2 0.844531 0.728906 0.053125 0.090625
2 0.832812 0.670312 0.043750 0.057813
2 0.846875 0.521875 0.067969 0.050000
2 0.842187 0.492969 0.056250 0.028906
2 0.837500 0.478906 0.043750 0.030469
2 0.900000 0.646094 0.106250 0.082812
2 0.892969 0.600781 0.109375 0.065625
2 0.806250 0.707812 0.017188 0.056250
1 0.803906 0.496094 0.003906 0.011719
1 0.803125 0.516406 0.003906 0.028906
1 0.812500 0.532813 0.015625 0.035937
1 0.810937 0.503906 0.005469 0.021094
1 0.818750 0.557813 0.007812 0.040625
1 0.814063 0.590625 0.003906 0.040625
1 0.814063 0.609375 0.002344 0.012500
1 0.830469 0.621875 0.029687 0.056250
1 0.825000 0.571094 0.015625 0.049219
1 0.859375 0.410938 0.017188 0.050000
1 0.861719 0.417187 0.012500 0.053125
1 0.874219 0.432812 0.014063 0.060937
1 0.867188 0.425000 0.012500 0.056250
1 0.905469 0.373437 0.074219 0.055469
1 0.914844 0.377344 0.082812 0.059375
1 0.925781 0.383594 0.089063 0.064844
1 0.939063 0.391406 0.100781 0.072656
1 0.880469 0.442188 0.015625 0.064844
1 0.888281 0.451562 0.017188 0.069531
1 0.909375 0.458594 0.042188 0.067969
1 0.959375 0.467969 0.080469 0.097656
1 0.967187 0.485938 0.064844 0.108594
1 0.975781 0.510156 0.046094 0.126562
1 0.988281 0.535156 0.021094 0.134375
1 0.907031 0.696094 0.050000 0.100781
1 0.909375 0.735938 0.034375 0.114062
1 0.921875 0.785156 0.032813 0.129688
1 0.959375 0.703906 0.077344 0.129688
1 0.941406 0.846094 0.040625 0.152344
1 0.966406 0.917188 0.050000 0.164062
1 0.985156 0.958594 0.029687 0.079687
1 0.968750 0.755469 0.062500 0.151562
1 0.981250 0.825781 0.037500 0.182031
1 0.996094 0.912500 0.007812 0.049219
2 0.789844 0.564063 0.003125 0.023438
2 0.791406 0.584375 0.003906 0.027344
2 0.800000 0.657813 0.010937 0.044531
2 0.797656 0.606250 0.011719 0.034375
2 0.460156 0.624219 0.047656 0.049219
2 0.582812 0.400781 0.027344 0.014844
2 0.571875 0.405469 0.030469 0.015625
2 0.507812 0.441406 0.039062 0.023438
2 0.522656 0.432812 0.039062 0.020313
2 0.542188 0.424219 0.030469 0.019531
2 0.300781 0.792969 0.076563 0.105469
2 0.430469 0.487500 0.050000 0.038281
2 0.452344 0.473438 0.053906 0.034375
2 0.510938 0.574219 0.038281 0.035937
1 0.582031 0.452344 0.017188 0.022656
1 0.388281 0.605469 0.017188 0.020313
1 0.380469 0.617188 0.017969 0.022656
1 0.363281 0.618750 0.017969 0.030469
1 0.336719 0.648438 0.020313 0.024219
1 0.349219 0.631250 0.019531 0.024219
2 0.559375 0.527344 0.029687 0.021094
2 0.533594 0.553906 0.035156 0.026562
2 0.575781 0.515625 0.017188 0.020313
2 0.585938 0.503906 0.015625 0.017188
2 0.487500 0.535156 0.046875 0.035937
1 0.575781 0.462500 0.003906 0.022656
1 0.564844 0.465625 0.014844 0.021094
1 0.558594 0.468750 0.019531 0.026562
1 0.564063 0.446094 0.019531 0.023438
1 0.521875 0.474219 0.020313 0.029687
1 0.528906 0.500000 0.006250 0.027344
1 0.522656 0.505469 0.006250 0.027344
1 0.506250 0.509375 0.023438 0.034375
1 0.514844 0.479687 0.023438 0.032031
1 0.494531 0.369531 0.019531 0.032813
1 0.489844 0.372656 0.009375 0.032813
1 0.469531 0.378906 0.010937 0.034375
1 0.479687 0.375781 0.010937 0.030469
1 0.471875 0.344531 0.026562 0.034375
1 0.460938 0.346094 0.026562 0.034375
1 0.448437 0.347656 0.028906 0.035937
1 0.434375 0.349219 0.032813 0.037500
1 0.457813 0.381250 0.012500 0.035156
1 0.446094 0.385156 0.012500 0.035937
1 0.421094 0.385937 0.034375 0.040625
1 0.384375 0.380469 0.038281 0.046094
1 0.364844 0.383594 0.040625 0.047656
1 0.344531 0.387500 0.043750 0.050781
1 0.322656 0.392188 0.044531 0.053125
1 0.296875 0.397656 0.046875 0.057813
1 0.267969 0.402344 0.053125 0.060937
1 0.240625 0.409375 0.047656 0.065625
1 0.387500 0.494531 0.037500 0.050781
1 0.378906 0.502344 0.021094 0.053906
1 0.360156 0.516406 0.022656 0.047656
1 0.348438 0.473438 0.041406 0.055469
1 0.338281 0.527344 0.025781 0.050781
1 0.314844 0.540625 0.027344 0.055469
1 0.288281 0.554688 0.032031 0.058594
1 0.250781 0.562500 0.053906 0.076563
1 0.326562 0.482812 0.044531 0.058594
1 0.301563 0.492188 0.047656 0.062500
1 0.275000 0.502344 0.052344 0.067187
2 0.139063 0.539062 0.059375 0.038281
2 0.249219 0.494531 0.002344 0.008594
2 0.152344 0.603906 0.057813 0.044531
1 0.432812 0.426563 0.014844 0.017188
1 0.197656 0.510938 0.028906 0.035156
2 0.414844 0.437500 0.025781 0.012500
1 0.398438 0.439063 0.007812 0.019531
1 0.384375 0.442969 0.007812 0.017969
1 0.381250 0.444531 0.011719 0.021094
1 0.382812 0.427344 0.009375 0.015625
1 0.371094 0.432812 0.008594 0.017969
1 0.372656 0.449219 0.008594 0.020313
1 0.364063 0.451562 0.008594 0.015625
1 0.350000 0.446094 0.017188 0.005469
1 0.358594 0.435937 0.017188 0.020313
1 0.204687 0.425000 0.009375 0.017969
1 0.191406 0.436719 0.019531 0.028906
1 0.185938 0.410938 0.027344 0.029687
1 0.174219 0.441406 0.022656 0.029687
1 0.153906 0.446094 0.023438 0.029687
1 0.134375 0.450000 0.025781 0.032031
1 0.109375 0.453125 0.032813 0.038281
1 0.167187 0.413281 0.028906 0.032813
1 0.147656 0.416406 0.030469 0.032813
1 0.126562 0.421094 0.032031 0.035156
1 0.221094 0.352344 0.015625 0.026562
1 0.195312 0.354687 0.014063 0.028906
1 0.180469 0.355469 0.028906 0.028906
1 0.162500 0.357031 0.027344 0.030469
1 0.141406 0.359375 0.029687 0.030469
1 0.119531 0.360938 0.032031 0.032031
1 0.096094 0.362500 0.034375 0.034375
1 0.325781 0.351562 0.017969 0.022656
1 0.318750 0.351562 0.011719 0.022656
1 0.295312 0.355469 0.014063 0.022656
1 0.307812 0.353906 0.012500 0.021094
1 0.302344 0.332813 0.017969 0.022656
1 0.292969 0.332813 0.014063 0.023438
1 0.278125 0.334375 0.020313 0.023438
1 0.263281 0.334375 0.024219 0.023438
1 0.283594 0.357031 0.014063 0.022656
1 0.269531 0.358594 0.014063 0.023438
1 0.251563 0.359375 0.024219 0.024219
2 0.692969 0.533594 0.037500 0.026562
