3 0.207031 0.487500 0.082031 0.179688
2 0.003906 0.512500 0.007812 0.026562
2 0.017188 0.619531 0.034375 0.060937
2 0.469531 0.586719 0.058594 0.067187
2 0.552344 0.435156 0.094531 0.067969
2 0.609375 0.471094 0.112500 0.090625
2 0.696094 0.532813 0.138281 0.123438
2 0.390625 0.477344 0.039062 0.037500
2 0.431250 0.364844 0.062500 0.035937
2 0.453906 0.378125 0.069531 0.041406
2 0.545312 0.697656 0.082031 0.110937
1 0.425000 0.445312 0.015625 0.015625
1 0.414844 0.440625 0.014844 0.014063
1 0.419531 0.429688 0.010937 0.017188
1 0.400781 0.424219 0.009375 0.012500
1 0.413281 0.425781 0.014063 0.011719
2 0.739844 0.950781 0.058594 0.096094
2 0.619531 0.812500 0.103906 0.139063
2 0.496094 0.535937 0.075781 0.070312
1 0.980469 0.957031 0.039062 0.084375
1 0.908594 0.912500 0.110937 0.172656
1 0.841406 0.867188 0.106250 0.197656
1 0.937500 0.882031 0.123438 0.212500
1 0.589063 0.560937 0.056250 0.087500
1 0.586719 0.617188 0.056250 0.073438
1 0.549219 0.594531 0.022656 0.067187
1 0.530469 0.566406 0.020313 0.075781
1 0.561719 0.539844 0.042188 0.079687
1 0.514062 0.261719 0.050781 0.059375
1 0.494531 0.259375 0.044531 0.056250
1 0.451562 0.255469 0.014063 0.049219
1 0.464844 0.257812 0.014844 0.050781
1 0.478906 0.203906 0.042188 0.053906
1 0.450781 0.204687 0.014063 0.052344
1 0.438281 0.205469 0.012500 0.049219
1 0.427344 0.205469 0.011719 0.046875
1 0.439063 0.253125 0.012500 0.046875
1 0.428125 0.252344 0.011719 0.044531
1 0.418750 0.249219 0.011719 0.043750
1 0.407813 0.230469 0.029687 0.039062
1 0.389062 0.230469 0.009375 0.037500
1 0.382031 0.230469 0.008594 0.035937
1 0.375781 0.229687 0.008594 0.034375
1 0.369531 0.228906 0.007812 0.034375
1 0.363281 0.228125 0.007812 0.032813
1 0.358594 0.227344 0.006250 0.032031
1 0.414062 0.337500 0.032813 0.035937
1 0.405469 0.335156 0.029687 0.040625
1 0.388281 0.332813 0.008594 0.034375
1 0.397656 0.300000 0.032031 0.035937
1 0.381250 0.328906 0.007812 0.034375
1 0.375781 0.325781 0.007812 0.032031
1 0.370312 0.321875 0.006250 0.030469
1 0.364844 0.317969 0.006250 0.029687
1 0.387500 0.296875 0.024219 0.035937
1 0.384375 0.294531 0.027344 0.034375
1 0.378125 0.291406 0.026562 0.034375
2 0.677344 0.457813 0.044531 0.032813
2 0.575781 0.356250 0.032813 0.019531
2 0.650781 0.385937 0.042188 0.024219
2 0.684375 0.397656 0.046875 0.028906
2 0.717969 0.410938 0.049219 0.030469
2 0.776563 0.332813 0.049219 0.014063
2 0.828125 0.343750 0.067187 0.017188
2 0.894531 0.356250 0.073438 0.021094
2 0.857812 0.552344 0.071094 0.057813
2 0.710938 0.474219 0.049219 0.037500
2 0.575781 0.404687 0.032813 0.017969
2 0.656250 0.307812 0.038281 0.008594
2 0.681250 0.313281 0.043750 0.011719
2 0.752344 0.500000 0.043750 0.042188
1 0.602344 0.360938 0.021094 0.026562
2 0.942187 0.595313 0.084375 0.071094
2 0.987500 0.620313 0.023438 0.050781
2 0.963281 0.503125 0.073438 0.056250
1 0.881250 0.460156 0.039062 0.050000
1 0.855469 0.454688 0.038281 0.041406
1 0.837500 0.444531 0.012500 0.041406
1 0.859375 0.433594 0.030469 0.015625
1 0.812500 0.418750 0.002344 0.007812
1 0.808594 0.437500 0.010937 0.032031
1 0.775000 0.426563 0.015625 0.032031
1 0.760938 0.417969 0.023438 0.040625
1 0.778125 0.407813 0.014063 0.010937
1 0.628906 0.295312 0.022656 0.017969
1 0.617969 0.292969 0.021094 0.017969
1 0.603125 0.292187 0.010937 0.015625
1 0.609375 0.273438 0.021094 0.023438
1 0.594531 0.291406 0.009375 0.014844
1 0.584375 0.289062 0.009375 0.014844
1 0.575781 0.287500 0.008594 0.014844
1 0.567969 0.284375 0.008594 0.015625
1 0.600781 0.271094 0.020313 0.023438
1 0.590625 0.270313 0.020313 0.023438
1 0.582031 0.269531 0.019531 0.023438
1 0.635156 0.225781 0.023438 0.025781
1 0.618750 0.225781 0.011719 0.025781
1 0.607812 0.225000 0.010937 0.024219
1 0.597656 0.224219 0.010937 0.023438
1 0.588281 0.224219 0.010937 0.023438
1 0.578906 0.224219 0.009375 0.022656
1 0.571094 0.224219 0.009375 0.022656
1 0.754687 0.240625 0.032813 0.032813
1 0.732031 0.240625 0.021094 0.030469
1 0.699219 0.239844 0.017188 0.028906
1 0.714844 0.240625 0.019531 0.029687
1 0.723437 0.209375 0.029687 0.030469
1 0.701562 0.209375 0.017969 0.029687
1 0.687500 0.210156 0.017188 0.028906
1 0.672656 0.210156 0.015625 0.028906
1 0.684375 0.239063 0.017188 0.027344
1 0.670312 0.238281 0.014844 0.027344
1 0.657031 0.237500 0.014063 0.027344
