3 0.245312 0.521875 0.075781 0.153906
2 0.118750 0.912500 0.044531 0.132031
2 0.062500 0.594531 0.025781 0.050000
2 0.071875 0.742969 0.021875 0.071094
2 0.084375 0.809375 0.036719 0.093750
2 0.100000 0.903906 0.035156 0.117969
2 0.047656 0.889062 0.085938 0.173437
2 0.045312 0.957031 0.082031 0.083594
2 0.092969 0.667969 0.020313 0.053125
2 0.028906 0.613281 0.040625 0.060156
2 0.031250 0.671094 0.045312 0.090625
1 0.096094 0.982812 0.021094 0.032031
1 0.021875 0.565625 0.024219 0.064062
1 0.012500 0.528125 0.004687 0.013281
1 0.021875 0.513281 0.006250 0.019531
1 0.010937 0.488281 0.014844 0.050781
1 0.023438 0.505469 0.010937 0.031250
1 0.024219 0.499219 0.012500 0.042969
1 0.024219 0.489063 0.011719 0.043750
1 0.021875 0.477344 0.014844 0.043750
1 0.010937 0.475781 0.014063 0.049219
1 0.010937 0.464062 0.013281 0.046875
1 0.010937 0.453125 0.013281 0.045312
2 0.467969 0.558594 0.046094 0.051562
2 0.886719 0.660156 0.117969 0.135156
2 0.787500 0.603906 0.096094 0.109375
2 0.536719 0.456250 0.058594 0.053906
2 0.575000 0.478906 0.064844 0.060937
2 0.624219 0.511719 0.067969 0.066406
2 0.380469 0.478906 0.037500 0.035156
2 0.430469 0.398438 0.049219 0.038281
2 0.453125 0.412500 0.050781 0.041406
2 0.534375 0.621094 0.053906 0.066406
1 0.833594 0.766406 0.073438 0.105469
1 0.421094 0.454688 0.009375 0.014844
1 0.410156 0.453125 0.012500 0.013281
1 0.409375 0.442188 0.011719 0.014063
1 0.394531 0.436719 0.011719 0.013281
1 0.403906 0.439844 0.011719 0.013281
2 0.675781 0.750781 0.071094 0.104688
2 0.585938 0.673438 0.060156 0.070312
2 0.735938 0.806250 0.078906 0.123438
2 0.808594 0.873437 0.087500 0.148438
2 0.493750 0.521094 0.051562 0.055469
1 0.748437 0.698438 0.044531 0.089063
1 0.718750 0.689063 0.041406 0.058594
1 0.691406 0.656250 0.036719 0.079687
1 0.725000 0.646875 0.041406 0.073438
1 0.564063 0.533594 0.032031 0.051562
1 0.563281 0.565625 0.032031 0.046875
1 0.539844 0.556250 0.016406 0.039062
1 0.525000 0.536719 0.015625 0.053906
1 0.545312 0.521875 0.025000 0.050000
1 0.507031 0.344531 0.032031 0.045312
1 0.489063 0.339062 0.025781 0.046875
1 0.456250 0.332813 0.013281 0.035937
1 0.469531 0.338281 0.013281 0.036719
1 0.478125 0.301563 0.032031 0.042969
1 0.462500 0.296875 0.027344 0.041406
1 0.451562 0.292969 0.030469 0.040625
1 0.439063 0.289062 0.028125 0.039844
1 0.444531 0.328125 0.012500 0.035156
1 0.432812 0.322656 0.011719 0.034375
1 0.421875 0.316406 0.011719 0.036719
1 0.406250 0.294531 0.028125 0.036719
1 0.396094 0.291406 0.026562 0.035156
1 0.385937 0.288281 0.024219 0.035156
1 0.378125 0.284375 0.024219 0.034375
1 0.370312 0.282031 0.024219 0.032031
1 0.362500 0.278906 0.024219 0.031250
1 0.353906 0.276562 0.022656 0.030469
1 0.410938 0.375781 0.026562 0.035937
1 0.400781 0.371094 0.025000 0.036719
1 0.384375 0.369531 0.010156 0.028906
1 0.391406 0.341406 0.027344 0.035156
1 0.376563 0.364844 0.009375 0.028125
1 0.368750 0.360938 0.009375 0.026562
1 0.360938 0.356250 0.008594 0.026562
1 0.353906 0.350781 0.008594 0.028906
1 0.382031 0.337500 0.024219 0.034375
1 0.373437 0.333594 0.023438 0.033594
1 0.365625 0.329688 0.022656 0.031250
2 0.595313 0.432031 0.022656 0.015625
2 0.881250 0.400781 0.055469 0.038281
2 0.831250 0.385937 0.050781 0.035156
2 0.527344 0.347656 0.008594 0.011719
2 0.578906 0.371875 0.031250 0.019531
2 0.603125 0.380469 0.032813 0.021875
2 0.628125 0.390625 0.032031 0.023438
2 0.664844 0.340625 0.032031 0.024219
2 0.694531 0.349219 0.040625 0.024219
2 0.730469 0.360156 0.040625 0.025781
2 0.713281 0.489063 0.035156 0.021875
2 0.620313 0.443750 0.025781 0.016406
2 0.515625 0.392969 0.013281 0.010156
2 0.573438 0.323437 0.018750 0.005469
2 0.593750 0.328906 0.021094 0.006250
2 0.651563 0.459375 0.025781 0.019531
1 0.819531 0.458594 0.035937 0.039062
1 0.539844 0.351562 0.016406 0.021875
2 0.757031 0.510938 0.038281 0.025000
2 0.796875 0.529687 0.042188 0.028125
2 0.839844 0.550781 0.046875 0.029687
2 0.772656 0.446094 0.043750 0.035156
1 0.727344 0.421875 0.021875 0.034375
1 0.713281 0.419531 0.021094 0.028125
1 0.699219 0.411719 0.013281 0.032031
1 0.716406 0.395313 0.021094 0.033594
1 0.686719 0.384375 0.008594 0.028125
1 0.683594 0.409375 0.007031 0.021094
1 0.667188 0.403125 0.012500 0.023438
1 0.656250 0.396094 0.014844 0.029687
1 0.670312 0.380469 0.014063 0.030469
1 0.543750 0.278125 0.016406 0.014063
1 0.538281 0.275781 0.010937 0.011719
1 0.528125 0.274219 0.014844 0.011719
1 0.519531 0.271875 0.013281 0.013281
1 0.562500 0.253906 0.016406 0.004687
1 0.648438 0.275781 0.018750 0.016406
1 0.633594 0.273438 0.012500 0.017969
1 0.610938 0.268750 0.010937 0.014844
1 0.621875 0.271094 0.011719 0.016406
1 0.628125 0.234375 0.017188 0.004687
1 0.600781 0.267188 0.010156 0.015625
1 0.590625 0.265625 0.010156 0.015625
1 0.580469 0.263281 0.009375 0.015625
2 0.953125 0.655469 0.085156 0.078906
