2 0.121094 0.830469 0.071094 0.103125
2 0.047656 0.713281 0.094531 0.116406
2 0.028906 0.801562 0.057813 0.156250
2 0.167969 0.643750 0.025781 0.044531
2 0.082031 0.546875 0.103125 0.044531
2 0.063281 0.586719 0.119531 0.078125
2 0.103125 0.981250 0.039844 0.035156
1 0.134375 0.632031 0.019531 0.020313
1 0.130469 0.625000 0.022656 0.021875
1 0.144531 0.607812 0.022656 0.021094
1 0.144531 0.594531 0.021094 0.017969
1 0.149219 0.600000 0.021875 0.014844
2 0.084375 0.790625 0.084375 0.094531
1 0.025781 0.920312 0.051562 0.143750
1 0.032813 0.956250 0.064844 0.085156
1 0.064844 0.917969 0.025781 0.107031
1 0.074219 0.869531 0.028906 0.096094
1 0.045312 0.857031 0.041406 0.106250
1 0.022656 0.478906 0.044531 0.083594
1 0.031250 0.461719 0.061719 0.071094
1 0.073438 0.442969 0.017969 0.060156
1 0.062500 0.451562 0.021094 0.064844
1 0.032031 0.396094 0.063281 0.068750
1 0.036719 0.388281 0.073438 0.059375
1 0.041406 0.383594 0.082812 0.055469
1 0.057813 0.378906 0.066406 0.053125
1 0.082031 0.434375 0.016406 0.055469
1 0.090625 0.427344 0.014844 0.053125
1 0.097656 0.420312 0.014063 0.050000
1 0.098437 0.392969 0.023438 0.045312
1 0.103125 0.388281 0.034375 0.040625
1 0.105469 0.384375 0.039844 0.039844
1 0.107031 0.382031 0.043750 0.038281
1 0.109375 0.378906 0.046094 0.035156
1 0.114062 0.375781 0.044531 0.035156
1 0.118750 0.373437 0.041406 0.032031
1 0.102344 0.511719 0.047656 0.045312
1 0.111719 0.501563 0.050781 0.039844
1 0.137500 0.492969 0.007031 0.039844
1 0.114062 0.461719 0.042969 0.046094
1 0.139844 0.485938 0.007031 0.038281
1 0.143750 0.478906 0.007031 0.035937
1 0.146875 0.472656 0.007031 0.034375
1 0.149219 0.466406 0.007031 0.033594
1 0.130469 0.452344 0.017969 0.038281
1 0.123438 0.446875 0.038281 0.035937
1 0.125000 0.441406 0.041406 0.035156
2 0.503906 0.624219 0.046094 0.048438
2 0.954688 0.736719 0.089844 0.131250
2 0.857031 0.675781 0.144531 0.131250
2 0.430469 0.492969 0.028906 0.024219
2 0.478906 0.538281 0.042969 0.035937
2 0.503125 0.556250 0.047656 0.039844
2 0.527344 0.581250 0.053906 0.045312
2 0.567969 0.507812 0.063281 0.043750
2 0.604688 0.528906 0.071094 0.053125
2 0.650000 0.561719 0.071094 0.064062
2 0.645312 0.790625 0.078125 0.101562
2 0.528125 0.650781 0.050781 0.055469
2 0.435156 0.544531 0.032813 0.028906
2 0.476562 0.457813 0.046094 0.026562
2 0.494531 0.468750 0.050000 0.029687
2 0.563281 0.696094 0.059375 0.069531
1 0.841406 0.843750 0.090625 0.129688
1 0.446094 0.501563 0.017969 0.030469
2 0.721094 0.878906 0.097656 0.138281
2 0.803906 0.940625 0.121094 0.116406
2 0.871875 0.990625 0.023438 0.017969
2 0.740625 0.775781 0.103906 0.098437
1 0.655469 0.678125 0.042969 0.075000
1 0.634375 0.666406 0.042188 0.055469
1 0.605469 0.642969 0.021094 0.064062
1 0.636719 0.622656 0.042969 0.065625
1 0.592969 0.589063 0.037500 0.056250
1 0.592187 0.628906 0.037500 0.048438
1 0.566406 0.615625 0.014844 0.045312
1 0.553125 0.599219 0.014063 0.050000
1 0.575781 0.577344 0.032031 0.053125
1 0.461719 0.438281 0.024219 0.028906
1 0.454688 0.435937 0.022656 0.030469
1 0.439844 0.433594 0.006250 0.025000
1 0.446094 0.409375 0.018750 0.028125
1 0.434375 0.430469 0.005469 0.025000
1 0.428906 0.427344 0.005469 0.025000
1 0.423438 0.424219 0.005469 0.023438
1 0.418750 0.420312 0.004687 0.024219
1 0.441406 0.406250 0.021875 0.026562
1 0.435156 0.403906 0.020313 0.025781
1 0.430469 0.401562 0.019531 0.025000
1 0.460938 0.362500 0.024219 0.028906
1 0.452344 0.360938 0.019531 0.028125
1 0.443750 0.359375 0.016406 0.026562
1 0.440625 0.358594 0.021875 0.025781
1 0.435156 0.357031 0.021094 0.025000
1 0.429688 0.355469 0.020313 0.024219
1 0.424219 0.353906 0.019531 0.023438
1 0.541406 0.394531 0.033594 0.040625
1 0.528125 0.390625 0.030469 0.039062
1 0.496875 0.385937 0.010156 0.033594
1 0.507812 0.389062 0.010156 0.034375
1 0.517969 0.355469 0.030469 0.035156
1 0.505469 0.353906 0.027344 0.034375
1 0.495312 0.352344 0.024219 0.032031
1 0.485156 0.350781 0.022656 0.031250
1 0.487500 0.383594 0.008594 0.031250
1 0.478125 0.381250 0.007812 0.030469
1 0.470313 0.378125 0.007812 0.030469
