2 0.423438 0.691406 0.057031 0.053906
2 0.831250 0.475781 0.088281 0.030469
2 0.778125 0.475781 0.083594 0.031250
2 0.186719 0.606250 0.088281 0.045312
2 0.364063 0.605469 0.067187 0.046094
2 0.421875 0.600781 0.059375 0.044531
2 0.478906 0.601562 0.046875 0.050781
2 0.541406 0.482031 0.050000 0.035156
2 0.590625 0.481250 0.063281 0.031250
2 0.650000 0.482031 0.067969 0.029687
2 0.646875 0.686719 0.066406 0.050781
2 0.476562 0.689844 0.052344 0.051562
2 0.200781 0.699219 0.083594 0.055469
2 0.351562 0.488281 0.064844 0.036719
2 0.400781 0.486719 0.057813 0.036719
2 0.545312 0.690625 0.057031 0.053125
1 0.775781 0.582031 0.046094 0.053125
1 0.255469 0.596094 0.049219 0.056250
2 0.708594 0.685156 0.071875 0.050000
2 0.767188 0.689063 0.060156 0.036719
2 0.815625 0.684375 0.063281 0.041406
2 0.714844 0.591406 0.073438 0.039844
1 0.657031 0.582031 0.024219 0.053906
1 0.630469 0.583594 0.032031 0.053906
1 0.609375 0.583594 0.030469 0.054688
1 0.631250 0.546875 0.033594 0.053125
1 0.581250 0.548438 0.028125 0.051562
1 0.582812 0.593750 0.022656 0.036719
1 0.560937 0.593750 0.022656 0.036719
1 0.537500 0.585938 0.025781 0.054688
1 0.559375 0.548438 0.027344 0.053125
1 0.296875 0.474219 0.035156 0.050781
1 0.273438 0.475781 0.039844 0.050781
1 0.242188 0.480469 0.028125 0.040625
1 0.247656 0.435156 0.046094 0.048438
1 0.217188 0.480469 0.028906 0.040625
1 0.192188 0.481250 0.028906 0.041406
1 0.167187 0.481250 0.029687 0.040625
1 0.142187 0.478125 0.029687 0.050000
1 0.221094 0.435156 0.044531 0.048438
1 0.196875 0.435937 0.047656 0.049219
1 0.170313 0.435937 0.046094 0.048438
1 0.288281 0.347656 0.035156 0.045312
1 0.258594 0.347656 0.028906 0.045312
1 0.232813 0.347656 0.029687 0.045312
1 0.206250 0.347656 0.030469 0.045312
1 0.179688 0.347656 0.030469 0.045312
1 0.153906 0.347656 0.031250 0.045312
1 0.127344 0.347656 0.032031 0.045312
1 0.496094 0.364844 0.024219 0.044531
1 0.471094 0.364844 0.025000 0.044531
1 0.421094 0.365625 0.025781 0.043750
1 0.446094 0.365625 0.025000 0.043750
1 0.446094 0.320312 0.027344 0.044531
1 0.420312 0.320312 0.025781 0.044531
1 0.394531 0.320312 0.026562 0.044531
1 0.368750 0.320312 0.026562 0.044531
1 0.396094 0.365625 0.026562 0.043750
1 0.371094 0.365625 0.026562 0.043750
1 0.346094 0.364844 0.026562 0.044531
