2 0.392188 0.714844 0.084375 0.070312
2 0.817969 0.421094 0.056250 0.021875
2 0.767188 0.417969 0.082031 0.023438
2 0.545312 0.403125 0.075000 0.025781
2 0.610938 0.407813 0.057031 0.023438
2 0.667969 0.411719 0.057031 0.021875
2 0.022656 0.766406 0.045312 0.060156
2 0.284375 0.379688 0.091406 0.039062
2 0.366406 0.385937 0.075781 0.035156
2 0.554688 0.689063 0.083594 0.057031
1 0.804688 0.532031 0.049219 0.039844
1 0.203125 0.578906 0.031250 0.024219
1 0.167187 0.582031 0.036719 0.028125
1 0.146094 0.573438 0.037500 0.039844
1 0.067187 0.588281 0.046094 0.028125
1 0.113281 0.581250 0.036719 0.025781
2 0.725000 0.660156 0.082812 0.039062
2 0.633594 0.678125 0.083594 0.044531
2 0.778906 0.655469 0.059375 0.030469
2 0.818750 0.648438 0.054688 0.028125
2 0.474219 0.565625 0.075000 0.038281
1 0.772656 0.534375 0.017969 0.042969
1 0.742188 0.535156 0.042188 0.044531
1 0.722656 0.535937 0.045312 0.045312
1 0.741406 0.492969 0.046094 0.041406
1 0.600000 0.493750 0.023438 0.049219
1 0.600781 0.543750 0.024219 0.050000
1 0.575781 0.544531 0.025000 0.050781
1 0.543750 0.544531 0.038281 0.054688
1 0.567969 0.494531 0.041406 0.050000
1 0.497656 0.239063 0.029687 0.054688
1 0.467187 0.232813 0.030469 0.056250
1 0.402344 0.219531 0.034375 0.059375
1 0.435156 0.226562 0.032031 0.058594
1 0.435156 0.172656 0.032031 0.064062
1 0.401562 0.163281 0.033594 0.065625
1 0.366406 0.154688 0.035156 0.068750
1 0.329688 0.145313 0.037500 0.070312
1 0.366406 0.211719 0.035156 0.060937
1 0.329688 0.203906 0.037500 0.061719
1 0.290625 0.196094 0.039844 0.065625
1 0.196094 0.146875 0.060156 0.074219
1 0.139844 0.135156 0.050781 0.074219
1 0.088281 0.122656 0.053125 0.076563
1 0.032813 0.110156 0.057031 0.079687
1 0.002344 0.103125 0.004687 0.069531
1 0.195312 0.356250 0.064062 0.071094
1 0.138281 0.351562 0.050781 0.073438
1 0.085938 0.346875 0.053125 0.074219
1 0.101562 0.277344 0.085156 0.080469
1 0.031250 0.342187 0.057031 0.076563
1 0.001563 0.340625 0.002344 0.073438
1 0.030469 0.268750 0.057031 0.081250
1 0.000781 0.265625 0.001563 0.075000
2 0.595313 0.456250 0.032813 0.010156
2 0.571094 0.455469 0.034375 0.010156
2 0.223438 0.525781 0.051562 0.013281
2 0.346875 0.523438 0.036719 0.013281
2 0.383594 0.521875 0.033594 0.011719
2 0.417187 0.521094 0.028906 0.010937
2 0.451562 0.453125 0.026562 0.009375
2 0.479687 0.453906 0.028906 0.009375
2 0.509375 0.454688 0.030469 0.009375
2 0.342969 0.449219 0.031250 0.010937
2 0.372656 0.450000 0.028906 0.010937
1 0.275781 0.517188 0.028125 0.025000
1 0.512500 0.512500 0.005469 0.021094
1 0.503125 0.513281 0.010937 0.020313
1 0.489844 0.513281 0.014844 0.021875
1 0.500781 0.491406 0.015625 0.020313
1 0.475781 0.491406 0.011719 0.020313
1 0.475781 0.513281 0.011719 0.021094
1 0.464062 0.513281 0.011719 0.021094
1 0.450000 0.514062 0.014844 0.021875
1 0.462500 0.492188 0.014844 0.021094
1 0.308594 0.441406 0.017969 0.025000
1 0.291406 0.440625 0.015625 0.024219
1 0.275000 0.440625 0.016406 0.025000
1 0.263281 0.439844 0.005469 0.024219
1 0.245312 0.439063 0.007812 0.025000
1 0.221094 0.438281 0.012500 0.025000
1 0.205469 0.437500 0.017969 0.026562
1 0.309375 0.361719 0.017969 0.017969
1 0.292187 0.360156 0.016406 0.018750
1 0.275781 0.358594 0.015625 0.017969
1 0.264062 0.355469 0.007031 0.013281
1 0.245312 0.353906 0.007812 0.013281
1 0.427344 0.385156 0.013281 0.021875
1 0.414062 0.384375 0.012500 0.021875
1 0.386719 0.378906 0.013281 0.016406
1 0.400781 0.383594 0.013281 0.021875
1 0.400781 0.360938 0.013281 0.023438
1 0.386719 0.359375 0.013281 0.025000
1 0.372656 0.357031 0.013281 0.024219
1 0.357812 0.356250 0.014063 0.025000
1 0.372656 0.378125 0.013281 0.016406
1 0.358594 0.375781 0.013281 0.016406
1 0.343750 0.375781 0.014844 0.017969
