3 0.318750 0.509375 0.043750 0.106250
2 0.219531 0.687500 0.006250 0.044531
2 0.167969 0.962500 0.097656 0.072656
2 0.174219 0.884375 0.082031 0.214844
2 0.203906 0.524219 0.002344 0.022656
2 0.208594 0.605469 0.002344 0.024219
2 0.210938 0.642969 0.006250 0.041406
2 0.200781 0.560937 0.022656 0.042188
2 0.200000 0.595313 0.014844 0.060937
2 0.190625 0.662500 0.007812 0.058594
2 0.213281 0.583594 0.003125 0.026562
2 0.194531 0.486719 0.006250 0.020313
2 0.193750 0.503906 0.008594 0.029687
1 0.192969 0.715625 0.011719 0.005469
1 0.150781 0.425000 0.053906 0.053906
1 0.153125 0.414844 0.050781 0.040625
1 0.148438 0.373437 0.047656 0.046875
1 0.178906 0.372656 0.003125 0.025781
1 0.178906 0.371875 0.003906 0.030469
1 0.178906 0.370312 0.003906 0.027344
1 0.190625 0.459375 0.002344 0.012500
1 0.190625 0.458594 0.002344 0.012500
2 0.480469 0.562500 0.037500 0.032031
2 0.746094 0.559375 0.079687 0.067187
2 0.688281 0.531250 0.076563 0.053906
2 0.525781 0.460938 0.046094 0.026562
2 0.550781 0.471875 0.049219 0.030469
2 0.582812 0.487500 0.052344 0.034375
2 0.421875 0.511719 0.028906 0.021094
2 0.457031 0.432031 0.037500 0.019531
2 0.471875 0.438281 0.039062 0.021094
2 0.525000 0.605469 0.043750 0.041406
1 0.728125 0.669531 0.052344 0.072656
1 0.450000 0.484375 0.008594 0.008594
1 0.442188 0.482812 0.010937 0.008594
1 0.442969 0.475000 0.009375 0.007812
1 0.432812 0.474219 0.009375 0.007812
1 0.437500 0.475781 0.005469 0.006250
2 0.622656 0.696875 0.055469 0.061719
2 0.560937 0.640625 0.050000 0.043750
2 0.669531 0.736719 0.067969 0.073438
2 0.720313 0.780469 0.074219 0.099219
2 0.496094 0.523438 0.038281 0.029687
1 0.671094 0.626563 0.037500 0.061719
1 0.650781 0.619531 0.035156 0.046094
1 0.625781 0.601562 0.019531 0.053906
1 0.653125 0.580469 0.035937 0.055469
1 0.545312 0.517188 0.026562 0.040625
1 0.544531 0.546875 0.026562 0.034375
1 0.525781 0.539844 0.010937 0.030469
1 0.516406 0.530469 0.009375 0.034375
1 0.534375 0.510938 0.025781 0.037500
1 0.507031 0.376563 0.024219 0.029687
1 0.497656 0.375781 0.022656 0.028906
1 0.472656 0.372656 0.007812 0.024219
1 0.480469 0.374219 0.008594 0.026562
1 0.487500 0.348438 0.022656 0.026562
1 0.477344 0.347656 0.015625 0.025781
1 0.472656 0.346875 0.022656 0.025781
1 0.463281 0.345313 0.017969 0.024219
1 0.465625 0.371094 0.007812 0.023438
1 0.457813 0.369531 0.007812 0.024219
1 0.452344 0.367188 0.006250 0.024219
1 0.443750 0.355469 0.019531 0.022656
1 0.437500 0.354687 0.019531 0.022656
1 0.428906 0.353125 0.014063 0.021094
1 0.424219 0.352344 0.014844 0.021094
1 0.420312 0.351562 0.014844 0.020313
1 0.415625 0.351562 0.017188 0.020313
1 0.410156 0.350781 0.014063 0.020313
1 0.444531 0.417969 0.019531 0.023438
1 0.439063 0.415625 0.017969 0.023438
1 0.427344 0.415625 0.005469 0.020313
1 0.431250 0.395313 0.015625 0.022656
1 0.421875 0.413281 0.005469 0.020313
1 0.416406 0.410938 0.005469 0.019531
1 0.411719 0.409375 0.003906 0.020313
1 0.407813 0.405469 0.003906 0.020313
1 0.426563 0.392969 0.017188 0.022656
1 0.421094 0.391406 0.014844 0.021094
1 0.417969 0.389062 0.017188 0.021094
2 0.619531 0.493750 0.022656 0.010937
2 0.856250 0.455469 0.053125 0.026562
2 0.812500 0.444531 0.050000 0.023438
2 0.548438 0.432031 0.022656 0.012500
2 0.597656 0.449219 0.027344 0.014063
2 0.619531 0.455469 0.028906 0.014844
2 0.639844 0.463281 0.028906 0.017969
2 0.670312 0.415625 0.034375 0.014844
2 0.694531 0.421094 0.037500 0.017188
2 0.724219 0.428125 0.037500 0.017969
2 0.638281 0.503906 0.027344 0.014844
2 0.597656 0.400781 0.027344 0.011719
2 0.614062 0.405469 0.029687 0.012500
2 0.656250 0.510938 0.012500 0.005469
1 0.812500 0.513281 0.024219 0.032813
1 0.565625 0.434375 0.014844 0.017969
2 0.810937 0.583594 0.012500 0.022656
2 0.834375 0.594531 0.052344 0.040625
2 0.766406 0.508594 0.043750 0.021094
1 0.724219 0.485156 0.021094 0.027344
1 0.710938 0.483594 0.017969 0.022656
1 0.697656 0.477344 0.012500 0.025781
1 0.712500 0.469531 0.019531 0.012500
1 0.686719 0.460938 0.017969 0.010937
1 0.685937 0.474219 0.017969 0.022656
1 0.671094 0.471094 0.010937 0.021094
1 0.661719 0.465625 0.010937 0.023438
1 0.672656 0.457813 0.010937 0.010937
1 0.582812 0.392188 0.014844 0.017969
1 0.575781 0.390625 0.012500 0.015625
1 0.565625 0.390625 0.006250 0.015625
1 0.569531 0.375000 0.014063 0.015625
1 0.559375 0.389062 0.005469 0.014844
1 0.552344 0.388281 0.005469 0.014844
1 0.547656 0.386719 0.005469 0.014063
1 0.542188 0.384375 0.005469 0.015625
1 0.562500 0.374219 0.012500 0.015625
1 0.556250 0.372656 0.012500 0.015625
1 0.550781 0.371875 0.011719 0.015625
1 0.585156 0.344531 0.014844 0.017188
1 0.574219 0.344531 0.007812 0.015625
1 0.571875 0.342969 0.014063 0.015625
1 0.560937 0.342969 0.007812 0.015625
1 0.557813 0.342187 0.011719 0.015625
1 0.550000 0.341406 0.008594 0.014844
1 0.544531 0.341406 0.008594 0.014844
1 0.653906 0.357812 0.017969 0.020313
1 0.643750 0.357031 0.017188 0.020313
1 0.621875 0.355469 0.007812 0.017188
1 0.632812 0.357031 0.003906 0.017969
1 0.638281 0.337500 0.012500 0.017969
1 0.622656 0.337500 0.007812 0.017188
1 0.615625 0.336719 0.011719 0.017969
1 0.607812 0.336719 0.011719 0.017969
1 0.614062 0.354687 0.008594 0.015625
1 0.605469 0.353906 0.008594 0.015625
1 0.597656 0.352344 0.008594 0.017188
2 0.502344 0.939063 0.096094 0.119531
2 0.915625 0.671094 0.071094 0.064844
