3 0.094531 0.682813 0.180469 0.244531
2 0.443750 0.582031 0.055469 0.059375
2 0.928906 0.517969 0.122656 0.085156
2 0.842187 0.499219 0.106250 0.078906
2 0.544531 0.435937 0.057813 0.062500
2 0.596875 0.446875 0.064062 0.061719
2 0.665625 0.464844 0.069531 0.057813
2 0.292969 0.528906 0.056250 0.049219
2 0.380469 0.403906 0.061719 0.052344
2 0.419531 0.412500 0.061719 0.053906
2 0.542969 0.621094 0.053906 0.069531
1 0.875781 0.629687 0.062500 0.085156
1 0.359375 0.479687 0.015625 0.019531
1 0.344531 0.480469 0.014844 0.020313
1 0.339844 0.468750 0.015625 0.024219
1 0.314063 0.467187 0.015625 0.017969
1 0.330469 0.466406 0.015625 0.017969
2 0.720313 0.683594 0.065625 0.084375
2 0.612500 0.645312 0.053906 0.075781
2 0.786719 0.710938 0.071094 0.080469
2 0.855469 0.732812 0.082812 0.090625
2 0.482812 0.527344 0.049219 0.065625
1 0.800000 0.604688 0.038281 0.073438
1 0.769531 0.593750 0.037500 0.076563
1 0.738281 0.585938 0.040625 0.075781
1 0.775781 0.561719 0.046875 0.070312
1 0.584375 0.510156 0.027344 0.058594
1 0.582812 0.543750 0.026562 0.059375
1 0.559375 0.547656 0.022656 0.038281
1 0.537500 0.528125 0.023438 0.062500
1 0.562500 0.505469 0.026562 0.057813
1 0.502344 0.312500 0.032813 0.058594
1 0.478906 0.308594 0.032813 0.057813
1 0.429688 0.308594 0.023438 0.044531
1 0.450781 0.311719 0.023438 0.044531
1 0.456250 0.263281 0.035937 0.053906
1 0.433594 0.260937 0.035156 0.053906
1 0.411719 0.259375 0.035937 0.052344
1 0.391406 0.256250 0.035937 0.050781
1 0.408594 0.305469 0.023438 0.042188
1 0.387500 0.302344 0.022656 0.041406
1 0.368750 0.294531 0.022656 0.052344
1 0.332813 0.274219 0.041406 0.050000
1 0.310937 0.271094 0.037500 0.049219
1 0.294531 0.268750 0.037500 0.047656
1 0.277344 0.265625 0.037500 0.046875
1 0.260937 0.264062 0.035937 0.047656
1 0.245312 0.262500 0.037500 0.046094
1 0.229687 0.260937 0.038281 0.044531
1 0.342969 0.381250 0.037500 0.052344
1 0.325781 0.378125 0.034375 0.050000
1 0.301563 0.381250 0.020313 0.035156
1 0.305469 0.341406 0.039062 0.049219
1 0.285938 0.378125 0.020313 0.035156
1 0.271094 0.374219 0.020313 0.034375
1 0.255469 0.371094 0.019531 0.034375
1 0.240625 0.364063 0.019531 0.040625
1 0.288281 0.339062 0.035937 0.047656
1 0.271875 0.335938 0.035156 0.047656
1 0.257031 0.332813 0.035156 0.046875
2 0.527344 0.389062 0.025781 0.024219
2 0.775000 0.305469 0.039062 0.023438
2 0.735938 0.300781 0.041406 0.023438
2 0.517969 0.340625 0.002344 0.003906
2 0.589844 0.287500 0.028906 0.021094
2 0.617188 0.289062 0.032813 0.021094
2 0.652344 0.294531 0.034375 0.020313
2 0.642188 0.413281 0.029687 0.026562
2 0.550781 0.393750 0.029687 0.023438
2 0.427344 0.369531 0.029687 0.020313
2 0.496094 0.275781 0.027344 0.014844
2 0.519531 0.279687 0.028906 0.019531
2 0.585156 0.401562 0.029687 0.024219
1 0.728125 0.364063 0.015625 0.026562
2 0.681250 0.419531 0.032813 0.028906
2 0.710938 0.425781 0.025781 0.026562
2 0.748437 0.434375 0.035156 0.029687
1 0.650781 0.340625 0.012500 0.005469
1 0.625781 0.337500 0.012500 0.003906
1 0.639062 0.328906 0.014844 0.025781
1 0.610156 0.324219 0.014063 0.025781
1 0.585938 0.330469 0.010937 0.003906
1 0.597656 0.322656 0.012500 0.024219
1 0.475781 0.266406 0.005469 0.024219
1 0.471094 0.203125 0.014063 0.025781
1 0.460156 0.202344 0.014063 0.025781
1 0.449219 0.201563 0.015625 0.024219
1 0.439063 0.200781 0.017188 0.023438
1 0.428906 0.200000 0.014844 0.023438
1 0.418750 0.200000 0.015625 0.023438
1 0.407813 0.199219 0.014063 0.023438
1 0.567187 0.218750 0.014063 0.026562
1 0.556250 0.217188 0.014844 0.026562
1 0.532813 0.217188 0.007812 0.022656
1 0.542188 0.217969 0.012500 0.023438
1 0.544531 0.193750 0.014844 0.025781
1 0.534375 0.192188 0.011719 0.025781
1 0.520312 0.192188 0.003906 0.024219
1 0.505469 0.191406 0.008594 0.025781
1 0.519531 0.216406 0.005469 0.022656
1 0.505469 0.216406 0.008594 0.022656
1 0.496094 0.213281 0.010937 0.024219
