2 0.046875 0.754687 0.026562 0.066406
1 0.007812 0.794531 0.015625 0.032813
1 0.003125 0.773438 0.005469 0.019531
1 0.011719 0.751563 0.023438 0.039844
1 0.006250 0.717969 0.012500 0.020313
1 0.014063 0.728906 0.024219 0.024219
2 0.484375 0.606250 0.050781 0.059375
2 0.977344 0.707031 0.043750 0.109375
2 0.903906 0.668750 0.128906 0.139844
2 0.377344 0.461719 0.040625 0.035156
2 0.450000 0.518750 0.050781 0.049219
2 0.483594 0.539062 0.053906 0.054688
2 0.517188 0.566406 0.057031 0.063281
2 0.570312 0.493750 0.064844 0.061719
2 0.617188 0.518750 0.074219 0.071094
2 0.680469 0.557031 0.078906 0.078125
2 0.661719 0.764844 0.072656 0.107031
2 0.517188 0.634375 0.054688 0.067969
2 0.383594 0.519531 0.040625 0.039062
2 0.443750 0.432031 0.053906 0.041406
2 0.470313 0.446094 0.056250 0.046094
2 0.564063 0.679688 0.060937 0.079687
1 0.871875 0.805469 0.083594 0.119531
1 0.401562 0.474219 0.024219 0.039844
2 0.740625 0.835938 0.079687 0.132031
2 0.824219 0.906250 0.096094 0.160156
2 0.922656 0.947656 0.108594 0.103125
2 0.766406 0.739844 0.088281 0.121875
1 0.678125 0.664062 0.040625 0.081250
1 0.652344 0.655469 0.038281 0.060156
1 0.625000 0.630469 0.028906 0.073438
1 0.656250 0.615625 0.038281 0.069531
1 0.603125 0.580469 0.035937 0.060937
1 0.601562 0.616406 0.035937 0.055469
1 0.574219 0.607031 0.020313 0.045312
1 0.556250 0.584375 0.020313 0.063281
1 0.581250 0.567969 0.030469 0.059375
1 0.420312 0.407031 0.028906 0.041406
1 0.409375 0.401562 0.027344 0.040625
1 0.391406 0.400781 0.010156 0.030469
1 0.398438 0.369531 0.028906 0.038281
1 0.382031 0.395313 0.010156 0.029687
1 0.372656 0.391406 0.010156 0.028906
1 0.364063 0.386719 0.010156 0.028906
1 0.356250 0.380469 0.009375 0.031250
1 0.387500 0.365625 0.025781 0.036719
1 0.378125 0.361719 0.025781 0.035937
1 0.370312 0.357812 0.025781 0.034375
1 0.416406 0.317969 0.030469 0.039844
1 0.404687 0.314063 0.028906 0.038281
1 0.394531 0.311719 0.028906 0.036719
1 0.384375 0.308594 0.027344 0.035937
1 0.374219 0.306250 0.025781 0.034375
1 0.366406 0.303125 0.026562 0.034375
1 0.357031 0.300781 0.025000 0.033594
1 0.535937 0.369531 0.035937 0.050781
1 0.517188 0.364063 0.033594 0.051562
1 0.476562 0.357031 0.014844 0.039844
1 0.492188 0.362500 0.015625 0.041406
1 0.501563 0.321875 0.034375 0.046875
1 0.485156 0.317969 0.032031 0.046094
1 0.470313 0.314063 0.033594 0.044531
1 0.455469 0.310156 0.031250 0.042969
1 0.461719 0.351562 0.014844 0.039062
1 0.448437 0.346875 0.013281 0.036719
1 0.435937 0.340625 0.013281 0.040625
