3 0.081250 0.560156 0.143750 0.250000
2 0.449219 0.600781 0.069531 0.077344
2 0.562500 0.421094 0.097656 0.075781
2 0.636719 0.449219 0.115625 0.091406
2 0.749219 0.496094 0.135937 0.111719
2 0.328125 0.496094 0.052344 0.046094
2 0.390625 0.360938 0.075781 0.044531
2 0.423438 0.374219 0.080469 0.050000
2 0.556250 0.699219 0.087500 0.117188
1 0.379688 0.452344 0.014844 0.017188
1 0.363281 0.450781 0.015625 0.020313
1 0.364063 0.435937 0.017188 0.019531
1 0.344531 0.433594 0.017188 0.015625
1 0.354687 0.435937 0.011719 0.017188
2 0.842187 0.918750 0.120313 0.160938
2 0.652344 0.784375 0.102344 0.155469
2 0.942969 0.975781 0.017969 0.046094
2 0.489063 0.539844 0.082031 0.084375
1 0.967187 0.820312 0.064062 0.187500
1 0.910937 0.779687 0.096875 0.176563
1 0.971875 0.742188 0.056250 0.165625
1 0.614062 0.543750 0.055469 0.097656
1 0.610938 0.603125 0.053125 0.085156
1 0.571875 0.589844 0.030469 0.067187
1 0.544531 0.559375 0.028906 0.088281
1 0.582812 0.526563 0.050781 0.091406
1 0.510938 0.233594 0.053906 0.067187
1 0.471094 0.232813 0.025781 0.062500
1 0.426563 0.230469 0.021094 0.056250
1 0.447656 0.231250 0.023438 0.058594
1 0.460938 0.169531 0.053125 0.064062
1 0.425000 0.171094 0.022656 0.060937
1 0.404687 0.172656 0.020313 0.057813
1 0.386719 0.173437 0.020313 0.055469
1 0.407813 0.228906 0.021094 0.053125
1 0.390625 0.227344 0.019531 0.050781
1 0.374219 0.226562 0.017969 0.050781
1 0.352344 0.205469 0.043750 0.047656
1 0.325781 0.205469 0.015625 0.046094
1 0.314063 0.205469 0.014844 0.043750
1 0.303125 0.205469 0.014844 0.042188
1 0.292187 0.205469 0.012500 0.040625
1 0.282813 0.205469 0.012500 0.038281
1 0.274219 0.205469 0.012500 0.038281
1 0.362500 0.333594 0.041406 0.047656
1 0.348438 0.330469 0.037500 0.047656
1 0.325781 0.328906 0.014844 0.040625
1 0.333594 0.289062 0.037500 0.044531
1 0.314844 0.325000 0.012500 0.039062
1 0.305469 0.321875 0.012500 0.037500
1 0.296094 0.317969 0.012500 0.035937
1 0.286719 0.314063 0.011719 0.037500
1 0.321875 0.285938 0.035156 0.042188
1 0.311719 0.284375 0.034375 0.041406
1 0.301563 0.281250 0.032813 0.041406
2 0.510938 0.339844 0.034375 0.015625
2 0.587500 0.361719 0.039062 0.023438
2 0.620313 0.369531 0.040625 0.025781
2 0.651563 0.378125 0.037500 0.026562
2 0.511719 0.389062 0.032031 0.014844
2 0.694531 0.446875 0.003125 0.008594
1 0.934375 0.440625 0.053906 0.053125
1 0.533594 0.341406 0.011719 0.025781
2 0.827344 0.496875 0.025781 0.025781
2 0.903906 0.525000 0.064062 0.041406
2 0.965625 0.546094 0.067969 0.044531
2 0.861719 0.430469 0.061719 0.039062
1 0.792188 0.403906 0.027344 0.041406
1 0.772656 0.401562 0.025781 0.032813
1 0.751563 0.393750 0.024219 0.038281
1 0.777344 0.369531 0.026562 0.039062
1 0.732031 0.360156 0.025781 0.037500
1 0.728125 0.389844 0.024219 0.032813
1 0.709375 0.386719 0.019531 0.030469
1 0.693750 0.379688 0.019531 0.035937
1 0.714063 0.357812 0.024219 0.035937
1 0.544531 0.251563 0.014844 0.020313
1 0.566406 0.205469 0.020313 0.025781
1 0.553906 0.205469 0.005469 0.025781
1 0.538281 0.204687 0.008594 0.024219
1 0.528906 0.196094 0.010937 0.007812
1 0.520312 0.196875 0.006250 0.006250
1 0.499219 0.196875 0.009375 0.006250
1 0.681250 0.217969 0.024219 0.029687
1 0.662500 0.217188 0.017969 0.028906
1 0.631250 0.217188 0.015625 0.027344
1 0.646875 0.217188 0.017188 0.028906
1 0.652344 0.187500 0.023438 0.028906
1 0.633594 0.187500 0.015625 0.028906
1 0.618750 0.188281 0.015625 0.027344
1 0.604688 0.189062 0.014063 0.026562
1 0.617188 0.216406 0.014844 0.026562
1 0.603906 0.216406 0.014063 0.026562
1 0.590625 0.215625 0.012500 0.025781
