3 0.214844 0.952344 0.141406 0.093750
2 0.995313 0.774219 0.007812 0.036719
2 0.940625 0.996094 0.007031 0.006250
1 0.992969 0.868750 0.012500 0.049219
1 0.986719 0.957812 0.025781 0.082031
2 0.991406 0.715625 0.012500 0.049219
2 0.983594 0.756250 0.014844 0.055469
2 0.951562 0.930469 0.022656 0.096875
2 0.975000 0.808594 0.013281 0.070312
2 0.439844 0.638281 0.057813 0.067969
2 0.665625 0.371094 0.042969 0.024219
2 0.644531 0.378906 0.046094 0.025781
2 0.521875 0.425781 0.052344 0.039844
2 0.550781 0.413281 0.053125 0.034375
2 0.585156 0.403125 0.046094 0.030469
2 0.196875 0.794531 0.084375 0.121094
2 0.376563 0.483594 0.064844 0.060937
2 0.421875 0.466406 0.061719 0.054688
2 0.525000 0.585938 0.050781 0.053906
1 0.658594 0.439063 0.025781 0.030469
1 0.326562 0.610938 0.016406 0.028906
1 0.310156 0.625781 0.017188 0.030469
1 0.291406 0.621094 0.017188 0.039062
1 0.248438 0.653125 0.017188 0.034375
1 0.271094 0.633594 0.016406 0.030469
2 0.612500 0.534375 0.044531 0.029687
2 0.565625 0.565625 0.047656 0.035156
2 0.641406 0.519531 0.027344 0.028125
2 0.660937 0.506250 0.026562 0.025000
2 0.482812 0.539844 0.055469 0.055469
1 0.642188 0.450781 0.010156 0.031250
1 0.627344 0.456250 0.022656 0.031250
1 0.615625 0.459375 0.026562 0.036719
1 0.628125 0.429688 0.025000 0.035156
1 0.546875 0.466406 0.026562 0.044531
1 0.553125 0.500000 0.013281 0.033594
1 0.532813 0.503906 0.027344 0.040625
1 0.519531 0.507031 0.028906 0.048438
1 0.533594 0.472656 0.028906 0.045312
1 0.491406 0.334375 0.031250 0.045312
1 0.480469 0.338281 0.017969 0.046875
1 0.441406 0.349219 0.021094 0.044531
1 0.461719 0.345313 0.019531 0.042969
1 0.454688 0.303125 0.032813 0.046094
1 0.434375 0.305469 0.033594 0.048438
1 0.412500 0.308594 0.035937 0.050000
1 0.389062 0.311719 0.038281 0.053125
1 0.420312 0.353125 0.023438 0.045312
1 0.396875 0.357812 0.025781 0.046875
1 0.367188 0.358594 0.038281 0.056250
1 0.301563 0.352344 0.041406 0.061719
1 0.270313 0.357812 0.042969 0.065625
1 0.236719 0.363281 0.044531 0.069531
1 0.198437 0.369531 0.048438 0.071875
1 0.157031 0.376563 0.053906 0.076563
1 0.110937 0.383594 0.060156 0.080469
1 0.060937 0.392188 0.067969 0.085938
1 0.314844 0.488281 0.038281 0.067969
1 0.286719 0.498437 0.038281 0.071875
1 0.257031 0.518750 0.038281 0.054688
1 0.249219 0.464062 0.041406 0.073438
1 0.222656 0.531250 0.042188 0.058594
1 0.185156 0.544531 0.046875 0.060937
1 0.145313 0.558594 0.052344 0.064062
1 0.101562 0.563281 0.058594 0.090625
1 0.214062 0.474219 0.044531 0.076563
1 0.175781 0.485156 0.049219 0.081250
1 0.133594 0.497656 0.054688 0.085938
2 0.344531 0.468750 0.030469 0.026562
2 0.517969 0.321094 0.021094 0.011719
2 0.508594 0.324219 0.002344 0.008594
2 0.311719 0.428125 0.036719 0.025781
2 0.342969 0.419531 0.035156 0.020313
2 0.372656 0.411719 0.030469 0.020313
2 0.452344 0.434375 0.028906 0.020313
2 0.371875 0.457813 0.028906 0.021094
2 0.332813 0.357031 0.024219 0.016406
2 0.407031 0.448437 0.031250 0.021094
1 0.501563 0.375781 0.011719 0.011719
1 0.239844 0.428906 0.027344 0.011719
2 0.476562 0.428125 0.025781 0.014844
2 0.496094 0.421094 0.014844 0.008594
2 0.475781 0.383594 0.027344 0.011719
1 0.453906 0.389062 0.008594 0.013281
1 0.445312 0.391406 0.008594 0.014063
1 0.433594 0.393750 0.012500 0.014063
1 0.422656 0.396875 0.010156 0.013281
1 0.412500 0.399219 0.010156 0.014063
1 0.400000 0.402344 0.015625 0.014063
1 0.227344 0.328906 0.016406 0.004687
1 0.209375 0.331250 0.017188 0.005469
1 0.191406 0.333594 0.017969 0.004687
1 0.173437 0.335938 0.019531 0.005469
1 0.256250 0.286719 0.020313 0.028125
1 0.239063 0.288281 0.020313 0.028906
1 0.221875 0.289844 0.021094 0.029687
1 0.204687 0.291406 0.022656 0.030469
1 0.185156 0.292969 0.023438 0.031250
1 0.165625 0.293750 0.024219 0.032031
1 0.145313 0.296094 0.025781 0.032031
1 0.371875 0.285938 0.016406 0.024219
1 0.361719 0.287500 0.013281 0.025000
1 0.339844 0.290625 0.007812 0.021875
1 0.349219 0.289062 0.014063 0.023438
1 0.346094 0.266406 0.017188 0.025000
1 0.332813 0.266406 0.017188 0.024219
1 0.317969 0.267969 0.017188 0.025000
1 0.304688 0.268750 0.019531 0.025781
1 0.321094 0.292187 0.011719 0.023438
1 0.308594 0.293750 0.015625 0.024219
1 0.292969 0.293750 0.019531 0.028125
2 0.806250 0.603125 0.059375 0.061719
