3 0.606250 0.933594 0.199219 0.131250
2 0.985156 0.954688 0.028906 0.089063
2 0.885938 0.412500 0.059375 0.019531
2 0.900781 0.424219 0.066406 0.028906
2 0.980469 0.730469 0.038281 0.085938
2 0.969531 0.506250 0.060156 0.051562
2 0.953906 0.478125 0.064844 0.038281
2 0.948438 0.455469 0.078906 0.025781
2 0.953125 0.782031 0.092969 0.106250
1 0.868750 0.494531 0.016406 0.034375
1 0.870313 0.513281 0.010156 0.036719
1 0.892969 0.521094 0.046094 0.038281
1 0.900000 0.534375 0.049219 0.050000
1 0.897656 0.492969 0.046094 0.045312
1 0.953906 0.565625 0.047656 0.058594
1 0.931250 0.609375 0.017969 0.057031
1 0.942187 0.627344 0.020313 0.061719
1 0.971875 0.653906 0.055469 0.082031
1 0.970313 0.587500 0.058594 0.075000
2 0.847656 0.571875 0.017969 0.030469
2 0.853125 0.594531 0.012500 0.035156
2 0.925000 0.706250 0.088281 0.085156
2 0.885156 0.626563 0.057813 0.050000
2 0.449219 0.666406 0.064062 0.071094
2 0.589844 0.385937 0.030469 0.014844
2 0.578125 0.390625 0.035156 0.016406
2 0.508594 0.426563 0.050781 0.028125
2 0.527344 0.416406 0.042969 0.023438
2 0.546875 0.408594 0.036719 0.021094
2 0.185938 0.935937 0.151562 0.125781
2 0.407031 0.481250 0.075000 0.051562
2 0.438281 0.463281 0.075000 0.043750
2 0.511719 0.594531 0.049219 0.046875
1 0.589844 0.446875 0.017188 0.026562
1 0.346094 0.653125 0.026562 0.032031
1 0.333594 0.673438 0.028125 0.035156
1 0.307031 0.676562 0.028906 0.048438
1 0.259375 0.731250 0.033594 0.044531
1 0.282031 0.700000 0.030469 0.039062
2 0.565625 0.533594 0.032031 0.025781
2 0.536719 0.566406 0.042969 0.033594
2 0.582812 0.518750 0.019531 0.023438
2 0.592187 0.506250 0.017188 0.020313
2 0.483594 0.546094 0.060156 0.046094
1 0.582812 0.456250 0.004687 0.025781
1 0.569531 0.460938 0.021094 0.025781
1 0.564063 0.464062 0.022656 0.029687
1 0.570312 0.436719 0.022656 0.028906
1 0.525781 0.469531 0.023438 0.036719
1 0.533594 0.500781 0.007031 0.034375
1 0.525781 0.507031 0.007812 0.035156
1 0.507031 0.511719 0.030469 0.042969
1 0.515625 0.475781 0.028906 0.039062
1 0.499219 0.329688 0.011719 0.039062
1 0.487500 0.330469 0.011719 0.040625
1 0.460938 0.332031 0.014844 0.044531
1 0.475000 0.332031 0.013281 0.041406
1 0.474219 0.288281 0.013281 0.043750
1 0.460156 0.286719 0.014844 0.046094
1 0.443750 0.285938 0.017188 0.049219
1 0.411719 0.283594 0.047656 0.051562
1 0.445312 0.333594 0.017188 0.046875
1 0.427344 0.335156 0.018750 0.050000
1 0.393750 0.335938 0.050000 0.053906
1 0.347656 0.314063 0.033594 0.064844
1 0.315625 0.314063 0.038281 0.070312
1 0.278125 0.314063 0.046875 0.078125
1 0.232813 0.314063 0.057031 0.085156
1 0.178906 0.314063 0.069531 0.094531
1 0.111719 0.313281 0.088281 0.106250
1 0.042188 0.314063 0.084375 0.118750
1 0.342187 0.489844 0.057813 0.074219
1 0.325781 0.503125 0.036719 0.081250
1 0.292969 0.523438 0.041406 0.078906
1 0.274219 0.456250 0.069531 0.084375
1 0.253125 0.542188 0.049219 0.085938
1 0.204687 0.564063 0.060156 0.096875
1 0.147656 0.591406 0.074219 0.107031
1 0.067187 0.613281 0.111719 0.146875
1 0.232813 0.468750 0.078906 0.092969
1 0.182812 0.483594 0.088281 0.104688
1 0.124219 0.502344 0.100781 0.117969
2 0.024219 0.559375 0.047656 0.042969
2 0.308594 0.392188 0.039844 0.015625
2 0.329688 0.388281 0.028906 0.014844
2 0.365625 0.383594 0.023438 0.011719
2 0.020313 0.641406 0.011719 0.015625
2 0.186719 0.415625 0.057031 0.023438
2 0.225000 0.408594 0.052344 0.020313
1 0.413281 0.421094 0.017188 0.020313
1 0.078906 0.524219 0.014844 0.034375
2 0.392188 0.433594 0.030469 0.011719
1 0.371875 0.435937 0.009375 0.023438
1 0.362500 0.439844 0.010156 0.021875
1 0.351562 0.441406 0.014063 0.024219
1 0.360938 0.418750 0.011719 0.023438
1 0.333594 0.425781 0.021094 0.025000
1 0.339844 0.444531 0.010937 0.017969
1 0.328906 0.448437 0.011719 0.018750
1 0.315625 0.450781 0.017188 0.024219
1 0.322656 0.428125 0.022656 0.025781
1 0.135937 0.414844 0.032031 0.036719
1 0.112500 0.418750 0.030469 0.038281
1 0.085938 0.424219 0.033594 0.038281
1 0.083594 0.405469 0.028125 0.005469
1 0.056250 0.429688 0.036719 0.040625
1 0.024219 0.435156 0.039844 0.042969
1 0.005469 0.438281 0.010937 0.039844
1 0.053125 0.409375 0.031250 0.006250
1 0.020313 0.414062 0.033594 0.006250
2 0.726562 0.536719 0.049219 0.029687
