3 0.634375 0.713281 0.171094 0.543750
2 0.939844 0.718750 0.103125 0.071094
2 0.785937 0.453906 0.017969 0.011719
2 0.797656 0.450000 0.027344 0.014844
2 0.967187 0.585938 0.047656 0.041406
2 0.941406 0.571094 0.100000 0.035156
2 0.912500 0.557813 0.102344 0.026562
2 0.867188 0.427344 0.072656 0.026562
2 0.837500 0.436719 0.035937 0.020313
2 0.815625 0.442188 0.006250 0.012500
2 0.966406 0.378906 0.052344 0.049219
2 0.921094 0.397656 0.038281 0.038281
2 0.875781 0.653906 0.076563 0.042188
1 0.791406 0.520312 0.008594 0.023438
1 0.794531 0.522656 0.003125 0.025781
1 0.807813 0.523438 0.023438 0.025781
1 0.815625 0.525000 0.032031 0.028906
1 0.810937 0.497656 0.030469 0.026562
1 0.838281 0.497656 0.006250 0.035156
1 0.837500 0.533594 0.007812 0.037500
1 0.846094 0.535156 0.008594 0.038281
1 0.875781 0.536719 0.052344 0.039062
1 0.865625 0.497656 0.049219 0.039062
1 0.874219 0.287500 0.011719 0.047656
1 0.885938 0.274219 0.012500 0.050781
1 0.914844 0.242969 0.017188 0.060937
1 0.900781 0.259375 0.014063 0.055469
1 0.900781 0.214844 0.014063 0.065625
1 0.915625 0.194531 0.015625 0.072656
1 0.933594 0.171094 0.017969 0.079687
1 0.968750 0.139844 0.052344 0.099219
1 0.932813 0.223438 0.019531 0.065625
1 0.953906 0.200781 0.022656 0.074219
1 0.978906 0.172656 0.028906 0.084375
2 0.782813 0.587500 0.008594 0.015625
2 0.790625 0.594531 0.009375 0.017188
2 0.849219 0.626563 0.065625 0.027344
2 0.807813 0.604688 0.026562 0.020313
2 0.459375 0.630469 0.055469 0.034375
2 0.568750 0.462500 0.014063 0.009375
2 0.557813 0.459375 0.022656 0.010937
2 0.503906 0.449219 0.040625 0.014844
2 0.530469 0.452344 0.009375 0.012500
2 0.541406 0.455469 0.010937 0.012500
2 0.262500 0.751563 0.128906 0.096875
2 0.439844 0.427344 0.050000 0.023438
2 0.473438 0.434375 0.027344 0.020313
2 0.507031 0.603125 0.041406 0.023438
1 0.564063 0.514844 0.009375 0.019531
1 0.385937 0.556250 0.022656 0.014844
1 0.378906 0.559375 0.023438 0.015625
1 0.357031 0.555469 0.024219 0.026562
1 0.325781 0.569531 0.027344 0.020313
1 0.339062 0.563281 0.026562 0.017969
2 0.550000 0.579688 0.025781 0.014844
2 0.527344 0.592187 0.034375 0.019531
2 0.562500 0.574219 0.012500 0.012500
2 0.490625 0.537500 0.041406 0.017188
1 0.560937 0.515625 0.002344 0.019531
1 0.552344 0.516406 0.011719 0.020313
1 0.546094 0.517188 0.019531 0.021094
1 0.549219 0.496094 0.017969 0.020313
1 0.525000 0.496875 0.005469 0.025781
1 0.525000 0.522656 0.005469 0.024219
1 0.519531 0.524219 0.006250 0.026562
1 0.503125 0.524219 0.025781 0.027344
1 0.509375 0.497656 0.025781 0.026562
1 0.500781 0.355469 0.007812 0.032031
1 0.492188 0.349219 0.007812 0.032813
1 0.475000 0.337500 0.009375 0.035937
1 0.484375 0.343750 0.008594 0.034375
1 0.484375 0.312500 0.008594 0.038281
1 0.475000 0.304688 0.009375 0.041406
1 0.464062 0.296094 0.009375 0.042188
1 0.440625 0.285156 0.035156 0.046875
1 0.464062 0.328906 0.009375 0.037500
1 0.453125 0.320312 0.010937 0.040625
1 0.428906 0.311719 0.037500 0.042188
1 0.407031 0.266406 0.015625 0.052344
1 0.389062 0.252344 0.017969 0.055469
1 0.369531 0.235156 0.021094 0.061719
1 0.345313 0.215625 0.024219 0.065625
1 0.318750 0.193750 0.028906 0.074219
1 0.287500 0.167187 0.034375 0.084375
1 0.232813 0.137500 0.072656 0.093750
1 0.405469 0.404687 0.015625 0.047656
1 0.387500 0.399219 0.019531 0.050781
1 0.367188 0.392188 0.021094 0.053906
1 0.367188 0.342187 0.021094 0.060937
1 0.342969 0.384375 0.024219 0.059375
1 0.316406 0.375781 0.028906 0.064844
1 0.285156 0.365625 0.034375 0.071094
1 0.244531 0.352344 0.044531 0.080469
1 0.342969 0.330469 0.024219 0.064844
1 0.316406 0.317969 0.028906 0.072656
1 0.269531 0.301563 0.065625 0.079687
2 0.414062 0.467969 0.020313 0.006250
2 0.397656 0.466406 0.027344 0.007812
2 0.035937 0.546094 0.071094 0.021094
2 0.212500 0.532031 0.056250 0.014844
2 0.250781 0.528906 0.044531 0.012500
2 0.284375 0.525781 0.042188 0.011719
2 0.312500 0.459375 0.037500 0.010937
2 0.332813 0.462500 0.035937 0.009375
2 0.361719 0.464062 0.021094 0.008594
2 0.291406 0.578906 0.019531 0.005469
2 0.037500 0.640625 0.074219 0.037500
2 0.207813 0.449219 0.050000 0.014063
2 0.244531 0.453125 0.039062 0.012500
2 0.303906 0.574219 0.014063 0.005469
1 0.403906 0.513281 0.011719 0.015625
1 0.114062 0.529687 0.040625 0.034375
2 0.379688 0.518750 0.021094 0.007812
1 0.364063 0.514062 0.007812 0.017969
1 0.356250 0.514844 0.008594 0.019531
1 0.346094 0.515625 0.011719 0.020313
1 0.351562 0.496094 0.017969 0.017969
1 0.335938 0.496094 0.008594 0.017969
1 0.335938 0.515625 0.008594 0.019531
1 0.326562 0.516406 0.008594 0.020313
1 0.311719 0.517188 0.021094 0.021094
1 0.321875 0.496094 0.020313 0.020313
1 0.160156 0.435937 0.007812 0.029687
1 0.144531 0.434375 0.021094 0.032031
1 0.121094 0.431250 0.023438 0.032813
1 0.121094 0.400000 0.023438 0.034375
1 0.096094 0.428906 0.026562 0.035156
1 0.067969 0.425781 0.027344 0.035937
1 0.037500 0.422656 0.030469 0.038281
1 0.010937 0.418750 0.021875 0.040625
1 0.096094 0.395313 0.025781 0.037500
1 0.067969 0.390625 0.027344 0.039062
1 0.033594 0.385937 0.041406 0.041406
1 0.160938 0.345313 0.006250 0.028906
1 0.146094 0.340625 0.021094 0.035156
1 0.122656 0.334375 0.024219 0.035937
1 0.097656 0.326562 0.026562 0.038281
1 0.069531 0.318750 0.028906 0.041406
1 0.039844 0.310156 0.030469 0.043750
1 0.012500 0.302344 0.024219 0.042188
2 0.692187 0.569531 0.030469 0.012500
