2 0.462500 0.644531 0.063281 0.071875
2 0.960156 0.594531 0.078906 0.099219
2 0.307031 0.489844 0.053906 0.042969
2 0.413281 0.543750 0.064844 0.059375
2 0.459375 0.560156 0.067187 0.064844
2 0.507812 0.585938 0.066406 0.078125
2 0.578125 0.482812 0.073438 0.069531
2 0.642188 0.501563 0.085156 0.075781
2 0.734375 0.532031 0.096094 0.079687
2 0.705469 0.788281 0.080469 0.121875
2 0.507812 0.669531 0.064844 0.080469
2 0.318750 0.561719 0.055469 0.049219
2 0.403125 0.433594 0.067969 0.049219
2 0.440625 0.445312 0.069531 0.053906
2 0.572656 0.711719 0.069531 0.094531
1 0.962500 0.777344 0.073438 0.132031
1 0.342969 0.499219 0.033594 0.050781
2 0.815625 0.850781 0.103125 0.142969
2 0.924219 0.917969 0.127344 0.150781
2 0.984375 0.947656 0.030469 0.103125
2 0.846094 0.731250 0.116406 0.126562
1 0.725781 0.664062 0.041406 0.094531
1 0.690625 0.649219 0.038281 0.090625
1 0.660156 0.634375 0.038281 0.088281
1 0.696875 0.606250 0.039844 0.086719
1 0.625000 0.578125 0.037500 0.078906
1 0.621875 0.623437 0.036719 0.071094
1 0.591406 0.621094 0.028125 0.050781
1 0.566406 0.596094 0.028125 0.076563
1 0.597656 0.567969 0.036719 0.075000
1 0.367969 0.408594 0.038281 0.050781
1 0.350000 0.403906 0.032031 0.049219
1 0.328125 0.405469 0.017188 0.038281
1 0.335156 0.365625 0.039844 0.046094
1 0.314063 0.400781 0.016406 0.036719
1 0.300781 0.396875 0.016406 0.035937
1 0.288281 0.393750 0.015625 0.035156
1 0.276562 0.387500 0.014844 0.038281
1 0.319531 0.362500 0.035156 0.045312
1 0.306250 0.359375 0.035156 0.043750
1 0.293750 0.356250 0.035937 0.042969
1 0.360938 0.293750 0.042188 0.046094
1 0.339062 0.292187 0.030469 0.045312
1 0.326562 0.290625 0.035156 0.043750
1 0.313281 0.288281 0.038281 0.043750
1 0.299219 0.286719 0.037500 0.041406
1 0.285938 0.285156 0.035156 0.040625
1 0.273438 0.283594 0.035156 0.039844
1 0.532031 0.332813 0.040625 0.061719
1 0.506250 0.329688 0.039844 0.059375
1 0.451562 0.326562 0.022656 0.049219
1 0.474219 0.329688 0.023438 0.050000
1 0.482031 0.278906 0.041406 0.054688
1 0.457031 0.277344 0.037500 0.053125
1 0.435937 0.275781 0.037500 0.050781
1 0.415625 0.274219 0.036719 0.050000
1 0.430469 0.323437 0.021875 0.046875
1 0.410156 0.321094 0.021094 0.045312
1 0.391406 0.315625 0.020313 0.050000
