2 0.360156 0.842969 0.096094 0.076563
2 0.707812 0.559375 0.050781 0.018750
2 0.677344 0.555469 0.060156 0.019531
2 0.271875 0.691406 0.110156 0.041406
2 0.367969 0.684375 0.091406 0.035156
2 0.445312 0.679688 0.078906 0.031250
2 0.507031 0.528906 0.070312 0.025781
2 0.557031 0.537500 0.057031 0.023438
2 0.602344 0.543750 0.053906 0.021094
2 0.610938 0.778125 0.072656 0.041406
2 0.435937 0.823438 0.088281 0.064844
2 0.272656 0.486719 0.088281 0.045312
2 0.353125 0.500000 0.076563 0.039062
2 0.517188 0.803125 0.082031 0.054688
1 0.689063 0.653125 0.035937 0.035156
1 0.042969 0.681250 0.085938 0.087500
2 0.657031 0.767969 0.067969 0.030469
2 0.699219 0.759375 0.042969 0.026562
2 0.727344 0.753125 0.040625 0.024219
2 0.653906 0.666406 0.056250 0.015625
1 0.617188 0.656250 0.017188 0.041406
1 0.593750 0.656250 0.030469 0.042969
1 0.578906 0.657031 0.025000 0.044531
1 0.588281 0.614062 0.038281 0.041406
1 0.556250 0.613281 0.019531 0.044531
1 0.557031 0.658594 0.019531 0.045312
1 0.536719 0.659375 0.021094 0.046875
1 0.510156 0.660937 0.032031 0.049219
1 0.527344 0.612500 0.039844 0.045312
1 0.171875 0.455469 0.064844 0.075000
1 0.112500 0.444531 0.065625 0.078125
1 0.050781 0.433594 0.072656 0.082031
1 0.070312 0.364063 0.090625 0.089844
1 0.012500 0.425781 0.024219 0.078125
1 0.017188 0.350000 0.034375 0.081250
1 0.192969 0.261719 0.057031 0.073438
1 0.139844 0.240625 0.058594 0.075000
1 0.084375 0.218750 0.064844 0.078906
1 0.029687 0.196094 0.059375 0.083594
1 0.471094 0.385937 0.024219 0.046875
1 0.446094 0.376563 0.025781 0.049219
1 0.389844 0.357031 0.031250 0.053125
1 0.419531 0.367188 0.028125 0.050781
1 0.420312 0.323437 0.028125 0.055469
1 0.391406 0.311719 0.031250 0.058594
1 0.360938 0.298438 0.033594 0.060937
1 0.326562 0.284375 0.038281 0.064062
1 0.358594 0.345313 0.033594 0.055469
1 0.325000 0.333594 0.036719 0.058594
1 0.288281 0.319531 0.040625 0.061719
2 0.907031 0.738281 0.083594 0.033594
