3 0.045312 0.915625 0.090625 0.166406
2 0.425781 0.605469 0.060937 0.066406
2 0.928125 0.428125 0.117969 0.064844
2 0.853906 0.425000 0.111719 0.064844
2 0.550781 0.414062 0.057031 0.069531
2 0.613281 0.416406 0.073438 0.064062
2 0.686719 0.423438 0.083594 0.051562
2 0.213281 0.589844 0.078906 0.063281
2 0.335156 0.411719 0.077344 0.067969
2 0.389844 0.414062 0.071094 0.068750
2 0.550000 0.617969 0.056250 0.069531
1 0.875781 0.542969 0.066406 0.074219
1 0.303906 0.510156 0.014844 0.025781
1 0.287500 0.515625 0.021094 0.026562
1 0.278125 0.501563 0.021094 0.034375
1 0.241406 0.508594 0.022656 0.025781
1 0.263281 0.502344 0.021094 0.025000
2 0.730469 0.630469 0.077344 0.071094
2 0.625000 0.623437 0.064844 0.070312
2 0.796094 0.645312 0.067969 0.048438
2 0.854688 0.646875 0.072656 0.054688
2 0.478906 0.533594 0.053125 0.075781
1 0.814063 0.538281 0.037500 0.064844
1 0.782813 0.532813 0.044531 0.071094
1 0.753906 0.531250 0.048438 0.070312
1 0.789062 0.501563 0.057031 0.061719
1 0.598437 0.491406 0.028906 0.060156
1 0.595313 0.539062 0.027344 0.035937
1 0.570312 0.537500 0.026562 0.035937
1 0.544531 0.519531 0.026562 0.069531
1 0.571094 0.490625 0.030469 0.060156
1 0.497656 0.274219 0.032031 0.071875
1 0.467187 0.273438 0.034375 0.071875
1 0.404687 0.280469 0.033594 0.053906
1 0.436719 0.274219 0.036719 0.068750
1 0.435156 0.217969 0.040625 0.071094
1 0.403125 0.217969 0.041406 0.071094
1 0.372656 0.217188 0.044531 0.071094
1 0.342187 0.216406 0.046094 0.070312
1 0.374219 0.279687 0.035156 0.053906
1 0.344531 0.278906 0.035156 0.053125
1 0.314844 0.269531 0.036719 0.070312
1 0.252344 0.246875 0.061719 0.070312
1 0.218750 0.246094 0.055469 0.070312
1 0.189844 0.246094 0.057031 0.069531
1 0.160938 0.244531 0.058594 0.069531
1 0.133594 0.244531 0.061719 0.068750
1 0.104688 0.243750 0.062500 0.069531
1 0.077344 0.243750 0.065625 0.068750
1 0.278906 0.391406 0.052344 0.069531
1 0.249219 0.389844 0.046875 0.068750
1 0.217188 0.401562 0.035156 0.042969
1 0.217188 0.346094 0.060156 0.068750
1 0.191406 0.400781 0.036719 0.043750
1 0.165625 0.399219 0.037500 0.042969
1 0.139844 0.398438 0.037500 0.042969
1 0.114844 0.389062 0.038281 0.058594
1 0.186719 0.344531 0.052344 0.067969
1 0.160156 0.344531 0.055469 0.068750
1 0.134375 0.342969 0.056250 0.067969
2 0.471875 0.353125 0.029687 0.023438
2 0.714844 0.234375 0.042969 0.020313
2 0.681250 0.233594 0.042188 0.020313
2 0.537500 0.232031 0.026562 0.021875
2 0.567187 0.232813 0.032813 0.019531
2 0.601562 0.234375 0.035937 0.017969
2 0.596094 0.359375 0.032031 0.024219
2 0.499219 0.354687 0.027344 0.024219
2 0.354687 0.349219 0.035156 0.021875
2 0.464844 0.228906 0.018750 0.015625
2 0.537500 0.357031 0.028906 0.024219
1 0.676562 0.288281 0.020313 0.005469
2 0.633594 0.360156 0.032031 0.024219
2 0.664844 0.361719 0.032031 0.025000
2 0.694531 0.363281 0.034375 0.024219
1 0.603125 0.284375 0.011719 0.006250
1 0.582812 0.284375 0.001563 0.005469
1 0.576562 0.284375 0.014063 0.006250
1 0.590625 0.273438 0.016406 0.028906
1 0.560937 0.272656 0.013281 0.028906
1 0.535156 0.282813 0.012500 0.006250
1 0.547656 0.272656 0.013281 0.028906
1 0.320312 0.221094 0.007031 0.024219
1 0.329688 0.185938 0.007031 0.004687
1 0.398438 0.146094 0.019531 0.029687
1 0.383594 0.146094 0.017969 0.029687
1 0.370312 0.145313 0.017969 0.029687
1 0.357031 0.145313 0.019531 0.029687
1 0.343750 0.145313 0.019531 0.029687
1 0.330469 0.145313 0.019531 0.029687
1 0.317188 0.145313 0.020313 0.029687
1 0.510938 0.157812 0.010156 0.030469
1 0.498437 0.157812 0.014844 0.030469
1 0.470313 0.159375 0.013281 0.025781
1 0.484375 0.159375 0.013281 0.025781
1 0.484375 0.130469 0.014844 0.029687
1 0.470313 0.130469 0.015625 0.029687
1 0.456250 0.130469 0.016406 0.029687
1 0.442188 0.130469 0.016406 0.029687
1 0.456250 0.159375 0.014063 0.025781
1 0.442969 0.159375 0.014063 0.025781
1 0.428906 0.157031 0.014844 0.030469
2 0.783594 0.401562 0.031250 0.023438
