2 0.419531 0.670312 0.069531 0.064062
2 0.721094 0.414062 0.050000 0.012500
2 0.690625 0.414844 0.057813 0.012500
2 0.530469 0.422656 0.062500 0.019531
2 0.575000 0.421094 0.053906 0.017969
2 0.615625 0.419531 0.053906 0.015625
2 0.071094 0.780469 0.142187 0.115625
2 0.340625 0.428125 0.065625 0.024219
2 0.400781 0.426563 0.064844 0.023438
2 0.537500 0.634375 0.064062 0.050000
1 0.712500 0.496875 0.034375 0.032031
1 0.269531 0.584375 0.017969 0.025781
1 0.244531 0.591406 0.021094 0.027344
1 0.222656 0.584375 0.022656 0.038281
1 0.160938 0.605469 0.028906 0.029687
1 0.196094 0.593750 0.024219 0.027344
2 0.655469 0.599219 0.057813 0.029687
2 0.592187 0.621094 0.060937 0.035156
2 0.694531 0.590625 0.037500 0.026562
2 0.720313 0.582031 0.035937 0.023438
2 0.478906 0.550781 0.064844 0.043750
1 0.691406 0.502344 0.012500 0.034375
1 0.671094 0.503906 0.029687 0.035156
1 0.657031 0.505469 0.032813 0.038281
1 0.670312 0.472656 0.034375 0.035156
1 0.564063 0.485156 0.032813 0.042188
1 0.572656 0.524219 0.017188 0.039062
1 0.554688 0.527344 0.017969 0.039062
1 0.532813 0.526563 0.026562 0.049219
1 0.547656 0.487500 0.034375 0.044531
1 0.498437 0.293750 0.022656 0.046875
1 0.475781 0.290625 0.023438 0.047656
1 0.425000 0.284375 0.026562 0.050781
1 0.450781 0.287500 0.025781 0.049219
1 0.450781 0.239844 0.024219 0.052344
1 0.424219 0.234375 0.027344 0.053906
1 0.397656 0.228906 0.028906 0.056250
1 0.364844 0.224219 0.035937 0.058594
1 0.398438 0.279687 0.028906 0.050781
1 0.368750 0.275781 0.030469 0.055469
1 0.336719 0.271094 0.035156 0.056250
1 0.253906 0.235156 0.043750 0.064062
1 0.212500 0.227344 0.046094 0.065625
1 0.167969 0.220312 0.049219 0.070312
1 0.120313 0.213281 0.053125 0.073438
1 0.067969 0.203906 0.059375 0.077344
1 0.021875 0.196094 0.043750 0.077344
1 0.260156 0.412500 0.041406 0.057813
1 0.219531 0.413281 0.043750 0.060937
1 0.177344 0.414062 0.047656 0.060937
1 0.178125 0.351562 0.058594 0.062500
1 0.132031 0.415625 0.050781 0.062500
1 0.082812 0.415625 0.057813 0.065625
1 0.029687 0.415625 0.059375 0.070312
1 0.002344 0.431250 0.003906 0.039062
1 0.126562 0.350781 0.053125 0.065625
1 0.075781 0.347656 0.058594 0.070312
1 0.026562 0.346094 0.053125 0.072656
2 0.361719 0.534375 0.034375 0.020313
2 0.551562 0.409375 0.024219 0.006250
2 0.531250 0.409375 0.024219 0.006250
2 0.202344 0.492188 0.049219 0.019531
2 0.327344 0.483594 0.035156 0.015625
2 0.360938 0.479687 0.034375 0.014844
2 0.392188 0.476562 0.029687 0.014844
2 0.422656 0.412500 0.028906 0.008594
2 0.449219 0.412500 0.026562 0.008594
2 0.475781 0.412500 0.026562 0.007812
2 0.477344 0.518750 0.029687 0.015625
2 0.392188 0.530469 0.032813 0.017969
2 0.209375 0.557031 0.047656 0.024219
2 0.320312 0.414062 0.029687 0.008594
2 0.350781 0.412500 0.028906 0.007812
2 0.428906 0.525781 0.029687 0.017188
1 0.532031 0.459375 0.017188 0.017188
1 0.253906 0.481250 0.029687 0.026562
2 0.500781 0.515625 0.019531 0.011719
2 0.506250 0.467187 0.029687 0.009375
1 0.481250 0.464062 0.009375 0.021094
1 0.468750 0.465625 0.014063 0.020313
1 0.459375 0.465625 0.014063 0.021094
1 0.467969 0.452344 0.014844 0.006250
1 0.446094 0.453906 0.009375 0.007812
1 0.446875 0.467187 0.010937 0.019531
1 0.435937 0.467969 0.010937 0.019531
1 0.422656 0.467187 0.014844 0.022656
1 0.432812 0.453906 0.014844 0.006250
1 0.286719 0.407813 0.014063 0.023438
1 0.251563 0.376563 0.017969 0.014844
1 0.233594 0.376563 0.017969 0.014844
1 0.216406 0.376563 0.017969 0.014844
1 0.282813 0.332031 0.017188 0.025781
1 0.265625 0.330469 0.017188 0.025781
1 0.249219 0.329688 0.017969 0.025781
1 0.232813 0.328125 0.017969 0.026562
1 0.214062 0.327344 0.019531 0.026562
1 0.195312 0.326562 0.020313 0.027344
1 0.175781 0.315625 0.020313 0.012500
1 0.400000 0.349219 0.012500 0.022656
1 0.387500 0.348438 0.012500 0.022656
1 0.360938 0.347656 0.014063 0.022656
1 0.374219 0.348438 0.012500 0.022656
1 0.374219 0.333594 0.012500 0.007812
1 0.360938 0.332813 0.012500 0.007812
1 0.346875 0.331250 0.012500 0.007812
1 0.332813 0.330469 0.014063 0.008594
1 0.347656 0.346094 0.014063 0.022656
1 0.333594 0.345313 0.014063 0.024219
1 0.318750 0.344531 0.015625 0.023438
2 0.950000 0.674219 0.100000 0.075781
2 0.624219 0.503906 0.032813 0.012500
