2 0.912500 0.503125 0.003125 0.014844
2 0.917969 0.501563 0.007031 0.016406
2 0.951562 0.503125 0.055469 0.029687
2 0.961719 0.503906 0.035156 0.018750
2 0.964063 0.507031 0.005469 0.011719
2 0.988281 0.496094 0.022656 0.053125
2 0.971875 0.896875 0.046875 0.104688
2 0.935937 0.762500 0.008594 0.026562
2 0.953906 0.816406 0.035156 0.064844
2 0.921875 0.725000 0.003906 0.033594
2 0.919531 0.707031 0.004687 0.030469
2 0.977344 0.765625 0.044531 0.085938
1 0.938281 0.625781 0.016406 0.050781
1 0.956250 0.578906 0.053125 0.045312
1 0.980469 0.581250 0.037500 0.005469
1 0.981250 0.692969 0.036719 0.076563
1 0.980469 0.621094 0.037500 0.076563
1 0.971875 0.239844 0.007812 0.050000
1 0.980469 0.214062 0.009375 0.055469
1 0.997656 0.161719 0.003125 0.046094
1 0.990625 0.183594 0.010937 0.064844
1 0.989844 0.118750 0.011719 0.129688
1 0.996875 0.090625 0.004687 0.115625
2 0.409375 0.718750 0.065625 0.050000
2 0.614844 0.505469 0.021094 0.009375
2 0.591406 0.505469 0.037500 0.009375
2 0.083594 0.698438 0.134375 0.076563
2 0.362500 0.633594 0.074219 0.039844
2 0.410938 0.620313 0.065625 0.033594
2 0.455469 0.610938 0.057813 0.028906
2 0.490625 0.506250 0.049219 0.013281
2 0.517188 0.507031 0.044531 0.011719
2 0.552344 0.507031 0.024219 0.010937
2 0.547656 0.658594 0.044531 0.028125
2 0.450000 0.700000 0.059375 0.042969
2 0.088281 0.861719 0.132031 0.124219
2 0.355469 0.505469 0.070312 0.018750
2 0.411719 0.505469 0.040625 0.016406
2 0.495312 0.682031 0.052344 0.035937
1 0.596094 0.571094 0.022656 0.025000
1 0.222656 0.650781 0.062500 0.067969
2 0.574219 0.648438 0.041406 0.020313
2 0.599219 0.639844 0.024219 0.018750
2 0.614844 0.632031 0.022656 0.016406
2 0.576562 0.583594 0.032031 0.013281
1 0.555469 0.580469 0.009375 0.028906
1 0.541406 0.582812 0.017969 0.028906
1 0.533594 0.584375 0.013281 0.031250
1 0.537500 0.554688 0.025781 0.029687
1 0.514062 0.558594 0.025781 0.031250
1 0.521094 0.588281 0.010156 0.030469
1 0.510156 0.590625 0.011719 0.031250
1 0.489063 0.592187 0.028906 0.035937
1 0.501563 0.559375 0.028125 0.032031
1 0.298438 0.490625 0.030469 0.049219
1 0.267188 0.489063 0.032031 0.050781
1 0.232813 0.488281 0.035937 0.053125
1 0.232813 0.435156 0.035937 0.055469
1 0.193750 0.486719 0.041406 0.057031
1 0.150781 0.485938 0.046094 0.060156
1 0.101562 0.483594 0.052344 0.065625
1 0.045312 0.481250 0.060156 0.070312
1 0.194531 0.430469 0.040625 0.059375
1 0.150781 0.425781 0.046094 0.063281
1 0.101562 0.420312 0.052344 0.068750
1 0.301563 0.345313 0.029687 0.051562
1 0.270313 0.335938 0.032031 0.055469
1 0.236719 0.326562 0.035156 0.059375
1 0.198437 0.315625 0.039844 0.063281
1 0.155469 0.303906 0.044531 0.068750
1 0.107031 0.289844 0.051562 0.074219
1 0.051562 0.273438 0.058594 0.080469
1 0.471875 0.407031 0.014063 0.035156
1 0.457031 0.403906 0.014844 0.036719
1 0.423438 0.395313 0.017969 0.039062
1 0.440625 0.400000 0.016406 0.036719
1 0.440625 0.365625 0.016406 0.039844
1 0.423438 0.358594 0.017969 0.041406
1 0.404687 0.353125 0.018750 0.043750
1 0.377344 0.346094 0.035156 0.046094
1 0.404687 0.390625 0.018750 0.040625
1 0.384375 0.385937 0.020313 0.043750
1 0.355469 0.380469 0.036719 0.045312
2 0.710938 0.617969 0.036719 0.018750
