3 0.202344 0.559375 0.096094 0.176563
2 0.053125 0.987500 0.023438 0.023438
2 0.014063 0.928125 0.028125 0.115625
2 0.028906 0.987500 0.021094 0.022656
2 0.011719 0.957812 0.023438 0.082812
2 0.007812 0.758594 0.015625 0.065625
2 0.460156 0.571875 0.050000 0.052344
2 0.931250 0.592969 0.130469 0.111719
2 0.825781 0.553906 0.099219 0.092188
2 0.539844 0.447656 0.060937 0.050781
2 0.584375 0.464062 0.065625 0.056250
2 0.641406 0.489844 0.067969 0.058594
2 0.353906 0.502344 0.042188 0.037500
2 0.415625 0.403906 0.053125 0.037500
2 0.442969 0.414062 0.053906 0.040625
2 0.539062 0.626563 0.056250 0.065625
1 0.873437 0.715625 0.074219 0.103125
1 0.400781 0.468750 0.012500 0.014063
1 0.388281 0.467187 0.010937 0.015625
1 0.387500 0.457031 0.011719 0.017969
1 0.371094 0.454688 0.012500 0.014063
1 0.382031 0.455469 0.012500 0.014063
2 0.700000 0.734375 0.067969 0.100781
2 0.599219 0.668750 0.061719 0.075781
2 0.770312 0.778906 0.078906 0.115625
2 0.852344 0.832812 0.094531 0.135156
2 0.490625 0.526563 0.053906 0.055469
1 0.779687 0.662500 0.040625 0.085156
1 0.747656 0.646094 0.037500 0.082031
1 0.718750 0.630469 0.037500 0.079687
1 0.754687 0.609375 0.039062 0.078906
1 0.572656 0.523438 0.032813 0.057813
1 0.572656 0.558594 0.032031 0.050781
1 0.546875 0.553906 0.019531 0.041406
1 0.529687 0.535937 0.017188 0.056250
1 0.553125 0.514062 0.029687 0.055469
1 0.505469 0.332031 0.032813 0.046875
1 0.487500 0.328125 0.032813 0.047656
1 0.448437 0.324219 0.015625 0.038281
1 0.464062 0.327344 0.015625 0.038281
1 0.471875 0.289844 0.032813 0.043750
1 0.454688 0.286719 0.030469 0.041406
1 0.439063 0.284375 0.029687 0.040625
1 0.425000 0.282031 0.028906 0.040625
1 0.434375 0.321094 0.014844 0.035937
1 0.419531 0.317969 0.014063 0.035937
1 0.407031 0.312500 0.014063 0.038281
1 0.385937 0.294531 0.030469 0.037500
1 0.370312 0.291406 0.021094 0.035937
1 0.362500 0.289062 0.027344 0.035937
1 0.352344 0.287500 0.027344 0.034375
1 0.341406 0.285156 0.027344 0.034375
1 0.332031 0.283594 0.025781 0.032813
1 0.323437 0.282031 0.027344 0.032031
1 0.390625 0.382812 0.028906 0.040625
1 0.377344 0.378906 0.022656 0.038281
1 0.360938 0.378906 0.011719 0.029687
1 0.367969 0.347656 0.029687 0.035937
1 0.350781 0.375781 0.012500 0.029687
1 0.342187 0.371094 0.011719 0.027344
1 0.332813 0.367969 0.011719 0.027344
1 0.324219 0.362500 0.011719 0.029687
1 0.355469 0.344531 0.026562 0.035937
1 0.347656 0.342187 0.026562 0.035156
1 0.337500 0.339062 0.025781 0.032813
2 0.578125 0.430469 0.030469 0.019531
2 0.848437 0.376563 0.050000 0.029687
2 0.800781 0.368750 0.044531 0.026562
2 0.485938 0.367188 0.019531 0.005469
2 0.550781 0.387500 0.023438 0.008594
2 0.576562 0.394531 0.025781 0.007812
2 0.602344 0.401562 0.023438 0.009375
2 0.642969 0.339844 0.032813 0.020313
2 0.671094 0.344531 0.037500 0.021094
2 0.705469 0.352344 0.037500 0.020313
2 0.696094 0.474219 0.035937 0.030469
2 0.602344 0.439063 0.032031 0.021094
2 0.491406 0.403906 0.025781 0.017969
2 0.553906 0.324219 0.029687 0.015625
2 0.575000 0.328125 0.030469 0.017969
2 0.635938 0.453906 0.032813 0.027344
2 0.737500 0.488281 0.038281 0.034375
2 0.775000 0.499219 0.039062 0.032031
2 0.816406 0.510938 0.043750 0.029687
2 0.746875 0.440625 0.035937 0.009375
1 0.692187 0.379688 0.012500 0.012500
1 0.663281 0.373437 0.015625 0.012500
1 0.650781 0.370312 0.015625 0.010937
1 0.535937 0.314063 0.010937 0.022656
1 0.524219 0.312500 0.014844 0.022656
1 0.514062 0.307031 0.005469 0.005469
1 0.517969 0.293750 0.012500 0.021094
1 0.502344 0.303906 0.003906 0.003906
1 0.496094 0.303125 0.007812 0.006250
1 0.489844 0.302344 0.003125 0.003906
1 0.507812 0.290625 0.014063 0.020313
1 0.498437 0.290625 0.011719 0.021094
1 0.493750 0.289062 0.010937 0.020313
1 0.537500 0.256250 0.011719 0.021094
1 0.525000 0.255469 0.014063 0.020313
1 0.517969 0.253906 0.012500 0.021094
1 0.509375 0.253125 0.015625 0.019531
1 0.498437 0.252344 0.011719 0.020313
1 0.491406 0.251563 0.012500 0.020313
1 0.484375 0.251563 0.014844 0.020313
1 0.623437 0.273438 0.017188 0.025781
1 0.611719 0.271875 0.017188 0.024219
1 0.586719 0.271094 0.011719 0.021094
1 0.597656 0.272656 0.011719 0.022656
1 0.601562 0.250000 0.017969 0.023438
1 0.589063 0.249219 0.014844 0.023438
1 0.578906 0.247656 0.014844 0.023438
1 0.568750 0.247656 0.015625 0.022656
1 0.575000 0.270313 0.011719 0.021094
1 0.564844 0.268750 0.010937 0.020313
1 0.554688 0.265625 0.009375 0.023438
