3 0.007031 0.667188 0.014063 0.026562
2 0.185938 0.760938 0.032813 0.070312
2 0.110156 0.622656 0.124219 0.076563
2 0.076563 0.669531 0.151562 0.100781
2 0.050000 0.764062 0.099219 0.153125
2 0.208594 0.629687 0.021094 0.035156
2 0.153125 0.524219 0.075781 0.028125
2 0.142187 0.548438 0.085938 0.046094
2 0.160938 0.903125 0.038281 0.108594
1 0.186719 0.606250 0.016406 0.016406
1 0.182812 0.601562 0.017969 0.016406
1 0.193750 0.589063 0.017969 0.017969
1 0.192188 0.582812 0.014844 0.011719
1 0.197656 0.584375 0.016406 0.011719
2 0.157812 0.984375 0.008594 0.028906
2 0.164844 0.708594 0.040625 0.060937
1 0.117188 0.764062 0.048438 0.101562
1 0.113281 0.825000 0.067969 0.114844
1 0.148438 0.779687 0.012500 0.078125
1 0.153906 0.751563 0.013281 0.070312
1 0.139063 0.727344 0.020313 0.075000
1 0.104688 0.446094 0.067969 0.060937
1 0.117969 0.435937 0.064062 0.048438
1 0.156250 0.429688 0.008594 0.044531
1 0.150781 0.433594 0.010156 0.046875
1 0.119531 0.389062 0.063281 0.049219
1 0.152344 0.386719 0.009375 0.043750
1 0.157031 0.385937 0.008594 0.041406
1 0.161719 0.384375 0.007031 0.039062
1 0.161719 0.426563 0.008594 0.041406
1 0.165625 0.423438 0.007031 0.039062
1 0.169531 0.420312 0.007031 0.039062
1 0.171094 0.400781 0.013281 0.035156
1 0.173437 0.396875 0.017969 0.028125
1 0.175000 0.398438 0.021094 0.031250
1 0.175781 0.396875 0.023438 0.030469
1 0.177344 0.395313 0.025000 0.029687
1 0.178125 0.393750 0.028125 0.028906
1 0.178906 0.392969 0.030469 0.026562
1 0.168750 0.499219 0.033594 0.033594
1 0.172656 0.492188 0.037500 0.028906
1 0.192188 0.498437 0.003906 0.016406
1 0.173437 0.462500 0.033594 0.035937
1 0.194531 0.485156 0.003125 0.029687
1 0.196094 0.481250 0.003906 0.028906
1 0.197656 0.476562 0.003906 0.028125
1 0.199219 0.473438 0.003906 0.028125
1 0.189844 0.456250 0.007031 0.028906
1 0.190625 0.453906 0.009375 0.029687
1 0.191406 0.450781 0.011719 0.028906
2 0.506250 0.623437 0.041406 0.038281
2 0.890625 0.665625 0.149219 0.114844
2 0.784375 0.613281 0.115625 0.083594
2 0.439844 0.510938 0.022656 0.019531
2 0.484375 0.546094 0.038281 0.028906
2 0.505469 0.559375 0.042188 0.031250
2 0.524219 0.578906 0.046094 0.035156
2 0.560156 0.507031 0.055469 0.031250
2 0.589844 0.521875 0.061719 0.038281
2 0.629687 0.543750 0.066406 0.044531
2 0.625781 0.753125 0.068750 0.078906
2 0.527344 0.645312 0.046094 0.044531
2 0.446094 0.559375 0.030469 0.023438
2 0.482812 0.472656 0.041406 0.021094
2 0.498437 0.480469 0.044531 0.023438
2 0.557031 0.680469 0.053125 0.054688
1 0.776563 0.762500 0.070312 0.096875
1 0.456250 0.516406 0.014844 0.026562
2 0.685937 0.822656 0.080469 0.099219
2 0.754687 0.895312 0.102344 0.128125
2 0.844531 0.946875 0.130469 0.103906
2 0.701562 0.721094 0.088281 0.068750
1 0.629687 0.648438 0.032031 0.060156
1 0.615625 0.640625 0.036719 0.046875
1 0.590625 0.624219 0.016406 0.051562
1 0.617188 0.600000 0.037500 0.055469
1 0.581250 0.576562 0.033594 0.046875
1 0.580469 0.612500 0.033594 0.041406
1 0.558594 0.602344 0.012500 0.039844
1 0.546875 0.590625 0.011719 0.042969
1 0.568750 0.567969 0.032031 0.045312
1 0.470313 0.457031 0.021094 0.025000
1 0.464062 0.455469 0.020313 0.025781
1 0.450781 0.453906 0.004687 0.021875
1 0.457813 0.432031 0.020313 0.023438
1 0.445312 0.451562 0.004687 0.021875
1 0.440625 0.449219 0.004687 0.021094
1 0.435937 0.446875 0.004687 0.020313
1 0.432031 0.444531 0.003906 0.021094
1 0.452344 0.430469 0.019531 0.023438
1 0.446875 0.428125 0.017969 0.023438
1 0.442188 0.426563 0.017188 0.021875
1 0.469531 0.389062 0.021094 0.024219
1 0.460938 0.388281 0.016406 0.024219
1 0.455469 0.387500 0.014844 0.023438
1 0.445312 0.386719 0.004687 0.021094
1 0.446875 0.385937 0.017969 0.021094
1 0.436719 0.385156 0.007031 0.020313
1 0.431250 0.385156 0.004687 0.020313
1 0.537500 0.409375 0.028906 0.032031
1 0.527344 0.407813 0.028125 0.032031
1 0.500000 0.405469 0.007812 0.028125
1 0.508594 0.407031 0.008594 0.028906
1 0.516406 0.378125 0.025000 0.028906
1 0.500000 0.378125 0.007812 0.028125
1 0.491406 0.377344 0.007031 0.026562
1 0.483594 0.376563 0.007031 0.025781
1 0.491406 0.403906 0.007031 0.026562
1 0.484375 0.403125 0.007031 0.025781
1 0.477344 0.400781 0.006250 0.025781
