3 0.511719 0.739062 0.157812 0.409375
2 0.855469 0.747656 0.067187 0.079687
2 0.799219 0.447656 0.014844 0.009375
2 0.815625 0.447656 0.041406 0.010937
2 0.968750 0.900000 0.062500 0.181250
2 0.918750 0.660156 0.132812 0.085938
2 0.881250 0.617969 0.100781 0.055469
2 0.858594 0.590625 0.078906 0.037500
2 0.838281 0.455469 0.061719 0.017188
2 0.833594 0.453125 0.052344 0.012500
2 0.834375 0.453125 0.027344 0.012500
2 0.872656 0.464062 0.042188 0.028906
2 0.865625 0.460938 0.055469 0.024219
2 0.830469 0.668750 0.041406 0.047656
1 0.808594 0.526563 0.012500 0.029687
1 0.816406 0.497656 0.026562 0.027344
1 0.836719 0.503125 0.039062 0.012500
1 0.815625 0.552344 0.003906 0.032031
1 0.843750 0.557813 0.040625 0.037500
1 0.840625 0.520312 0.043750 0.042188
1 0.839063 0.325000 0.006250 0.039062
1 0.844531 0.318750 0.006250 0.041406
1 0.856250 0.302344 0.008594 0.046875
1 0.850781 0.311719 0.007812 0.044531
1 0.852344 0.267188 0.007812 0.056250
1 0.858594 0.255469 0.008594 0.062500
1 0.865625 0.242969 0.010937 0.067187
1 0.887500 0.225000 0.037500 0.082031
1 0.864062 0.292187 0.008594 0.050781
1 0.872656 0.282813 0.010937 0.056250
1 0.919531 0.268750 0.088281 0.058594
1 0.912500 0.195312 0.019531 0.082031
1 0.930469 0.169531 0.021094 0.091406
1 0.952344 0.135937 0.027344 0.108594
1 0.980469 0.092188 0.035937 0.129688
1 0.996875 0.071094 0.006250 0.090625
1 0.901563 0.445312 0.017969 0.079687
1 0.917969 0.446094 0.021094 0.088281
1 0.937500 0.448437 0.026562 0.099219
1 0.942187 0.349219 0.027344 0.105469
1 0.962500 0.449219 0.034375 0.112500
1 0.986719 0.450000 0.026562 0.125781
1 0.968750 0.336719 0.035156 0.122656
1 0.989062 0.328125 0.019531 0.124219
2 0.790625 0.581250 0.003906 0.017969
2 0.793750 0.592187 0.003906 0.020313
2 0.819531 0.634375 0.034375 0.032813
2 0.800000 0.604688 0.010937 0.024219
2 0.460156 0.619531 0.050000 0.026562
2 0.587500 0.446094 0.008594 0.006250
2 0.567969 0.446094 0.029687 0.007812
2 0.507812 0.450781 0.038281 0.009375
2 0.525781 0.449219 0.029687 0.009375
2 0.544531 0.449219 0.020313 0.008594
2 0.287500 0.723437 0.090625 0.076563
2 0.433594 0.453906 0.047656 0.014844
2 0.459375 0.452344 0.043750 0.014063
2 0.510156 0.589063 0.039062 0.024219
1 0.578906 0.496094 0.015625 0.017969
1 0.387500 0.564844 0.017188 0.014844
1 0.379688 0.570312 0.019531 0.017188
1 0.362500 0.567969 0.019531 0.025781
1 0.334375 0.584375 0.020313 0.019531
1 0.346875 0.576562 0.019531 0.017188
2 0.567187 0.565625 0.010937 0.007812
2 0.534375 0.577344 0.032031 0.017188
2 0.578125 0.554688 0.009375 0.014063
2 0.585156 0.549219 0.012500 0.012500
2 0.487500 0.533594 0.046875 0.020313
1 0.572656 0.499219 0.003906 0.020313
1 0.567969 0.501563 0.003906 0.020313
1 0.556250 0.502344 0.019531 0.021094
1 0.560937 0.481250 0.017969 0.020313
1 0.521094 0.490625 0.019531 0.026562
1 0.528906 0.514844 0.006250 0.023438
1 0.521875 0.517188 0.007812 0.025781
1 0.506250 0.519531 0.023438 0.027344
1 0.513281 0.491406 0.022656 0.025781
1 0.500000 0.369531 0.008594 0.028906
1 0.490625 0.367969 0.008594 0.029687
1 0.471094 0.362500 0.010937 0.030469
1 0.481250 0.364844 0.009375 0.029687
1 0.481250 0.335938 0.009375 0.032031
1 0.471094 0.332031 0.010937 0.034375
1 0.460156 0.328125 0.011719 0.035156
1 0.439063 0.324219 0.030469 0.037500
1 0.460156 0.359375 0.011719 0.032813
1 0.448437 0.356250 0.011719 0.034375
1 0.425781 0.351562 0.032813 0.037500
1 0.400781 0.327344 0.015625 0.041406
1 0.382812 0.321094 0.017969 0.043750
1 0.363281 0.314063 0.020313 0.047656
1 0.342187 0.307812 0.022656 0.050000
1 0.319531 0.299219 0.025781 0.052344
1 0.291406 0.291406 0.029687 0.057813
1 0.252344 0.280469 0.052344 0.060937
1 0.400781 0.442969 0.015625 0.037500
1 0.383594 0.442969 0.017969 0.039062
1 0.364063 0.444531 0.020313 0.041406
1 0.363281 0.402344 0.020313 0.042188
1 0.342969 0.444531 0.022656 0.043750
1 0.319531 0.444531 0.024219 0.046875
1 0.293750 0.445312 0.027344 0.050000
1 0.255469 0.444531 0.050781 0.053125
1 0.342187 0.399219 0.022656 0.046094
1 0.318750 0.397656 0.024219 0.047656
1 0.282813 0.394531 0.047656 0.050781
2 0.297656 0.564063 0.039062 0.017188
2 0.132031 0.537500 0.059375 0.022656
2 0.267188 0.516406 0.041406 0.015625
2 0.296875 0.512500 0.038281 0.014063
2 0.325000 0.507812 0.035156 0.012500
2 0.392969 0.539062 0.028906 0.012500
2 0.323437 0.557813 0.035937 0.017969
2 0.140625 0.608594 0.052344 0.032031
2 0.353906 0.549219 0.032813 0.015625
1 0.432031 0.486719 0.012500 0.015625
1 0.192188 0.520312 0.028906 0.029687
2 0.414062 0.534375 0.025781 0.008594
2 0.434375 0.529687 0.014063 0.008594
2 0.446094 0.525781 0.017188 0.009375
2 0.412500 0.494531 0.025781 0.006250
1 0.396094 0.491406 0.007812 0.014844
1 0.385156 0.492969 0.014844 0.017969
1 0.379688 0.493750 0.010937 0.019531
1 0.384375 0.480469 0.015625 0.007812
1 0.371094 0.482812 0.007812 0.008594
1 0.371094 0.496094 0.007812 0.017188
1 0.362500 0.496875 0.008594 0.017188
1 0.349219 0.497656 0.017188 0.019531
1 0.357812 0.484375 0.017188 0.008594
1 0.222656 0.442188 0.003906 0.023438
1 0.212500 0.442188 0.017188 0.023438
1 0.195312 0.442969 0.017969 0.024219
1 0.193750 0.416406 0.019531 0.026562
1 0.176563 0.442188 0.019531 0.025781
1 0.157031 0.442969 0.020313 0.026562
1 0.135937 0.442969 0.022656 0.028906
1 0.110937 0.442188 0.028906 0.029687
1 0.175000 0.416406 0.020313 0.026562
1 0.155469 0.414844 0.021094 0.027344
1 0.131250 0.414062 0.028906 0.028906
1 0.225781 0.367188 0.012500 0.026562
1 0.210938 0.364844 0.017188 0.025781
1 0.192969 0.362500 0.017969 0.027344
1 0.174219 0.360938 0.019531 0.028906
1 0.153906 0.357812 0.021094 0.029687
1 0.133594 0.354687 0.022656 0.030469
1 0.107813 0.351562 0.030469 0.032813
1 0.310937 0.365625 0.011719 0.017969
1 0.300000 0.363281 0.012500 0.017969
1 0.287500 0.360938 0.012500 0.017969
1 0.271094 0.360156 0.021094 0.020313
1 0.255469 0.381250 0.014844 0.022656
2 0.692187 0.557031 0.038281 0.017969
