2 0.413281 0.669531 0.070312 0.032031
2 0.874219 0.412500 0.097656 0.023438
2 0.810937 0.412500 0.096875 0.023438
2 0.546875 0.414062 0.051562 0.019531
2 0.604688 0.415625 0.061719 0.017969
2 0.669531 0.415625 0.068750 0.017969
2 0.160156 0.668750 0.100781 0.032031
2 0.339062 0.414062 0.057813 0.021875
2 0.396875 0.414062 0.064062 0.021875
2 0.557031 0.671094 0.067187 0.033594
1 0.870313 0.540625 0.061719 0.045312
1 0.293750 0.556250 0.019531 0.011719
1 0.273438 0.555469 0.022656 0.014063
1 0.264062 0.550781 0.023438 0.021094
1 0.223438 0.556250 0.024219 0.011719
1 0.244531 0.555469 0.016406 0.011719
2 0.757812 0.671875 0.092969 0.034375
2 0.641406 0.671875 0.078125 0.034375
2 0.830469 0.674219 0.081250 0.028906
2 0.894531 0.673438 0.085938 0.030469
2 0.477344 0.553906 0.053906 0.018750
1 0.814063 0.540625 0.027344 0.045312
1 0.788281 0.540625 0.027344 0.045312
1 0.752344 0.540625 0.046875 0.045312
1 0.775781 0.494531 0.049219 0.043750
1 0.596094 0.495312 0.025000 0.044531
1 0.596875 0.540625 0.025781 0.045312
1 0.571875 0.540625 0.025781 0.044531
1 0.544531 0.540625 0.028125 0.045312
1 0.568750 0.495312 0.029687 0.044531
1 0.498437 0.299219 0.024219 0.058594
1 0.472656 0.289062 0.025000 0.038281
1 0.422656 0.289844 0.024219 0.036719
1 0.447656 0.289062 0.024219 0.038281
1 0.449219 0.250000 0.028125 0.040625
1 0.423438 0.250000 0.024219 0.040625
1 0.398438 0.250781 0.024219 0.041406
1 0.373437 0.250000 0.024219 0.040625
1 0.397656 0.289844 0.025000 0.036719
1 0.372656 0.289844 0.025000 0.036719
1 0.348438 0.289844 0.025000 0.036719
1 0.298438 0.280469 0.041406 0.051562
1 0.265625 0.273438 0.025781 0.036719
1 0.240625 0.273438 0.025000 0.036719
1 0.215625 0.273438 0.025781 0.036719
1 0.191406 0.273438 0.025781 0.036719
1 0.166406 0.273438 0.025781 0.036719
1 0.142187 0.273438 0.025000 0.036719
1 0.293750 0.404687 0.042188 0.040625
1 0.260156 0.404687 0.026562 0.040625
1 0.234375 0.404687 0.025781 0.040625
1 0.246094 0.363281 0.046875 0.042969
1 0.209375 0.404687 0.025781 0.040625
1 0.184375 0.405469 0.025781 0.039844
1 0.159375 0.405469 0.025781 0.039844
1 0.135156 0.404687 0.025781 0.040625
1 0.210938 0.363281 0.025781 0.042969
1 0.185938 0.363281 0.025781 0.042969
1 0.160938 0.363281 0.025781 0.041406
2 0.461719 0.606250 0.028906 0.010937
2 0.675781 0.489844 0.032031 0.009375
2 0.645312 0.489844 0.035156 0.009375
2 0.335938 0.553906 0.007812 0.007031
2 0.442969 0.553125 0.009375 0.008594
2 0.459375 0.553125 0.024219 0.008594
2 0.489844 0.554688 0.008594 0.005469
2 0.526563 0.490625 0.014844 0.007031
2 0.543750 0.490625 0.019531 0.007031
2 0.582812 0.607031 0.032031 0.010156
2 0.489844 0.606250 0.028125 0.010937
2 0.346875 0.606250 0.031250 0.010937
2 0.428906 0.490625 0.024219 0.008594
2 0.453906 0.490625 0.025781 0.008594
2 0.530469 0.607031 0.021875 0.010156
1 0.649219 0.546875 0.019531 0.020313
1 0.373437 0.546875 0.010156 0.020313
2 0.619531 0.607031 0.031250 0.010156
2 0.648438 0.607031 0.032031 0.010937
2 0.676562 0.607031 0.034375 0.010937
2 0.622656 0.553906 0.024219 0.006250
1 0.529687 0.546875 0.002344 0.020313
1 0.523438 0.546875 0.008594 0.020313
1 0.532813 0.526563 0.011719 0.019531
1 0.404687 0.485156 0.014844 0.018750
1 0.391406 0.485156 0.011719 0.018750
1 0.379688 0.485156 0.010937 0.018750
1 0.382031 0.465625 0.016406 0.018750
1 0.367969 0.485156 0.010937 0.018750
1 0.356250 0.485156 0.011719 0.018750
1 0.345313 0.485156 0.010937 0.018750
1 0.336719 0.485156 0.005469 0.018750
1 0.367969 0.465625 0.011719 0.018750
1 0.357031 0.465625 0.011719 0.018750
1 0.345313 0.465625 0.011719 0.018750
1 0.477344 0.413281 0.011719 0.018750
1 0.465625 0.413281 0.010937 0.018750
1 0.453906 0.413281 0.010937 0.018750
1 0.442188 0.413281 0.010937 0.018750
2 0.777344 0.599219 0.053906 0.014844
