3 0.050000 0.916406 0.099219 0.165625
2 0.425000 0.586719 0.064062 0.069531
2 0.971094 0.474219 0.057031 0.096094
2 0.920312 0.466406 0.138281 0.103906
2 0.557031 0.415625 0.065625 0.100000
2 0.628906 0.424219 0.081250 0.093750
2 0.714063 0.442969 0.096094 0.078906
2 0.217969 0.544531 0.076563 0.060937
2 0.325000 0.391406 0.085156 0.090625
2 0.382031 0.400000 0.081250 0.092969
2 0.550781 0.614844 0.058594 0.079687
1 0.928125 0.590625 0.080469 0.092969
1 0.301563 0.476562 0.017969 0.028906
1 0.283594 0.481250 0.021875 0.031250
1 0.275000 0.464062 0.022656 0.035937
1 0.239063 0.468750 0.023438 0.029687
1 0.260156 0.462500 0.021875 0.028906
2 0.748437 0.653125 0.081250 0.088281
2 0.632812 0.630469 0.064844 0.082031
2 0.821094 0.679688 0.075000 0.063281
2 0.889062 0.690625 0.080469 0.068750
2 0.478906 0.525781 0.060937 0.096875
1 0.852344 0.578906 0.049219 0.069531
1 0.819531 0.564063 0.048438 0.088281
1 0.785156 0.560156 0.053906 0.085156
1 0.829688 0.542969 0.067187 0.064844
1 0.607812 0.507031 0.033594 0.058594
1 0.602344 0.550781 0.032031 0.035937
1 0.575000 0.545312 0.030469 0.036719
1 0.548438 0.518750 0.028906 0.080469
1 0.578906 0.501563 0.032031 0.057031
1 0.497656 0.260937 0.037500 0.096094
1 0.464062 0.257031 0.044531 0.096094
1 0.391406 0.266406 0.039844 0.061719
1 0.428125 0.259375 0.043750 0.082031
1 0.426563 0.192969 0.052344 0.096875
1 0.389844 0.189844 0.052344 0.096094
1 0.353906 0.186719 0.054688 0.096094
1 0.320312 0.184375 0.057031 0.094531
1 0.357812 0.263281 0.041406 0.060937
1 0.325000 0.259375 0.042188 0.060937
1 0.293750 0.240625 0.042969 0.090625
1 0.226562 0.210938 0.074219 0.089844
1 0.185938 0.207031 0.057813 0.089063
1 0.158594 0.204687 0.064062 0.089063
1 0.129688 0.201563 0.066406 0.086719
1 0.100000 0.199219 0.067969 0.086719
1 0.071875 0.196094 0.069531 0.085156
1 0.043750 0.193750 0.070312 0.085156
1 0.265625 0.363281 0.058594 0.079687
1 0.233594 0.358594 0.050000 0.080469
1 0.202344 0.371875 0.039844 0.045312
1 0.200000 0.314844 0.067969 0.074219
1 0.176563 0.367969 0.040625 0.045312
1 0.151562 0.364844 0.041406 0.044531
1 0.126562 0.360938 0.041406 0.044531
1 0.101562 0.349219 0.042969 0.060156
1 0.163281 0.310937 0.049219 0.074219
1 0.136719 0.307812 0.051562 0.073438
1 0.110156 0.305469 0.050781 0.073438
2 0.775781 0.155469 0.051562 0.031250
2 0.734375 0.153125 0.050000 0.029687
2 0.463281 0.206250 0.021094 0.008594
2 0.490625 0.208594 0.032813 0.011719
2 0.524219 0.221094 0.027344 0.033594
2 0.565625 0.142969 0.032031 0.031250
2 0.599219 0.145313 0.038281 0.029687
2 0.639844 0.149219 0.041406 0.025000
2 0.448437 0.136719 0.035156 0.029687
2 0.478125 0.139063 0.033594 0.029687
1 0.721875 0.232031 0.028906 0.039844
2 0.680469 0.233594 0.039844 0.029687
1 0.636719 0.222656 0.017969 0.038281
1 0.621875 0.221094 0.016406 0.036719
1 0.607031 0.219531 0.017969 0.038281
1 0.624219 0.195312 0.019531 0.039062
1 0.590625 0.192969 0.016406 0.039062
1 0.588281 0.224219 0.015625 0.025781
1 0.574219 0.222656 0.015625 0.025000
1 0.560156 0.215625 0.014844 0.038281
1 0.575781 0.191406 0.016406 0.038281
1 0.416406 0.124219 0.020313 0.038281
1 0.401562 0.123438 0.019531 0.036719
1 0.385937 0.126562 0.016406 0.028125
1 0.385937 0.094531 0.023438 0.036719
1 0.371875 0.125781 0.016406 0.028125
1 0.358594 0.125000 0.016406 0.028125
1 0.344531 0.124219 0.016406 0.028125
1 0.331250 0.118750 0.016406 0.035937
1 0.371094 0.093750 0.021094 0.036719
1 0.357031 0.092969 0.021094 0.035937
1 0.342969 0.092188 0.021094 0.035937
1 0.410156 0.033594 0.021094 0.039062
1 0.394531 0.032813 0.021094 0.038281
1 0.379688 0.032031 0.021094 0.039062
1 0.364844 0.031250 0.021875 0.039062
1 0.350000 0.031250 0.022656 0.038281
1 0.335156 0.030469 0.022656 0.038281
1 0.321094 0.029687 0.023438 0.036719
1 0.541406 0.069531 0.010937 0.004687
1 0.517188 0.051562 0.004687 0.039844
1 0.490625 0.053125 0.014844 0.032031
1 0.507031 0.053906 0.015625 0.032031
1 0.507031 0.018750 0.017188 0.037500
1 0.491406 0.018750 0.017969 0.036719
1 0.475000 0.017969 0.017969 0.035937
1 0.458594 0.017969 0.016406 0.035937
1 0.475000 0.053125 0.015625 0.032031
1 0.459375 0.052344 0.016406 0.032031
1 0.444531 0.048438 0.016406 0.039062
2 0.857812 0.391406 0.055469 0.025000
