3 0.270313 0.519531 0.052344 0.134375
2 0.037500 0.766406 0.074219 0.091406
2 0.085938 0.533594 0.066406 0.035937
2 0.034375 0.596875 0.068750 0.043750
2 0.028125 0.632812 0.055469 0.060156
2 0.014063 0.679688 0.028125 0.066406
2 0.096875 0.616406 0.063281 0.046875
2 0.032031 0.458594 0.064062 0.029687
2 0.022656 0.469531 0.045312 0.035156
1 0.001563 0.271875 0.002344 0.020313
1 0.007812 0.258594 0.014844 0.057031
1 0.004687 0.308594 0.009375 0.054688
1 0.012500 0.310156 0.018750 0.055469
1 0.024219 0.313281 0.017188 0.053125
1 0.033594 0.300781 0.037500 0.046875
1 0.053906 0.305469 0.012500 0.042969
1 0.061719 0.308594 0.011719 0.039844
1 0.068750 0.311719 0.010156 0.038281
1 0.075000 0.314063 0.010156 0.036719
1 0.081250 0.316406 0.008594 0.035156
1 0.086719 0.318750 0.007812 0.033594
1 0.035937 0.433594 0.064844 0.039844
1 0.044531 0.432031 0.060156 0.041406
1 0.076563 0.429688 0.010156 0.039062
1 0.047656 0.392188 0.058594 0.039844
1 0.082812 0.426563 0.008594 0.036719
1 0.088281 0.424219 0.008594 0.035937
1 0.093750 0.422656 0.007812 0.034375
1 0.097656 0.420312 0.007031 0.033594
1 0.078125 0.390625 0.010156 0.036719
1 0.084375 0.389844 0.008594 0.035156
1 0.089844 0.389062 0.008594 0.033594
2 0.475781 0.592969 0.047656 0.039844
2 0.943750 0.528906 0.110937 0.080469
2 0.830469 0.503125 0.153125 0.073438
2 0.535937 0.440625 0.064844 0.025781
2 0.572656 0.449219 0.072656 0.031250
2 0.621875 0.461719 0.082031 0.038281
2 0.409375 0.534375 0.033594 0.023438
2 0.447656 0.422656 0.046875 0.017969
2 0.465625 0.426563 0.051562 0.019531
2 0.534375 0.647656 0.061719 0.058594
1 0.934375 0.767969 0.129688 0.153906
1 0.439844 0.494531 0.011719 0.010156
1 0.432031 0.492969 0.012500 0.010156
1 0.432812 0.485156 0.011719 0.009375
1 0.421094 0.485156 0.010937 0.009375
1 0.428906 0.486719 0.010156 0.008594
2 0.698438 0.796875 0.105469 0.120313
2 0.588281 0.700000 0.075000 0.068750
2 0.789844 0.880469 0.133594 0.167969
2 0.899219 0.937500 0.130469 0.123438
2 0.492188 0.534375 0.046094 0.035156
1 0.789062 0.681250 0.068750 0.109375
1 0.746875 0.666406 0.063281 0.080469
1 0.700781 0.638281 0.038281 0.089063
1 0.751563 0.599219 0.064062 0.092969
1 0.562500 0.517969 0.039062 0.051562
1 0.561719 0.560156 0.038281 0.048438
1 0.535156 0.551562 0.014844 0.044531
1 0.521875 0.541406 0.013281 0.046094
1 0.546875 0.510938 0.036719 0.049219
1 0.509375 0.328906 0.034375 0.039062
1 0.486719 0.330469 0.010937 0.036719
1 0.466406 0.333594 0.009375 0.032031
1 0.475781 0.332031 0.010156 0.035156
1 0.485156 0.298438 0.028906 0.036719
1 0.465625 0.300781 0.009375 0.035156
1 0.456250 0.303906 0.008594 0.033594
1 0.447656 0.306250 0.008594 0.032031
1 0.457031 0.335156 0.008594 0.031250
1 0.448437 0.336719 0.008594 0.030469
1 0.440625 0.337500 0.007031 0.030469
1 0.432031 0.328906 0.022656 0.026562
1 0.417969 0.330469 0.006250 0.026562
1 0.411719 0.331250 0.005469 0.025781
1 0.406250 0.332813 0.005469 0.025000
1 0.400781 0.333594 0.005469 0.024219
1 0.395313 0.334375 0.004687 0.023438
1 0.390625 0.335938 0.004687 0.023438
1 0.434375 0.410156 0.025000 0.025781
1 0.426563 0.409375 0.022656 0.026562
1 0.412500 0.408594 0.005469 0.025000
1 0.421094 0.384375 0.024219 0.024219
1 0.407813 0.408594 0.005469 0.024219
1 0.402344 0.407031 0.005469 0.023438
1 0.397656 0.406250 0.005469 0.023438
1 0.392188 0.404687 0.004687 0.021875
1 0.407031 0.383594 0.005469 0.023438
1 0.401562 0.383594 0.005469 0.023438
1 0.396875 0.383594 0.004687 0.021875
2 0.650000 0.523438 0.036719 0.021094
2 0.986719 0.435156 0.025781 0.020313
2 0.939063 0.431250 0.076563 0.021875
2 0.666406 0.468750 0.008594 0.004687
2 0.682813 0.474219 0.031250 0.009375
2 0.718750 0.415625 0.042188 0.014063
2 0.753906 0.417969 0.050781 0.015625
2 0.798438 0.421875 0.053906 0.016406
2 0.793750 0.575781 0.042969 0.034375
2 0.676562 0.532813 0.039844 0.023438
2 0.568750 0.490625 0.021875 0.009375
2 0.625000 0.407031 0.034375 0.010156
2 0.646094 0.408594 0.036719 0.010937
2 0.714844 0.547656 0.044531 0.026562
1 0.940625 0.531250 0.033594 0.007031
2 0.853125 0.598437 0.063281 0.040625
2 0.913281 0.619531 0.071875 0.048438
2 0.971875 0.641406 0.055469 0.049219
1 0.757812 0.482812 0.010937 0.017969
1 0.784375 0.461719 0.026562 0.019531
1 0.744531 0.460938 0.025000 0.028906
1 0.743750 0.482031 0.024219 0.017969
1 0.724219 0.478125 0.014844 0.015625
1 0.710156 0.473438 0.014063 0.017969
1 0.728906 0.458594 0.022656 0.028125
1 0.605469 0.399219 0.017969 0.019531
1 0.592969 0.399219 0.008594 0.018750
1 0.585156 0.398438 0.007031 0.017969
1 0.589844 0.380469 0.017188 0.016406
1 0.577344 0.398438 0.007031 0.016406
1 0.570312 0.396875 0.007031 0.016406
1 0.563281 0.396875 0.006250 0.015625
1 0.556250 0.396094 0.006250 0.016406
1 0.577344 0.380469 0.007031 0.016406
1 0.574219 0.379688 0.015625 0.016406
1 0.563281 0.379688 0.007031 0.016406
1 0.608594 0.335156 0.017969 0.007031
1 0.595313 0.335938 0.007812 0.007031
1 0.586719 0.336719 0.007812 0.007031
1 0.578906 0.337500 0.007031 0.006250
1 0.571875 0.338281 0.007031 0.006250
1 0.564063 0.339062 0.007031 0.006250
1 0.557813 0.339062 0.006250 0.006250
1 0.674219 0.322656 0.018750 0.023438
1 0.652344 0.324219 0.003906 0.021094
1 0.645312 0.325781 0.010937 0.021094
1 0.635156 0.326562 0.010156 0.021094
