2 0.389844 0.801562 0.078125 0.064844
2 0.846875 0.514844 0.088281 0.020313
2 0.792969 0.514062 0.091406 0.021094
2 0.063281 0.681250 0.126562 0.046875
2 0.314063 0.674219 0.094531 0.044531
2 0.392188 0.667969 0.076563 0.041406
2 0.469531 0.666406 0.060156 0.044531
2 0.542969 0.514844 0.058594 0.020313
2 0.603906 0.516406 0.062500 0.019531
2 0.667188 0.516406 0.066406 0.019531
2 0.674219 0.778906 0.086719 0.055469
2 0.464062 0.795312 0.071094 0.063281
2 0.064062 0.831250 0.127344 0.076563
2 0.302344 0.511719 0.071875 0.024219
2 0.371875 0.512500 0.071094 0.023438
2 0.552344 0.790625 0.075781 0.060156
1 0.804688 0.638281 0.055469 0.050000
1 0.161719 0.663281 0.075000 0.065625
2 0.746094 0.773438 0.092188 0.050000
2 0.811719 0.774219 0.072656 0.036719
2 0.864844 0.767969 0.072656 0.036719
2 0.740625 0.653125 0.088281 0.029687
1 0.680469 0.641406 0.025000 0.053906
1 0.646875 0.642969 0.041406 0.054688
1 0.625000 0.643750 0.035156 0.055469
1 0.646094 0.596875 0.042188 0.050000
1 0.589063 0.598437 0.035937 0.050781
1 0.595313 0.648438 0.025781 0.049219
1 0.568750 0.649219 0.026562 0.049219
1 0.538281 0.646875 0.034375 0.058594
1 0.564063 0.599219 0.035937 0.051562
1 0.237500 0.496094 0.046094 0.053906
1 0.196875 0.496094 0.035937 0.054688
1 0.161719 0.496094 0.036719 0.054688
1 0.176563 0.441406 0.061719 0.054688
1 0.126562 0.494531 0.037500 0.054688
1 0.089844 0.494531 0.038281 0.055469
1 0.053125 0.493750 0.039062 0.056250
1 0.017969 0.492969 0.035156 0.058594
1 0.128125 0.439844 0.036719 0.055469
1 0.092188 0.438281 0.038281 0.056250
1 0.055469 0.437500 0.039062 0.056250
1 0.242969 0.333594 0.042969 0.050781
1 0.204687 0.331250 0.035156 0.050781
1 0.170313 0.328906 0.035937 0.051562
1 0.135156 0.325781 0.036719 0.051562
1 0.099219 0.323437 0.038281 0.053125
1 0.062500 0.321094 0.038281 0.053125
1 0.025781 0.318750 0.039062 0.053906
1 0.489844 0.370312 0.027344 0.046094
1 0.461719 0.368750 0.028125 0.046875
1 0.403906 0.365625 0.029687 0.046875
1 0.432812 0.367188 0.028906 0.046875
1 0.433594 0.319531 0.028125 0.049219
1 0.403906 0.317969 0.028906 0.050000
1 0.375000 0.315625 0.029687 0.050781
1 0.344531 0.313281 0.030469 0.051562
1 0.374219 0.363281 0.030469 0.046875
1 0.343750 0.361719 0.030469 0.049219
1 0.313281 0.359375 0.031250 0.050000
