2 0.439844 0.642188 0.061719 0.069531
2 0.961719 0.518750 0.075781 0.075000
2 0.903906 0.510938 0.134375 0.080469
2 0.237500 0.516406 0.072656 0.051562
2 0.381250 0.553125 0.070312 0.063281
2 0.435937 0.560156 0.067187 0.064844
2 0.491406 0.575000 0.058594 0.075781
2 0.561719 0.463281 0.060156 0.067969
2 0.625781 0.471875 0.072656 0.066406
2 0.704688 0.486719 0.087500 0.060156
2 0.681250 0.707031 0.072656 0.088281
2 0.489844 0.655469 0.058594 0.073438
2 0.255469 0.593750 0.068750 0.058594
2 0.364844 0.439063 0.073438 0.058594
2 0.411719 0.446094 0.069531 0.060937
2 0.559375 0.676562 0.057813 0.078906
1 0.876563 0.640625 0.071094 0.089063
1 0.289062 0.521094 0.042188 0.060156
2 0.763281 0.728125 0.087500 0.093750
2 0.842187 0.757812 0.085156 0.075000
2 0.917969 0.774219 0.096875 0.086719
2 0.785156 0.628125 0.096875 0.083594
1 0.700000 0.600000 0.035156 0.075781
1 0.671094 0.593750 0.033594 0.076563
1 0.641406 0.588281 0.033594 0.075781
1 0.674219 0.557813 0.039844 0.071094
1 0.609375 0.546094 0.029687 0.067969
1 0.607031 0.596875 0.028906 0.041406
1 0.580469 0.591406 0.027344 0.041406
1 0.555469 0.571094 0.028125 0.071094
1 0.582812 0.541406 0.028125 0.067969
1 0.317969 0.416406 0.044531 0.060156
1 0.295312 0.413281 0.041406 0.058594
1 0.266406 0.418750 0.025781 0.041406
1 0.271094 0.371875 0.049219 0.056250
1 0.246875 0.415625 0.025781 0.040625
1 0.227344 0.413281 0.025781 0.039844
1 0.207813 0.410156 0.025000 0.039062
1 0.189062 0.403125 0.025781 0.048438
1 0.248438 0.369531 0.043750 0.055469
1 0.228125 0.367188 0.044531 0.054688
1 0.209375 0.364844 0.044531 0.053906
1 0.303906 0.288281 0.050781 0.057031
1 0.278906 0.285938 0.046094 0.055469
1 0.256250 0.284375 0.046094 0.054688
1 0.234375 0.283594 0.046094 0.053906
1 0.214844 0.281250 0.048438 0.053906
1 0.194531 0.280469 0.049219 0.053906
1 0.175000 0.278906 0.049219 0.053125
1 0.510156 0.322656 0.028906 0.065625
1 0.485156 0.320312 0.036719 0.064844
1 0.426563 0.321875 0.028125 0.050781
1 0.453125 0.324219 0.028125 0.051562
1 0.457031 0.268750 0.039844 0.060937
1 0.429688 0.267188 0.039844 0.060156
1 0.403125 0.265625 0.041406 0.059375
1 0.378125 0.264062 0.042188 0.058594
1 0.400781 0.319531 0.028125 0.050000
1 0.375000 0.317969 0.028125 0.050000
1 0.350781 0.310156 0.028125 0.059375
