2 0.424219 0.633594 0.078906 0.082031
2 0.995313 0.439063 0.009375 0.037500
2 0.567187 0.401562 0.087500 0.062500
2 0.649219 0.413281 0.102344 0.067187
2 0.771094 0.433594 0.135156 0.071094
2 0.243750 0.557813 0.074219 0.055469
2 0.342187 0.371875 0.090625 0.046094
2 0.390625 0.379688 0.090625 0.049219
2 0.563281 0.696094 0.082031 0.105469
1 0.320312 0.487500 0.023438 0.020313
1 0.300781 0.487500 0.020313 0.024219
1 0.297656 0.474219 0.021094 0.027344
1 0.267969 0.474219 0.023438 0.021094
1 0.287500 0.474219 0.021094 0.020313
2 0.867969 0.822656 0.150781 0.164062
2 0.675000 0.741406 0.092188 0.125781
2 0.964063 0.875781 0.071094 0.114062
2 0.478906 0.549219 0.082031 0.082812
1 0.997656 0.724219 0.003906 0.014844
1 0.958594 0.662500 0.082812 0.134375
1 0.903125 0.646875 0.097656 0.127344
1 0.958594 0.594531 0.082812 0.126562
1 0.627344 0.514062 0.042188 0.092188
1 0.624219 0.578906 0.041406 0.073438
1 0.587500 0.574219 0.037500 0.062500
1 0.555469 0.549219 0.035156 0.088281
1 0.593750 0.505469 0.042188 0.088281
1 0.504687 0.207813 0.050000 0.072656
1 0.464062 0.208594 0.034375 0.070312
1 0.402344 0.210938 0.032031 0.064844
1 0.431250 0.210156 0.032813 0.067187
1 0.439844 0.140625 0.053906 0.073438
1 0.399219 0.144531 0.032031 0.070312
1 0.370312 0.147656 0.032031 0.067969
1 0.343750 0.150781 0.029687 0.065625
1 0.374219 0.211719 0.030469 0.061719
1 0.348438 0.212500 0.028906 0.059375
1 0.324219 0.212500 0.028906 0.059375
1 0.284375 0.192969 0.057813 0.058594
1 0.248438 0.194531 0.026562 0.056250
1 0.228125 0.194531 0.026562 0.055469
1 0.209375 0.196875 0.025781 0.053125
1 0.191406 0.197656 0.025781 0.052344
1 0.175781 0.198437 0.023438 0.050000
1 0.158594 0.200000 0.023438 0.049219
1 0.298438 0.348438 0.052344 0.056250
1 0.273438 0.346875 0.040625 0.055469
1 0.246875 0.346875 0.023438 0.046875
1 0.256250 0.299219 0.055469 0.050781
1 0.228906 0.344531 0.023438 0.046875
1 0.211719 0.342187 0.023438 0.046094
1 0.195312 0.340625 0.022656 0.043750
1 0.179688 0.336719 0.021094 0.046094
1 0.232813 0.297656 0.044531 0.050000
1 0.217188 0.296094 0.047656 0.047656
1 0.200781 0.294531 0.046094 0.046875
2 0.860156 0.318750 0.060937 0.020313
2 0.810156 0.316406 0.060937 0.020313
2 0.432812 0.360938 0.034375 0.015625
2 0.514062 0.372656 0.032031 0.019531
2 0.547656 0.374219 0.037500 0.015625
2 0.579688 0.380469 0.032031 0.022656
2 0.622656 0.307812 0.034375 0.017188
2 0.657031 0.309375 0.039062 0.017188
2 0.700000 0.312500 0.044531 0.017188
2 0.691406 0.471094 0.035937 0.006250
2 0.512500 0.301563 0.032813 0.014063
2 0.539062 0.303906 0.034375 0.014844
2 0.614844 0.457031 0.029687 0.005469
1 0.802344 0.396094 0.034375 0.030469
1 0.462500 0.359375 0.021094 0.026562
2 0.740625 0.480469 0.035937 0.006250
2 0.787500 0.489063 0.040625 0.007812
2 0.831250 0.497656 0.039062 0.007812
2 0.750781 0.396094 0.047656 0.015625
1 0.700781 0.385937 0.017969 0.032813
1 0.682813 0.378906 0.017188 0.021094
1 0.666406 0.376563 0.015625 0.021094
1 0.685156 0.357812 0.019531 0.032813
1 0.647656 0.354687 0.015625 0.030469
1 0.646094 0.377344 0.015625 0.015625
1 0.630469 0.375000 0.014844 0.014063
1 0.616406 0.370312 0.014063 0.019531
1 0.632812 0.353125 0.017188 0.029687
1 0.485938 0.292969 0.015625 0.024219
1 0.474219 0.292187 0.015625 0.023438
1 0.460156 0.292969 0.011719 0.022656
1 0.463281 0.274219 0.017969 0.014844
1 0.449219 0.292969 0.010937 0.022656
1 0.437500 0.292187 0.011719 0.022656
1 0.427344 0.291406 0.011719 0.021094
1 0.417187 0.290625 0.010937 0.023438
1 0.448437 0.274219 0.011719 0.014063
1 0.437500 0.273438 0.010937 0.014844
1 0.426563 0.272656 0.010937 0.014063
1 0.596094 0.228125 0.015625 0.026562
1 0.582031 0.228125 0.014844 0.026562
1 0.552344 0.228906 0.014063 0.025781
1 0.566406 0.228906 0.014063 0.025781
1 0.569531 0.201563 0.017969 0.026562
1 0.553906 0.202344 0.014063 0.026562
1 0.539062 0.202344 0.012500 0.026562
1 0.532031 0.203906 0.002344 0.023438
1 0.539062 0.228906 0.014063 0.024219
1 0.530469 0.228906 0.002344 0.024219
2 0.978125 0.537500 0.043750 0.025781
