2 0.421094 0.658594 0.061719 0.046875
2 0.750000 0.431250 0.061719 0.015625
2 0.715625 0.430469 0.062500 0.017969
2 0.534375 0.425781 0.056250 0.015625
2 0.585938 0.427344 0.046094 0.017188
2 0.630469 0.428906 0.046875 0.015625
2 0.117188 0.704688 0.121094 0.067187
2 0.345313 0.418750 0.058594 0.022656
2 0.403125 0.421094 0.053125 0.021094
2 0.542188 0.641406 0.062500 0.040625
1 0.745313 0.519531 0.037500 0.032813
1 0.285938 0.559375 0.017969 0.017188
1 0.263281 0.562500 0.020313 0.019531
1 0.246094 0.555469 0.020313 0.028906
1 0.196094 0.565625 0.024219 0.019531
1 0.225000 0.561719 0.022656 0.017188
2 0.678125 0.621875 0.062500 0.028906
2 0.603125 0.634375 0.064062 0.032031
2 0.721094 0.617969 0.046875 0.023438
2 0.753906 0.614062 0.044531 0.021094
2 0.480469 0.549219 0.056250 0.029687
1 0.717187 0.522656 0.014844 0.035156
1 0.695312 0.524219 0.028906 0.035156
1 0.677344 0.523438 0.034375 0.035937
1 0.692187 0.490625 0.034375 0.034375
1 0.577344 0.494531 0.017969 0.037500
1 0.577344 0.532031 0.017969 0.038281
1 0.558594 0.532813 0.019531 0.038281
1 0.532813 0.532813 0.029687 0.042188
1 0.552344 0.494531 0.032031 0.038281
1 0.498437 0.303906 0.022656 0.041406
1 0.475000 0.300000 0.022656 0.042188
1 0.427344 0.294531 0.024219 0.043750
1 0.452344 0.297656 0.023438 0.042188
1 0.451562 0.255469 0.024219 0.046875
1 0.427344 0.251563 0.024219 0.047656
1 0.400781 0.246875 0.025781 0.049219
1 0.375000 0.242188 0.026562 0.049219
1 0.401562 0.291406 0.026562 0.044531
1 0.375000 0.287500 0.026562 0.046875
1 0.347656 0.282813 0.027344 0.046875
1 0.280469 0.253906 0.038281 0.052344
1 0.246094 0.248438 0.034375 0.052344
1 0.210938 0.242969 0.035156 0.052344
1 0.175781 0.237500 0.037500 0.053906
1 0.139063 0.232813 0.038281 0.055469
1 0.100000 0.226562 0.040625 0.057813
1 0.060937 0.220312 0.042188 0.059375
1 0.282031 0.403125 0.038281 0.049219
1 0.246094 0.401562 0.034375 0.050000
1 0.212500 0.400781 0.035156 0.050781
1 0.217188 0.350781 0.047656 0.052344
1 0.177344 0.399219 0.035937 0.050781
1 0.140625 0.397656 0.038281 0.053125
1 0.102344 0.396094 0.040625 0.055469
1 0.062500 0.393750 0.041406 0.057813
1 0.175781 0.347656 0.037500 0.053906
1 0.139063 0.344531 0.038281 0.055469
1 0.100781 0.341406 0.039062 0.057813
2 0.260937 0.511719 0.041406 0.012500
2 0.367188 0.508594 0.030469 0.010937
2 0.397656 0.506250 0.029687 0.010937
2 0.427344 0.505469 0.025781 0.009375
1 0.300781 0.503906 0.015625 0.022656
2 0.530469 0.502344 0.011719 0.007812
1 0.513281 0.497656 0.009375 0.017969
1 0.500781 0.497656 0.012500 0.019531
1 0.490625 0.497656 0.012500 0.019531
1 0.500781 0.478906 0.014063 0.017969
1 0.478125 0.479687 0.009375 0.019531
1 0.478906 0.499219 0.010937 0.019531
1 0.467969 0.499219 0.010937 0.019531
1 0.456250 0.499219 0.012500 0.020313
1 0.466406 0.479687 0.014063 0.019531
1 0.332813 0.437500 0.014844 0.021094
1 0.301563 0.437500 0.007812 0.021094
1 0.303906 0.414844 0.006250 0.021094
1 0.332813 0.371094 0.014844 0.021094
1 0.323437 0.371094 0.003906 0.020313
1 0.302344 0.369531 0.008594 0.021094
1 0.290625 0.367188 0.014063 0.022656
1 0.275781 0.366406 0.014063 0.022656
1 0.260937 0.366406 0.014063 0.022656
1 0.247656 0.365625 0.012500 0.022656
1 0.436719 0.386719 0.011719 0.020313
1 0.424219 0.385937 0.011719 0.020313
1 0.400000 0.384375 0.012500 0.020313
1 0.413281 0.384375 0.011719 0.020313
1 0.412500 0.365625 0.011719 0.020313
1 0.400000 0.364063 0.012500 0.020313
1 0.387500 0.362500 0.011719 0.021094
1 0.375781 0.361719 0.012500 0.021094
1 0.387500 0.383594 0.011719 0.020313
1 0.375781 0.382812 0.012500 0.020313
1 0.362500 0.381250 0.012500 0.020313
2 0.976562 0.689844 0.044531 0.058594
