2 0.397656 0.698438 0.080469 0.115625
2 0.847656 0.318750 0.091406 0.041406
2 0.803906 0.326562 0.096875 0.044531
2 0.552344 0.375781 0.089063 0.069531
2 0.614062 0.363281 0.096875 0.058594
2 0.682813 0.353906 0.088281 0.050781
2 0.035937 0.842187 0.071094 0.140625
2 0.240625 0.440625 0.120313 0.107813
2 0.340625 0.422656 0.094531 0.096094
2 0.552344 0.640625 0.082031 0.096094
1 0.820312 0.435937 0.055469 0.050781
1 0.187500 0.629687 0.035156 0.049219
1 0.150781 0.650781 0.039062 0.053125
1 0.127344 0.637500 0.040625 0.065625
1 0.044531 0.676562 0.050781 0.057813
1 0.092969 0.649219 0.043750 0.052344
2 0.717969 0.576562 0.080469 0.061719
2 0.628906 0.615625 0.080469 0.070312
2 0.770312 0.565625 0.059375 0.046094
2 0.809375 0.549219 0.057813 0.040625
2 0.473438 0.561719 0.080469 0.103906
1 0.785937 0.451562 0.025781 0.053906
1 0.757812 0.455469 0.044531 0.059375
1 0.734375 0.459375 0.053125 0.065625
1 0.762500 0.410938 0.053125 0.064844
1 0.600781 0.453906 0.046875 0.079687
1 0.605469 0.513281 0.028906 0.052344
1 0.573438 0.513281 0.042188 0.071094
1 0.547656 0.515625 0.041406 0.084375
1 0.574219 0.460156 0.047656 0.082031
1 0.496875 0.192969 0.040625 0.079687
1 0.455469 0.193750 0.042188 0.082812
1 0.366406 0.196875 0.053906 0.087500
1 0.412500 0.196094 0.047656 0.085156
1 0.408594 0.105469 0.050781 0.094531
1 0.359375 0.103125 0.057813 0.097656
1 0.305469 0.101562 0.064844 0.103125
1 0.249219 0.099219 0.072656 0.106250
1 0.316406 0.198437 0.060937 0.090625
1 0.263281 0.200781 0.067187 0.094531
1 0.205469 0.200000 0.075781 0.100000
1 0.054688 0.159375 0.109375 0.115625
1 0.010156 0.184375 0.020313 0.070312
1 0.120313 0.432812 0.096094 0.117969
1 0.055469 0.441406 0.103125 0.125781
1 0.015625 0.467187 0.031250 0.087500
1 0.025000 0.365625 0.050000 0.115625
2 0.375781 0.394531 0.024219 0.010937
2 0.192188 0.362500 0.053125 0.029687
2 0.326562 0.347656 0.040625 0.027344
2 0.366406 0.340625 0.037500 0.026562
2 0.403906 0.335938 0.032031 0.025781
2 0.499219 0.374219 0.020313 0.009375
2 0.403906 0.390625 0.034375 0.014063
2 0.191406 0.426563 0.017188 0.012500
2 0.446094 0.384375 0.032031 0.012500
1 0.575000 0.307031 0.020313 0.024219
1 0.244531 0.349219 0.035937 0.034375
2 0.546094 0.319531 0.030469 0.014063
1 0.511719 0.314063 0.010937 0.029687
1 0.492188 0.317188 0.009375 0.027344
1 0.482812 0.317188 0.017188 0.029687
1 0.491406 0.292187 0.010937 0.029687
1 0.464844 0.296094 0.017188 0.029687
1 0.467969 0.322656 0.012500 0.024219
1 0.453906 0.324219 0.014844 0.026562
1 0.439063 0.323437 0.017188 0.032031
1 0.451562 0.296875 0.017969 0.029687
1 0.149219 0.251563 0.014063 0.009375
1 0.178906 0.225781 0.010937 0.026562
1 0.166406 0.231250 0.026562 0.037500
1 0.225781 0.146875 0.005469 0.006250
1 0.212500 0.146875 0.021094 0.006250
1 0.192188 0.146094 0.022656 0.007812
1 0.171094 0.160938 0.022656 0.035937
1 0.142187 0.160938 0.014063 0.035937
1 0.129688 0.160938 0.025781 0.038281
