3 0.632812 0.634375 0.141406 0.432812
2 0.914062 0.685937 0.114062 0.059375
2 0.764844 0.459375 0.010937 0.012500
2 0.778906 0.455469 0.025781 0.014063
2 0.950000 0.560156 0.100000 0.035937
2 0.916406 0.551562 0.114062 0.026562
2 0.877344 0.545312 0.087500 0.020313
2 0.834375 0.428906 0.056250 0.024219
2 0.812500 0.439063 0.029687 0.017969
2 0.794531 0.446094 0.006250 0.011719
2 0.932813 0.375781 0.074219 0.049219
2 0.880469 0.396875 0.029687 0.035937
2 0.848437 0.637500 0.067187 0.034375
1 0.772656 0.522656 0.003906 0.022656
1 0.775781 0.523438 0.003125 0.023438
1 0.780469 0.523438 0.003125 0.025781
1 0.796875 0.524219 0.029687 0.026562
1 0.791406 0.497656 0.027344 0.025781
1 0.814063 0.494531 0.005469 0.034375
1 0.814063 0.528125 0.005469 0.032813
1 0.821094 0.529687 0.006250 0.034375
1 0.847656 0.529687 0.046094 0.035937
1 0.839063 0.493750 0.043750 0.035937
1 0.842187 0.300781 0.009375 0.040625
1 0.851562 0.289062 0.009375 0.044531
1 0.875781 0.260156 0.012500 0.052344
1 0.862500 0.275781 0.010937 0.046875
1 0.862500 0.235937 0.011719 0.058594
1 0.875781 0.217969 0.012500 0.064062
1 0.888281 0.197656 0.014844 0.070312
1 0.930469 0.166406 0.069531 0.092188
1 0.889062 0.242969 0.014063 0.056250
1 0.904687 0.224219 0.015625 0.062500
1 0.956250 0.196875 0.087500 0.076563
1 0.980469 0.098437 0.032031 0.094531
1 0.998437 0.075781 0.003125 0.061719
1 0.985156 0.321094 0.029687 0.084375
2 0.766406 0.586719 0.007812 0.014063
2 0.773438 0.592187 0.008594 0.014844
2 0.825781 0.617188 0.059375 0.023438
2 0.788281 0.600000 0.023438 0.019531
2 0.464062 0.622656 0.049219 0.027344
2 0.562500 0.468750 0.012500 0.009375
2 0.553906 0.465625 0.020313 0.010937
2 0.503906 0.451562 0.038281 0.014063
2 0.527344 0.455469 0.009375 0.011719
2 0.537500 0.460156 0.009375 0.011719
2 0.290625 0.714063 0.114844 0.075781
2 0.447656 0.426563 0.046094 0.023438
2 0.476562 0.435937 0.023438 0.020313
2 0.505469 0.600781 0.039062 0.020313
1 0.563281 0.519531 0.009375 0.017969
1 0.396875 0.546094 0.019531 0.012500
1 0.392188 0.547656 0.020313 0.014844
1 0.371094 0.543750 0.023438 0.023438
1 0.344531 0.553906 0.026562 0.015625
1 0.355469 0.550000 0.023438 0.014844
2 0.546094 0.582031 0.023438 0.012500
2 0.525781 0.590625 0.032031 0.015625
2 0.558594 0.576562 0.012500 0.012500
2 0.565625 0.572656 0.011719 0.009375
2 0.492969 0.534375 0.037500 0.014063
1 0.555469 0.520312 0.003125 0.019531
1 0.552344 0.521094 0.003125 0.020313
1 0.542188 0.521875 0.017969 0.020313
1 0.545312 0.500781 0.017969 0.019531
1 0.522656 0.498437 0.003906 0.024219
1 0.522656 0.523438 0.005469 0.025781
1 0.517188 0.524219 0.005469 0.026562
1 0.502344 0.524219 0.024219 0.026562
1 0.508594 0.497656 0.023438 0.025781
1 0.500000 0.363281 0.006250 0.028906
1 0.492969 0.357031 0.007812 0.030469
1 0.477344 0.343750 0.008594 0.034375
1 0.485938 0.350781 0.007812 0.032031
1 0.485938 0.323437 0.007812 0.035937
1 0.477344 0.314063 0.008594 0.038281
1 0.467969 0.304688 0.008594 0.041406
1 0.446875 0.296094 0.034375 0.043750
1 0.467969 0.336719 0.008594 0.035156
1 0.458594 0.328125 0.010937 0.037500
1 0.435937 0.318750 0.035156 0.041406
1 0.417187 0.276562 0.014063 0.046875
1 0.402344 0.261719 0.014844 0.050781
1 0.385156 0.246094 0.017188 0.055469
1 0.364844 0.228125 0.021094 0.060937
1 0.342187 0.207813 0.023438 0.065625
1 0.316406 0.184375 0.026562 0.073438
1 0.270313 0.155469 0.064062 0.080469
1 0.416406 0.403906 0.014063 0.044531
1 0.400781 0.396875 0.015625 0.046875
1 0.383594 0.389062 0.017969 0.050781
1 0.383594 0.344531 0.017969 0.055469
1 0.362500 0.380469 0.021094 0.055469
1 0.339844 0.371875 0.024219 0.060937
1 0.314063 0.360938 0.027344 0.065625
1 0.267188 0.348438 0.064844 0.073438
1 0.364063 0.332813 0.021094 0.059375
1 0.339844 0.320312 0.024219 0.065625
1 0.299219 0.305469 0.059375 0.072656
2 0.232031 0.597656 0.008594 0.005469
2 0.410938 0.475781 0.023438 0.007812
2 0.396875 0.474219 0.027344 0.007812
2 0.044531 0.540625 0.085156 0.017188
2 0.217188 0.532031 0.050781 0.012500
2 0.242188 0.530469 0.012500 0.009375
2 0.314063 0.465625 0.035937 0.009375
2 0.334375 0.467187 0.035156 0.009375
2 0.359375 0.470313 0.024219 0.008594
2 0.052344 0.632812 0.074219 0.032031
2 0.214062 0.452344 0.052344 0.014844
2 0.254688 0.455469 0.028906 0.012500
1 0.400000 0.519531 0.014844 0.014844
1 0.127344 0.526563 0.039062 0.032031
2 0.381250 0.524219 0.026562 0.006250
1 0.364063 0.519531 0.007812 0.017969
1 0.357031 0.519531 0.007812 0.017969
1 0.347656 0.520312 0.011719 0.019531
1 0.351562 0.501563 0.017969 0.017969
1 0.337500 0.500781 0.008594 0.019531
1 0.337500 0.521094 0.008594 0.020313
1 0.328125 0.521094 0.009375 0.020313
1 0.312500 0.521875 0.021094 0.020313
1 0.322656 0.500781 0.020313 0.020313
1 0.176563 0.438281 0.019531 0.029687
1 0.157031 0.435156 0.020313 0.032031
1 0.135937 0.432031 0.022656 0.032031
1 0.135937 0.402344 0.022656 0.034375
1 0.110937 0.429688 0.024219 0.034375
1 0.085938 0.425000 0.026562 0.035156
1 0.057813 0.421094 0.029687 0.037500
1 0.023438 0.415625 0.038281 0.040625
1 0.111719 0.396875 0.025781 0.035937
1 0.085938 0.392188 0.026562 0.037500
1 0.052344 0.385937 0.040625 0.040625
1 0.178906 0.352344 0.019531 0.032031
1 0.159375 0.345313 0.020313 0.032813
1 0.137500 0.338281 0.021094 0.035937
1 0.114062 0.330469 0.024219 0.038281
1 0.089063 0.322656 0.026562 0.039062
1 0.060937 0.313281 0.028906 0.041406
1 0.025781 0.303906 0.040625 0.044531
1 0.227344 0.354687 0.012500 0.026562
1 0.231250 0.371094 0.005469 0.008594
1 0.216406 0.374219 0.024219 0.022656
2 0.681250 0.569531 0.028906 0.010937
