2 0.400000 0.739062 0.071875 0.079687
2 0.638281 0.450000 0.042969 0.016406
2 0.618750 0.454688 0.045312 0.018750
2 0.042969 0.801562 0.085156 0.118750
2 0.340625 0.670312 0.079687 0.079687
2 0.399219 0.637500 0.074219 0.064062
2 0.452344 0.614844 0.064844 0.055469
2 0.494531 0.485938 0.057813 0.031250
2 0.525781 0.478125 0.057031 0.026562
2 0.560937 0.471094 0.047656 0.024219
2 0.562500 0.635156 0.050781 0.044531
2 0.447656 0.707031 0.064844 0.067969
2 0.053906 0.938281 0.107813 0.120313
2 0.328125 0.530469 0.071094 0.053906
2 0.379688 0.516406 0.073438 0.046094
2 0.500781 0.675781 0.058594 0.057031
1 0.622656 0.526563 0.022656 0.031250
1 0.165625 0.728906 0.081250 0.098437
2 0.593750 0.619531 0.046094 0.029687
2 0.623437 0.603906 0.027344 0.026562
2 0.641406 0.591406 0.025781 0.024219
2 0.596875 0.548438 0.038281 0.021875
1 0.571875 0.551562 0.011719 0.038281
1 0.552344 0.557031 0.027344 0.036719
1 0.546094 0.560937 0.017188 0.043750
1 0.552344 0.525781 0.028906 0.039844
1 0.522656 0.536719 0.029687 0.043750
1 0.531250 0.572656 0.013281 0.038281
1 0.517188 0.578906 0.014063 0.039062
1 0.493750 0.580469 0.032031 0.050000
1 0.508594 0.541406 0.031250 0.046094
1 0.242969 0.530469 0.046094 0.074219
1 0.203125 0.539062 0.048438 0.078906
1 0.157031 0.550781 0.053906 0.081250
1 0.150781 0.489063 0.055469 0.078125
1 0.104688 0.567969 0.061719 0.078125
1 0.044531 0.580469 0.072656 0.084375
1 0.008594 0.588281 0.017188 0.076563
1 0.097656 0.496094 0.063281 0.083594
1 0.037500 0.504687 0.075000 0.090625
1 0.007812 0.508594 0.015625 0.086719
1 0.235937 0.356250 0.045312 0.063281
1 0.191406 0.354687 0.050781 0.066406
1 0.142187 0.353125 0.057813 0.071094
1 0.085938 0.351562 0.067187 0.075781
1 0.030469 0.350781 0.060937 0.080469
1 0.468750 0.379688 0.019531 0.040625
1 0.449219 0.379688 0.020313 0.042969
1 0.404687 0.380469 0.024219 0.046094
1 0.428125 0.380469 0.022656 0.044531
1 0.427344 0.334375 0.022656 0.045312
1 0.403906 0.333594 0.025000 0.048438
1 0.378125 0.331250 0.027344 0.050781
1 0.344531 0.328906 0.042969 0.053906
1 0.379688 0.380469 0.027344 0.048438
1 0.352344 0.381250 0.029687 0.050781
1 0.317188 0.380469 0.043750 0.053906
2 0.754687 0.583594 0.044531 0.032031
