2 0.383594 0.713281 0.092969 0.085938
2 0.955469 0.374219 0.088281 0.025000
2 0.905469 0.375000 0.140625 0.025781
2 0.567969 0.382031 0.078906 0.029687
2 0.639844 0.382031 0.103906 0.028906
2 0.733594 0.381250 0.096875 0.028125
2 0.050781 0.738281 0.101562 0.091406
2 0.256250 0.385156 0.117969 0.033594
2 0.342187 0.384375 0.103125 0.032031
2 0.571094 0.703906 0.089844 0.081250
1 0.948438 0.529687 0.086719 0.068750
1 0.199219 0.571875 0.025000 0.030469
1 0.169531 0.577344 0.038281 0.034375
1 0.157031 0.564063 0.038281 0.045312
1 0.091406 0.578125 0.043750 0.032031
1 0.132031 0.569531 0.039844 0.030469
2 0.803125 0.685937 0.117188 0.070312
2 0.671875 0.696875 0.102344 0.074219
2 0.888281 0.690625 0.088281 0.050000
2 0.953125 0.684375 0.092188 0.049219
2 0.470313 0.569531 0.075781 0.070312
1 0.890625 0.532813 0.035937 0.065625
1 0.844531 0.531250 0.068750 0.070312
1 0.813281 0.532031 0.069531 0.071875
1 0.847656 0.478125 0.075781 0.066406
1 0.625000 0.484375 0.048438 0.071094
1 0.629687 0.549219 0.035156 0.058594
1 0.590625 0.542969 0.046094 0.075781
1 0.557813 0.543750 0.042969 0.078125
1 0.591406 0.485938 0.047656 0.071875
1 0.496875 0.174219 0.039844 0.071875
1 0.456250 0.172656 0.040625 0.073438
1 0.374219 0.169531 0.043750 0.074219
1 0.415625 0.171094 0.042188 0.073438
1 0.415625 0.096094 0.046094 0.080469
1 0.371875 0.092969 0.044531 0.080469
1 0.328906 0.091406 0.046094 0.082031
1 0.285156 0.088281 0.047656 0.083594
1 0.332031 0.167969 0.046094 0.074219
1 0.289844 0.166406 0.046094 0.075000
1 0.246094 0.163281 0.047656 0.076563
1 0.157031 0.135937 0.091406 0.100000
1 0.089844 0.123438 0.057031 0.079687
1 0.041406 0.121094 0.057813 0.080469
1 0.010937 0.119531 0.021875 0.079687
1 0.174219 0.363281 0.082031 0.071875
1 0.113281 0.362500 0.053125 0.073438
1 0.068750 0.363281 0.053906 0.073438
1 0.082812 0.288281 0.102344 0.076563
1 0.025781 0.363281 0.050781 0.073438
1 0.002344 0.380469 0.004687 0.035937
1 0.020313 0.288281 0.040625 0.075781
2 0.433594 0.500781 0.033594 0.019531
2 0.678125 0.364063 0.031250 0.006250
2 0.642188 0.364063 0.040625 0.005469
2 0.289062 0.443750 0.046094 0.014844
2 0.398438 0.442188 0.036719 0.015625
2 0.432812 0.440625 0.033594 0.014844
2 0.467187 0.440625 0.027344 0.015625
2 0.499219 0.367969 0.021094 0.010156
2 0.539062 0.365625 0.021094 0.004687
2 0.567187 0.365625 0.036719 0.004687
2 0.559375 0.496094 0.017188 0.015625
2 0.465625 0.499219 0.032031 0.018750
2 0.294531 0.504687 0.044531 0.020313
2 0.392188 0.367969 0.033594 0.010156
2 0.421094 0.367969 0.031250 0.010156
2 0.500000 0.499219 0.018750 0.018750
1 0.642969 0.430469 0.021875 0.024219
1 0.332031 0.435937 0.027344 0.026562
2 0.651563 0.496094 0.008594 0.013281
2 0.667969 0.494531 0.035156 0.016406
2 0.608594 0.437500 0.038281 0.011719
1 0.572656 0.431250 0.013281 0.024219
1 0.557813 0.432031 0.014844 0.025000
1 0.544531 0.432031 0.016406 0.025000
1 0.531250 0.433594 0.007031 0.021875
1 0.501563 0.432812 0.014063 0.025000
1 0.359375 0.357812 0.019531 0.019531
1 0.342187 0.357812 0.014844 0.019531
1 0.328125 0.358594 0.014844 0.018750
1 0.329688 0.335938 0.021875 0.025000
1 0.312500 0.358594 0.014844 0.018750
1 0.297656 0.358594 0.015625 0.018750
1 0.282813 0.358594 0.015625 0.018750
1 0.267969 0.357812 0.016406 0.019531
1 0.311719 0.335938 0.015625 0.025000
1 0.296875 0.335938 0.016406 0.025000
1 0.281250 0.335938 0.016406 0.025000
1 0.357812 0.282031 0.020313 0.025000
1 0.339844 0.281250 0.015625 0.025781
1 0.325000 0.281250 0.015625 0.025781
1 0.309375 0.281250 0.016406 0.025781
1 0.294531 0.280469 0.016406 0.025781
1 0.278906 0.280469 0.016406 0.025781
1 0.264062 0.280469 0.016406 0.025781
1 0.476562 0.294531 0.014063 0.024219
1 0.461719 0.293750 0.013281 0.025000
1 0.433594 0.293750 0.014063 0.025000
1 0.447656 0.293750 0.014063 0.025000
1 0.447656 0.268750 0.014844 0.025781
1 0.432812 0.267969 0.014063 0.025000
1 0.418750 0.267969 0.014844 0.025000
1 0.403906 0.267969 0.014844 0.025781
1 0.419531 0.293750 0.014844 0.025000
1 0.404687 0.293750 0.014844 0.025000
1 0.389844 0.292969 0.014844 0.025000
2 0.766406 0.502344 0.029687 0.021094
