2 0.892188 0.514062 0.007031 0.023438
2 0.900000 0.501563 0.013281 0.028125
2 0.939844 0.406250 0.044531 0.064844
2 0.929688 0.439063 0.027344 0.049219
2 0.993750 0.271875 0.011719 0.061719
2 0.989844 0.789062 0.018750 0.044531
1 0.915625 0.601562 0.002344 0.014844
2 0.943750 0.734375 0.025781 0.030469
2 0.975781 0.763281 0.043750 0.043750
2 0.926562 0.723437 0.010156 0.025000
2 0.918750 0.715625 0.008594 0.021094
2 0.990625 0.598437 0.017969 0.039062
1 0.917969 0.606250 0.007031 0.039062
1 0.920312 0.604688 0.004687 0.035156
1 0.943750 0.602344 0.035156 0.043750
1 0.935156 0.563281 0.042969 0.046094
1 0.954688 0.533594 0.014063 0.059375
1 0.962500 0.589844 0.014844 0.060937
1 0.969531 0.586719 0.014844 0.064844
1 0.991406 0.564063 0.016406 0.036719
1 0.978906 0.521094 0.041406 0.075000
1 0.942187 0.148438 0.010156 0.054688
1 0.950781 0.106250 0.011719 0.061719
1 0.971094 0.020313 0.011719 0.040625
1 0.960938 0.057031 0.013281 0.071875
1 0.953906 0.036719 0.021094 0.073438
1 0.964844 0.009375 0.006250 0.018750
2 0.401562 0.728125 0.073438 0.034375
2 0.603125 0.556250 0.022656 0.014063
2 0.583594 0.550781 0.034375 0.014844
2 0.061719 0.601562 0.123438 0.035156
2 0.355469 0.614062 0.082812 0.021094
2 0.417969 0.617188 0.046094 0.019531
2 0.456250 0.618750 0.051562 0.015625
2 0.489063 0.521094 0.046094 0.020313
2 0.518750 0.530469 0.032031 0.017969
2 0.541406 0.538281 0.032031 0.016406
2 0.542969 0.698438 0.046875 0.019531
2 0.444531 0.718750 0.064062 0.028906
2 0.054688 0.803125 0.109375 0.075000
2 0.353906 0.473438 0.075781 0.035937
2 0.405469 0.489063 0.053906 0.031250
2 0.491406 0.710156 0.056250 0.024219
1 0.589844 0.617969 0.021094 0.023438
1 0.204687 0.590625 0.069531 0.064062
2 0.569531 0.693750 0.041406 0.015625
2 0.594531 0.690625 0.023438 0.014063
2 0.609375 0.686719 0.022656 0.013281
2 0.570312 0.625000 0.030469 0.009375
1 0.550000 0.614844 0.008594 0.028125
1 0.541406 0.614062 0.009375 0.028906
1 0.529687 0.614062 0.013281 0.029687
1 0.534375 0.585938 0.022656 0.028906
1 0.517188 0.581250 0.010156 0.031250
1 0.517969 0.612500 0.010156 0.030469
1 0.506250 0.611719 0.010937 0.031250
1 0.485156 0.610938 0.030469 0.033594
1 0.498437 0.580469 0.027344 0.032031
1 0.297656 0.441406 0.032813 0.054688
1 0.265625 0.429688 0.036719 0.059375
1 0.229687 0.417187 0.041406 0.061719
1 0.233594 0.366406 0.040625 0.067969
1 0.189062 0.402344 0.047656 0.067969
1 0.142969 0.385937 0.054688 0.071875
1 0.089844 0.366406 0.063281 0.079687
1 0.032813 0.344531 0.065625 0.089063
1 0.193750 0.348438 0.047656 0.071094
1 0.149219 0.328906 0.053125 0.078125
1 0.097656 0.305469 0.062500 0.085156
1 0.308594 0.301563 0.030469 0.054688
1 0.278125 0.282031 0.033594 0.058594
1 0.245312 0.260937 0.037500 0.063281
1 0.207813 0.238281 0.043750 0.068750
1 0.165625 0.210938 0.049219 0.074219
1 0.117188 0.181250 0.057031 0.080469
1 0.062500 0.146094 0.066406 0.089063
1 0.471094 0.415625 0.013281 0.035156
1 0.456250 0.407031 0.014063 0.036719
1 0.425000 0.388281 0.017188 0.039844
1 0.441406 0.398438 0.015625 0.038281
1 0.441406 0.367188 0.015625 0.041406
1 0.425781 0.356250 0.017969 0.043750
1 0.407813 0.343750 0.018750 0.046875
1 0.380469 0.331250 0.036719 0.049219
1 0.407031 0.378125 0.018750 0.041406
1 0.387500 0.366406 0.021094 0.044531
1 0.360156 0.353906 0.036719 0.046875
2 0.703906 0.667969 0.038281 0.011719
