2 0.374219 0.804688 0.091406 0.086719
2 0.652344 0.510938 0.025781 0.010937
2 0.624219 0.510938 0.046875 0.011719
2 0.299219 0.692969 0.105469 0.070312
2 0.376563 0.667188 0.090625 0.054688
2 0.442188 0.651563 0.076563 0.045312
2 0.492188 0.510938 0.064844 0.017969
2 0.527344 0.511719 0.061719 0.015625
2 0.567969 0.511719 0.042969 0.014844
2 0.569531 0.705469 0.058594 0.041406
2 0.435156 0.771875 0.080469 0.070312
2 0.292969 0.505469 0.088281 0.028906
2 0.367188 0.507031 0.071094 0.025000
2 0.499219 0.742188 0.069531 0.056250
1 0.630469 0.591406 0.027344 0.031250
1 0.056250 0.730469 0.112500 0.116406
2 0.602344 0.691406 0.052344 0.028906
2 0.634375 0.678906 0.029687 0.025781
2 0.653906 0.668750 0.028125 0.023438
2 0.604688 0.608594 0.040625 0.018750
1 0.578125 0.605469 0.011719 0.039062
1 0.557813 0.609375 0.027344 0.039062
1 0.550000 0.610938 0.017969 0.042969
1 0.555469 0.572656 0.033594 0.038281
1 0.523438 0.578125 0.032813 0.042969
1 0.533594 0.617969 0.014844 0.040625
1 0.517969 0.621875 0.015625 0.043750
1 0.490625 0.623437 0.037500 0.050000
1 0.507031 0.580469 0.036719 0.043750
1 0.185938 0.481250 0.053906 0.074219
1 0.127344 0.478125 0.062500 0.080469
1 0.060156 0.475000 0.073438 0.086719
1 0.064844 0.392188 0.079687 0.091406
1 0.012500 0.474219 0.024219 0.089063
1 0.013281 0.385937 0.026562 0.089844
1 0.192188 0.264062 0.052344 0.082031
1 0.135156 0.244531 0.060156 0.089844
1 0.070312 0.221875 0.071094 0.099219
1 0.017969 0.203906 0.035937 0.092969
1 0.464844 0.377344 0.020313 0.046875
1 0.442969 0.370312 0.021875 0.050000
1 0.392969 0.355469 0.027344 0.055469
1 0.419531 0.363281 0.024219 0.053125
1 0.419531 0.316406 0.024219 0.056250
1 0.393750 0.306250 0.027344 0.060156
1 0.364844 0.294531 0.029687 0.064844
1 0.326562 0.281250 0.046094 0.068750
1 0.364063 0.346094 0.029687 0.059375
1 0.332813 0.336719 0.033594 0.061719
1 0.291406 0.325000 0.047656 0.068750
2 0.778906 0.653125 0.053125 0.026562
