2 0.425000 0.709375 0.061719 0.050781
2 0.868750 0.491406 0.101562 0.028906
2 0.807813 0.490625 0.094531 0.028125
2 0.196094 0.607031 0.086719 0.039062
2 0.365625 0.614062 0.069531 0.041406
2 0.424219 0.611719 0.063281 0.040625
2 0.481250 0.615625 0.049219 0.046875
2 0.546875 0.492969 0.050000 0.029687
2 0.600000 0.492969 0.064844 0.028125
2 0.664062 0.494531 0.072656 0.025781
2 0.664062 0.718750 0.072656 0.053906
2 0.478906 0.710938 0.056250 0.051562
2 0.206250 0.703125 0.083594 0.049219
2 0.355469 0.492969 0.067969 0.029687
2 0.403906 0.492969 0.060937 0.030469
2 0.552344 0.715625 0.058594 0.053906
1 0.807813 0.608594 0.052344 0.057031
1 0.260937 0.599219 0.048438 0.053906
2 0.734375 0.721094 0.080469 0.054688
2 0.800781 0.728125 0.071094 0.041406
2 0.859375 0.727344 0.076563 0.046875
2 0.739062 0.616406 0.082031 0.039844
1 0.672656 0.603906 0.025781 0.055469
1 0.643750 0.603906 0.033594 0.055469
1 0.620313 0.603125 0.032813 0.055469
1 0.644531 0.563281 0.035156 0.053125
1 0.589844 0.563281 0.028906 0.053125
1 0.591406 0.609375 0.024219 0.039844
1 0.566406 0.603906 0.025781 0.051562
1 0.543750 0.601562 0.025781 0.054688
1 0.566406 0.563281 0.027344 0.051562
1 0.305469 0.478906 0.039844 0.046094
1 0.282031 0.478906 0.040625 0.046094
1 0.250781 0.481250 0.025781 0.040625
1 0.258594 0.439063 0.044531 0.042969
1 0.227344 0.481250 0.025000 0.040625
1 0.203906 0.481250 0.025000 0.039844
1 0.181250 0.480469 0.025781 0.040625
1 0.158594 0.478906 0.025000 0.044531
1 0.231250 0.439063 0.037500 0.042969
1 0.207813 0.439063 0.038281 0.042969
1 0.185156 0.439063 0.038281 0.042969
1 0.302344 0.351562 0.042188 0.044531
1 0.269531 0.351562 0.025781 0.043750
1 0.245312 0.351562 0.025781 0.043750
1 0.221875 0.351562 0.025781 0.043750
1 0.197656 0.351562 0.026562 0.043750
1 0.174219 0.351562 0.025781 0.043750
1 0.150781 0.351562 0.025781 0.042969
1 0.500000 0.368750 0.024219 0.044531
1 0.475000 0.368750 0.025781 0.044531
1 0.425000 0.368750 0.025781 0.043750
1 0.450000 0.368750 0.025781 0.043750
1 0.450781 0.324219 0.028906 0.044531
1 0.424219 0.324219 0.025000 0.044531
1 0.399219 0.324219 0.025781 0.043750
1 0.374219 0.324219 0.025000 0.043750
1 0.400781 0.368750 0.025781 0.043750
1 0.376563 0.368750 0.025781 0.043750
1 0.351562 0.368750 0.025781 0.044531
