2 0.408594 0.684375 0.085156 0.041406
2 0.711719 0.472656 0.032031 0.019531
2 0.678125 0.466406 0.052344 0.020313
2 0.533594 0.427344 0.056250 0.026562
2 0.573438 0.438281 0.050781 0.023438
2 0.617188 0.449219 0.037500 0.021094
2 0.021094 0.735156 0.041406 0.057813
2 0.334375 0.365625 0.075781 0.049219
2 0.402344 0.385156 0.064062 0.042188
2 0.538281 0.667188 0.072656 0.030469
1 0.706250 0.555469 0.029687 0.029687
1 0.235937 0.543750 0.021094 0.017188
1 0.204687 0.540625 0.026562 0.020313
1 0.178125 0.535937 0.028906 0.028906
1 0.096094 0.537500 0.038281 0.020313
1 0.142187 0.539062 0.032031 0.017969
2 0.657031 0.651563 0.060937 0.020313
2 0.594531 0.660937 0.065625 0.023438
2 0.687500 0.647656 0.050000 0.017188
2 0.718750 0.644531 0.035156 0.017188
2 0.477344 0.550781 0.073438 0.023438
1 0.686719 0.553906 0.011719 0.030469
1 0.675000 0.552344 0.011719 0.032031
1 0.652344 0.551562 0.034375 0.032813
1 0.664062 0.520312 0.030469 0.034375
1 0.572656 0.505469 0.015625 0.040625
1 0.572656 0.544531 0.015625 0.040625
1 0.555469 0.543750 0.017969 0.040625
1 0.528125 0.541406 0.037500 0.042188
1 0.546094 0.503906 0.035937 0.041406
1 0.498437 0.292187 0.020313 0.044531
1 0.476562 0.282813 0.021094 0.046094
1 0.428906 0.259375 0.025781 0.049219
1 0.453125 0.271094 0.023438 0.049219
1 0.453906 0.231250 0.023438 0.053906
1 0.428906 0.218750 0.026562 0.056250
1 0.402344 0.203906 0.027344 0.058594
1 0.371094 0.189062 0.037500 0.060937
1 0.401562 0.247656 0.028906 0.052344
1 0.372656 0.233594 0.030469 0.053906
1 0.339062 0.219531 0.038281 0.057813
1 0.257812 0.156250 0.040625 0.065625
1 0.214844 0.134375 0.046875 0.069531
1 0.167969 0.110937 0.050781 0.073438
1 0.117188 0.085938 0.057813 0.078906
1 0.059375 0.057031 0.064844 0.085938
1 0.015625 0.035156 0.031250 0.070312
1 0.246094 0.330469 0.043750 0.065625
1 0.201563 0.317188 0.050000 0.070312
1 0.152344 0.302344 0.055469 0.073438
1 0.160156 0.242188 0.062500 0.082812
1 0.096875 0.287500 0.061719 0.078906
1 0.035156 0.269531 0.070312 0.084375
1 0.002344 0.254688 0.004687 0.062500
1 0.102344 0.222656 0.061719 0.085156
1 0.040625 0.200781 0.069531 0.091406
1 0.006250 0.187500 0.012500 0.076563
2 0.329688 0.632031 0.038281 0.012500
2 0.524219 0.517188 0.007812 0.008594
2 0.510938 0.515625 0.027344 0.009375
2 0.401562 0.503906 0.030469 0.010937
2 0.430469 0.507812 0.026562 0.010937
2 0.457813 0.510938 0.027344 0.010937
2 0.457813 0.624219 0.034375 0.011719
2 0.363281 0.629687 0.037500 0.012500
2 0.146094 0.641406 0.061719 0.019531
2 0.292969 0.491406 0.032813 0.014844
2 0.325781 0.495312 0.032031 0.014063
2 0.404687 0.627344 0.032813 0.011719
1 0.221094 0.547656 0.008594 0.006250
2 0.489063 0.623437 0.028906 0.008594
2 0.512500 0.622656 0.023438 0.008594
2 0.532813 0.621094 0.024219 0.008594
1 0.435937 0.557031 0.009375 0.005469
1 0.448437 0.544531 0.015625 0.019531
1 0.395313 0.555469 0.007812 0.003906
1 0.412500 0.535937 0.015625 0.005469
1 0.254688 0.479687 0.017969 0.025781
1 0.237500 0.477344 0.019531 0.025781
1 0.217969 0.475781 0.019531 0.026562
1 0.220312 0.450000 0.021094 0.027344
1 0.199219 0.473438 0.020313 0.027344
1 0.178906 0.471094 0.021094 0.028906
1 0.157812 0.468750 0.022656 0.028906
1 0.135937 0.465625 0.023438 0.030469
1 0.200781 0.447656 0.020313 0.028906
1 0.179688 0.444531 0.021094 0.029687
1 0.159375 0.441406 0.022656 0.029687
1 0.259375 0.412500 0.017188 0.008594
1 0.242188 0.409375 0.017969 0.008594
1 0.224219 0.405469 0.017969 0.008594
1 0.203906 0.401562 0.019531 0.009375
1 0.184375 0.397656 0.020313 0.010937
1 0.164062 0.393750 0.020313 0.008594
1 0.142187 0.389062 0.021094 0.010937
1 0.382031 0.441406 0.012500 0.014844
1 0.367969 0.439844 0.012500 0.015625
1 0.342187 0.434375 0.014063 0.015625
1 0.355469 0.436719 0.012500 0.015625
1 0.327344 0.430469 0.014063 0.015625
1 0.312500 0.427344 0.014844 0.017188
1 0.299219 0.425781 0.011719 0.015625
2 0.958594 0.646094 0.082812 0.030469
2 0.609375 0.607812 0.032813 0.008594
