3 0.250000 0.539844 0.063281 0.139063
2 0.081250 0.790625 0.010156 0.073438
2 0.064062 0.560937 0.016406 0.028125
2 0.050781 0.625781 0.017969 0.048438
2 0.052344 0.650781 0.031250 0.045312
2 0.054688 0.700781 0.033594 0.071094
2 0.050781 0.521094 0.042969 0.054688
2 0.031250 0.557031 0.052344 0.089063
2 0.078906 0.649219 0.007031 0.035937
2 0.028906 0.471875 0.057031 0.026562
2 0.041406 0.481250 0.028906 0.032031
2 0.078125 0.941406 0.006250 0.083594
1 0.032813 0.733594 0.010937 0.080469
1 0.039844 0.811719 0.015625 0.130469
1 0.044531 0.772656 0.010937 0.110156
1 0.045312 0.740625 0.011719 0.098437
1 0.037500 0.706250 0.007812 0.074219
1 0.003906 0.260937 0.007812 0.046875
1 0.009375 0.274219 0.007031 0.039062
1 0.011719 0.276562 0.003906 0.035156
1 0.004687 0.221094 0.009375 0.073438
1 0.028906 0.303125 0.007031 0.046875
1 0.032031 0.307812 0.005469 0.041406
1 0.033594 0.310156 0.003906 0.036719
1 0.034375 0.311719 0.003125 0.033594
1 0.021875 0.443750 0.042969 0.034375
1 0.022656 0.403906 0.045312 0.044531
1 0.043750 0.401562 0.003906 0.036719
2 0.467969 0.591406 0.046094 0.034375
2 0.885156 0.478906 0.119531 0.044531
2 0.781250 0.467969 0.092969 0.036719
2 0.534375 0.444531 0.055469 0.019531
2 0.571094 0.449219 0.061719 0.021875
2 0.618750 0.455469 0.063281 0.025000
2 0.383594 0.549219 0.035937 0.021875
2 0.435937 0.435156 0.046094 0.014844
2 0.456250 0.436719 0.048438 0.016406
2 0.535156 0.627344 0.055469 0.045312
1 0.852344 0.632031 0.075781 0.083594
1 0.424219 0.505469 0.008594 0.009375
1 0.411719 0.504687 0.007812 0.009375
1 0.411719 0.499219 0.008594 0.010937
1 0.399219 0.498437 0.011719 0.008594
1 0.407813 0.499219 0.010937 0.008594
2 0.689063 0.706250 0.076563 0.075000
2 0.589844 0.657813 0.063281 0.049219
2 0.760156 0.742969 0.086719 0.090625
2 0.851562 0.788281 0.105469 0.114062
2 0.492188 0.532031 0.048438 0.029687
1 0.757031 0.600781 0.041406 0.070312
1 0.725781 0.595313 0.039844 0.057031
1 0.692969 0.582812 0.030469 0.061719
1 0.728125 0.546875 0.039844 0.061719
1 0.563281 0.508594 0.031250 0.042969
1 0.562500 0.543750 0.031250 0.041406
1 0.539062 0.539844 0.014844 0.036719
1 0.524219 0.532813 0.014063 0.041406
1 0.546094 0.504687 0.028906 0.040625
1 0.506250 0.347656 0.028906 0.032031
1 0.485156 0.348438 0.013281 0.032031
1 0.460938 0.351562 0.011719 0.029687
1 0.472656 0.350781 0.011719 0.030469
1 0.480469 0.319531 0.028125 0.032031
1 0.460938 0.321875 0.010937 0.031250
1 0.449219 0.324219 0.010156 0.029687
1 0.439063 0.325781 0.010156 0.029687
1 0.450000 0.353125 0.010156 0.028906
1 0.439844 0.353906 0.009375 0.028906
1 0.429688 0.355469 0.009375 0.028125
1 0.416406 0.346875 0.024219 0.025781
1 0.400000 0.348438 0.007812 0.025000
1 0.392188 0.349219 0.007812 0.025000
1 0.385156 0.350781 0.007031 0.024219
1 0.377344 0.351562 0.007031 0.023438
1 0.371094 0.352344 0.006250 0.023438
1 0.364063 0.353906 0.007031 0.021875
1 0.417187 0.425000 0.024219 0.025781
1 0.403125 0.424219 0.011719 0.025000
1 0.393750 0.424219 0.007812 0.024219
1 0.400781 0.400000 0.023438 0.024219
1 0.385937 0.423438 0.007812 0.023438
1 0.378906 0.422656 0.007031 0.023438
1 0.371875 0.421875 0.007031 0.021875
1 0.365625 0.421094 0.007031 0.021875
1 0.385156 0.400000 0.007031 0.021875
1 0.378125 0.400000 0.007031 0.021875
1 0.371875 0.399219 0.007031 0.021094
2 0.600000 0.523438 0.030469 0.016406
2 0.864062 0.433594 0.052344 0.014844
2 0.814844 0.431250 0.046094 0.014063
2 0.520312 0.466406 0.024219 0.006250
2 0.573438 0.475781 0.022656 0.009375
2 0.597656 0.478906 0.024219 0.009375
2 0.625000 0.482812 0.030469 0.010156
2 0.653906 0.425781 0.025781 0.010156
2 0.684375 0.426563 0.038281 0.010937
2 0.718750 0.428906 0.038281 0.010937
2 0.703125 0.548438 0.011719 0.014844
2 0.623437 0.528906 0.032031 0.018750
2 0.519531 0.503125 0.024219 0.011719
2 0.575000 0.421094 0.025781 0.009375
2 0.594531 0.421875 0.029687 0.009375
2 0.656250 0.536719 0.035156 0.018750
1 0.814063 0.513281 0.030469 0.010937
1 0.539844 0.469531 0.014063 0.005469
2 0.764062 0.563281 0.036719 0.025781
2 0.802344 0.573438 0.044531 0.028906
2 0.849219 0.584375 0.049219 0.031250
2 0.767969 0.506250 0.041406 0.014063
1 0.721094 0.498437 0.017969 0.007031
1 0.705469 0.496094 0.013281 0.008594
1 0.691406 0.493750 0.012500 0.007031
1 0.709375 0.460938 0.017969 0.014844
1 0.679688 0.457813 0.014844 0.014063
1 0.678125 0.491406 0.013281 0.006250
1 0.660937 0.488281 0.005469 0.006250
1 0.646875 0.485938 0.001563 0.005469
1 0.665625 0.456250 0.014844 0.013281
1 0.557813 0.414844 0.014844 0.016406
1 0.548438 0.414844 0.010937 0.016406
1 0.539062 0.414062 0.007031 0.015625
1 0.542969 0.398438 0.014844 0.015625
1 0.532031 0.414062 0.005469 0.015625
1 0.521875 0.414062 0.002344 0.014844
1 0.517188 0.414062 0.006250 0.014844
1 0.510938 0.413281 0.005469 0.015625
1 0.532031 0.398438 0.006250 0.015625
1 0.521875 0.398438 0.002344 0.014844
1 0.517188 0.398438 0.006250 0.014844
1 0.559375 0.357031 0.014844 0.005469
1 0.547656 0.357812 0.007812 0.004687
1 0.539844 0.358594 0.007031 0.004687
1 0.532031 0.359375 0.007031 0.005469
1 0.636719 0.373437 0.016406 0.004687
1 0.623437 0.374219 0.010156 0.004687
1 0.616406 0.346875 0.016406 0.016406
1 0.603125 0.348438 0.010156 0.016406
1 0.593750 0.349219 0.009375 0.016406
1 0.584375 0.350000 0.008594 0.016406
2 0.643750 0.976562 0.045312 0.045312
2 0.975781 0.637500 0.047656 0.035937
