2 0.902344 0.493750 0.061719 0.024219
2 0.913281 0.502344 0.071094 0.028906
2 0.957031 0.579688 0.085156 0.060937
2 0.953906 0.546875 0.091406 0.033594
2 0.950781 0.537500 0.089844 0.041406
2 0.940625 0.908594 0.069531 0.128906
1 0.882812 0.582031 0.007812 0.028906
2 0.889844 0.727344 0.032813 0.050781
2 0.914844 0.814063 0.053125 0.088281
2 0.871094 0.694531 0.008594 0.039062
2 0.866406 0.668750 0.007031 0.032031
2 0.967969 0.841406 0.063281 0.114844
1 0.882812 0.600000 0.005469 0.040625
1 0.903906 0.611719 0.041406 0.031250
1 0.915625 0.622656 0.047656 0.053125
1 0.909375 0.577344 0.045312 0.050781
1 0.932031 0.649219 0.021875 0.065625
1 0.922656 0.700781 0.010937 0.066406
1 0.928906 0.720313 0.010156 0.071875
1 0.965625 0.756250 0.067969 0.100000
1 0.964063 0.675781 0.071094 0.091406
1 0.992969 0.385937 0.013281 0.078125
2 0.410156 0.723437 0.066406 0.067969
2 0.589063 0.463281 0.034375 0.014063
2 0.575000 0.467187 0.036719 0.014063
2 0.075000 0.818750 0.150000 0.153125
2 0.364063 0.658594 0.078906 0.065625
2 0.410156 0.628906 0.067969 0.051562
2 0.452344 0.607031 0.060156 0.043750
2 0.484375 0.492969 0.050781 0.023438
2 0.507812 0.485938 0.046094 0.020313
2 0.533594 0.480469 0.039062 0.018750
2 0.535937 0.625781 0.042969 0.035156
2 0.447656 0.693750 0.059375 0.055469
2 0.096875 0.940625 0.142187 0.117969
2 0.353125 0.530469 0.078906 0.041406
2 0.396875 0.517969 0.070312 0.035937
2 0.489063 0.663281 0.051562 0.046094
1 0.581250 0.530469 0.017188 0.026562
1 0.221875 0.717969 0.064844 0.093750
2 0.558594 0.610156 0.038281 0.024219
2 0.582031 0.596875 0.021094 0.021875
2 0.594531 0.585938 0.019531 0.020313
2 0.562500 0.547656 0.027344 0.017969
1 0.543750 0.551562 0.007812 0.030469
1 0.529687 0.557031 0.019531 0.030469
1 0.525000 0.560156 0.011719 0.035156
1 0.526563 0.528906 0.025781 0.033594
1 0.505469 0.538281 0.026562 0.036719
1 0.514062 0.568750 0.010156 0.032031
1 0.503906 0.574219 0.010156 0.034375
1 0.483594 0.578125 0.028906 0.041406
1 0.496094 0.542188 0.025000 0.038281
1 0.287500 0.530469 0.049219 0.064062
1 0.261719 0.537500 0.038281 0.069531
1 0.224219 0.550781 0.042969 0.066406
1 0.214844 0.490625 0.055469 0.067969
1 0.180469 0.560937 0.050000 0.071875
1 0.130469 0.573438 0.058594 0.078906
1 0.072656 0.588281 0.068750 0.086719
1 0.021875 0.592187 0.043750 0.103125
1 0.171875 0.496094 0.060937 0.073438
1 0.122656 0.503125 0.065625 0.080469
1 0.064844 0.510938 0.071875 0.089063
1 0.291406 0.369531 0.034375 0.056250
1 0.256250 0.367969 0.039062 0.060937
1 0.217188 0.364063 0.044531 0.065625
1 0.171875 0.360938 0.052344 0.070312
1 0.118750 0.357031 0.060937 0.076563
1 0.057031 0.351562 0.072656 0.085156
1 0.014063 0.349219 0.027344 0.085938
1 0.467969 0.397656 0.014063 0.035937
1 0.453125 0.396875 0.014844 0.036719
1 0.420312 0.396094 0.017969 0.040625
1 0.437500 0.396875 0.016406 0.039062
1 0.436719 0.357812 0.016406 0.039844
1 0.419531 0.355469 0.017969 0.042969
1 0.400781 0.353125 0.019531 0.044531
1 0.370312 0.350781 0.042188 0.046875
1 0.401562 0.396094 0.019531 0.042969
1 0.380469 0.395313 0.021875 0.044531
1 0.350781 0.394531 0.039062 0.048438
2 0.682813 0.569531 0.035156 0.021094
