2 0.408594 0.721875 0.092969 0.103906
2 0.686719 0.385156 0.049219 0.014844
2 0.668750 0.387500 0.048438 0.015625
2 0.527344 0.403906 0.074219 0.026562
2 0.564063 0.400781 0.069531 0.023438
2 0.603906 0.396875 0.056250 0.020313
2 0.305469 0.429688 0.103906 0.050000
2 0.381250 0.421094 0.100781 0.041406
2 0.532031 0.644531 0.072656 0.067969
1 0.682031 0.468750 0.032031 0.034375
1 0.200781 0.659375 0.028906 0.046094
1 0.160156 0.682031 0.032031 0.053906
1 0.121875 0.677344 0.036719 0.071094
1 0.017969 0.734375 0.035156 0.060937
1 0.074219 0.700781 0.043750 0.057031
2 0.635938 0.581250 0.055469 0.033594
2 0.582812 0.617188 0.064844 0.043750
2 0.669531 0.565625 0.030469 0.029687
2 0.688281 0.553125 0.028906 0.025781
2 0.475000 0.563281 0.083594 0.064062
1 0.668750 0.478125 0.010156 0.035156
1 0.648438 0.480469 0.032031 0.036719
1 0.637500 0.483594 0.033594 0.040625
1 0.649219 0.447656 0.033594 0.038281
1 0.559375 0.472656 0.038281 0.050781
1 0.569531 0.517188 0.015625 0.045312
1 0.553906 0.523438 0.016406 0.048438
1 0.525000 0.525781 0.041406 0.058594
1 0.542188 0.477344 0.041406 0.053125
1 0.498437 0.249219 0.024219 0.059375
1 0.473438 0.242969 0.025781 0.063281
1 0.414844 0.228906 0.034375 0.071094
1 0.445312 0.235937 0.029687 0.066406
1 0.444531 0.174219 0.030469 0.074219
1 0.413281 0.162500 0.034375 0.078906
1 0.377344 0.149219 0.039062 0.085938
1 0.329688 0.135156 0.060156 0.092969
1 0.379688 0.220312 0.038281 0.075781
1 0.340625 0.210938 0.044531 0.081250
1 0.290625 0.199219 0.061719 0.089844
1 0.156250 0.126562 0.078906 0.115625
1 0.077344 0.103125 0.097656 0.130469
1 0.021094 0.088281 0.041406 0.121094
1 0.178125 0.415625 0.071094 0.092969
1 0.107031 0.421094 0.086719 0.100781
1 0.037500 0.426563 0.075000 0.106250
1 0.039062 0.319531 0.078125 0.108594
2 0.289062 0.533594 0.045312 0.029687
2 0.496875 0.376563 0.032031 0.008594
2 0.476562 0.376563 0.033594 0.009375
2 0.050000 0.513281 0.074219 0.014063
2 0.242969 0.482031 0.046875 0.010156
2 0.287500 0.474219 0.041406 0.007031
2 0.328906 0.467969 0.032031 0.007031
2 0.359375 0.383594 0.036719 0.010937
2 0.390625 0.382031 0.032031 0.010937
2 0.420312 0.381250 0.032031 0.010156
2 0.425000 0.499219 0.035937 0.020313
2 0.325781 0.523438 0.042969 0.026562
2 0.067187 0.589063 0.077344 0.046094
2 0.218750 0.389062 0.021094 0.014844
2 0.270313 0.386719 0.038281 0.014063
2 0.369531 0.513281 0.039844 0.023438
2 0.455469 0.493750 0.033594 0.014844
2 0.481250 0.487500 0.024219 0.014063
2 0.501563 0.482031 0.021875 0.013281
1 0.176563 0.367188 0.022656 0.004687
1 0.152344 0.367969 0.025781 0.005469
1 0.125000 0.347656 0.031250 0.034375
1 0.099219 0.367969 0.028125 0.004687
1 0.081250 0.367969 0.007031 0.004687
1 0.096875 0.346875 0.032031 0.035156
1 0.078906 0.346875 0.010156 0.035156
1 0.170313 0.280469 0.026562 0.035156
1 0.145313 0.278125 0.028906 0.035937
1 0.118750 0.275781 0.030469 0.038281
1 0.090625 0.273438 0.032813 0.039062
1 0.060156 0.269531 0.035156 0.039844
1 0.026562 0.257031 0.035156 0.023438
1 0.005469 0.254688 0.010937 0.021875
1 0.331250 0.307812 0.016406 0.026562
1 0.315625 0.306250 0.017188 0.028125
1 0.281250 0.303906 0.019531 0.029687
1 0.299219 0.305469 0.017969 0.028906
1 0.297656 0.286719 0.016406 0.009375
1 0.280469 0.285156 0.017969 0.009375
1 0.261719 0.283594 0.018750 0.009375
1 0.249219 0.282031 0.006250 0.008594
1 0.263281 0.301563 0.019531 0.029687
1 0.250000 0.301563 0.009375 0.028906
1 0.216406 0.298438 0.011719 0.031250
2 0.928906 0.634375 0.111719 0.069531
2 0.585156 0.474219 0.014063 0.013281
