2 0.389844 0.778125 0.117969 0.136719
2 0.700000 0.390625 0.016406 0.013281
2 0.664062 0.390625 0.055469 0.014063
2 0.527344 0.391406 0.084375 0.024219
2 0.579688 0.392969 0.049219 0.020313
2 0.612500 0.392969 0.047656 0.017969
2 0.253906 0.384375 0.147656 0.049219
2 0.375000 0.387500 0.095312 0.038281
2 0.533594 0.673438 0.083594 0.078906
1 0.681250 0.479687 0.030469 0.035156
1 0.097656 0.708594 0.046875 0.067969
1 0.030469 0.746094 0.060156 0.083594
1 0.001563 0.730469 0.002344 0.028125
2 0.637500 0.599219 0.059375 0.035156
2 0.585938 0.639062 0.071094 0.048438
2 0.671094 0.582031 0.030469 0.031250
2 0.687500 0.568750 0.027344 0.028125
2 0.470313 0.576562 0.100781 0.070312
1 0.668750 0.486719 0.008594 0.036719
1 0.650000 0.490625 0.030469 0.038281
1 0.638281 0.492969 0.036719 0.042969
1 0.649219 0.455469 0.035156 0.038281
1 0.561719 0.475781 0.042188 0.054688
1 0.574219 0.524219 0.016406 0.051562
1 0.557813 0.531250 0.017969 0.054688
1 0.525000 0.534375 0.048438 0.064844
1 0.546094 0.478906 0.042188 0.056250
1 0.498437 0.200781 0.025781 0.071875
1 0.470313 0.186719 0.028906 0.078125
1 0.401562 0.153906 0.041406 0.093750
1 0.438281 0.171875 0.034375 0.085156
1 0.437500 0.098437 0.035156 0.098437
1 0.400000 0.074219 0.042188 0.109375
1 0.355469 0.053125 0.049219 0.105469
1 0.293750 0.039844 0.078906 0.079687
1 0.357812 0.132031 0.048438 0.103906
1 0.307031 0.107031 0.058594 0.114844
1 0.239844 0.075781 0.083594 0.133594
1 0.081250 0.005469 0.022656 0.010156
1 0.059375 0.341406 0.118750 0.138281
1 0.006250 0.356250 0.012500 0.108594
2 0.245312 0.562500 0.053906 0.032031
2 0.478906 0.393750 0.031250 0.008594
2 0.457031 0.393750 0.035156 0.008594
2 0.188281 0.494531 0.060156 0.026562
2 0.242188 0.486719 0.054688 0.023438
2 0.289844 0.480469 0.045312 0.020313
2 0.402344 0.524219 0.039844 0.020313
2 0.289844 0.551562 0.050000 0.028906
2 0.005469 0.621875 0.010156 0.034375
2 0.150781 0.393750 0.007031 0.014063
2 0.226562 0.394531 0.004687 0.013281
2 0.339844 0.539844 0.044531 0.025781
1 0.460938 0.451562 0.019531 0.021094
1 0.051562 0.501563 0.060937 0.045312
2 0.434375 0.517188 0.036719 0.015625
2 0.461719 0.510938 0.025781 0.014844
2 0.482031 0.506250 0.025000 0.014063
2 0.433594 0.461719 0.036719 0.010937
1 0.405469 0.457813 0.011719 0.025000
1 0.390625 0.460156 0.017969 0.024219
1 0.378125 0.460938 0.017969 0.025781
1 0.388281 0.440625 0.021094 0.017969
1 0.362500 0.442969 0.013281 0.018750
1 0.363281 0.464062 0.013281 0.025781
1 0.349219 0.465625 0.014844 0.025781
1 0.330469 0.466406 0.022656 0.029687
1 0.344531 0.443750 0.022656 0.019531
1 0.121094 0.382812 0.010156 0.035937
1 0.102344 0.265625 0.033594 0.042969
1 0.069531 0.260156 0.036719 0.044531
1 0.034375 0.254688 0.039844 0.046094
1 0.009375 0.250781 0.017969 0.044531
1 0.297656 0.309375 0.018750 0.030469
1 0.278906 0.307031 0.019531 0.031250
1 0.239063 0.301563 0.022656 0.033594
1 0.260156 0.303906 0.021094 0.032031
1 0.258594 0.273438 0.021094 0.034375
1 0.237500 0.269531 0.022656 0.035156
1 0.215625 0.265625 0.024219 0.036719
1 0.190625 0.260937 0.028125 0.038281
1 0.217188 0.298438 0.023438 0.034375
1 0.194531 0.294531 0.025000 0.035937
1 0.178906 0.292969 0.009375 0.035156
2 0.947656 0.636719 0.103906 0.063281
