2 0.395313 0.723437 0.096094 0.078125
2 0.735156 0.438281 0.039062 0.018750
2 0.700000 0.433594 0.061719 0.019531
2 0.533594 0.408594 0.075000 0.026562
2 0.577344 0.417187 0.074219 0.023438
2 0.628125 0.424219 0.053906 0.021875
2 0.292969 0.364063 0.094531 0.050000
2 0.378906 0.378906 0.080469 0.042969
2 0.542969 0.680469 0.081250 0.054688
1 0.728125 0.530469 0.032031 0.033594
1 0.179688 0.588281 0.032031 0.028906
1 0.136719 0.594531 0.038281 0.033594
1 0.103906 0.585938 0.042188 0.049219
1 0.010937 0.605469 0.021875 0.032031
1 0.058594 0.596875 0.047656 0.032031
2 0.671875 0.642969 0.066406 0.030469
2 0.605469 0.664844 0.074219 0.036719
2 0.712500 0.634375 0.039062 0.025781
2 0.737500 0.626563 0.036719 0.023438
2 0.473438 0.564844 0.083594 0.035156
1 0.707031 0.532031 0.011719 0.035156
1 0.686719 0.533594 0.027344 0.036719
1 0.670312 0.533594 0.036719 0.038281
1 0.685156 0.496875 0.032031 0.035156
1 0.582812 0.496094 0.017969 0.045312
1 0.583594 0.541406 0.018750 0.045312
1 0.563281 0.542969 0.019531 0.046875
1 0.532031 0.543750 0.042969 0.050781
1 0.552344 0.495312 0.041406 0.046094
1 0.498437 0.248438 0.025781 0.055469
1 0.471094 0.237500 0.027344 0.058594
1 0.410938 0.213281 0.032031 0.064844
1 0.442188 0.225781 0.029687 0.060937
1 0.442188 0.173437 0.029687 0.068750
1 0.410938 0.157031 0.032813 0.071875
1 0.376563 0.141406 0.035156 0.076563
1 0.335938 0.122656 0.044531 0.082031
1 0.376563 0.199219 0.035156 0.068750
1 0.339062 0.184375 0.039062 0.071875
1 0.296875 0.166406 0.044531 0.078125
1 0.182031 0.088281 0.064062 0.095312
1 0.116406 0.059375 0.066406 0.101562
1 0.045312 0.041406 0.075000 0.082031
1 0.003906 0.026562 0.007812 0.053125
1 0.177344 0.326562 0.065625 0.086719
1 0.110937 0.314844 0.067187 0.092969
1 0.039062 0.302344 0.075781 0.099219
1 0.051562 0.217188 0.100781 0.111719
2 0.535937 0.466406 0.025781 0.009375
2 0.512500 0.464844 0.032031 0.009375
2 0.120313 0.539062 0.067969 0.016406
2 0.282031 0.533594 0.042969 0.013281
2 0.323437 0.532031 0.039844 0.011719
2 0.360938 0.531250 0.034375 0.011719
2 0.396094 0.458594 0.032031 0.010156
2 0.426563 0.460938 0.028906 0.010156
2 0.456250 0.463281 0.028906 0.009375
2 0.277344 0.451562 0.035156 0.014063
2 0.312500 0.453906 0.034375 0.013281
1 0.515625 0.519531 0.017969 0.018750
1 0.190625 0.528125 0.038281 0.029687
2 0.488281 0.526563 0.033594 0.008594
1 0.460938 0.521094 0.010156 0.021094
1 0.447656 0.521094 0.014844 0.021094
1 0.436719 0.521094 0.014844 0.021875
1 0.446875 0.499219 0.016406 0.021094
1 0.422656 0.499219 0.010937 0.021094
1 0.422656 0.521875 0.011719 0.021094
1 0.410938 0.521875 0.011719 0.021875
1 0.395313 0.522656 0.017188 0.023438
1 0.407813 0.499219 0.017188 0.021094
1 0.225781 0.440625 0.002344 0.028125
1 0.214062 0.439844 0.020313 0.029687
1 0.192969 0.438281 0.021094 0.028906
1 0.194531 0.417969 0.023438 0.013281
1 0.171094 0.436719 0.021875 0.029687
1 0.148438 0.435156 0.023438 0.031250
1 0.124219 0.433594 0.024219 0.031250
1 0.099219 0.431250 0.025000 0.033594
1 0.171094 0.415625 0.021875 0.014844
1 0.148438 0.414062 0.022656 0.014844
1 0.124219 0.410938 0.024219 0.014844
1 0.235937 0.355469 0.019531 0.029687
1 0.218750 0.353125 0.014844 0.029687
1 0.343750 0.353906 0.014844 0.015625
1 0.328125 0.350781 0.014844 0.014063
1 0.312500 0.353906 0.015625 0.028125
1 0.295312 0.345313 0.017188 0.016406
1 0.314844 0.374219 0.007031 0.013281
1 0.283594 0.368750 0.004687 0.014063
2 0.989844 0.671875 0.019531 0.040625
