3 0.118750 0.596094 0.130469 0.228906
2 0.449219 0.597656 0.059375 0.057813
2 0.979688 0.524219 0.040625 0.070312
2 0.919531 0.512500 0.153125 0.088281
2 0.547656 0.432812 0.067969 0.047656
2 0.602344 0.444531 0.077344 0.050781
2 0.676562 0.464062 0.080469 0.055469
2 0.321875 0.531250 0.050000 0.039062
2 0.396094 0.400781 0.062500 0.035156
2 0.428906 0.407813 0.064062 0.037500
2 0.546875 0.651563 0.065625 0.075781
1 0.967969 0.705469 0.064062 0.114062
1 0.377344 0.482812 0.014844 0.014844
1 0.364063 0.482812 0.014063 0.015625
1 0.362500 0.472656 0.015625 0.020313
1 0.340625 0.471094 0.015625 0.014844
1 0.355469 0.471094 0.014844 0.014844
2 0.758594 0.760156 0.087500 0.115625
2 0.622656 0.690625 0.070312 0.088281
2 0.853125 0.809375 0.108594 0.132812
2 0.946875 0.858594 0.106250 0.142187
2 0.487500 0.534375 0.062500 0.058594
1 0.862500 0.659375 0.055469 0.096875
1 0.819531 0.640625 0.049219 0.096875
1 0.778906 0.627344 0.046875 0.092188
1 0.825781 0.592187 0.058594 0.094531
1 0.589063 0.516406 0.035937 0.067187
1 0.587500 0.560156 0.035156 0.060937
1 0.559375 0.557813 0.023438 0.046875
1 0.537500 0.539844 0.022656 0.062500
1 0.566406 0.509375 0.035156 0.064062
1 0.505469 0.298438 0.037500 0.047656
1 0.480469 0.296875 0.029687 0.046875
1 0.437500 0.296094 0.019531 0.042188
1 0.455469 0.297656 0.020313 0.043750
1 0.464062 0.252344 0.038281 0.044531
1 0.435937 0.252344 0.020313 0.044531
1 0.417187 0.252344 0.019531 0.043750
1 0.400781 0.252344 0.017969 0.041406
1 0.418750 0.295312 0.017969 0.041406
1 0.401562 0.294531 0.017969 0.039062
1 0.385937 0.292187 0.017188 0.039062
1 0.359375 0.275781 0.035937 0.038281
1 0.335938 0.275781 0.014844 0.035937
1 0.323437 0.275000 0.014844 0.035156
1 0.310937 0.274219 0.014844 0.034375
1 0.298438 0.274219 0.014063 0.034375
1 0.287500 0.274219 0.012500 0.032813
1 0.276562 0.273438 0.012500 0.032031
1 0.365625 0.381250 0.034375 0.041406
1 0.350000 0.378906 0.027344 0.040625
1 0.330469 0.378906 0.014063 0.034375
1 0.337500 0.344531 0.035156 0.037500
1 0.318750 0.375781 0.014063 0.032813
1 0.307031 0.373437 0.014063 0.032031
1 0.296875 0.371094 0.012500 0.032031
1 0.285938 0.367188 0.012500 0.032813
1 0.323437 0.342187 0.029687 0.035937
1 0.312500 0.340625 0.032031 0.035937
1 0.300781 0.339062 0.029687 0.035156
2 0.472656 0.384375 0.029687 0.014844
2 0.546094 0.398438 0.026562 0.017969
2 0.571094 0.402344 0.032813 0.017969
2 0.596875 0.409375 0.029687 0.021094
1 0.799219 0.437500 0.032813 0.035156
1 0.497656 0.385156 0.017188 0.023438
2 0.750781 0.435937 0.040625 0.024219
1 0.703125 0.419531 0.017188 0.030469
1 0.688281 0.419531 0.017188 0.024219
1 0.674219 0.414844 0.015625 0.029687
1 0.691406 0.394531 0.017188 0.029687
1 0.657813 0.389844 0.015625 0.028906
1 0.656250 0.412500 0.017188 0.025781
1 0.642188 0.411719 0.014063 0.023438
1 0.628906 0.407813 0.014063 0.027344
1 0.644531 0.388281 0.017188 0.027344
1 0.519531 0.266406 0.009375 0.015625
1 0.503906 0.265625 0.003906 0.014844
1 0.497656 0.265625 0.009375 0.014844
1 0.487500 0.265625 0.008594 0.014844
1 0.614062 0.278906 0.017969 0.023438
1 0.600781 0.278906 0.015625 0.023438
1 0.575000 0.278906 0.011719 0.021094
1 0.587500 0.278906 0.012500 0.022656
1 0.590625 0.255469 0.017188 0.023438
1 0.575781 0.255469 0.012500 0.022656
1 0.564063 0.255469 0.011719 0.022656
1 0.552344 0.255469 0.011719 0.022656
1 0.563281 0.278906 0.011719 0.021094
1 0.552344 0.277344 0.011719 0.021094
1 0.541406 0.277344 0.010937 0.021094
2 0.961719 0.592969 0.076563 0.047656
