2 0.417187 0.666406 0.065625 0.046094
2 0.746875 0.438281 0.057813 0.017188
2 0.713281 0.435937 0.062500 0.019531
2 0.535156 0.424219 0.059375 0.019531
2 0.587500 0.428125 0.044531 0.017969
2 0.631250 0.431250 0.046094 0.015625
2 0.080469 0.717187 0.140625 0.070312
2 0.339844 0.407813 0.062500 0.026562
2 0.400781 0.412500 0.057813 0.025781
2 0.542188 0.649219 0.067187 0.037500
1 0.742969 0.527344 0.037500 0.032031
1 0.273438 0.559375 0.019531 0.015625
1 0.249219 0.561719 0.021094 0.019531
1 0.230469 0.555469 0.022656 0.028906
1 0.174219 0.564844 0.026562 0.019531
1 0.207031 0.560937 0.024219 0.017969
2 0.678906 0.630469 0.064062 0.027344
2 0.604688 0.642188 0.064844 0.030469
2 0.721875 0.627344 0.046094 0.022656
2 0.753906 0.622656 0.044531 0.021094
2 0.478906 0.550781 0.060937 0.025781
1 0.716406 0.529687 0.014063 0.034375
1 0.700000 0.530469 0.017188 0.034375
1 0.677344 0.530469 0.035156 0.035156
1 0.691406 0.496094 0.034375 0.032813
1 0.578125 0.496094 0.017969 0.038281
1 0.578125 0.534375 0.017969 0.037500
1 0.559375 0.535937 0.019531 0.039062
1 0.534375 0.535937 0.029687 0.041406
1 0.552344 0.496094 0.032813 0.040625
1 0.498437 0.299219 0.022656 0.042188
1 0.475000 0.294531 0.022656 0.043750
1 0.425781 0.284375 0.025781 0.046094
1 0.450781 0.289844 0.023438 0.043750
1 0.450781 0.247656 0.023438 0.046875
1 0.425781 0.242188 0.025781 0.049219
1 0.399219 0.236719 0.026562 0.050000
1 0.372656 0.229687 0.027344 0.050781
1 0.399219 0.279687 0.026562 0.046875
1 0.372656 0.274219 0.027344 0.046875
1 0.343750 0.269531 0.029687 0.049219
1 0.274219 0.234375 0.039062 0.053906
1 0.235937 0.226562 0.035156 0.053125
1 0.199219 0.220312 0.037500 0.055469
1 0.161719 0.212500 0.038281 0.058594
1 0.121094 0.203125 0.041406 0.059375
1 0.077344 0.194531 0.042188 0.062500
1 0.033594 0.185156 0.046094 0.064062
1 0.271875 0.390625 0.039062 0.053125
1 0.233594 0.387500 0.035156 0.053125
1 0.197656 0.384375 0.037500 0.053125
1 0.203906 0.332031 0.050000 0.057813
1 0.158594 0.381250 0.038281 0.056250
1 0.117188 0.377344 0.041406 0.057813
1 0.075000 0.374219 0.043750 0.058594
1 0.030469 0.369531 0.046094 0.062500
1 0.158594 0.327344 0.038281 0.058594
1 0.117188 0.321094 0.041406 0.061719
1 0.075000 0.316406 0.043750 0.062500
2 0.387500 0.584375 0.029687 0.003906
2 0.577344 0.465625 0.029687 0.008594
2 0.555469 0.464844 0.029687 0.008594
2 0.244531 0.527344 0.043750 0.010937
2 0.355469 0.525781 0.032031 0.010937
2 0.387500 0.524219 0.030469 0.010937
2 0.418750 0.523438 0.026562 0.010937
2 0.449219 0.462500 0.024219 0.008594
2 0.474219 0.464062 0.025781 0.008594
2 0.499219 0.464062 0.024219 0.007812
2 0.417187 0.580469 0.028906 0.003906
2 0.244531 0.594531 0.040625 0.006250
2 0.351562 0.459375 0.026562 0.009375
2 0.378906 0.459375 0.025781 0.009375
2 0.452344 0.578906 0.028906 0.005469
1 0.287500 0.520312 0.021094 0.023438
2 0.535937 0.572656 0.024219 0.005469
1 0.507031 0.515625 0.007812 0.019531
1 0.493750 0.516406 0.006250 0.017969
1 0.483594 0.516406 0.014063 0.017969
1 0.491406 0.497656 0.010937 0.017969
1 0.471094 0.497656 0.009375 0.017969
1 0.471094 0.517188 0.010937 0.019531
1 0.460938 0.517188 0.010937 0.019531
1 0.447656 0.517188 0.014063 0.019531
1 0.458594 0.497656 0.012500 0.017969
1 0.321094 0.452344 0.014063 0.019531
1 0.290625 0.451562 0.014063 0.020313
1 0.275781 0.451562 0.014063 0.020313
1 0.260937 0.450781 0.014844 0.021094
1 0.246094 0.450000 0.014844 0.021094
1 0.229687 0.450000 0.014844 0.021094
1 0.322656 0.383594 0.014844 0.022656
1 0.292187 0.380469 0.012500 0.022656
1 0.428125 0.401562 0.011719 0.020313
1 0.415625 0.399219 0.011719 0.014844
1 0.391406 0.396094 0.012500 0.015625
1 0.403906 0.398438 0.011719 0.015625
1 0.403906 0.379688 0.011719 0.021094
1 0.391406 0.378906 0.012500 0.021094
1 0.378906 0.377344 0.012500 0.022656
1 0.365625 0.375781 0.012500 0.021094
1 0.378906 0.396094 0.012500 0.017188
1 0.365625 0.396875 0.012500 0.021094
1 0.353125 0.392188 0.012500 0.017188
2 0.983594 0.675781 0.032813 0.047656
