3 0.460156 0.821875 0.181250 0.353906
2 0.871094 0.846094 0.092969 0.098437
2 0.849219 0.442188 0.044531 0.019531
2 0.853125 0.449219 0.048438 0.023438
2 0.892969 0.808594 0.071094 0.128906
2 0.870313 0.722656 0.059375 0.091406
2 0.853906 0.667969 0.039844 0.060937
2 0.875781 0.504687 0.083594 0.044531
2 0.866406 0.480469 0.058594 0.020313
2 0.867969 0.469531 0.052344 0.018750
2 0.908594 0.598437 0.083594 0.075000
2 0.906250 0.559375 0.096875 0.051562
2 0.831250 0.721875 0.014844 0.059375
1 0.835938 0.540625 0.014063 0.036719
1 0.837500 0.514844 0.010156 0.016406
1 0.841406 0.557031 0.002344 0.016406
1 0.857031 0.618750 0.032031 0.059375
1 0.852344 0.571094 0.014063 0.040625
1 0.876563 0.371094 0.010156 0.051562
1 0.880469 0.371875 0.010156 0.055469
1 0.892188 0.374219 0.012500 0.064062
1 0.885938 0.373437 0.011719 0.058594
1 0.892969 0.314063 0.012500 0.060937
1 0.899219 0.309375 0.013281 0.065625
1 0.906250 0.309375 0.014063 0.065625
1 0.953125 0.297656 0.092969 0.085938
1 0.899219 0.375781 0.014844 0.068750
1 0.905469 0.376563 0.013281 0.071094
1 0.932813 0.364063 0.021875 0.054688
1 0.953125 0.342187 0.030469 0.108594
1 0.973437 0.339062 0.038281 0.123438
1 0.987500 0.341406 0.024219 0.132031
1 0.927344 0.630469 0.046094 0.113281
1 0.931250 0.664062 0.032031 0.129688
1 0.946875 0.706250 0.035156 0.150000
1 0.971875 0.596875 0.055469 0.145313
1 0.970313 0.761719 0.044531 0.181250
1 0.985938 0.830469 0.027344 0.207031
1 0.982031 0.635938 0.034375 0.174219
1 0.996094 0.711719 0.006250 0.051562
2 0.817187 0.585156 0.002344 0.024219
2 0.817969 0.602344 0.002344 0.026562
2 0.825000 0.671094 0.007812 0.042969
2 0.822656 0.624219 0.008594 0.032031
2 0.456250 0.625000 0.050781 0.046094
2 0.593750 0.417187 0.028125 0.011719
2 0.581250 0.420312 0.032031 0.013281
2 0.510156 0.442969 0.041406 0.019531
2 0.529687 0.437500 0.034375 0.017969
2 0.547656 0.432812 0.032813 0.015625
2 0.272656 0.768750 0.086719 0.098437
2 0.421875 0.471875 0.054688 0.030469
2 0.447656 0.462500 0.055469 0.026562
2 0.513281 0.583594 0.041406 0.033594
1 0.591406 0.470313 0.018750 0.021875
1 0.375781 0.590625 0.017969 0.019531
1 0.366406 0.599219 0.018750 0.021094
1 0.349219 0.598437 0.018750 0.030469
1 0.317969 0.623437 0.020313 0.023438
1 0.332813 0.609375 0.019531 0.021094
2 0.566406 0.542969 0.032813 0.019531
2 0.538281 0.565625 0.037500 0.024219
2 0.585938 0.533594 0.017969 0.018750
2 0.596875 0.524219 0.016406 0.016406
2 0.486719 0.535937 0.047656 0.032031
1 0.584375 0.478125 0.005469 0.021875
1 0.572656 0.480469 0.017969 0.021875
1 0.566406 0.482031 0.019531 0.025781
1 0.572656 0.459375 0.019531 0.023438
1 0.525781 0.480469 0.021875 0.029687
1 0.532813 0.506250 0.007031 0.026562
1 0.525000 0.510938 0.007812 0.028125
1 0.508594 0.513281 0.024219 0.033594
1 0.517188 0.484375 0.024219 0.031250
1 0.499219 0.365625 0.010156 0.029687
1 0.489063 0.366406 0.010156 0.030469
1 0.465625 0.366406 0.012500 0.031250
1 0.477344 0.366406 0.011719 0.030469
1 0.477344 0.334375 0.011719 0.031250
1 0.464844 0.333594 0.012500 0.033594
1 0.452344 0.332031 0.013281 0.035156
1 0.428906 0.331250 0.032813 0.035156
1 0.452344 0.366406 0.013281 0.033594
1 0.439063 0.367969 0.014844 0.035156
1 0.414844 0.367969 0.033594 0.036719
1 0.382031 0.352344 0.020313 0.041406
1 0.360938 0.351562 0.022656 0.043750
1 0.339062 0.351562 0.025781 0.045312
1 0.314063 0.350781 0.028906 0.048438
1 0.285938 0.350781 0.032031 0.050781
1 0.254688 0.350000 0.036719 0.055469
1 0.214844 0.349219 0.050781 0.058594
1 0.376563 0.471094 0.036719 0.046875
1 0.364844 0.476562 0.022656 0.049219
1 0.342969 0.484375 0.024219 0.046875
1 0.334375 0.441406 0.039062 0.049219
1 0.319531 0.491406 0.027344 0.050000
1 0.292969 0.499219 0.029687 0.051562
1 0.264062 0.507031 0.033594 0.056250
1 0.227344 0.511719 0.046094 0.068750
1 0.308594 0.445312 0.043750 0.051562
1 0.282813 0.450000 0.044531 0.055469
1 0.252344 0.455469 0.050000 0.059375
2 0.308594 0.540625 0.037500 0.020313
2 0.457031 0.403125 0.021875 0.008594
2 0.440625 0.405469 0.025781 0.008594
2 0.146875 0.528906 0.055469 0.030469
2 0.357812 0.417969 0.031250 0.011719
2 0.378125 0.415625 0.030469 0.010156
2 0.400781 0.412500 0.025781 0.010156
2 0.406250 0.505469 0.027344 0.014063
2 0.337500 0.531250 0.029687 0.017969
2 0.158594 0.594531 0.050781 0.036719
2 0.365625 0.519531 0.032031 0.017969
1 0.443750 0.444531 0.014844 0.010937
1 0.192188 0.503125 0.003906 0.014844
2 0.427344 0.497656 0.025000 0.011719
2 0.445312 0.491406 0.018750 0.011719
2 0.459375 0.485938 0.017969 0.010937
1 0.400000 0.456250 0.007031 0.010156
1 0.395313 0.458594 0.001563 0.006250
1 0.395313 0.442188 0.016406 0.019531
1 0.375000 0.441406 0.011719 0.010937
1 0.367969 0.443750 0.016406 0.011719
1 0.232031 0.421875 0.022656 0.014063
1 0.218750 0.429688 0.017969 0.028125
1 0.205469 0.432812 0.013281 0.025000
1 0.203906 0.409375 0.011719 0.021094
1 0.185156 0.435937 0.007031 0.025000
1 0.163281 0.438281 0.018750 0.028125
1 0.144531 0.440625 0.022656 0.028906
1 0.121094 0.441406 0.028906 0.033594
1 0.174219 0.408594 0.016406 0.026562
1 0.159375 0.410156 0.021094 0.029687
1 0.139844 0.411719 0.028125 0.029687
1 0.177344 0.353906 0.007031 0.026562
1 0.155469 0.353906 0.017969 0.028125
1 0.136719 0.353906 0.024219 0.028906
1 0.112500 0.353906 0.029687 0.029687
2 0.709375 0.550781 0.040625 0.025000
