3 0.057031 0.602344 0.114062 0.292187
2 0.439844 0.589063 0.073438 0.088281
2 0.567969 0.421094 0.100000 0.100000
2 0.649219 0.455469 0.117969 0.117188
2 0.772656 0.514062 0.141406 0.135156
2 0.299219 0.476562 0.059375 0.055469
2 0.367969 0.340625 0.085156 0.062500
2 0.407813 0.359375 0.088281 0.069531
2 0.559375 0.689063 0.085938 0.124219
1 0.357812 0.433594 0.017188 0.024219
1 0.339062 0.432812 0.021094 0.020313
1 0.339062 0.415625 0.020313 0.023438
1 0.314063 0.410938 0.019531 0.021094
1 0.328906 0.412500 0.017969 0.021094
2 0.850781 0.902344 0.132812 0.192188
2 0.657031 0.769531 0.096875 0.157812
2 0.928906 0.970313 0.029687 0.057813
2 0.485938 0.534375 0.084375 0.100781
1 0.967187 0.812500 0.065625 0.180469
1 0.911719 0.773438 0.100000 0.170313
1 0.971094 0.753906 0.057813 0.146875
1 0.622656 0.551562 0.052344 0.096875
1 0.618750 0.603125 0.052344 0.091406
1 0.578906 0.594531 0.034375 0.064844
1 0.550000 0.556250 0.034375 0.097656
1 0.587500 0.532813 0.046094 0.091406
1 0.510938 0.214844 0.059375 0.085156
1 0.478125 0.210156 0.058594 0.082031
1 0.410938 0.203906 0.028906 0.067969
1 0.437500 0.209375 0.029687 0.070312
1 0.448437 0.139063 0.060937 0.073438
1 0.406250 0.137500 0.029687 0.071094
1 0.382031 0.135937 0.027344 0.067969
1 0.359375 0.135156 0.026562 0.065625
1 0.387500 0.200781 0.027344 0.064062
1 0.364844 0.196875 0.025781 0.061719
1 0.344531 0.191406 0.025781 0.064062
1 0.314063 0.162500 0.053906 0.058594
1 0.294531 0.160938 0.046094 0.057813
1 0.278125 0.158594 0.041406 0.055469
1 0.263281 0.156250 0.041406 0.053125
1 0.250000 0.154688 0.040625 0.052344
1 0.236719 0.152344 0.037500 0.050000
1 0.225781 0.152344 0.038281 0.049219
1 0.332813 0.305469 0.049219 0.060937
1 0.314063 0.301563 0.043750 0.058594
1 0.289062 0.300781 0.019531 0.046875
1 0.296094 0.253906 0.047656 0.056250
1 0.275781 0.294531 0.019531 0.044531
1 0.262500 0.290625 0.019531 0.044531
1 0.250781 0.285156 0.017969 0.042188
1 0.239063 0.278125 0.017188 0.046094
1 0.280469 0.249219 0.043750 0.053906
1 0.267188 0.244531 0.042188 0.053125
1 0.253906 0.241406 0.040625 0.050781
2 0.595313 0.369531 0.039062 0.030469
2 0.978125 0.289062 0.043750 0.035937
2 0.925781 0.280469 0.080469 0.039062
2 0.480469 0.282813 0.029687 0.012500
2 0.564844 0.307812 0.029687 0.017188
2 0.596875 0.315625 0.035937 0.017188
2 0.631250 0.325781 0.035156 0.017969
2 0.687500 0.244531 0.043750 0.027344
2 0.727344 0.251563 0.050781 0.028906
2 0.780469 0.261719 0.053906 0.029687
2 0.752344 0.425781 0.046875 0.043750
2 0.625781 0.380469 0.038281 0.032813
2 0.485938 0.330469 0.035156 0.025781
2 0.570312 0.225781 0.034375 0.022656
2 0.594531 0.230469 0.039062 0.023438
2 0.671094 0.397656 0.042188 0.037500
1 0.885156 0.393750 0.019531 0.010937
1 0.512500 0.289062 0.019531 0.006250
2 0.812500 0.446875 0.053906 0.049219
2 0.866406 0.465625 0.060937 0.050781
2 0.926562 0.485938 0.067969 0.057813
2 0.832812 0.380469 0.057813 0.023438
1 0.767188 0.360938 0.020313 0.011719
1 0.747656 0.355469 0.019531 0.010937
1 0.728906 0.350781 0.017969 0.010937
1 0.705469 0.344531 0.017969 0.009375
1 0.688281 0.339062 0.017188 0.010937
1 0.672656 0.335156 0.015625 0.008594
1 0.540625 0.212500 0.003906 0.029687
1 0.538281 0.132031 0.012500 0.029687
1 0.530469 0.131250 0.015625 0.028906
1 0.503125 0.129688 0.012500 0.027344
1 0.494531 0.129688 0.017969 0.027344
1 0.482812 0.128906 0.010937 0.026562
1 0.662500 0.150781 0.020313 0.035156
1 0.647656 0.149219 0.024219 0.034375
1 0.612500 0.148438 0.017188 0.030469
1 0.628125 0.149219 0.017969 0.032031
1 0.634375 0.117188 0.024219 0.032031
1 0.614844 0.116406 0.017188 0.030469
1 0.599219 0.115625 0.015625 0.029687
1 0.585156 0.115625 0.014844 0.029687
1 0.598437 0.147656 0.015625 0.029687
1 0.582812 0.146875 0.014844 0.029687
1 0.569531 0.144531 0.014844 0.032031
