3 0.596875 0.842969 0.150781 0.311719
2 0.925781 0.842187 0.120313 0.135156
2 0.816406 0.424219 0.043750 0.014844
2 0.826562 0.432031 0.049219 0.019531
2 0.964063 0.778906 0.070312 0.120313
2 0.935937 0.703906 0.103125 0.094531
2 0.910937 0.650781 0.102344 0.070312
2 0.890625 0.485156 0.091406 0.040625
2 0.871875 0.465625 0.073438 0.024219
2 0.857812 0.451562 0.058594 0.017969
2 0.975000 0.582031 0.050000 0.070312
2 0.957031 0.544531 0.085938 0.053125
2 0.865625 0.702344 0.070312 0.073438
1 0.803906 0.492969 0.010937 0.028906
1 0.805469 0.505469 0.006250 0.029687
1 0.822656 0.511719 0.032813 0.029687
1 0.827344 0.521094 0.035156 0.035937
1 0.825000 0.487500 0.032813 0.035156
1 0.859375 0.534375 0.034375 0.042188
1 0.843750 0.569531 0.010937 0.044531
1 0.850000 0.579688 0.010937 0.046875
1 0.880469 0.596875 0.056250 0.055469
1 0.875000 0.546875 0.052344 0.055469
1 0.907031 0.358594 0.017969 0.050781
1 0.921094 0.359375 0.020313 0.053906
1 0.953125 0.360938 0.027344 0.061719
1 0.935156 0.360156 0.023438 0.058594
1 0.943750 0.300000 0.025781 0.061719
1 0.962500 0.296094 0.028906 0.067187
1 0.983594 0.292187 0.032813 0.073438
1 0.994531 0.294531 0.010937 0.065625
1 0.973437 0.361719 0.032031 0.067969
1 0.989844 0.362500 0.020313 0.072656
2 0.791406 0.559375 0.012500 0.023438
2 0.794531 0.575781 0.008594 0.026562
2 0.844531 0.651563 0.060937 0.056250
2 0.816406 0.597656 0.037500 0.032813
2 0.459375 0.641406 0.053906 0.053125
2 0.571875 0.407031 0.024219 0.011719
2 0.562500 0.411719 0.030469 0.012500
2 0.503906 0.438281 0.047656 0.021094
2 0.518750 0.430469 0.041406 0.017969
2 0.535937 0.425000 0.032031 0.015625
2 0.271875 0.862500 0.114062 0.146875
2 0.432812 0.476562 0.055469 0.035937
2 0.453906 0.463281 0.057813 0.030469
2 0.507812 0.587500 0.041406 0.037500
1 0.572656 0.461719 0.014844 0.023438
1 0.382031 0.616406 0.021094 0.022656
1 0.374219 0.630469 0.023438 0.026562
1 0.353906 0.632812 0.024219 0.035937
1 0.322656 0.669531 0.027344 0.030469
1 0.336719 0.649219 0.024219 0.027344
2 0.553125 0.537500 0.027344 0.021094
2 0.528906 0.564063 0.037500 0.026562
2 0.566406 0.525781 0.015625 0.017969
2 0.575781 0.515625 0.014063 0.017969
2 0.485938 0.539844 0.050781 0.035156
1 0.566406 0.469531 0.003125 0.022656
1 0.558594 0.474219 0.012500 0.022656
1 0.550781 0.475000 0.020313 0.026562
1 0.555469 0.451562 0.019531 0.024219
1 0.521094 0.476562 0.017969 0.032031
1 0.526563 0.503906 0.006250 0.029687
1 0.521094 0.509375 0.005469 0.029687
1 0.503906 0.512500 0.025781 0.032813
1 0.511719 0.481250 0.025781 0.032813
1 0.500000 0.353906 0.008594 0.032031
1 0.490625 0.354687 0.009375 0.032813
1 0.471094 0.355469 0.010937 0.037500
1 0.481250 0.355469 0.009375 0.034375
1 0.480469 0.319531 0.010937 0.035156
1 0.471094 0.317969 0.011719 0.038281
1 0.459375 0.317188 0.011719 0.040625
1 0.436719 0.315625 0.032813 0.041406
1 0.460156 0.355469 0.011719 0.037500
1 0.447656 0.355469 0.012500 0.039062
1 0.421875 0.356250 0.037500 0.042188
1 0.392188 0.337500 0.021094 0.050000
1 0.372656 0.337500 0.023438 0.053125
1 0.348438 0.335938 0.026562 0.057813
1 0.321094 0.334375 0.032031 0.062500
1 0.289844 0.334375 0.037500 0.067969
1 0.253125 0.333594 0.044531 0.073438
1 0.196094 0.330469 0.082812 0.080469
1 0.385937 0.478906 0.041406 0.055469
1 0.375781 0.487500 0.022656 0.059375
1 0.353906 0.499219 0.025781 0.059375
1 0.339062 0.446094 0.052344 0.060937
1 0.328906 0.509375 0.029687 0.064062
1 0.300000 0.522656 0.034375 0.069531
1 0.265625 0.537500 0.040625 0.076563
1 0.212500 0.548438 0.077344 0.094531
1 0.312500 0.453125 0.058594 0.065625
1 0.282813 0.462500 0.062500 0.072656
1 0.247656 0.471875 0.071094 0.079687
2 0.419531 0.396094 0.024219 0.007812
2 0.402344 0.398438 0.025781 0.009375
2 0.050781 0.567187 0.084375 0.044531
2 0.315625 0.414062 0.037500 0.011719
2 0.337500 0.410156 0.035937 0.011719
2 0.361719 0.407813 0.032031 0.010937
2 0.065625 0.649219 0.079687 0.056250
2 0.210938 0.434375 0.050781 0.019531
2 0.242969 0.427344 0.047656 0.014063
1 0.407813 0.443750 0.015625 0.019531
1 0.128125 0.532813 0.035156 0.041406
1 0.371094 0.450781 0.008594 0.007812
1 0.365625 0.439844 0.003125 0.017969
1 0.159375 0.432812 0.020313 0.032813
1 0.153906 0.434375 0.012500 0.032813
1 0.124219 0.440625 0.022656 0.032813
1 0.115625 0.408594 0.029687 0.034375
1 0.100781 0.445312 0.029687 0.035156
1 0.074219 0.448437 0.032031 0.037500
1 0.045312 0.452344 0.035156 0.039062
1 0.015625 0.455469 0.031250 0.045312
1 0.093750 0.410938 0.035937 0.035937
1 0.065625 0.413281 0.039062 0.037500
1 0.035156 0.415625 0.044531 0.040625
1 0.153906 0.341406 0.010937 0.032031
1 0.144531 0.341406 0.015625 0.032031
1 0.112500 0.341406 0.022656 0.034375
1 0.089063 0.340625 0.032031 0.035156
1 0.061719 0.340625 0.034375 0.037500
1 0.030469 0.339844 0.037500 0.039062
1 0.008594 0.339844 0.017188 0.039062
2 0.692187 0.534375 0.041406 0.022656
2 0.490625 0.471094 0.012500 0.006250
