3 0.304688 0.501563 0.049219 0.117969
2 0.192969 0.725781 0.024219 0.059375
2 0.178125 0.526563 0.010156 0.028906
2 0.175781 0.605469 0.007812 0.032031
2 0.182812 0.640625 0.008594 0.040625
2 0.182031 0.699219 0.017969 0.050781
2 0.160156 0.632031 0.042969 0.073438
2 0.124219 0.688281 0.102344 0.096875
2 0.139063 0.786719 0.028125 0.128125
2 0.191406 0.589063 0.009375 0.033594
2 0.159375 0.509375 0.018750 0.032031
2 0.157031 0.536719 0.022656 0.046094
2 0.204687 0.861719 0.010937 0.089844
1 0.174219 0.773438 0.003125 0.046875
1 0.179688 0.807031 0.011719 0.078906
1 0.180469 0.771094 0.008594 0.064062
1 0.178125 0.743750 0.010937 0.061719
1 0.174219 0.743750 0.003125 0.039844
1 0.104688 0.470313 0.061719 0.068750
1 0.100000 0.436719 0.053125 0.019531
1 0.135937 0.436719 0.008594 0.040625
1 0.135156 0.435937 0.007031 0.034375
1 0.095312 0.405469 0.058594 0.061719
1 0.100000 0.374219 0.055469 0.014844
1 0.103906 0.371094 0.053906 0.020313
1 0.108594 0.376563 0.054688 0.039844
1 0.138281 0.432031 0.007031 0.032031
1 0.139844 0.417969 0.007031 0.042969
1 0.139844 0.409375 0.008594 0.040625
1 0.137500 0.382031 0.013281 0.039844
1 0.136719 0.375781 0.014063 0.035156
1 0.125781 0.364844 0.040625 0.028125
1 0.127344 0.362500 0.038281 0.030469
1 0.132812 0.359375 0.030469 0.030469
1 0.132812 0.355469 0.031250 0.029687
1 0.156250 0.478906 0.011719 0.035937
1 0.154688 0.457031 0.002344 0.006250
1 0.149219 0.435937 0.010937 0.034375
1 0.160156 0.453906 0.003906 0.023438
1 0.159375 0.442969 0.002344 0.014844
1 0.160156 0.439844 0.003906 0.018750
1 0.160156 0.435937 0.005469 0.026562
1 0.145313 0.415625 0.005469 0.004687
1 0.150000 0.423438 0.014844 0.028125
1 0.156250 0.417969 0.004687 0.026562
2 0.210938 0.960156 0.010156 0.078125
2 0.478125 0.557031 0.039062 0.039062
2 0.780469 0.617969 0.097656 0.096094
2 0.710938 0.573438 0.084375 0.078125
2 0.528906 0.461719 0.050000 0.036719
2 0.556250 0.478906 0.053906 0.042969
2 0.591406 0.503125 0.056250 0.046875
2 0.415625 0.492969 0.029687 0.025781
2 0.453125 0.418750 0.039844 0.025781
2 0.468750 0.428125 0.042188 0.028906
2 0.526563 0.610938 0.046094 0.050781
1 0.751563 0.724219 0.057813 0.086719
1 0.445312 0.468750 0.009375 0.009375
1 0.437500 0.467187 0.010156 0.010156
1 0.437500 0.458594 0.010156 0.009375
1 0.426563 0.455469 0.010156 0.009375
1 0.432031 0.458594 0.005469 0.009375
2 0.632812 0.726562 0.060937 0.076563
2 0.565625 0.656250 0.052344 0.053125
2 0.682031 0.776563 0.072656 0.092969
2 0.740625 0.834375 0.084375 0.121875
2 0.496875 0.521875 0.044531 0.038281
1 0.686719 0.666406 0.041406 0.071875
1 0.664844 0.656250 0.039062 0.051562
1 0.638281 0.632031 0.024219 0.064062
1 0.667969 0.617188 0.039062 0.061719
1 0.548438 0.526563 0.028906 0.043750
1 0.547656 0.556250 0.028125 0.036719
1 0.528125 0.546875 0.010937 0.035156
1 0.517969 0.534375 0.010156 0.039844
1 0.534375 0.517188 0.022656 0.041406
1 0.507031 0.368750 0.027344 0.035156
1 0.496094 0.364844 0.025781 0.035156
1 0.469531 0.359375 0.008594 0.028906
1 0.478906 0.363281 0.008594 0.029687
1 0.486719 0.334375 0.025781 0.032031
1 0.477344 0.331250 0.025000 0.031250
1 0.468750 0.328906 0.024219 0.030469
1 0.460156 0.326562 0.021875 0.029687
1 0.461719 0.356250 0.008594 0.028125
1 0.453906 0.353125 0.007031 0.026562
1 0.446094 0.349219 0.007031 0.028906
1 0.437500 0.332813 0.021875 0.026562
1 0.429688 0.331250 0.019531 0.026562
1 0.421875 0.328906 0.015625 0.025781
1 0.417969 0.327344 0.019531 0.025000
1 0.412500 0.325000 0.019531 0.024219
1 0.407031 0.323437 0.017969 0.024219
1 0.401562 0.321875 0.016406 0.023438
1 0.439063 0.400000 0.021094 0.025781
1 0.432812 0.396875 0.020313 0.028125
1 0.419531 0.396094 0.006250 0.023438
1 0.424219 0.373437 0.017969 0.025781
1 0.414062 0.392188 0.006250 0.023438
1 0.408594 0.389062 0.005469 0.021875
1 0.403906 0.385937 0.005469 0.021094
1 0.398438 0.382031 0.005469 0.021094
1 0.419531 0.370312 0.019531 0.025781
1 0.414062 0.367188 0.018750 0.025000
1 0.408594 0.364844 0.017188 0.024219
2 0.617969 0.474219 0.028125 0.020313
2 0.878906 0.450781 0.058594 0.035156
2 0.830469 0.435937 0.053125 0.031250
2 0.677344 0.392188 0.035156 0.019531
2 0.703125 0.400000 0.039844 0.021875
2 0.735938 0.410938 0.040625 0.023438
2 0.722656 0.528906 0.036719 0.032031
2 0.639844 0.484375 0.032031 0.023438
2 0.548438 0.435937 0.024219 0.016406
2 0.600781 0.371094 0.028906 0.015625
2 0.617969 0.375781 0.030469 0.015625
2 0.669531 0.500000 0.035156 0.028125
1 0.823438 0.497656 0.032813 0.017969
1 0.566406 0.396875 0.013281 0.007031
2 0.766406 0.550781 0.044531 0.038281
2 0.803906 0.571094 0.049219 0.041406
2 0.847656 0.592969 0.053125 0.046875
1 0.735156 0.461719 0.020313 0.014063
1 0.721875 0.457813 0.019531 0.006250
1 0.706250 0.450781 0.012500 0.010156
1 0.723437 0.444531 0.021875 0.029687
1 0.694531 0.433594 0.020313 0.026562
1 0.693750 0.446875 0.018750 0.007031
1 0.678906 0.442188 0.010156 0.004687
1 0.667969 0.435937 0.010156 0.008594
1 0.683594 0.430469 0.019531 0.026562
1 0.584375 0.359375 0.015625 0.019531
1 0.576562 0.357812 0.014063 0.019531
1 0.565625 0.357031 0.007031 0.017969
1 0.570312 0.339844 0.014844 0.018750
1 0.559375 0.354687 0.007031 0.016406
1 0.552344 0.353125 0.006250 0.015625
1 0.546875 0.351562 0.005469 0.015625
1 0.540625 0.348438 0.005469 0.017969
1 0.563281 0.338281 0.013281 0.017969
1 0.557031 0.336719 0.014844 0.017969
1 0.550000 0.335156 0.012500 0.016406
1 0.587500 0.308594 0.016406 0.019531
1 0.579688 0.307031 0.014844 0.018750
1 0.571875 0.306250 0.014063 0.018750
1 0.564063 0.305469 0.013281 0.018750
1 0.557813 0.303906 0.013281 0.017969
1 0.550781 0.303125 0.012500 0.017969
1 0.545312 0.302344 0.011719 0.017969
1 0.660937 0.328906 0.019531 0.023438
1 0.650000 0.327344 0.016406 0.023438
1 0.629687 0.325000 0.004687 0.018750
1 0.636719 0.326562 0.010156 0.019531
1 0.639062 0.306250 0.011719 0.021094
1 0.634375 0.305469 0.011719 0.021094
1 0.617188 0.306250 0.005469 0.015625
1 0.610156 0.304688 0.008594 0.014844
1 0.617188 0.323437 0.007031 0.018750
1 0.609375 0.321094 0.008594 0.018750
1 0.601562 0.319531 0.008594 0.020313
2 0.551562 0.996094 0.007812 0.006250
2 0.937500 0.695312 0.078125 0.079687
