2 0.024219 0.960938 0.039844 0.075781
2 0.048438 0.739062 0.024219 0.054688
2 0.005469 0.581250 0.010156 0.046875
1 0.010937 0.716406 0.021094 0.029687
1 0.006250 0.701562 0.011719 0.014063
1 0.016406 0.686719 0.032031 0.033594
1 0.007812 0.674219 0.014844 0.018750
1 0.020313 0.675781 0.034375 0.020313
2 0.005469 0.915625 0.010156 0.106250
1 0.001563 0.383594 0.003125 0.028125
1 0.003125 0.375000 0.006250 0.042969
1 0.008594 0.535937 0.005469 0.026562
1 0.001563 0.471875 0.003125 0.025000
1 0.010937 0.532031 0.005469 0.021875
1 0.014844 0.514062 0.004687 0.043750
1 0.016406 0.507031 0.007031 0.045312
1 0.018750 0.501563 0.007812 0.043750
1 0.003906 0.466406 0.007031 0.035937
1 0.005469 0.464844 0.010937 0.039062
1 0.007031 0.464844 0.014063 0.045312
2 0.488281 0.650781 0.051562 0.046875
2 0.979688 0.603906 0.039062 0.066406
2 0.905469 0.585938 0.135156 0.083594
2 0.385937 0.527344 0.030469 0.023438
2 0.455469 0.562500 0.049219 0.034375
2 0.487500 0.575781 0.052344 0.038281
2 0.519531 0.593750 0.057031 0.044531
2 0.568750 0.503125 0.063281 0.035937
2 0.613281 0.514844 0.072656 0.040625
2 0.675000 0.532813 0.078906 0.046875
2 0.668750 0.779687 0.074219 0.094531
2 0.520312 0.672656 0.055469 0.054688
2 0.393750 0.585938 0.039062 0.029687
2 0.452344 0.475000 0.050781 0.024219
2 0.475781 0.481250 0.053906 0.025781
2 0.567187 0.708594 0.063281 0.066406
1 0.893750 0.759375 0.089844 0.114062
1 0.411719 0.532031 0.022656 0.033594
2 0.762500 0.843750 0.093750 0.123438
2 0.862500 0.910937 0.117188 0.157031
2 0.957031 0.948438 0.085156 0.101562
2 0.777344 0.720313 0.096094 0.086719
1 0.680469 0.655469 0.040625 0.071875
1 0.653906 0.648438 0.038281 0.057031
1 0.624219 0.632031 0.024219 0.064062
1 0.656250 0.601562 0.039844 0.064844
1 0.602344 0.580469 0.035937 0.057031
1 0.601562 0.622656 0.035937 0.050781
1 0.575000 0.615625 0.019531 0.045312
1 0.556250 0.600781 0.017969 0.053906
1 0.582812 0.573438 0.034375 0.053906
1 0.431250 0.460156 0.025781 0.031250
1 0.421875 0.457813 0.025781 0.030469
1 0.404687 0.457031 0.008594 0.026562
1 0.412500 0.430469 0.025781 0.028125
1 0.396094 0.455469 0.008594 0.026562
1 0.389062 0.453125 0.007812 0.025000
1 0.381250 0.451562 0.007031 0.025000
1 0.374219 0.449219 0.007031 0.025781
1 0.403906 0.428906 0.024219 0.026562
1 0.396094 0.428125 0.024219 0.025781
1 0.388281 0.426563 0.023438 0.025781
1 0.430469 0.375781 0.027344 0.028125
1 0.412500 0.375781 0.009375 0.028125
1 0.403125 0.376563 0.008594 0.026562
1 0.394531 0.375781 0.008594 0.025781
1 0.386719 0.376563 0.008594 0.025000
1 0.379688 0.376563 0.007812 0.025000
1 0.372656 0.375781 0.007031 0.024219
1 0.535156 0.390625 0.033594 0.038281
1 0.510938 0.390625 0.014844 0.035937
1 0.482031 0.389062 0.013281 0.032031
1 0.496094 0.389844 0.013281 0.035156
1 0.504687 0.354687 0.031250 0.035156
1 0.482031 0.355469 0.013281 0.034375
1 0.468750 0.356250 0.011719 0.032031
1 0.457031 0.356250 0.011719 0.031250
1 0.469531 0.389062 0.012500 0.031250
1 0.457031 0.389062 0.011719 0.031250
1 0.446094 0.388281 0.010937 0.030469
