2 0.445312 0.720313 0.064844 0.051562
2 0.964063 0.510156 0.071094 0.029687
2 0.904687 0.509375 0.136719 0.029687
2 0.267969 0.596875 0.060156 0.028125
2 0.394531 0.616406 0.067187 0.035937
2 0.445312 0.621094 0.066406 0.038281
2 0.495312 0.628906 0.057031 0.043750
2 0.562500 0.505469 0.058594 0.023438
2 0.620313 0.507031 0.067969 0.023438
2 0.698438 0.508594 0.081250 0.025000
2 0.705469 0.780469 0.082812 0.075000
2 0.493750 0.732031 0.060156 0.056250
2 0.274219 0.682031 0.064844 0.039062
2 0.386719 0.501563 0.060156 0.019531
2 0.428125 0.503125 0.064062 0.020313
2 0.567969 0.750000 0.064844 0.063281
1 0.910937 0.666406 0.077344 0.079687
1 0.314063 0.593750 0.037500 0.043750
2 0.805469 0.802344 0.108594 0.084375
2 0.905469 0.828125 0.114844 0.083594
2 0.969531 0.839063 0.060156 0.078906
2 0.813281 0.667188 0.097656 0.054688
1 0.709375 0.639844 0.032813 0.064844
1 0.676562 0.635938 0.032813 0.063281
1 0.647656 0.632812 0.029687 0.061719
1 0.676562 0.589063 0.033594 0.058594
1 0.610156 0.584375 0.027344 0.055469
1 0.610156 0.629687 0.027344 0.057031
1 0.583594 0.631250 0.025781 0.046875
1 0.558594 0.621875 0.025000 0.057031
1 0.585156 0.581250 0.027344 0.053906
1 0.350781 0.489063 0.035156 0.036719
1 0.324219 0.489063 0.016406 0.035937
1 0.307812 0.489063 0.016406 0.035156
1 0.317188 0.453125 0.035937 0.035156
1 0.291406 0.488281 0.015625 0.034375
1 0.275781 0.488281 0.015625 0.034375
1 0.260937 0.488281 0.014844 0.033594
1 0.246875 0.488281 0.014844 0.033594
1 0.291406 0.453125 0.015625 0.034375
1 0.275781 0.453906 0.014844 0.033594
1 0.260156 0.453906 0.014844 0.033594
1 0.351562 0.376563 0.035937 0.040625
1 0.325000 0.376563 0.017188 0.036719
1 0.307812 0.378125 0.016406 0.035937
1 0.291406 0.379688 0.015625 0.035156
1 0.275781 0.381250 0.015625 0.035156
1 0.260937 0.382812 0.014844 0.034375
1 0.246094 0.384375 0.014063 0.033594
1 0.516406 0.376563 0.031250 0.044531
1 0.489063 0.378906 0.022656 0.042969
1 0.445312 0.382031 0.020313 0.040625
1 0.466406 0.381250 0.021875 0.041406
1 0.471875 0.339062 0.032031 0.043750
1 0.444531 0.341406 0.021094 0.042969
1 0.424219 0.343750 0.020313 0.041406
1 0.403906 0.346094 0.019531 0.040625
1 0.424219 0.383594 0.020313 0.039844
1 0.403906 0.385937 0.018750 0.039844
1 0.385156 0.386719 0.018750 0.039062
