2 0.014844 0.973437 0.028906 0.051562
2 0.038281 0.740625 0.033594 0.057031
1 0.002344 0.727344 0.003906 0.023438
1 0.009375 0.698438 0.018750 0.031250
1 0.016406 0.683594 0.017969 0.021875
1 0.000781 0.525781 0.001563 0.020313
1 0.003125 0.508594 0.006250 0.045312
1 0.004687 0.500000 0.009375 0.046094
2 0.489063 0.647656 0.052344 0.050781
2 0.998437 0.603125 0.002344 0.007031
2 0.930469 0.615625 0.138281 0.104688
2 0.385937 0.515625 0.031250 0.025781
2 0.455469 0.556250 0.050000 0.038281
2 0.488281 0.571875 0.053906 0.043750
2 0.521094 0.592969 0.059375 0.050000
2 0.571875 0.503125 0.067187 0.041406
2 0.619531 0.517969 0.077344 0.049219
2 0.684375 0.542188 0.083594 0.056250
2 0.675000 0.796094 0.078906 0.106250
2 0.521094 0.671875 0.057031 0.059375
2 0.393750 0.575781 0.039844 0.032031
2 0.451562 0.466406 0.052344 0.028125
2 0.476562 0.474219 0.055469 0.030469
2 0.569531 0.712500 0.065625 0.073438
1 0.919531 0.798438 0.100000 0.129688
1 0.411719 0.521875 0.022656 0.035156
2 0.772656 0.870313 0.099219 0.140625
2 0.878125 0.929688 0.124219 0.139063
2 0.953125 0.967969 0.036719 0.061719
2 0.790625 0.744531 0.102344 0.105469
1 0.688281 0.668750 0.042969 0.079687
1 0.660937 0.660156 0.041406 0.060937
1 0.628906 0.640625 0.027344 0.070312
1 0.663281 0.610938 0.042188 0.071875
1 0.607031 0.585938 0.038281 0.061719
1 0.605469 0.628906 0.037500 0.054688
1 0.577344 0.620313 0.019531 0.048438
1 0.558594 0.603125 0.018750 0.058594
1 0.586719 0.575781 0.036719 0.059375
1 0.430469 0.449219 0.027344 0.033594
1 0.420312 0.446875 0.025781 0.032031
1 0.403906 0.446094 0.008594 0.028906
1 0.411719 0.417969 0.026562 0.030469
1 0.395313 0.443750 0.008594 0.028125
1 0.387500 0.440625 0.007812 0.025781
1 0.380469 0.439063 0.007812 0.025781
1 0.373437 0.435937 0.007031 0.026562
1 0.402344 0.416406 0.022656 0.028906
1 0.394531 0.414062 0.023438 0.028906
1 0.386719 0.413281 0.022656 0.028125
1 0.429688 0.363281 0.028125 0.029687
1 0.410938 0.362500 0.009375 0.028906
1 0.402344 0.362500 0.009375 0.028906
1 0.393750 0.361719 0.008594 0.028125
1 0.385156 0.361719 0.008594 0.026562
1 0.378125 0.360938 0.007812 0.025781
1 0.371094 0.360938 0.007031 0.025000
1 0.537500 0.382812 0.035156 0.039844
1 0.514844 0.382031 0.021094 0.039844
1 0.482031 0.380469 0.013281 0.035156
1 0.496875 0.381250 0.014063 0.036719
1 0.505469 0.344531 0.033594 0.036719
1 0.482031 0.344531 0.013281 0.035156
1 0.468750 0.344531 0.012500 0.034375
1 0.456250 0.344531 0.011719 0.032031
1 0.468750 0.378906 0.013281 0.034375
1 0.457031 0.378125 0.011719 0.032031
1 0.445312 0.377344 0.011719 0.032031
