3 0.225000 0.563281 0.060937 0.156250
2 0.023438 0.553125 0.046875 0.017188
2 0.021875 0.657813 0.043750 0.032031
1 0.005469 0.275781 0.010937 0.044531
1 0.017188 0.288281 0.012500 0.044531
1 0.028906 0.300781 0.012500 0.041406
1 0.039844 0.310937 0.011719 0.039062
1 0.003906 0.409375 0.007812 0.041406
1 0.013281 0.414062 0.014063 0.042188
1 0.025781 0.419531 0.012500 0.039062
1 0.036719 0.425000 0.011719 0.039062
1 0.003906 0.366406 0.007812 0.048438
1 0.015625 0.375000 0.014063 0.046094
1 0.026562 0.382812 0.012500 0.044531
2 0.471094 0.653906 0.056250 0.035937
2 0.986719 0.146875 0.026562 0.087500
2 0.524219 0.397656 0.041406 0.040625
2 0.576562 0.372656 0.064062 0.050781
2 0.665625 0.329688 0.114844 0.076563
2 0.400781 0.614062 0.035937 0.020313
2 0.432031 0.445312 0.032031 0.022656
2 0.455469 0.435937 0.049219 0.024219
2 0.548438 0.701562 0.090625 0.062500
1 0.431250 0.550000 0.005469 0.008594
1 0.425781 0.549219 0.014063 0.008594
1 0.428906 0.540625 0.008594 0.005469
1 0.414062 0.548438 0.009375 0.007812
2 0.877344 0.896094 0.242188 0.206250
2 0.632812 0.756250 0.125781 0.089063
2 0.993750 0.965625 0.012500 0.065625
2 0.489063 0.555469 0.057813 0.022656
1 0.950781 0.559375 0.097656 0.146094
1 0.860156 0.555469 0.090625 0.125781
1 0.949219 0.416406 0.100781 0.150000
1 0.584375 0.483594 0.056250 0.062500
1 0.584375 0.545312 0.056250 0.062500
1 0.546875 0.544531 0.019531 0.056250
1 0.527344 0.542969 0.017188 0.052344
1 0.546094 0.486719 0.019531 0.058594
1 0.510156 0.278906 0.037500 0.049219
1 0.484375 0.291406 0.011719 0.046875
1 0.463281 0.315625 0.009375 0.040625
1 0.473438 0.305469 0.010937 0.042188
1 0.483594 0.268750 0.030469 0.052344
1 0.463281 0.282031 0.009375 0.046875
1 0.453125 0.293750 0.008594 0.044531
1 0.444531 0.305469 0.008594 0.042188
1 0.452344 0.326562 0.009375 0.038281
1 0.444531 0.335938 0.008594 0.035156
1 0.436719 0.344531 0.007812 0.034375
1 0.425781 0.348438 0.014844 0.028906
1 0.414062 0.355469 0.005469 0.028906
1 0.409375 0.363281 0.005469 0.026562
1 0.403125 0.368750 0.003906 0.026562
1 0.399219 0.373437 0.003906 0.025781
1 0.394531 0.378906 0.003906 0.023438
1 0.389844 0.384375 0.003125 0.022656
1 0.425781 0.443750 0.017969 0.029687
1 0.413281 0.447656 0.005469 0.029687
1 0.407813 0.450000 0.005469 0.027344
1 0.419531 0.423438 0.026562 0.032031
1 0.403125 0.453906 0.003906 0.026562
1 0.397656 0.455469 0.003906 0.024219
1 0.393750 0.459375 0.003906 0.024219
1 0.389062 0.460938 0.003906 0.023438
1 0.402344 0.427344 0.005469 0.028906
1 0.397656 0.431250 0.003906 0.028906
1 0.393750 0.434375 0.003906 0.027344
2 0.658594 0.544531 0.034375 0.010937
2 0.694531 0.546094 0.043750 0.010937
2 0.732812 0.546875 0.050000 0.012500
2 0.774219 0.455469 0.041406 0.017188
2 0.825781 0.449219 0.062500 0.020313
2 0.878906 0.440625 0.043750 0.020313
2 0.653906 0.474219 0.032031 0.012500
2 0.684375 0.470313 0.043750 0.012500
1 0.618750 0.537500 0.011719 0.019531
1 0.878906 0.489063 0.035937 0.008594
1 0.821094 0.507031 0.032031 0.032813
1 0.810937 0.539844 0.009375 0.030469
1 0.797656 0.539062 0.014844 0.029687
1 0.769531 0.539062 0.007812 0.028906
1 0.797656 0.507812 0.014844 0.030469
1 0.635938 0.472656 0.020313 0.021094
1 0.621094 0.473438 0.009375 0.021094
1 0.613281 0.474219 0.003125 0.019531
1 0.615625 0.454688 0.019531 0.020313
1 0.601562 0.452344 0.007812 0.008594
1 0.593750 0.451562 0.008594 0.005469
1 0.635938 0.414062 0.020313 0.008594
1 0.621094 0.418750 0.009375 0.005469
1 0.611719 0.421875 0.008594 0.005469
1 0.602344 0.424219 0.008594 0.003906
1 0.594531 0.427344 0.007812 0.005469
1 0.750781 0.382812 0.014063 0.017188
1 0.719531 0.392188 0.011719 0.017188
1 0.692187 0.400781 0.012500 0.017188
1 0.707031 0.396094 0.014063 0.015625
1 0.679688 0.404687 0.012500 0.015625
1 0.667188 0.408594 0.012500 0.014844
1 0.655469 0.412500 0.010937 0.014844
