2 0.013281 0.928125 0.026562 0.110156
2 0.041406 0.737500 0.042969 0.054688
2 0.014063 0.528125 0.028125 0.030469
2 0.008594 0.536719 0.017188 0.036719
1 0.013281 0.680469 0.025781 0.025000
1 0.009375 0.667188 0.017969 0.010156
1 0.021094 0.657031 0.035156 0.026562
1 0.018750 0.653125 0.032813 0.021875
1 0.029687 0.653125 0.031250 0.017969
1 0.002344 0.348438 0.004687 0.050000
1 0.007812 0.342187 0.015625 0.054688
1 0.025781 0.352344 0.002344 0.030469
1 0.028125 0.357812 0.003906 0.035937
1 0.032031 0.362500 0.003906 0.034375
1 0.035156 0.366406 0.003906 0.033594
1 0.038281 0.371094 0.003125 0.031250
1 0.010156 0.496094 0.020313 0.033594
1 0.030469 0.501563 0.002344 0.042969
1 0.014844 0.453906 0.028906 0.046875
1 0.032813 0.501563 0.004687 0.041406
1 0.036719 0.500781 0.003906 0.039844
1 0.039844 0.497656 0.003906 0.039844
1 0.042969 0.496094 0.003125 0.039062
1 0.031250 0.439063 0.003906 0.010937
1 0.035156 0.439844 0.003125 0.009375
1 0.038281 0.457031 0.003906 0.039844
2 0.489844 0.672656 0.052344 0.039844
2 0.980469 0.535156 0.038281 0.040625
2 0.903125 0.530469 0.135937 0.044531
2 0.391406 0.561719 0.030469 0.017969
2 0.458594 0.584375 0.049219 0.026562
2 0.489063 0.593750 0.052344 0.029687
2 0.520312 0.606250 0.055469 0.034375
2 0.566406 0.506250 0.060156 0.020313
2 0.612500 0.510156 0.072656 0.024219
2 0.673438 0.516406 0.078906 0.026562
2 0.673438 0.779687 0.075781 0.083594
2 0.521875 0.690625 0.057031 0.046094
2 0.397656 0.621875 0.038281 0.025000
2 0.455469 0.496875 0.049219 0.014844
2 0.478906 0.499219 0.052344 0.016406
2 0.569531 0.719531 0.065625 0.057031
1 0.906250 0.717969 0.096094 0.103906
1 0.415625 0.561719 0.022656 0.029687
2 0.775000 0.835938 0.100781 0.111719
2 0.886719 0.896875 0.130469 0.146875
2 0.971094 0.940625 0.056250 0.117969
2 0.783594 0.696875 0.100781 0.064844
1 0.682813 0.643750 0.040625 0.065625
1 0.655469 0.638281 0.039844 0.054688
1 0.625000 0.628125 0.023438 0.057031
1 0.656250 0.591406 0.039062 0.057031
1 0.603125 0.578906 0.035937 0.049219
1 0.603125 0.621094 0.035937 0.048438
1 0.575000 0.616406 0.017969 0.043750
1 0.557031 0.607031 0.017188 0.048438
1 0.583594 0.574219 0.034375 0.046875
1 0.435937 0.487500 0.025781 0.026562
1 0.427344 0.486719 0.025000 0.026562
1 0.410938 0.486719 0.007812 0.025000
1 0.418750 0.460938 0.024219 0.025000
1 0.402344 0.485938 0.007031 0.024219
1 0.395313 0.485938 0.007031 0.023438
1 0.388281 0.484375 0.007031 0.023438
1 0.382031 0.484375 0.006250 0.021875
1 0.402344 0.460938 0.007031 0.024219
1 0.395313 0.460938 0.007031 0.024219
1 0.388281 0.461719 0.006250 0.023438
1 0.436719 0.404687 0.025781 0.028125
1 0.419531 0.406250 0.008594 0.026562
1 0.410938 0.407031 0.007812 0.025781
1 0.402344 0.408594 0.007031 0.025000
1 0.395313 0.410938 0.007031 0.025000
1 0.388281 0.411719 0.007031 0.024219
1 0.382031 0.413281 0.006250 0.023438
1 0.535156 0.399219 0.032031 0.036719
1 0.511719 0.400781 0.014063 0.035156
1 0.484375 0.406250 0.011719 0.032031
1 0.497656 0.403906 0.013281 0.033594
1 0.506250 0.371094 0.030469 0.035937
1 0.484375 0.373437 0.011719 0.034375
1 0.472656 0.376563 0.011719 0.033594
1 0.460938 0.380469 0.010156 0.032031
1 0.472656 0.407813 0.011719 0.030469
1 0.460938 0.409375 0.010156 0.030469
1 0.450781 0.410938 0.010156 0.029687
