3 0.176563 0.564063 0.072656 0.176563
2 0.459375 0.646094 0.061719 0.032031
2 0.944531 0.275000 0.110937 0.084375
2 0.537500 0.409375 0.057813 0.030469
2 0.587500 0.392969 0.067969 0.037500
2 0.671094 0.369531 0.099219 0.046875
2 0.364063 0.615625 0.043750 0.020313
2 0.413281 0.445312 0.037500 0.020313
2 0.446094 0.437500 0.058594 0.024219
2 0.550000 0.675781 0.080469 0.047656
1 0.408594 0.549219 0.012500 0.008594
1 0.398438 0.548438 0.014063 0.009375
1 0.399219 0.540625 0.014844 0.006250
1 0.381250 0.547656 0.011719 0.008594
1 0.388281 0.547656 0.003906 0.007812
2 0.825781 0.767969 0.146875 0.110937
2 0.634375 0.706250 0.099219 0.059375
2 0.948438 0.803906 0.103125 0.114062
2 0.489844 0.550781 0.064844 0.019531
1 0.957031 0.536719 0.085938 0.098437
1 0.882031 0.537500 0.070312 0.087500
1 0.819531 0.537500 0.059375 0.080469
1 0.880469 0.450781 0.069531 0.091406
1 0.587500 0.486719 0.044531 0.052344
1 0.587500 0.537500 0.044531 0.052344
1 0.553906 0.538281 0.021094 0.049219
1 0.532813 0.537500 0.019531 0.046094
1 0.553125 0.489063 0.021094 0.050000
1 0.509375 0.304688 0.037500 0.052344
1 0.482031 0.309375 0.014844 0.042188
1 0.453125 0.327344 0.012500 0.037500
1 0.467187 0.319531 0.014063 0.040625
1 0.478125 0.284375 0.035156 0.044531
1 0.453906 0.293750 0.012500 0.042188
1 0.440625 0.303906 0.011719 0.041406
1 0.428906 0.311719 0.011719 0.040625
1 0.440625 0.335156 0.011719 0.035937
1 0.429688 0.342187 0.010937 0.034375
1 0.418750 0.349219 0.009375 0.034375
1 0.402344 0.351562 0.021094 0.030469
1 0.387500 0.356250 0.008594 0.029687
1 0.378906 0.362500 0.007812 0.027344
1 0.371094 0.367969 0.007812 0.027344
1 0.364063 0.372656 0.006250 0.025781
1 0.357812 0.377344 0.006250 0.024219
1 0.350781 0.380469 0.006250 0.025781
1 0.403906 0.444531 0.027344 0.029687
1 0.385937 0.447656 0.008594 0.029687
1 0.377344 0.450000 0.007812 0.027344
1 0.385937 0.422656 0.025781 0.030469
1 0.369531 0.452344 0.007812 0.026562
1 0.362500 0.455469 0.007812 0.026562
1 0.355469 0.457813 0.006250 0.025781
1 0.349219 0.459375 0.006250 0.026562
1 0.369531 0.426563 0.007812 0.029687
1 0.363281 0.428906 0.007812 0.028906
1 0.356250 0.432812 0.006250 0.027344
2 0.630469 0.601562 0.037500 0.014063
2 0.975781 0.435156 0.047656 0.023438
2 0.934375 0.440625 0.040625 0.021094
2 0.625781 0.544531 0.030469 0.008594
2 0.660156 0.545312 0.037500 0.009375
2 0.693750 0.470313 0.032031 0.012500
2 0.727344 0.467187 0.035156 0.012500
2 0.780469 0.460938 0.047656 0.015625
2 0.789062 0.621875 0.053125 0.022656
2 0.660937 0.605469 0.040625 0.015625
2 0.535156 0.589063 0.029687 0.010937
2 0.624219 0.478906 0.028906 0.010937
2 0.703906 0.610938 0.044531 0.017188
2 0.856250 0.630469 0.059375 0.024219
2 0.922656 0.637500 0.071094 0.028906
2 0.976562 0.643750 0.046875 0.028125
1 0.784375 0.538281 0.012500 0.027344
1 0.767969 0.539062 0.019531 0.026562
1 0.750000 0.539062 0.017188 0.026562
1 0.769531 0.510938 0.023438 0.027344
1 0.722656 0.512500 0.011719 0.025781
1 0.723437 0.538281 0.010937 0.025781
1 0.710156 0.538281 0.015625 0.025781
1 0.694531 0.537500 0.014844 0.024219
1 0.709375 0.512500 0.014844 0.025781
1 0.559375 0.459375 0.015625 0.012500
1 0.539844 0.483594 0.003125 0.015625
1 0.528906 0.485156 0.003906 0.017188
1 0.522656 0.485938 0.007812 0.015625
1 0.546094 0.464844 0.007812 0.019531
1 0.539844 0.465625 0.003125 0.017188
1 0.528906 0.467187 0.003906 0.015625
