2 0.358594 0.793750 0.117188 0.161719
2 0.871094 0.339844 0.077344 0.022656
2 0.823438 0.340625 0.097656 0.024219
2 0.560937 0.357031 0.112500 0.037500
2 0.632031 0.353906 0.108594 0.032813
2 0.703125 0.351562 0.100000 0.030469
2 0.134375 0.378125 0.212500 0.067187
2 0.284375 0.371094 0.140625 0.057813
2 0.564063 0.709375 0.105469 0.114062
1 0.844531 0.469531 0.060937 0.052344
1 0.039062 0.678906 0.059375 0.064844
1 0.007031 0.690625 0.014063 0.044531
2 0.749219 0.632031 0.096875 0.061719
2 0.653125 0.677344 0.102344 0.076563
2 0.806250 0.616406 0.064062 0.047656
2 0.846875 0.599219 0.055469 0.041406
2 0.465625 0.590625 0.107813 0.110937
1 0.815625 0.482031 0.022656 0.055469
1 0.786719 0.485938 0.043750 0.057813
1 0.759375 0.487500 0.061719 0.065625
1 0.783594 0.434375 0.062500 0.061719
1 0.615625 0.464062 0.059375 0.079687
1 0.627344 0.532813 0.030469 0.067969
1 0.584375 0.533594 0.058594 0.084375
1 0.558594 0.537500 0.049219 0.094531
1 0.585938 0.469531 0.061719 0.084375
1 0.496094 0.093750 0.047656 0.102344
1 0.447656 0.080469 0.052344 0.108594
1 0.332813 0.057813 0.067969 0.115625
1 0.392188 0.069531 0.059375 0.114844
1 0.391406 0.014063 0.057813 0.027344
1 0.344531 0.005469 0.037500 0.010937
1 0.266406 0.051562 0.077344 0.103125
1 0.192188 0.045312 0.085938 0.090625
1 0.109375 0.037500 0.096875 0.075000
1 0.022656 0.344531 0.045312 0.117188
2 0.344531 0.490625 0.039062 0.027344
2 0.591406 0.329688 0.025781 0.008594
2 0.557813 0.329688 0.039062 0.008594
2 0.132812 0.444531 0.073438 0.017188
2 0.296094 0.429688 0.046875 0.014844
2 0.340625 0.425781 0.041406 0.012500
2 0.382812 0.421094 0.035156 0.012500
2 0.421094 0.334375 0.032813 0.012500
2 0.452344 0.333594 0.037500 0.011719
2 0.489063 0.332813 0.035156 0.010937
2 0.492188 0.468750 0.037500 0.020313
2 0.382812 0.484375 0.039062 0.025781
2 0.146875 0.520312 0.070312 0.035937
2 0.282813 0.335938 0.042188 0.014063
2 0.321875 0.335156 0.037500 0.012500
2 0.428906 0.477344 0.038281 0.023438
1 0.560937 0.403125 0.019531 0.006250
1 0.202344 0.436719 0.037500 0.009375
2 0.528906 0.464062 0.035156 0.017969
2 0.550000 0.461719 0.012500 0.014844
2 0.528125 0.406250 0.037500 0.008594
1 0.490625 0.410156 0.002344 0.005469
1 0.482812 0.410938 0.012500 0.007812
1 0.467187 0.412500 0.017188 0.007812
1 0.478906 0.366406 0.017969 0.005469
1 0.449219 0.366406 0.017188 0.005469
1 0.450781 0.414062 0.012500 0.007812
1 0.437500 0.415625 0.012500 0.007812
1 0.421094 0.416406 0.017969 0.007812
1 0.433594 0.367188 0.017969 0.005469
1 0.237500 0.326562 0.027344 0.032031
1 0.212500 0.326562 0.025781 0.032031
1 0.189844 0.326562 0.026562 0.034375
1 0.190625 0.292187 0.034375 0.034375
1 0.166406 0.326562 0.026562 0.034375
1 0.142969 0.327344 0.028906 0.034375
1 0.117969 0.327344 0.027344 0.034375
1 0.081250 0.328125 0.009375 0.035156
1 0.162500 0.292187 0.027344 0.034375
1 0.137500 0.292187 0.028906 0.035156
1 0.113281 0.291406 0.028906 0.035937
1 0.228906 0.223438 0.029687 0.035937
1 0.203906 0.222656 0.026562 0.035937
1 0.179688 0.220312 0.027344 0.035937
1 0.155469 0.217969 0.028906 0.038281
1 0.130469 0.215625 0.030469 0.038281
1 0.103906 0.214062 0.030469 0.038281
1 0.077344 0.211719 0.032813 0.040625
1 0.387500 0.248438 0.017188 0.030469
1 0.370312 0.247656 0.017188 0.029687
1 0.335156 0.245312 0.019531 0.030469
1 0.352344 0.246094 0.017969 0.030469
1 0.350781 0.215625 0.019531 0.032813
1 0.332813 0.213281 0.019531 0.032813
1 0.314063 0.212500 0.021094 0.032813
1 0.294531 0.209375 0.021094 0.034375
1 0.315625 0.244531 0.021094 0.032813
1 0.296875 0.242188 0.021094 0.032031
1 0.277344 0.240625 0.022656 0.032813
2 0.680469 0.455469 0.041406 0.021094
