2 0.929688 0.375781 0.072656 0.027344
2 0.952344 0.397656 0.085156 0.042188
2 0.986719 0.454688 0.026562 0.040625
2 0.980469 0.827344 0.039062 0.110937
1 0.907813 0.467187 0.030469 0.042188
1 0.909375 0.493750 0.017969 0.042188
1 0.935937 0.506250 0.056250 0.044531
1 0.946094 0.525000 0.062500 0.056250
1 0.944531 0.476562 0.057813 0.055469
1 0.993750 0.646875 0.012500 0.053125
2 0.874219 0.546094 0.028906 0.039062
2 0.884375 0.577344 0.026562 0.044531
2 0.960156 0.726562 0.079687 0.100000
2 0.922656 0.625781 0.075781 0.071094
2 0.444531 0.704688 0.073438 0.096875
2 0.595313 0.331250 0.028906 0.020313
2 0.582031 0.340625 0.038281 0.023438
2 0.505469 0.407031 0.065625 0.043750
2 0.525781 0.387500 0.055469 0.034375
2 0.550000 0.372656 0.040625 0.032031
2 0.380469 0.526563 0.110937 0.097656
2 0.427344 0.484375 0.094531 0.076563
2 0.512500 0.594531 0.053906 0.061719
1 0.593750 0.400000 0.017188 0.032031
1 0.317188 0.749219 0.035156 0.050000
1 0.301563 0.787500 0.037500 0.057813
1 0.266406 0.800781 0.039062 0.073438
1 0.200781 0.908594 0.047656 0.076563
1 0.234375 0.844531 0.042188 0.064844
2 0.565625 0.502344 0.035937 0.032813
2 0.537500 0.550781 0.046094 0.043750
2 0.585938 0.482812 0.017969 0.029687
2 0.594531 0.464844 0.017188 0.025781
2 0.480469 0.555469 0.070312 0.069531
1 0.585938 0.415625 0.005469 0.030469
1 0.574219 0.422656 0.020313 0.029687
1 0.565625 0.425781 0.025781 0.035156
1 0.572656 0.396094 0.025781 0.032031
1 0.531250 0.450781 0.017969 0.044531
1 0.535937 0.484375 0.008594 0.040625
1 0.527344 0.496094 0.008594 0.043750
1 0.506250 0.503906 0.034375 0.053906
1 0.515625 0.460938 0.034375 0.046875
1 0.492188 0.298438 0.027344 0.053906
1 0.485938 0.304688 0.014844 0.056250
1 0.453125 0.317188 0.019531 0.061719
1 0.471094 0.310937 0.015625 0.058594
1 0.457813 0.255469 0.039062 0.059375
1 0.439844 0.259375 0.043750 0.062500
1 0.416406 0.261719 0.052344 0.067969
1 0.387500 0.265625 0.067187 0.074219
1 0.433594 0.324219 0.022656 0.065625
1 0.410938 0.332813 0.026562 0.072656
1 0.364844 0.340625 0.070312 0.085156
1 0.275781 0.337500 0.096094 0.106250
1 0.223438 0.351562 0.110937 0.120313
1 0.158594 0.369531 0.129688 0.140625
1 0.077344 0.392188 0.153906 0.164062
1 0.030469 0.414062 0.060937 0.170313
1 0.301563 0.564063 0.082031 0.119531
1 0.273438 0.600000 0.064062 0.134375
1 0.225781 0.657031 0.070312 0.124219
1 0.191406 0.564063 0.114844 0.150781
1 0.160156 0.712500 0.092188 0.144531
1 0.076563 0.786719 0.121094 0.171094
1 0.024219 0.850000 0.048438 0.140625
1 0.122656 0.609375 0.135937 0.178906
1 0.057031 0.670312 0.114062 0.217188
1 0.007812 0.764844 0.014844 0.053125
2 0.150781 0.495312 0.064062 0.037500
2 0.205469 0.469531 0.046875 0.028906
2 0.249219 0.447656 0.040625 0.025781
2 0.321875 0.337500 0.003125 0.008594
2 0.325781 0.329688 0.012500 0.017188
2 0.347656 0.450000 0.039062 0.027344
2 0.250781 0.509375 0.050000 0.041406
2 0.289062 0.482812 0.038281 0.035156
1 0.018750 0.557031 0.037500 0.022656
2 0.378906 0.434375 0.027344 0.021094
2 0.399219 0.421875 0.023438 0.020313
2 0.415625 0.411719 0.022656 0.017188
1 0.324219 0.409375 0.012500 0.007812
1 0.328906 0.361719 0.012500 0.012500
1 0.297656 0.424219 0.007812 0.005469
1 0.284375 0.428906 0.017969 0.008594
1 0.021875 0.274219 0.043750 0.047656
1 0.003125 0.285938 0.006250 0.026562
1 0.230469 0.268750 0.030469 0.032813
1 0.215625 0.271094 0.024219 0.035156
1 0.175781 0.275781 0.027344 0.035937
1 0.196875 0.274219 0.025781 0.035156
1 0.190625 0.239063 0.026562 0.034375
1 0.167969 0.240625 0.029687 0.035937
1 0.141406 0.240625 0.035937 0.037500
1 0.113281 0.242969 0.046094 0.039062
1 0.151562 0.278125 0.030469 0.037500
1 0.127344 0.280469 0.032813 0.040625
1 0.094531 0.283594 0.047656 0.043750
2 0.744531 0.509375 0.056250 0.037500
