2 0.421094 0.669531 0.053125 0.063281
2 0.800781 0.441406 0.077344 0.038281
2 0.754687 0.444531 0.076563 0.038281
2 0.167187 0.614062 0.094531 0.064062
2 0.359375 0.597656 0.064844 0.060156
2 0.417969 0.586719 0.056250 0.056250
2 0.475781 0.582812 0.046875 0.061719
2 0.536719 0.464062 0.049219 0.046875
2 0.582812 0.460938 0.063281 0.041406
2 0.639062 0.458594 0.064844 0.038281
2 0.630469 0.642969 0.061719 0.056250
2 0.473438 0.662500 0.051562 0.060156
2 0.189844 0.701562 0.085938 0.070312
2 0.341406 0.484375 0.063281 0.055469
2 0.393750 0.480469 0.055469 0.053906
2 0.537500 0.656250 0.054688 0.059375
1 0.747656 0.540625 0.042188 0.050000
1 0.243750 0.597656 0.052344 0.061719
2 0.685937 0.636719 0.064062 0.050000
2 0.735938 0.638281 0.050781 0.034375
2 0.777344 0.629687 0.052344 0.036719
2 0.693750 0.553906 0.066406 0.042969
1 0.643750 0.550000 0.022656 0.055469
1 0.618750 0.553125 0.030469 0.053125
1 0.599219 0.553906 0.028125 0.056250
1 0.620313 0.518750 0.033594 0.054688
1 0.572656 0.523438 0.028906 0.056250
1 0.575000 0.567969 0.021875 0.035937
1 0.552344 0.564063 0.025781 0.048438
1 0.530469 0.561719 0.026562 0.058594
1 0.551562 0.525781 0.028906 0.057031
1 0.282813 0.473438 0.039844 0.060937
1 0.254688 0.475781 0.041406 0.061719
1 0.222656 0.486719 0.033594 0.043750
1 0.224219 0.435937 0.051562 0.060156
1 0.194531 0.489063 0.035156 0.044531
1 0.165625 0.491406 0.036719 0.043750
1 0.136719 0.493750 0.037500 0.044531
1 0.107031 0.487500 0.039062 0.061719
1 0.192969 0.437500 0.049219 0.061719
1 0.164062 0.439063 0.052344 0.061719
1 0.135156 0.441406 0.055469 0.064062
1 0.267188 0.341406 0.042969 0.056250
1 0.237500 0.341406 0.046094 0.057031
1 0.208594 0.342969 0.049219 0.058594
1 0.178125 0.343750 0.050781 0.058594
1 0.146875 0.345313 0.054688 0.059375
1 0.117188 0.346094 0.060156 0.060156
1 0.085938 0.346875 0.063281 0.060937
1 0.489844 0.350781 0.027344 0.053125
1 0.464844 0.351562 0.025781 0.053906
1 0.413281 0.357812 0.027344 0.045312
1 0.439063 0.357031 0.026562 0.045312
1 0.437500 0.308594 0.027344 0.051562
1 0.410938 0.309375 0.028906 0.051562
1 0.384375 0.309375 0.030469 0.053125
1 0.357031 0.310937 0.032813 0.053125
1 0.386719 0.359375 0.028906 0.046094
1 0.359375 0.360156 0.029687 0.046094
1 0.332031 0.357031 0.031250 0.056250
2 0.971094 0.717187 0.057031 0.080469
