3 0.285938 0.513281 0.056250 0.126562
2 0.175000 0.767969 0.022656 0.064844
2 0.145313 0.546875 0.008594 0.030469
2 0.167187 0.736719 0.011719 0.064062
2 0.146875 0.666406 0.035937 0.086719
2 0.099219 0.745313 0.128125 0.139063
2 0.145313 0.905469 0.014063 0.057031
2 0.160156 0.615625 0.009375 0.035937
2 0.131250 0.528125 0.014844 0.035937
2 0.133594 0.557031 0.014844 0.046875
2 0.195312 0.921875 0.013281 0.098437
1 0.175000 0.899219 0.002344 0.010156
1 0.168750 0.834375 0.003906 0.029687
1 0.166406 0.809375 0.004687 0.038281
1 0.063281 0.487500 0.085156 0.089844
1 0.066406 0.461719 0.080469 0.060937
1 0.055469 0.408594 0.077344 0.073438
1 0.063281 0.371094 0.036719 0.010156
1 0.062500 0.364844 0.033594 0.009375
1 0.069531 0.378906 0.056250 0.048438
1 0.103125 0.425000 0.008594 0.040625
1 0.105469 0.428906 0.003906 0.020313
1 0.096094 0.370312 0.008594 0.014844
1 0.096094 0.367969 0.010156 0.018750
1 0.096094 0.365625 0.011719 0.021875
1 0.077344 0.353906 0.039844 0.006250
1 0.077344 0.350781 0.036719 0.007031
1 0.078125 0.347656 0.035156 0.006250
1 0.078906 0.343750 0.032031 0.006250
1 0.124219 0.496875 0.005469 0.029687
1 0.124219 0.490625 0.004687 0.028906
1 0.123438 0.482812 0.003125 0.015625
1 0.108594 0.423438 0.005469 0.005469
2 0.474219 0.561719 0.041406 0.040625
2 0.810156 0.600781 0.097656 0.093750
2 0.732812 0.560156 0.085156 0.075781
2 0.531250 0.458594 0.051562 0.038281
2 0.561719 0.474219 0.056250 0.042969
2 0.598437 0.496875 0.053125 0.046875
2 0.402344 0.498437 0.032031 0.026562
2 0.445312 0.417969 0.042188 0.026562
2 0.463281 0.427344 0.044531 0.028906
2 0.529687 0.613281 0.048438 0.053125
1 0.778125 0.710938 0.060937 0.086719
1 0.436719 0.471094 0.008594 0.009375
1 0.426563 0.471094 0.010156 0.010156
1 0.427344 0.461719 0.010156 0.010156
1 0.414844 0.458594 0.010156 0.010156
1 0.421875 0.460938 0.007812 0.010156
2 0.650000 0.721094 0.065625 0.082031
2 0.572656 0.656250 0.053906 0.053906
2 0.702344 0.767188 0.074219 0.099219
2 0.765625 0.823438 0.083594 0.121094
2 0.495312 0.521875 0.046094 0.040625
1 0.707031 0.657813 0.039844 0.073438
1 0.682813 0.648438 0.038281 0.053906
1 0.656250 0.625781 0.026562 0.065625
1 0.686719 0.607031 0.039062 0.064844
1 0.553906 0.523438 0.028906 0.045312
1 0.553125 0.555469 0.028906 0.039844
1 0.532031 0.546875 0.012500 0.035156
1 0.520312 0.534375 0.011719 0.042969
1 0.539062 0.515625 0.025781 0.043750
1 0.507031 0.363281 0.028125 0.036719
1 0.494531 0.359375 0.026562 0.035937
1 0.465625 0.355469 0.010156 0.029687
1 0.475781 0.358594 0.010156 0.030469
1 0.483594 0.328906 0.027344 0.033594
1 0.472656 0.325781 0.025000 0.031250
1 0.462500 0.324219 0.024219 0.031250
1 0.453125 0.321875 0.022656 0.030469
1 0.456250 0.352344 0.009375 0.028906
1 0.446875 0.350000 0.008594 0.028125
1 0.438281 0.346094 0.008594 0.028906
1 0.427344 0.330469 0.023438 0.028906
1 0.418750 0.328125 0.021094 0.026562
1 0.410938 0.326562 0.018750 0.026562
1 0.404687 0.324219 0.019531 0.025781
1 0.398438 0.322656 0.019531 0.025000
1 0.392188 0.321094 0.019531 0.025000
1 0.386719 0.319531 0.018750 0.024219
1 0.429688 0.400781 0.022656 0.028906
1 0.421875 0.397656 0.021094 0.028906
1 0.407813 0.396094 0.007031 0.024219
1 0.414062 0.371875 0.021094 0.028125
1 0.401562 0.392969 0.007031 0.023438
1 0.395313 0.389844 0.007031 0.021875
1 0.389062 0.386719 0.006250 0.021094
1 0.383594 0.382812 0.006250 0.023438
1 0.407031 0.369531 0.020313 0.026562
1 0.400781 0.366406 0.019531 0.025781
1 0.394531 0.364063 0.018750 0.025000
2 0.607031 0.468750 0.030469 0.021094
2 0.864062 0.434375 0.053906 0.031250
2 0.817969 0.421875 0.049219 0.028125
2 0.628906 0.435156 0.025000 0.014844
2 0.666406 0.385937 0.033594 0.019531
2 0.692187 0.392969 0.038281 0.020313
2 0.725000 0.401562 0.039062 0.021094
2 0.713281 0.516406 0.036719 0.026562
2 0.628906 0.478906 0.031250 0.024219
2 0.533594 0.434375 0.025000 0.014844
2 0.588281 0.366406 0.028906 0.014844
2 0.605469 0.371875 0.030469 0.015625
2 0.658594 0.492969 0.034375 0.026562
2 0.757031 0.534375 0.041406 0.029687
2 0.793750 0.551562 0.044531 0.032031
2 0.835938 0.569531 0.047656 0.035937
1 0.713281 0.428906 0.018750 0.017969
1 0.684375 0.421094 0.017969 0.015625
1 0.673438 0.416406 0.017969 0.014063
1 0.571094 0.357031 0.015625 0.019531
1 0.563281 0.355469 0.014844 0.019531
1 0.552344 0.354687 0.007031 0.016406
1 0.556250 0.336719 0.014844 0.018750
1 0.545312 0.353125 0.007031 0.016406
1 0.538281 0.350781 0.007031 0.016406
1 0.532031 0.349219 0.006250 0.015625
1 0.525000 0.346875 0.005469 0.016406
1 0.549219 0.335938 0.013281 0.018750
1 0.541406 0.334375 0.012500 0.017969
1 0.535937 0.332813 0.014063 0.017969
1 0.573438 0.305469 0.016406 0.018750
1 0.564844 0.304688 0.014063 0.018750
1 0.557031 0.303906 0.012500 0.018750
1 0.549219 0.302344 0.011719 0.017969
1 0.542188 0.301563 0.011719 0.017969
1 0.535937 0.300781 0.013281 0.016406
1 0.530469 0.300000 0.014063 0.016406
1 0.650000 0.323437 0.012500 0.021875
1 0.637500 0.321875 0.016406 0.021094
1 0.614844 0.319531 0.010156 0.019531
1 0.625000 0.321094 0.010156 0.020313
1 0.629687 0.301563 0.017188 0.021094
1 0.617969 0.300000 0.014063 0.020313
1 0.609375 0.299219 0.014063 0.020313
1 0.600781 0.298438 0.014844 0.020313
1 0.605469 0.318750 0.009375 0.018750
1 0.596875 0.317969 0.008594 0.018750
1 0.588281 0.315625 0.008594 0.019531
2 0.553906 0.989844 0.023438 0.018750
2 0.932031 0.665625 0.078125 0.071094
