2 0.378125 0.778125 0.135156 0.103125
2 0.685937 0.473438 0.017969 0.019531
2 0.660156 0.466406 0.039062 0.022656
2 0.534375 0.407031 0.064062 0.039062
2 0.575000 0.426563 0.046094 0.029687
2 0.612500 0.441406 0.029687 0.027344
2 0.268750 0.262500 0.141406 0.114844
2 0.379688 0.319531 0.097656 0.084375
2 0.535156 0.712500 0.089063 0.055469
1 0.678906 0.560156 0.022656 0.030469
1 0.059375 0.580469 0.056250 0.037500
1 0.007812 0.580469 0.014844 0.043750
2 0.639062 0.669531 0.059375 0.026562
2 0.588281 0.692187 0.074219 0.037500
2 0.672656 0.660156 0.029687 0.024219
2 0.688281 0.652344 0.027344 0.020313
2 0.469531 0.572656 0.105469 0.029687
1 0.664062 0.559375 0.007812 0.034375
1 0.656250 0.559375 0.008594 0.035156
1 0.635156 0.559375 0.035937 0.037500
1 0.642969 0.524219 0.035156 0.035156
1 0.573438 0.507812 0.014844 0.050000
1 0.573438 0.556250 0.014844 0.049219
1 0.557813 0.555469 0.017188 0.050781
1 0.524219 0.555469 0.050000 0.055469
1 0.545312 0.503906 0.039062 0.053125
1 0.498437 0.221875 0.022656 0.062500
1 0.474219 0.198437 0.025781 0.069531
1 0.414062 0.143750 0.035156 0.080469
1 0.446875 0.173437 0.029687 0.074219
1 0.446094 0.118750 0.028906 0.088281
1 0.414062 0.085156 0.035156 0.096094
1 0.377344 0.050000 0.040625 0.100000
1 0.325000 0.030469 0.065625 0.060937
1 0.376563 0.109375 0.040625 0.090625
1 0.333594 0.069531 0.047656 0.100781
1 0.275781 0.039844 0.069531 0.079687
1 0.083594 0.153125 0.109375 0.155469
1 0.017188 0.117969 0.034375 0.129688
2 0.221094 0.653125 0.059375 0.025781
2 0.474219 0.507812 0.024219 0.009375
2 0.449219 0.505469 0.035156 0.012500
2 0.168750 0.570312 0.064844 0.014844
2 0.212500 0.569531 0.025781 0.014063
2 0.322656 0.488281 0.042188 0.014844
2 0.359375 0.492969 0.032031 0.014063
2 0.391406 0.497656 0.032031 0.012500
2 0.389844 0.631250 0.041406 0.015625
2 0.270313 0.646875 0.053125 0.021094
2 0.165625 0.464062 0.055469 0.023438
2 0.216406 0.471875 0.047656 0.020313
2 0.324219 0.640625 0.047656 0.019531
1 0.452344 0.563281 0.019531 0.020313
1 0.027344 0.557813 0.053906 0.041406
2 0.424219 0.627344 0.038281 0.012500
2 0.452344 0.624219 0.026562 0.012500
2 0.473438 0.621875 0.025781 0.009375
2 0.426563 0.571094 0.021094 0.005469
1 0.365625 0.562500 0.011719 0.024219
1 0.379688 0.537500 0.021094 0.023438
1 0.353125 0.536719 0.012500 0.024219
1 0.358594 0.562500 0.002344 0.024219
1 0.310937 0.562500 0.007812 0.026562
1 0.335938 0.530469 0.022656 0.017188
1 0.100781 0.444531 0.032031 0.039062
1 0.068750 0.439844 0.035156 0.041406
1 0.034375 0.434375 0.038281 0.043750
1 0.038281 0.394531 0.040625 0.044531
1 0.008594 0.430469 0.017188 0.041406
1 0.010156 0.389844 0.020313 0.043750
1 0.110156 0.337500 0.030469 0.035156
1 0.078906 0.328906 0.034375 0.037500
1 0.044531 0.318750 0.035937 0.039062
1 0.014063 0.308594 0.027344 0.038281
1 0.296875 0.403125 0.017188 0.029687
1 0.278906 0.397656 0.017969 0.029687
1 0.240625 0.386719 0.021094 0.032813
1 0.260937 0.392188 0.019531 0.032031
1 0.261719 0.375781 0.019531 0.011719
1 0.242188 0.369531 0.020313 0.011719
1 0.221094 0.362500 0.021094 0.012500
1 0.200781 0.357031 0.017188 0.011719
1 0.219531 0.380469 0.022656 0.034375
1 0.200781 0.375000 0.017969 0.032813
2 0.950781 0.665625 0.096094 0.038281
2 0.555469 0.605469 0.032031 0.009375
