2 0.028125 0.951562 0.056250 0.093750
2 0.071875 0.710938 0.039062 0.064062
2 0.008594 0.589063 0.016406 0.054688
1 0.019531 0.706250 0.029687 0.031250
1 0.015625 0.696094 0.031250 0.033594
1 0.036719 0.669531 0.034375 0.029687
1 0.035937 0.653125 0.032031 0.026562
1 0.052344 0.657031 0.014844 0.020313
2 0.002344 0.897656 0.004687 0.039062
1 0.001563 0.392188 0.002344 0.015625
1 0.004687 0.373437 0.009375 0.050000
1 0.007812 0.369531 0.015625 0.046875
1 0.010937 0.367969 0.021094 0.045312
1 0.013281 0.365625 0.025781 0.042969
1 0.002344 0.546094 0.004687 0.032813
1 0.017188 0.542188 0.011719 0.032031
1 0.021875 0.519531 0.013281 0.053125
1 0.010156 0.474219 0.020313 0.051562
1 0.027344 0.510156 0.012500 0.050000
1 0.032813 0.501563 0.011719 0.046875
1 0.037500 0.493750 0.010937 0.044531
1 0.041406 0.485938 0.011719 0.043750
1 0.013281 0.466406 0.026562 0.050000
1 0.015625 0.459375 0.031250 0.046875
1 0.017969 0.453125 0.035937 0.043750
2 0.494531 0.640625 0.052344 0.054688
2 0.934375 0.659375 0.130469 0.128906
2 0.400000 0.500781 0.032031 0.026562
2 0.463281 0.546875 0.049219 0.040625
2 0.493750 0.564844 0.053906 0.046094
2 0.524219 0.589844 0.060156 0.053906
2 0.575000 0.503906 0.069531 0.046875
2 0.621875 0.524219 0.080469 0.056250
2 0.686719 0.556250 0.089844 0.068750
2 0.671875 0.813281 0.080469 0.117969
2 0.525000 0.668750 0.057031 0.063281
2 0.407031 0.558594 0.038281 0.032031
2 0.459375 0.457031 0.052344 0.029687
2 0.482812 0.467969 0.055469 0.033594
2 0.571094 0.715625 0.066406 0.078906
1 0.931250 0.857031 0.112500 0.150781
1 0.422656 0.509375 0.021875 0.035156
2 0.771875 0.905469 0.107813 0.160938
2 0.878906 0.949219 0.132031 0.099219
2 0.794531 0.785156 0.113281 0.116406
1 0.689063 0.686719 0.047656 0.085938
1 0.660937 0.675781 0.045312 0.064062
1 0.628906 0.650781 0.027344 0.074219
1 0.664062 0.625000 0.046094 0.078125
1 0.608594 0.591406 0.040625 0.066406
1 0.607031 0.636719 0.039844 0.055469
1 0.578125 0.625000 0.019531 0.050000
1 0.560156 0.606250 0.018750 0.060156
1 0.588281 0.580469 0.038281 0.061719
1 0.439844 0.438281 0.027344 0.033594
1 0.431250 0.435156 0.025781 0.033594
1 0.414844 0.433594 0.008594 0.028906
1 0.421875 0.405469 0.025781 0.031250
1 0.407031 0.430469 0.007812 0.028125
1 0.400000 0.427344 0.007812 0.026562
1 0.392969 0.424219 0.007031 0.025781
1 0.386719 0.421094 0.007031 0.026562
1 0.414062 0.403125 0.024219 0.030469
1 0.406250 0.400781 0.022656 0.029687
1 0.399219 0.398438 0.021875 0.028906
1 0.439063 0.351562 0.028125 0.031250
1 0.428125 0.350781 0.024219 0.029687
1 0.418750 0.350000 0.020313 0.029687
1 0.411719 0.349219 0.021875 0.028125
1 0.403125 0.348438 0.019531 0.028125
1 0.397656 0.347656 0.021094 0.026562
1 0.383594 0.346875 0.007031 0.025781
1 0.542188 0.378906 0.036719 0.043750
1 0.521875 0.377344 0.028125 0.041406
1 0.487500 0.373437 0.012500 0.035937
1 0.500781 0.376563 0.013281 0.038281
1 0.510938 0.338281 0.034375 0.038281
1 0.487500 0.337500 0.013281 0.035937
1 0.474219 0.336719 0.012500 0.035156
1 0.462500 0.336719 0.010937 0.034375
1 0.475000 0.371875 0.011719 0.035156
1 0.463281 0.369531 0.010937 0.034375
1 0.452344 0.367969 0.010156 0.033594
