3 0.156250 0.993750 0.042188 0.010156
2 0.433594 0.648438 0.061719 0.074219
2 0.685156 0.367188 0.047656 0.025000
2 0.661719 0.374219 0.050000 0.028125
2 0.525000 0.419531 0.057031 0.041406
2 0.557813 0.408594 0.058594 0.036719
2 0.596094 0.398438 0.050000 0.032031
2 0.160156 0.810937 0.099219 0.132031
2 0.364063 0.476562 0.064062 0.064844
2 0.412500 0.460156 0.066406 0.057031
2 0.528125 0.594531 0.055469 0.057031
1 0.676562 0.440625 0.028906 0.033594
1 0.307031 0.614062 0.017188 0.030469
1 0.288281 0.629687 0.017969 0.033594
1 0.267969 0.624219 0.017188 0.043750
1 0.217969 0.657813 0.018750 0.035937
1 0.245312 0.637500 0.017188 0.034375
2 0.625000 0.540625 0.047656 0.032031
2 0.573438 0.573438 0.051562 0.038281
2 0.655469 0.525781 0.033594 0.029687
2 0.678906 0.513281 0.028906 0.025781
2 0.481250 0.542969 0.058594 0.060156
1 0.658594 0.452344 0.011719 0.034375
1 0.641406 0.457031 0.025781 0.034375
1 0.629687 0.460156 0.029687 0.039062
1 0.642969 0.428906 0.027344 0.039062
1 0.553125 0.465625 0.029687 0.048438
1 0.559375 0.502344 0.014844 0.035937
1 0.543750 0.509375 0.017969 0.036719
1 0.522656 0.509375 0.030469 0.051562
1 0.538281 0.471094 0.031250 0.050000
1 0.490625 0.318750 0.035156 0.049219
1 0.478125 0.321875 0.021094 0.050000
1 0.433594 0.331250 0.025000 0.048438
1 0.456250 0.328125 0.022656 0.046094
1 0.450000 0.282031 0.033594 0.049219
1 0.426563 0.283594 0.036719 0.050781
1 0.400781 0.285938 0.038281 0.053906
1 0.375000 0.288281 0.039844 0.055469
1 0.408594 0.335938 0.027344 0.049219
1 0.382812 0.339062 0.028906 0.050781
1 0.350781 0.339844 0.040625 0.060937
1 0.276562 0.329688 0.042969 0.066406
1 0.239063 0.333594 0.046094 0.069531
1 0.198437 0.339062 0.051562 0.074219
1 0.153906 0.343750 0.057813 0.076563
1 0.104688 0.350000 0.064844 0.081250
1 0.050781 0.356250 0.072656 0.085938
1 0.017969 0.360938 0.035937 0.086719
1 0.292187 0.480469 0.039844 0.074219
1 0.259375 0.490625 0.041406 0.078125
1 0.223438 0.503906 0.045312 0.075000
1 0.214844 0.451562 0.047656 0.078906
1 0.184375 0.524219 0.049219 0.063281
1 0.141406 0.536719 0.055469 0.066406
1 0.094531 0.552344 0.061719 0.069531
1 0.043750 0.556250 0.068750 0.096875
1 0.174219 0.460938 0.052344 0.083594
1 0.128906 0.471875 0.058594 0.089063
1 0.080469 0.483594 0.064844 0.093750
2 0.351562 0.460938 0.027344 0.019531
2 0.528906 0.315625 0.021875 0.013281
2 0.514844 0.317969 0.011719 0.011719
2 0.311719 0.422656 0.036719 0.023438
2 0.345313 0.411719 0.034375 0.024219
2 0.375781 0.405469 0.030469 0.023438
2 0.458594 0.429688 0.030469 0.016406
2 0.372656 0.454688 0.013281 0.018750
2 0.327344 0.348438 0.014844 0.019531
2 0.407031 0.441406 0.016406 0.013281
1 0.505469 0.368750 0.009375 0.020313
1 0.242969 0.429688 0.021875 0.029687
2 0.484375 0.423438 0.026562 0.010156
2 0.484375 0.379688 0.029687 0.013281
1 0.460938 0.378906 0.009375 0.023438
1 0.448437 0.382031 0.014844 0.021875
1 0.439844 0.383594 0.013281 0.025000
1 0.448437 0.371094 0.014063 0.007031
1 0.427344 0.376563 0.010156 0.006250
1 0.428125 0.389062 0.010156 0.020313
1 0.417187 0.391406 0.010937 0.021094
1 0.403906 0.391406 0.016406 0.025781
1 0.414062 0.378906 0.014844 0.007031
1 0.259375 0.341406 0.001563 0.010937
1 0.254688 0.273438 0.019531 0.028906
1 0.236719 0.274219 0.021094 0.029687
1 0.219531 0.275000 0.021875 0.029687
1 0.200781 0.276562 0.022656 0.030469
1 0.181250 0.277344 0.024219 0.030469
1 0.160938 0.278906 0.025781 0.031250
1 0.139844 0.279687 0.026562 0.033594
1 0.337500 0.278906 0.014844 0.025000
1 0.350000 0.278125 0.011719 0.023438
1 0.348438 0.253906 0.017188 0.024219
1 0.335156 0.253906 0.016406 0.025000
1 0.321094 0.255469 0.017188 0.025000
1 0.312500 0.255469 0.004687 0.025000
1 0.323437 0.280469 0.016406 0.025000
1 0.315625 0.280469 0.004687 0.024219
1 0.291406 0.281250 0.015625 0.028125
2 0.844531 0.626563 0.070312 0.074219
