3 0.304688 0.501563 0.050000 0.117969
2 0.192969 0.725781 0.024219 0.058594
2 0.178906 0.527344 0.010937 0.028906
2 0.175781 0.605469 0.008594 0.032031
2 0.182812 0.640625 0.008594 0.041406
2 0.182812 0.700000 0.017969 0.050781
2 0.160938 0.632812 0.042188 0.073438
2 0.124219 0.688281 0.102344 0.097656
2 0.139063 0.787500 0.028906 0.127344
2 0.190625 0.589063 0.009375 0.032813
2 0.159375 0.509375 0.019531 0.032031
2 0.157812 0.537500 0.023438 0.046875
2 0.203906 0.861719 0.010937 0.089063
1 0.175000 0.773438 0.003125 0.046875
1 0.178906 0.807813 0.011719 0.078906
1 0.180469 0.771094 0.008594 0.064062
1 0.178125 0.744531 0.011719 0.062500
1 0.175000 0.744531 0.003125 0.039062
1 0.104688 0.470313 0.062500 0.067969
1 0.100000 0.436719 0.053125 0.020313
1 0.135937 0.437500 0.008594 0.040625
1 0.135156 0.435937 0.006250 0.034375
1 0.096094 0.405469 0.059375 0.061719
1 0.100000 0.374219 0.055469 0.014844
1 0.103906 0.371875 0.053906 0.020313
1 0.108594 0.376563 0.055469 0.040625
1 0.139063 0.432031 0.007812 0.032031
1 0.139844 0.417969 0.007812 0.042188
1 0.139844 0.409375 0.009375 0.041406
1 0.137500 0.382031 0.012500 0.040625
1 0.136719 0.375781 0.014063 0.035156
1 0.126562 0.364844 0.040625 0.027344
1 0.127344 0.362500 0.038281 0.029687
1 0.132812 0.359375 0.029687 0.029687
1 0.132812 0.355469 0.032031 0.029687
1 0.157031 0.479687 0.011719 0.035937
1 0.154688 0.457813 0.003125 0.006250
1 0.149219 0.435937 0.011719 0.034375
1 0.160938 0.453906 0.003906 0.023438
1 0.159375 0.442188 0.002344 0.014844
1 0.160156 0.439844 0.003125 0.017969
1 0.160938 0.435937 0.005469 0.026562
1 0.145313 0.415625 0.005469 0.005469
1 0.150000 0.423438 0.014844 0.027344
1 0.155469 0.418750 0.005469 0.026562
2 0.211719 0.960156 0.010937 0.077344
2 0.478125 0.557813 0.039062 0.038281
2 0.780469 0.617188 0.097656 0.096875
2 0.710938 0.574219 0.084375 0.077344
2 0.528906 0.462500 0.050000 0.037500
2 0.557031 0.478906 0.053906 0.042188
2 0.590625 0.503125 0.056250 0.046875
2 0.415625 0.492188 0.029687 0.025781
2 0.452344 0.418750 0.039062 0.026562
2 0.468750 0.428125 0.041406 0.028906
2 0.526563 0.610938 0.046875 0.050781
1 0.750781 0.724219 0.057813 0.087500
1 0.445312 0.468750 0.009375 0.009375
1 0.437500 0.467187 0.010937 0.010937
1 0.437500 0.458594 0.009375 0.008594
1 0.426563 0.455469 0.010937 0.008594
1 0.432812 0.458594 0.005469 0.008594
2 0.632812 0.726562 0.061719 0.076563
2 0.565625 0.655469 0.052344 0.052344
2 0.682813 0.777344 0.073438 0.092188
2 0.740625 0.834375 0.085156 0.122656
2 0.496875 0.521875 0.044531 0.037500
1 0.686719 0.667188 0.041406 0.072656
1 0.664844 0.656250 0.038281 0.050781
1 0.638281 0.632031 0.023438 0.064062
1 0.667969 0.617188 0.038281 0.061719
1 0.549219 0.527344 0.028906 0.043750
1 0.547656 0.557031 0.027344 0.037500
1 0.528125 0.547656 0.011719 0.035156
1 0.517969 0.534375 0.010937 0.039062
1 0.534375 0.517188 0.022656 0.041406
1 0.507812 0.368750 0.027344 0.035156
1 0.496094 0.365625 0.026562 0.035156
1 0.470313 0.360156 0.008594 0.028906
1 0.478906 0.362500 0.008594 0.029687
1 0.487500 0.334375 0.025781 0.032813
1 0.477344 0.331250 0.025781 0.030469
1 0.468750 0.328906 0.024219 0.030469
1 0.460156 0.326562 0.022656 0.029687
1 0.461719 0.356250 0.008594 0.027344
1 0.453906 0.353906 0.007812 0.026562
1 0.446094 0.349219 0.007812 0.028906
1 0.437500 0.333594 0.021094 0.026562
1 0.429688 0.331250 0.019531 0.026562
1 0.421875 0.328906 0.015625 0.025781
1 0.417969 0.327344 0.019531 0.024219
1 0.412500 0.325000 0.019531 0.024219
1 0.407031 0.323437 0.017969 0.023438
1 0.401562 0.322656 0.015625 0.023438
1 0.439063 0.400000 0.021094 0.025781
1 0.432812 0.397656 0.020313 0.027344
1 0.420312 0.396094 0.006250 0.023438
1 0.424219 0.373437 0.017188 0.025781
1 0.414062 0.392188 0.006250 0.023438
1 0.408594 0.389062 0.006250 0.022656
1 0.403906 0.385937 0.005469 0.021094
1 0.398438 0.382031 0.005469 0.021094
1 0.419531 0.370312 0.020313 0.025781
1 0.414062 0.367188 0.019531 0.025781
1 0.408594 0.364844 0.017188 0.023438
2 0.617188 0.474219 0.028906 0.020313
2 0.878906 0.451562 0.058594 0.035156
2 0.830469 0.435937 0.053125 0.032031
2 0.677344 0.392188 0.035156 0.020313
2 0.703125 0.400781 0.040625 0.022656
2 0.735938 0.410938 0.040625 0.023438
2 0.722656 0.528906 0.037500 0.032813
2 0.639844 0.485156 0.032813 0.023438
2 0.548438 0.435937 0.024219 0.017188
2 0.600781 0.371094 0.028906 0.015625
2 0.618750 0.375781 0.030469 0.015625
2 0.669531 0.500000 0.035937 0.027344
1 0.824219 0.497656 0.032813 0.017188
1 0.566406 0.397656 0.014063 0.007812
2 0.765625 0.550781 0.044531 0.037500
2 0.803906 0.571094 0.049219 0.041406
2 0.847656 0.592969 0.053125 0.047656
1 0.735938 0.462500 0.020313 0.014063
1 0.721875 0.458594 0.020313 0.006250
1 0.706250 0.450781 0.012500 0.009375
1 0.723437 0.444531 0.021094 0.029687
1 0.695312 0.434375 0.020313 0.026562
1 0.693750 0.447656 0.019531 0.007812
1 0.678906 0.442188 0.010937 0.005469
1 0.667969 0.435937 0.010937 0.008594
1 0.683594 0.430469 0.020313 0.026562
1 0.584375 0.359375 0.015625 0.019531
1 0.575781 0.357812 0.014063 0.020313
1 0.565625 0.357031 0.006250 0.017969
1 0.571094 0.339844 0.014844 0.017969
1 0.559375 0.354687 0.007812 0.015625
1 0.553125 0.353906 0.006250 0.015625
1 0.546875 0.351562 0.006250 0.015625
1 0.540625 0.348438 0.006250 0.017969
1 0.562500 0.338281 0.012500 0.017188
1 0.557813 0.336719 0.014844 0.017969
1 0.550000 0.335156 0.012500 0.017188
1 0.587500 0.309375 0.015625 0.020313
1 0.579688 0.307812 0.014844 0.019531
1 0.571875 0.306250 0.014063 0.019531
1 0.564844 0.305469 0.012500 0.019531
1 0.557813 0.303906 0.012500 0.017188
1 0.550781 0.303125 0.012500 0.017188
1 0.545312 0.302344 0.011719 0.017188
1 0.660937 0.329688 0.020313 0.023438
1 0.650000 0.327344 0.017188 0.023438
1 0.629687 0.325000 0.003906 0.017969
1 0.637500 0.326562 0.010937 0.019531
1 0.639062 0.306250 0.011719 0.021094
1 0.634375 0.305469 0.011719 0.021094
1 0.617188 0.305469 0.005469 0.015625
1 0.610156 0.305469 0.009375 0.014844
1 0.617188 0.323437 0.007812 0.019531
1 0.609375 0.321094 0.008594 0.019531
1 0.600781 0.319531 0.008594 0.020313
2 0.551562 0.996094 0.007812 0.006250
2 0.937500 0.695312 0.078906 0.079687
