2 0.443750 0.725781 0.064062 0.045312
2 0.964063 0.501563 0.071094 0.023438
2 0.869531 0.501563 0.118750 0.021875
2 0.265625 0.610156 0.061719 0.024219
2 0.393750 0.623437 0.065625 0.029687
2 0.443750 0.625781 0.064062 0.031250
2 0.493750 0.631250 0.055469 0.035156
2 0.555469 0.508594 0.050781 0.017969
2 0.612500 0.508594 0.063281 0.018750
2 0.684375 0.508594 0.075781 0.018750
2 0.696094 0.767969 0.078906 0.061719
2 0.492188 0.733594 0.058594 0.048438
2 0.269531 0.696094 0.064844 0.035156
2 0.383594 0.509375 0.050781 0.015625
2 0.428125 0.509375 0.060937 0.016406
2 0.564063 0.746875 0.061719 0.053906
1 0.880469 0.649219 0.067969 0.066406
1 0.312500 0.604688 0.037500 0.040625
2 0.789062 0.783594 0.100781 0.068750
2 0.880469 0.801562 0.104688 0.067969
2 0.954688 0.811719 0.089063 0.071094
2 0.792188 0.654687 0.089063 0.040625
1 0.696875 0.632812 0.029687 0.056250
1 0.666406 0.631250 0.032031 0.054688
1 0.639062 0.628906 0.028906 0.053906
1 0.666406 0.586719 0.032031 0.050781
1 0.603906 0.583594 0.025000 0.048438
1 0.604688 0.629687 0.025781 0.046094
1 0.579688 0.628125 0.024219 0.044531
1 0.554688 0.622656 0.024219 0.050781
1 0.579688 0.582031 0.025781 0.048438
1 0.351562 0.499219 0.034375 0.035156
1 0.325781 0.499219 0.017188 0.035156
1 0.308594 0.499219 0.016406 0.034375
1 0.318750 0.465625 0.035156 0.034375
1 0.292187 0.500000 0.016406 0.033594
1 0.276562 0.500000 0.015625 0.033594
1 0.260937 0.500781 0.014844 0.032031
1 0.246094 0.500781 0.014844 0.032031
1 0.292969 0.465625 0.015625 0.033594
1 0.276562 0.466406 0.014844 0.033594
1 0.261719 0.467187 0.014844 0.032031
1 0.353125 0.392188 0.033594 0.039844
1 0.327344 0.391406 0.017188 0.034375
1 0.310937 0.392969 0.016406 0.034375
1 0.294531 0.394531 0.015625 0.033594
1 0.278906 0.396094 0.015625 0.033594
1 0.263281 0.397656 0.014844 0.032031
1 0.248438 0.399219 0.014844 0.032031
1 0.514062 0.388281 0.028906 0.040625
1 0.488281 0.390625 0.021875 0.039844
1 0.445312 0.394531 0.020313 0.038281
1 0.466406 0.392969 0.020313 0.039062
1 0.471094 0.353906 0.030469 0.039844
1 0.445312 0.357031 0.020313 0.039844
1 0.425781 0.359375 0.019531 0.039062
1 0.406250 0.361719 0.017969 0.038281
1 0.425000 0.396094 0.019531 0.036719
1 0.405469 0.398438 0.018750 0.036719
1 0.387500 0.400000 0.017969 0.036719
