3 0.051562 0.893750 0.103125 0.209375
2 0.421094 0.671875 0.075781 0.050781
2 0.685937 0.447656 0.031250 0.014063
2 0.657031 0.444531 0.049219 0.015625
2 0.525000 0.428906 0.060156 0.020313
2 0.557813 0.433594 0.058594 0.017969
2 0.598437 0.438281 0.042969 0.016406
2 0.053906 0.766406 0.107031 0.082031
2 0.353125 0.401562 0.069531 0.032031
2 0.414062 0.409375 0.057031 0.028906
2 0.531250 0.642188 0.064062 0.038281
1 0.678125 0.523438 0.028906 0.026562
1 0.268750 0.567969 0.018750 0.020313
1 0.242969 0.571094 0.019531 0.023438
1 0.216406 0.564063 0.021094 0.034375
1 0.146875 0.578906 0.028906 0.024219
1 0.185938 0.571875 0.023438 0.021875
2 0.633594 0.615625 0.052344 0.021094
2 0.580469 0.631250 0.058594 0.026562
2 0.666406 0.608594 0.032031 0.020313
2 0.687500 0.602344 0.030469 0.017969
2 0.478906 0.550000 0.067187 0.025781
1 0.661719 0.525781 0.009375 0.028906
1 0.650000 0.525781 0.014844 0.029687
1 0.632812 0.526563 0.029687 0.030469
1 0.644531 0.496875 0.025781 0.028906
1 0.563281 0.496094 0.014063 0.035156
1 0.563281 0.532031 0.014063 0.035156
1 0.548438 0.533594 0.014844 0.036719
1 0.523438 0.533594 0.034375 0.039844
1 0.539062 0.496094 0.033594 0.036719
1 0.498437 0.303906 0.019531 0.043750
1 0.478906 0.296875 0.019531 0.045312
1 0.434375 0.281250 0.023438 0.049219
1 0.457813 0.289062 0.021094 0.046875
1 0.457813 0.247656 0.021094 0.050781
1 0.434375 0.238281 0.023438 0.053906
1 0.410156 0.227344 0.025000 0.056250
1 0.378125 0.215625 0.038281 0.059375
1 0.410156 0.272656 0.025000 0.050781
1 0.383594 0.263281 0.027344 0.053906
1 0.350000 0.252344 0.038281 0.056250
1 0.275000 0.200781 0.038281 0.065625
1 0.234375 0.184375 0.041406 0.069531
1 0.189844 0.167969 0.046094 0.074219
1 0.140625 0.148438 0.051562 0.080469
1 0.085156 0.126562 0.058594 0.086719
1 0.028125 0.104688 0.055469 0.089063
1 0.271875 0.375781 0.038281 0.060937
1 0.231250 0.369531 0.041406 0.064844
1 0.186719 0.362500 0.046094 0.067969
1 0.187500 0.300000 0.048438 0.071875
1 0.137500 0.354687 0.051562 0.071875
1 0.081250 0.346094 0.058594 0.076563
1 0.025781 0.336719 0.051562 0.079687
1 0.137500 0.289062 0.051562 0.078125
1 0.081250 0.275781 0.058594 0.084375
1 0.025781 0.263281 0.051562 0.086719
2 0.516406 0.467187 0.027344 0.008594
2 0.496875 0.466406 0.028906 0.008594
2 0.148438 0.533594 0.056250 0.014063
2 0.286719 0.528125 0.027344 0.011719
2 0.332813 0.526563 0.028906 0.010937
2 0.362500 0.525781 0.032031 0.010156
2 0.393750 0.460938 0.030469 0.009375
2 0.421875 0.462500 0.025000 0.008594
2 0.447656 0.464062 0.025781 0.008594
2 0.285938 0.453906 0.028906 0.011719
2 0.327344 0.456250 0.016406 0.010937
1 0.500781 0.514844 0.012500 0.016406
1 0.210938 0.523438 0.033594 0.026562
2 0.474219 0.521094 0.027344 0.007031
1 0.451562 0.516406 0.009375 0.018750
1 0.441406 0.516406 0.009375 0.018750
1 0.429688 0.517188 0.013281 0.019531
1 0.439063 0.496875 0.016406 0.018750
1 0.417187 0.497656 0.010156 0.019531
1 0.417969 0.517969 0.010156 0.020313
1 0.407031 0.517969 0.010156 0.019531
1 0.392969 0.517969 0.016406 0.021094
1 0.403906 0.496875 0.016406 0.020313
1 0.250000 0.444531 0.017188 0.025000
1 0.232031 0.443750 0.017188 0.025781
1 0.213281 0.442969 0.018750 0.025781
1 0.193750 0.441406 0.019531 0.026562
1 0.173437 0.439844 0.020313 0.028125
1 0.152344 0.438281 0.021094 0.028906
1 0.130469 0.436719 0.022656 0.029687
1 0.373437 0.389844 0.011719 0.009375
1 0.360156 0.388281 0.012500 0.009375
1 0.333594 0.384375 0.013281 0.010937
1 0.346875 0.390625 0.013281 0.017969
1 0.346875 0.371094 0.013281 0.023438
1 0.333594 0.368750 0.013281 0.024219
1 0.322656 0.366406 0.007812 0.023438
1 0.297656 0.362500 0.005469 0.023438
1 0.322656 0.384375 0.007812 0.014063
1 0.299219 0.385156 0.002344 0.021875
1 0.294531 0.384375 0.005469 0.023438
2 0.897656 0.632031 0.094531 0.041406
