2 0.399219 0.702344 0.080469 0.108594
2 0.819531 0.343750 0.083594 0.032031
2 0.779687 0.349219 0.087500 0.034375
2 0.547656 0.385937 0.084375 0.053125
2 0.604688 0.376563 0.089844 0.045312
2 0.667969 0.369531 0.082031 0.039844
2 0.035156 0.840625 0.069531 0.132031
2 0.258594 0.431250 0.109375 0.080469
2 0.352344 0.417969 0.088281 0.073438
2 0.550781 0.647656 0.080469 0.085938
1 0.800000 0.455469 0.050781 0.046875
1 0.196875 0.621875 0.032813 0.044531
1 0.160156 0.640625 0.038281 0.048438
1 0.136719 0.628125 0.038281 0.060937
1 0.054688 0.664062 0.050000 0.053125
1 0.103125 0.640625 0.042188 0.046875
2 0.709375 0.590625 0.077344 0.054688
2 0.623437 0.625781 0.078906 0.061719
2 0.761719 0.578906 0.050781 0.041406
2 0.795312 0.564844 0.053906 0.036719
2 0.473438 0.561719 0.078906 0.089063
1 0.768750 0.467969 0.022656 0.050000
1 0.740625 0.471094 0.043750 0.054688
1 0.720313 0.474219 0.049219 0.059375
1 0.743750 0.428906 0.049219 0.057031
1 0.593750 0.463281 0.044531 0.070312
1 0.600781 0.518750 0.025781 0.051562
1 0.567187 0.517188 0.042969 0.069531
1 0.544531 0.521094 0.039062 0.076563
1 0.568750 0.468750 0.046094 0.071875
1 0.496875 0.209375 0.035937 0.071875
1 0.460156 0.208594 0.038281 0.074219
1 0.380469 0.207031 0.046875 0.078906
1 0.421875 0.207813 0.042188 0.076563
1 0.418750 0.128906 0.043750 0.084375
1 0.375781 0.125000 0.049219 0.086719
1 0.328906 0.121094 0.053906 0.091406
1 0.278906 0.116406 0.060156 0.095312
1 0.335938 0.205469 0.051562 0.081250
1 0.288281 0.204687 0.057031 0.085156
1 0.237500 0.202344 0.064062 0.089844
1 0.100000 0.158594 0.102344 0.104688
1 0.035156 0.156250 0.070312 0.107031
1 0.147656 0.419531 0.086719 0.101562
1 0.086719 0.426563 0.092969 0.106250
1 0.029687 0.444531 0.059375 0.089844
1 0.039844 0.352344 0.079687 0.101562
2 0.589844 0.292969 0.036719 0.013281
2 0.564844 0.293750 0.036719 0.013281
2 0.207813 0.402344 0.014063 0.021094
2 0.328125 0.388281 0.038281 0.020313
2 0.366406 0.381250 0.035937 0.015625
2 0.403125 0.380469 0.031250 0.021875
2 0.436719 0.303125 0.028906 0.015625
2 0.464844 0.301563 0.036719 0.014063
2 0.498437 0.300000 0.035937 0.013281
2 0.315625 0.310156 0.035937 0.018750
2 0.350000 0.308594 0.032813 0.017969
1 0.566406 0.350781 0.019531 0.016406
1 0.248438 0.388281 0.033594 0.026562
2 0.539062 0.361719 0.022656 0.004687
1 0.507812 0.360938 0.005469 0.025781
1 0.490625 0.364063 0.010937 0.024219
1 0.478906 0.364063 0.016406 0.028125
1 0.489063 0.340625 0.014063 0.026562
1 0.461719 0.342969 0.016406 0.028125
1 0.464844 0.367969 0.012500 0.023438
1 0.451562 0.369531 0.013281 0.024219
1 0.436719 0.368750 0.016406 0.029687
1 0.449219 0.343750 0.017188 0.028906
1 0.276562 0.303906 0.022656 0.031250
1 0.257031 0.304688 0.021875 0.031250
1 0.238281 0.307031 0.021875 0.028906
1 0.237500 0.284375 0.025781 0.014844
1 0.221875 0.307812 0.017188 0.028906
1 0.193750 0.309375 0.013281 0.029687
1 0.178906 0.309375 0.025000 0.030469
1 0.158594 0.309375 0.025781 0.034375
1 0.219531 0.285156 0.014844 0.014844
1 0.191406 0.285938 0.013281 0.014844
1 0.175000 0.285938 0.022656 0.017969
1 0.206250 0.212500 0.016406 0.032031
1 0.178906 0.205469 0.012500 0.020313
1 0.171875 0.205469 0.007031 0.019531
2 0.676562 0.417187 0.041406 0.021094
