3 0.008594 0.635156 0.017188 0.079687
2 0.207031 0.756250 0.028906 0.061719
2 0.164844 0.655469 0.068750 0.082031
2 0.158594 0.704688 0.060156 0.096094
2 0.117188 0.818750 0.075781 0.164062
2 0.219531 0.619531 0.010156 0.033594
2 0.189062 0.534375 0.024219 0.030469
2 0.178906 0.560937 0.039062 0.046094
2 0.206250 0.899219 0.014844 0.100000
1 0.200781 0.607031 0.011719 0.015625
1 0.199219 0.597656 0.006250 0.008594
1 0.203906 0.591406 0.014063 0.015625
1 0.200781 0.576562 0.004687 0.007031
1 0.205469 0.584375 0.015625 0.009375
2 0.207031 0.982031 0.006250 0.034375
2 0.194531 0.719531 0.026562 0.060937
1 0.176563 0.789062 0.014063 0.073438
1 0.175781 0.836719 0.027344 0.093750
1 0.188281 0.796875 0.008594 0.070312
1 0.189062 0.767969 0.010937 0.064844
1 0.182031 0.756250 0.007812 0.060937
1 0.131250 0.485938 0.064844 0.068750
1 0.132031 0.452344 0.049219 0.014063
1 0.171094 0.454688 0.007812 0.046094
1 0.167969 0.460938 0.007031 0.046094
1 0.136719 0.421875 0.060156 0.055469
1 0.142187 0.413281 0.055469 0.045312
1 0.146094 0.408594 0.052344 0.042969
1 0.150781 0.403906 0.048438 0.041406
1 0.174219 0.448437 0.007031 0.042969
1 0.176563 0.441406 0.007031 0.040625
1 0.178125 0.435156 0.007031 0.039062
1 0.178125 0.410938 0.011719 0.036719
1 0.179688 0.400781 0.016406 0.026562
1 0.179688 0.400000 0.017969 0.031250
1 0.175000 0.396875 0.031250 0.029687
1 0.175000 0.393750 0.033594 0.028906
1 0.177344 0.391406 0.032031 0.028906
1 0.185938 0.506250 0.019531 0.034375
1 0.188281 0.485938 0.007031 0.006250
1 0.190625 0.475781 0.009375 0.013281
1 0.197656 0.486719 0.003906 0.030469
1 0.197656 0.471094 0.002344 0.010156
1 0.200000 0.474219 0.003906 0.025781
1 0.200781 0.469531 0.003906 0.028906
1 0.189062 0.458594 0.014844 0.031250
1 0.189062 0.453906 0.016406 0.030469
1 0.189844 0.449219 0.017969 0.029687
2 0.503906 0.607031 0.039844 0.039062
2 0.849219 0.684375 0.123438 0.114844
2 0.760938 0.629687 0.100781 0.086719
2 0.438281 0.492188 0.025781 0.021094
2 0.482031 0.532813 0.038281 0.030469
2 0.503125 0.548438 0.041406 0.034375
2 0.523438 0.568750 0.046094 0.038281
2 0.557031 0.506250 0.052344 0.035937
2 0.585938 0.524219 0.057813 0.042969
2 0.623437 0.550000 0.061719 0.050000
2 0.617969 0.736719 0.062500 0.075781
2 0.524219 0.630469 0.042969 0.045312
2 0.442188 0.539062 0.029687 0.025000
2 0.480469 0.463281 0.040625 0.024219
2 0.496094 0.472656 0.042969 0.026562
2 0.553125 0.665625 0.049219 0.054688
1 0.752344 0.757031 0.060156 0.088281
1 0.453125 0.500781 0.016406 0.028125
2 0.671875 0.801562 0.071094 0.091406
2 0.729688 0.866406 0.088281 0.114062
2 0.803125 0.932813 0.107031 0.132031
2 0.686719 0.715625 0.078125 0.067969
1 0.623437 0.643750 0.030469 0.058594
1 0.609375 0.635938 0.034375 0.044531
1 0.585938 0.618750 0.015625 0.050781
1 0.610938 0.600000 0.034375 0.051562
1 0.577344 0.574219 0.031250 0.046094
1 0.576562 0.607031 0.030469 0.039062
1 0.555469 0.596094 0.011719 0.036719
1 0.544531 0.583594 0.011719 0.041406
1 0.562500 0.564063 0.025781 0.043750
1 0.467187 0.445312 0.021094 0.025781
1 0.460156 0.442969 0.019531 0.025781
1 0.447656 0.440625 0.005469 0.021875
1 0.453125 0.418750 0.016406 0.025000
1 0.442969 0.438281 0.005469 0.021875
1 0.437500 0.434375 0.005469 0.021094
1 0.432812 0.431250 0.004687 0.020313
1 0.428125 0.428125 0.003906 0.021094
1 0.449219 0.415625 0.019531 0.024219
1 0.442969 0.413281 0.017969 0.023438
1 0.439063 0.410938 0.017969 0.021875
1 0.466406 0.378906 0.021875 0.025781
1 0.458594 0.377344 0.017969 0.025000
1 0.451562 0.375000 0.014844 0.024219
1 0.447656 0.373437 0.017188 0.023438
1 0.442969 0.371875 0.018750 0.023438
1 0.437500 0.370312 0.016406 0.021875
1 0.432812 0.368750 0.016406 0.021094
1 0.535156 0.410938 0.028125 0.034375
1 0.525000 0.407031 0.026562 0.033594
1 0.497656 0.402344 0.008594 0.028906
1 0.507031 0.405469 0.008594 0.029687
1 0.515625 0.376563 0.025781 0.031250
1 0.506250 0.375000 0.025000 0.029687
1 0.497656 0.372656 0.024219 0.028906
1 0.488281 0.371094 0.021094 0.028125
1 0.489844 0.399219 0.007031 0.026562
1 0.482031 0.396875 0.007031 0.026562
1 0.475000 0.393750 0.007031 0.026562
