2 0.365625 0.766406 0.119531 0.056250
2 0.951562 0.357031 0.095312 0.038281
2 0.570312 0.369531 0.078906 0.032031
2 0.657031 0.369531 0.094531 0.026562
2 0.757812 0.368750 0.107031 0.025781
2 0.042969 0.758594 0.085156 0.050781
2 0.270313 0.374219 0.099219 0.038281
2 0.347656 0.371875 0.095312 0.039062
2 0.592969 0.771875 0.111719 0.060156
1 0.204687 0.587500 0.037500 0.015625
1 0.168750 0.586719 0.035937 0.017969
1 0.164062 0.582812 0.041406 0.025000
1 0.102344 0.588281 0.040625 0.015625
1 0.132812 0.588281 0.022656 0.014844
2 0.916406 0.776563 0.166406 0.063281
2 0.731250 0.774219 0.144531 0.060937
2 0.989062 0.775781 0.020313 0.035937
2 0.464844 0.578125 0.086719 0.033594
1 0.989062 0.556250 0.021094 0.071094
1 0.960938 0.556250 0.052344 0.070312
1 0.894531 0.557031 0.097656 0.071094
1 0.927344 0.487500 0.101562 0.073438
1 0.647656 0.491406 0.041406 0.067969
1 0.651563 0.559375 0.042969 0.068750
1 0.610938 0.559375 0.041406 0.068750
1 0.569531 0.559375 0.044531 0.068750
1 0.604688 0.491406 0.049219 0.066406
1 0.497656 0.230469 0.035156 0.100000
1 0.461719 0.205469 0.035937 0.045312
1 0.391406 0.208594 0.035156 0.045312
1 0.426563 0.207031 0.035156 0.045312
1 0.431250 0.158594 0.042188 0.053906
1 0.393750 0.160156 0.035156 0.053906
1 0.359375 0.161719 0.035937 0.053906
1 0.325781 0.164062 0.035156 0.053906
1 0.357812 0.210938 0.035937 0.045312
1 0.323437 0.211719 0.035156 0.044531
1 0.289844 0.213281 0.035937 0.045312
1 0.228906 0.205469 0.066406 0.063281
1 0.180469 0.196875 0.036719 0.042969
1 0.147656 0.198437 0.036719 0.043750
1 0.115625 0.200000 0.036719 0.042969
1 0.082812 0.201563 0.036719 0.042969
1 0.051562 0.203906 0.036719 0.042969
1 0.020313 0.205469 0.036719 0.041406
1 0.211719 0.368750 0.071094 0.053906
1 0.160156 0.369531 0.039844 0.053125
1 0.125781 0.371094 0.039062 0.053125
1 0.151562 0.317188 0.078906 0.056250
1 0.091406 0.371875 0.039844 0.051562
1 0.057813 0.373437 0.039844 0.051562
1 0.024219 0.374219 0.039844 0.051562
1 0.005469 0.373437 0.010937 0.050000
1 0.098437 0.317969 0.039844 0.056250
1 0.065625 0.318750 0.039844 0.056250
1 0.032031 0.320312 0.039844 0.055469
2 0.463281 0.681250 0.036719 0.014063
2 0.721875 0.536719 0.039844 0.013281
2 0.688281 0.536719 0.035937 0.013281
2 0.538281 0.539844 0.019531 0.009375
2 0.610938 0.682031 0.041406 0.014063
2 0.496875 0.681250 0.034375 0.013281
2 0.325000 0.680469 0.044531 0.013281
2 0.425000 0.540625 0.028125 0.010937
2 0.454688 0.540625 0.030469 0.010156
2 0.544531 0.682031 0.029687 0.014063
2 0.652344 0.682031 0.038281 0.013281
1 0.543750 0.582031 0.005469 0.021875
1 0.397656 0.535156 0.018750 0.021875
1 0.382031 0.535156 0.013281 0.021875
1 0.367969 0.535937 0.013281 0.021094
1 0.372656 0.513281 0.019531 0.021875
1 0.355469 0.535937 0.013281 0.021094
1 0.342187 0.535937 0.014063 0.021094
1 0.328906 0.535937 0.013281 0.021875
1 0.315625 0.535937 0.013281 0.021875
1 0.356250 0.513281 0.013281 0.021875
1 0.342969 0.513281 0.014063 0.021875
1 0.329688 0.513281 0.013281 0.021875
1 0.400000 0.464844 0.017188 0.020313
1 0.385156 0.464844 0.013281 0.020313
1 0.371875 0.465625 0.013281 0.020313
1 0.359375 0.465625 0.013281 0.020313
1 0.346094 0.465625 0.013281 0.020313
1 0.333594 0.465625 0.013281 0.020313
1 0.320312 0.466406 0.013281 0.020313
1 0.509375 0.471875 0.013281 0.021094
1 0.495312 0.471875 0.013281 0.020313
1 0.468750 0.472656 0.013281 0.021094
1 0.482031 0.472656 0.013281 0.021094
1 0.482812 0.453906 0.014063 0.014844
1 0.468750 0.453906 0.012500 0.015625
1 0.455469 0.454688 0.013281 0.014844
1 0.442188 0.454688 0.013281 0.014844
1 0.455469 0.473438 0.013281 0.020313
1 0.442188 0.473438 0.013281 0.020313
1 0.428906 0.473438 0.013281 0.021094
2 0.871875 0.668750 0.075781 0.014844
