3 0.321875 0.499219 0.506250 0.998437
2 0.900000 0.442188 0.010937 0.022656
2 0.912500 0.430469 0.020313 0.026562
2 0.968750 0.346094 0.037500 0.055469
2 0.960156 0.373437 0.039062 0.044531
2 0.939063 0.397656 0.006250 0.012500
2 0.992188 0.687500 0.015625 0.035937
1 0.917188 0.530469 0.006250 0.030469
1 0.921094 0.528906 0.006250 0.035937
1 0.925781 0.527344 0.006250 0.037500
1 0.950781 0.524219 0.046094 0.041406
1 0.946094 0.487500 0.050000 0.043750
1 0.975000 0.460156 0.011719 0.058594
1 0.977344 0.514062 0.012500 0.055469
1 0.988281 0.511719 0.014844 0.059375
1 0.996094 0.510156 0.006250 0.060937
1 0.987500 0.456250 0.017188 0.057813
1 0.997656 0.108594 0.003906 0.042188
2 0.912500 0.626563 0.010937 0.019531
2 0.921875 0.634375 0.011719 0.022656
2 0.976562 0.667188 0.046875 0.037500
2 0.941406 0.644531 0.029687 0.026562
2 0.614844 0.478906 0.019531 0.012500
2 0.596094 0.474219 0.035937 0.014063
2 0.514062 0.445312 0.041406 0.020313
2 0.542188 0.454688 0.027344 0.015625
2 0.567187 0.460938 0.019531 0.015625
2 0.071875 0.753906 0.007812 0.005469
2 0.409375 0.398438 0.032813 0.035156
2 0.442969 0.413281 0.050000 0.030469
1 0.613281 0.538281 0.015625 0.021094
1 0.235937 0.532813 0.027344 0.015625
2 0.585938 0.609375 0.034375 0.014063
2 0.571094 0.615625 0.003125 0.011719
2 0.607031 0.605469 0.017969 0.012500
2 0.617969 0.602344 0.019531 0.012500
2 0.501563 0.537500 0.022656 0.012500
1 0.601562 0.537500 0.005469 0.023438
1 0.596094 0.537500 0.005469 0.023438
1 0.581250 0.537500 0.022656 0.023438
1 0.587500 0.514062 0.022656 0.023438
1 0.531250 0.530469 0.009375 0.026562
1 0.511719 0.528906 0.029687 0.026562
1 0.521875 0.501563 0.028906 0.030469
1 0.499219 0.339062 0.011719 0.035156
1 0.487500 0.330469 0.012500 0.037500
1 0.458594 0.314063 0.014844 0.035937
1 0.472656 0.321094 0.014063 0.038281
1 0.472656 0.299219 0.014063 0.022656
1 0.462500 0.294531 0.007812 0.010937
1 0.442969 0.312500 0.014063 0.017188
1 0.342969 0.197656 0.007812 0.012500
1 0.324219 0.194531 0.028906 0.050781
1 0.292969 0.176563 0.032813 0.065625
1 0.260156 0.153125 0.035156 0.070312
1 0.108594 0.044531 0.049219 0.089063
1 0.347656 0.363281 0.027344 0.050000
1 0.318750 0.355469 0.030469 0.055469
1 0.285938 0.340625 0.034375 0.062500
1 0.288281 0.282813 0.034375 0.056250
1 0.250000 0.325781 0.040625 0.069531
1 0.225781 0.317188 0.009375 0.058594
1 0.087500 0.260156 0.037500 0.082031
1 0.250781 0.269531 0.040625 0.075781
1 0.228125 0.259375 0.009375 0.060937
2 0.385937 0.487500 0.003906 0.007812
2 0.400000 0.490625 0.023438 0.010937
2 0.080469 0.625781 0.014063 0.017969
2 0.241406 0.465625 0.040625 0.014844
2 0.286719 0.471875 0.017969 0.011719
1 0.389062 0.516406 0.014844 0.005469
1 0.087500 0.433594 0.017969 0.032813
1 0.064844 0.429688 0.029687 0.035937
1 0.088281 0.402344 0.019531 0.034375
1 0.331250 0.424219 0.011719 0.008594
1 0.319531 0.421094 0.011719 0.008594
1 0.294531 0.414844 0.010937 0.008594
1 0.307812 0.417187 0.012500 0.009375
1 0.264844 0.406250 0.014844 0.010937
1 0.246094 0.401562 0.022656 0.011719
2 0.762500 0.597656 0.056250 0.015625
