2 0.964063 0.419531 0.069531 0.034375
2 0.968750 0.443750 0.062500 0.046875
2 0.989844 0.894531 0.017969 0.107813
2 0.996875 0.601562 0.006250 0.026562
2 0.990625 0.565625 0.017188 0.064062
2 0.987500 0.515625 0.023438 0.041406
2 0.959375 0.903906 0.070312 0.152344
1 0.937500 0.512500 0.032031 0.042188
1 0.928906 0.543750 0.015625 0.044531
1 0.949219 0.558594 0.050000 0.046875
1 0.957812 0.582812 0.058594 0.067969
1 0.954688 0.530469 0.041406 0.060937
1 0.987500 0.667188 0.023438 0.071094
1 0.972656 0.711719 0.022656 0.070312
1 0.980469 0.741406 0.024219 0.074219
1 0.988281 0.780469 0.023438 0.088281
1 0.991406 0.700000 0.014844 0.078906
2 0.899219 0.591406 0.019531 0.040625
2 0.899219 0.626563 0.010937 0.046875
2 0.939063 0.787500 0.056250 0.108594
2 0.920312 0.677344 0.042188 0.075781
2 0.444531 0.664062 0.064062 0.082812
2 0.617188 0.344531 0.037500 0.023438
2 0.603125 0.353906 0.040625 0.025781
2 0.513281 0.418750 0.053906 0.043750
2 0.535156 0.400781 0.053125 0.035937
2 0.562500 0.385937 0.041406 0.032813
2 0.186719 0.934375 0.124219 0.128906
2 0.385156 0.512500 0.085156 0.078906
2 0.428125 0.482031 0.075781 0.065625
2 0.516406 0.582812 0.050000 0.058594
1 0.614062 0.409375 0.021094 0.029687
1 0.331250 0.675781 0.024219 0.037500
1 0.316406 0.700000 0.026562 0.040625
1 0.292187 0.703906 0.026562 0.052344
1 0.243750 0.762500 0.029687 0.049219
1 0.267188 0.727344 0.026562 0.043750
2 0.581250 0.507812 0.039062 0.032031
2 0.547656 0.549219 0.046094 0.038281
2 0.604688 0.489063 0.020313 0.027344
2 0.615625 0.472656 0.021094 0.024219
2 0.482812 0.546094 0.060937 0.061719
1 0.604688 0.425000 0.007812 0.028906
1 0.590625 0.431250 0.022656 0.028906
1 0.583594 0.435156 0.024219 0.035937
1 0.590625 0.405469 0.024219 0.032813
1 0.537500 0.457031 0.021094 0.041406
1 0.542188 0.488281 0.009375 0.035937
1 0.522656 0.497656 0.029687 0.039062
1 0.511719 0.502344 0.032031 0.050000
1 0.522656 0.465625 0.030469 0.044531
1 0.491406 0.325781 0.029687 0.050000
1 0.484375 0.332813 0.014844 0.050781
1 0.450000 0.348438 0.019531 0.052344
1 0.467969 0.341406 0.017188 0.049219
1 0.456250 0.294531 0.040625 0.053125
1 0.437500 0.299219 0.043750 0.055469
1 0.417187 0.304688 0.044531 0.058594
1 0.393750 0.310156 0.050781 0.062500
1 0.430469 0.355469 0.021094 0.053125
1 0.409375 0.364063 0.024219 0.057813
1 0.376563 0.369531 0.044531 0.070312
1 0.301563 0.371094 0.062500 0.080469
1 0.264844 0.383594 0.067969 0.088281
1 0.222656 0.397656 0.075781 0.097656
1 0.174219 0.414062 0.082812 0.106250
1 0.117188 0.432812 0.091406 0.117969
1 0.050781 0.453906 0.101562 0.132812
1 0.014063 0.478125 0.028125 0.109375
1 0.319531 0.535156 0.056250 0.089063
1 0.294531 0.556250 0.046094 0.096094
1 0.260156 0.592969 0.047656 0.079687
1 0.241406 0.525781 0.067969 0.100781
1 0.217188 0.621875 0.056250 0.085938
1 0.169531 0.654687 0.065625 0.094531
1 0.112500 0.694531 0.078906 0.103125
1 0.046875 0.719531 0.093750 0.157812
1 0.198437 0.550000 0.075781 0.112500
1 0.147656 0.578125 0.082812 0.124219
1 0.089844 0.610938 0.092188 0.140625
2 0.282031 0.494531 0.038281 0.035937
2 0.334375 0.342187 0.019531 0.020313
2 0.353906 0.332031 0.035937 0.012500
2 0.393750 0.434375 0.034375 0.024219
2 0.309375 0.478906 0.041406 0.034375
2 0.351562 0.459375 0.028906 0.029687
2 0.419531 0.423438 0.030469 0.019531
2 0.440625 0.412500 0.020313 0.017188
2 0.457813 0.404687 0.021094 0.015625
1 0.338281 0.389844 0.010937 0.005469
1 0.340625 0.377344 0.014063 0.028906
1 0.160156 0.364844 0.022656 0.006250
1 0.139844 0.370312 0.020313 0.008594
1 0.112500 0.359375 0.035156 0.038281
1 0.009375 0.402344 0.017969 0.006250
1 0.085938 0.365625 0.035937 0.038281
1 0.057813 0.371875 0.037500 0.041406
1 0.028906 0.378125 0.040625 0.043750
1 0.148438 0.287500 0.035156 0.038281
1 0.124219 0.290625 0.035937 0.040625
1 0.098437 0.293750 0.037500 0.040625
1 0.071094 0.297656 0.039062 0.042188
1 0.041406 0.301563 0.042188 0.046094
1 0.015625 0.303906 0.031250 0.048438
1 0.297656 0.277344 0.021094 0.029687
1 0.287500 0.279687 0.017188 0.029687
1 0.257031 0.285938 0.020313 0.029687
1 0.272656 0.284375 0.017969 0.027344
1 0.266406 0.255469 0.024219 0.029687
1 0.250000 0.257031 0.027344 0.030469
1 0.232813 0.259375 0.027344 0.032813
1 0.213281 0.260937 0.030469 0.032031
1 0.239063 0.288281 0.021094 0.029687
1 0.222656 0.290625 0.022656 0.030469
1 0.199219 0.292969 0.030469 0.035156
2 0.758594 0.535156 0.053125 0.044531
