3 0.317969 0.534375 0.036719 0.109375
2 0.096094 0.660937 0.091406 0.048438
2 0.182812 0.528125 0.048438 0.014844
2 0.115625 0.542969 0.078906 0.019531
2 0.092188 0.552344 0.092188 0.025000
2 0.077344 0.564063 0.062500 0.031250
2 0.050781 0.406250 0.053906 0.035156
2 0.012500 0.396875 0.025000 0.031250
2 0.183594 0.596094 0.049219 0.021875
2 0.153125 0.435937 0.017969 0.018750
2 0.110937 0.430469 0.066406 0.023438
2 0.030469 0.734375 0.060156 0.070312
1 0.011719 0.568750 0.023438 0.065625
1 0.034375 0.563281 0.023438 0.060937
1 0.011719 0.507812 0.022656 0.061719
1 0.039062 0.260937 0.076563 0.068750
1 0.085156 0.281250 0.016406 0.053125
1 0.113281 0.303906 0.012500 0.045312
1 0.100000 0.293750 0.013281 0.048438
1 0.074219 0.246875 0.063281 0.066406
1 0.112500 0.265625 0.012500 0.051562
1 0.124219 0.277344 0.010937 0.049219
1 0.134375 0.287500 0.010156 0.045312
1 0.125000 0.314063 0.010937 0.040625
1 0.135156 0.321875 0.010156 0.039062
1 0.144531 0.329688 0.008594 0.036719
1 0.155469 0.331250 0.023438 0.035156
1 0.170313 0.339062 0.007031 0.031250
1 0.177344 0.344531 0.006250 0.029687
1 0.182812 0.350000 0.005469 0.028125
1 0.188281 0.355469 0.005469 0.026562
1 0.193750 0.359375 0.003906 0.025000
1 0.198437 0.364063 0.003906 0.024219
1 0.148438 0.430469 0.039844 0.034375
1 0.171875 0.432812 0.007031 0.030469
1 0.178906 0.435937 0.006250 0.028906
1 0.163281 0.405469 0.035937 0.033594
1 0.184375 0.436719 0.005469 0.028125
1 0.189844 0.439063 0.004687 0.025781
1 0.195312 0.440625 0.004687 0.025000
1 0.199219 0.441406 0.003906 0.024219
1 0.184375 0.409375 0.005469 0.028906
1 0.189844 0.412500 0.005469 0.028906
1 0.194531 0.415625 0.004687 0.026562
2 0.487500 0.606250 0.042969 0.025781
2 0.877344 0.320312 0.206250 0.105469
2 0.734375 0.365625 0.126562 0.064844
2 0.510156 0.433594 0.021875 0.019531
2 0.542188 0.427344 0.041406 0.023438
2 0.587500 0.417187 0.074219 0.028906
2 0.444531 0.571094 0.028906 0.014844
2 0.460156 0.448437 0.024219 0.013281
2 0.477344 0.444531 0.039844 0.014063
2 0.522656 0.641406 0.047656 0.039844
1 0.853906 0.624219 0.139844 0.125000
1 0.457813 0.524219 0.003906 0.005469
1 0.460938 0.516406 0.010156 0.004687
1 0.452344 0.521094 0.008594 0.006250
2 0.644531 0.749219 0.089844 0.086719
2 0.567187 0.675781 0.073438 0.049219
2 0.734375 0.819531 0.145313 0.128906
2 0.864062 0.909375 0.210156 0.178906
2 0.491406 0.537500 0.034375 0.019531
1 0.724219 0.585938 0.075781 0.086719
1 0.670312 0.578125 0.032031 0.075000
1 0.641406 0.568750 0.025781 0.069531
1 0.689063 0.510938 0.067969 0.069531
1 0.546875 0.499219 0.038281 0.039844
1 0.546875 0.539844 0.038281 0.042969
1 0.522656 0.536719 0.009375 0.039844
1 0.514062 0.533594 0.008594 0.038281
1 0.522656 0.498437 0.009375 0.038281
1 0.510156 0.338281 0.030469 0.034375
1 0.491406 0.344531 0.006250 0.032031
1 0.478125 0.356250 0.005469 0.029687
1 0.484375 0.350781 0.006250 0.031250
1 0.495312 0.322656 0.028125 0.035937
1 0.478125 0.329688 0.005469 0.033594
1 0.472656 0.335156 0.004687 0.031250
1 0.467187 0.340625 0.004687 0.031250
1 0.472656 0.360938 0.004687 0.028125
1 0.467187 0.365625 0.004687 0.025781
1 0.462500 0.369531 0.003906 0.025000
1 0.457031 0.368750 0.011719 0.023438
1 0.448437 0.371875 0.003906 0.021875
1 0.445312 0.375781 0.002344 0.020313
1 0.441406 0.378906 0.003125 0.021094
1 0.438281 0.382031 0.002344 0.020313
1 0.435156 0.385156 0.002344 0.018750
1 0.432812 0.388281 0.002344 0.018750
1 0.461719 0.443750 0.021875 0.024219
1 0.448437 0.444531 0.003125 0.023438
1 0.444531 0.446094 0.003125 0.021094
1 0.453125 0.424219 0.020313 0.024219
1 0.441406 0.446875 0.003125 0.020313
1 0.438281 0.448437 0.002344 0.020313
1 0.435156 0.449219 0.002344 0.019531
1 0.432812 0.450000 0.002344 0.018750
1 0.441406 0.425781 0.002344 0.021875
1 0.438281 0.428125 0.002344 0.021875
1 0.435156 0.428906 0.002344 0.021094
2 0.975000 0.425781 0.006250 0.016406
2 0.607812 0.511719 0.025781 0.007031
2 0.652344 0.517969 0.005469 0.009375
2 0.734375 0.524219 0.021094 0.013281
2 0.753125 0.448437 0.032813 0.013281
2 0.793750 0.444531 0.047656 0.014063
2 0.849219 0.440625 0.064844 0.017969
2 0.614844 0.555469 0.021094 0.010156
2 0.664844 0.455469 0.032031 0.009375
2 0.685156 0.453906 0.040625 0.010156
2 0.775000 0.597656 0.024219 0.021094
1 0.628906 0.508594 0.016406 0.017969
2 0.946094 0.646094 0.057031 0.029687
2 0.968750 0.653906 0.011719 0.024219
2 0.936719 0.547656 0.078906 0.021094
1 0.858594 0.528125 0.035937 0.034375
1 0.829688 0.526563 0.021094 0.031250
1 0.809375 0.524219 0.019531 0.030469
1 0.836719 0.496094 0.033594 0.030469
1 0.792188 0.494531 0.029687 0.028125
1 0.791406 0.522656 0.030469 0.028906
1 0.768750 0.521094 0.015625 0.028125
1 0.753125 0.519531 0.014063 0.026562
1 0.768750 0.493750 0.015625 0.026562
1 0.646875 0.451562 0.019531 0.018750
1 0.632812 0.453125 0.007031 0.018750
1 0.625000 0.453906 0.007031 0.018750
1 0.618750 0.454688 0.007031 0.016406
1 0.611719 0.455469 0.006250 0.016406
1 0.606250 0.455469 0.003906 0.016406
1 0.647656 0.393750 0.018750 0.018750
1 0.633594 0.396094 0.007031 0.019531
1 0.626563 0.398438 0.007031 0.018750
1 0.619531 0.398438 0.006250 0.014844
1 0.612500 0.399219 0.006250 0.010937
1 0.607031 0.400000 0.003906 0.009375
1 0.689063 0.390625 0.005469 0.018750
1 0.707031 0.353125 0.017969 0.006250
1 0.692187 0.357031 0.010156 0.006250
1 0.681250 0.360938 0.010156 0.006250
1 0.671094 0.372656 0.009375 0.023438
1 0.681250 0.399219 0.010156 0.004687
1 0.671094 0.394531 0.009375 0.020313
1 0.661719 0.396094 0.008594 0.021094
2 0.243750 0.930469 0.114844 0.136719
