3 0.200000 0.528125 0.082031 0.176563
2 0.001563 0.665625 0.002344 0.021094
2 0.464062 0.590625 0.055469 0.055469
2 0.934375 0.575781 0.129688 0.124219
2 0.546094 0.436719 0.075781 0.046875
2 0.596094 0.454688 0.088281 0.057031
2 0.667188 0.484375 0.098437 0.068750
2 0.372656 0.510938 0.041406 0.034375
2 0.423438 0.394531 0.057813 0.030469
2 0.447656 0.403906 0.061719 0.033594
2 0.542969 0.664844 0.071094 0.081250
1 0.995313 0.857812 0.008594 0.064062
1 0.413281 0.471875 0.013281 0.014844
1 0.402344 0.469531 0.014844 0.014063
1 0.402344 0.459375 0.014844 0.014063
1 0.386719 0.457031 0.013281 0.013281
1 0.395313 0.459375 0.007812 0.011719
2 0.753906 0.855469 0.113281 0.167969
2 0.613281 0.733594 0.083594 0.094531
2 0.867188 0.921875 0.139844 0.153906
2 0.954688 0.971875 0.038281 0.053906
2 0.492969 0.534375 0.065625 0.055469
1 0.882031 0.761719 0.074219 0.143750
1 0.824219 0.742188 0.062500 0.099219
1 0.778125 0.696875 0.060156 0.117969
1 0.837500 0.666406 0.069531 0.126562
1 0.582031 0.529687 0.044531 0.070312
1 0.580469 0.578906 0.042969 0.060937
1 0.549219 0.567187 0.021094 0.053125
1 0.530469 0.548438 0.019531 0.063281
1 0.560937 0.518750 0.041406 0.066406
1 0.509375 0.298438 0.041406 0.046875
1 0.480469 0.297656 0.016406 0.045312
1 0.450781 0.296094 0.014844 0.040625
1 0.464844 0.296875 0.014844 0.042969
1 0.475781 0.253125 0.038281 0.043750
1 0.450000 0.253906 0.014063 0.041406
1 0.435937 0.255469 0.013281 0.039844
1 0.423438 0.255469 0.013281 0.039062
1 0.437500 0.295312 0.013281 0.039062
1 0.425000 0.294531 0.012500 0.038281
1 0.413281 0.293750 0.011719 0.035937
1 0.400000 0.278906 0.032031 0.033594
1 0.379688 0.278906 0.010156 0.033594
1 0.371094 0.278906 0.010156 0.031250
1 0.363281 0.278125 0.008594 0.030469
1 0.355469 0.278125 0.008594 0.030469
1 0.348438 0.278125 0.008594 0.028906
1 0.341406 0.278125 0.008594 0.028906
1 0.403125 0.375781 0.030469 0.035937
1 0.392969 0.373437 0.027344 0.035156
1 0.375781 0.371875 0.009375 0.031250
1 0.382812 0.341406 0.025781 0.032031
1 0.367969 0.369531 0.008594 0.029687
1 0.360156 0.366406 0.008594 0.029687
1 0.353906 0.364063 0.008594 0.028906
1 0.346875 0.361719 0.007812 0.028906
1 0.375000 0.339062 0.025781 0.032031
1 0.367969 0.338281 0.025781 0.031250
1 0.360156 0.335938 0.024219 0.029687
2 0.534375 0.393750 0.029687 0.013281
2 0.601562 0.413281 0.035937 0.019531
2 0.629687 0.420312 0.038281 0.020313
2 0.659375 0.428906 0.038281 0.023438
2 0.698438 0.371094 0.032031 0.005469
2 0.785937 0.385156 0.045312 0.007031
2 0.595313 0.355469 0.021094 0.004687
2 0.620313 0.358594 0.026562 0.004687
1 0.914062 0.489063 0.050000 0.046094
1 0.557813 0.395313 0.017969 0.021875
2 0.846094 0.478906 0.057813 0.035937
1 0.783594 0.453906 0.025781 0.036719
1 0.765625 0.450781 0.025781 0.031250
1 0.746094 0.444531 0.020313 0.035156
1 0.768750 0.421875 0.025781 0.035156
1 0.722656 0.413281 0.011719 0.031250
1 0.719531 0.440625 0.011719 0.026562
1 0.707812 0.436719 0.016406 0.028125
1 0.692969 0.430469 0.016406 0.031250
1 0.713281 0.410156 0.022656 0.031250
1 0.562500 0.315625 0.017969 0.014844
1 0.551562 0.314063 0.013281 0.014063
1 0.546875 0.314063 0.013281 0.013281
1 0.535937 0.313281 0.013281 0.013281
1 0.583594 0.277344 0.019531 0.021094
1 0.569531 0.278125 0.009375 0.020313
1 0.560156 0.278125 0.009375 0.020313
1 0.550781 0.277344 0.008594 0.019531
1 0.543750 0.277344 0.005469 0.019531
1 0.532031 0.277344 0.003125 0.019531
1 0.526563 0.271094 0.007812 0.007031
1 0.682031 0.288281 0.022656 0.025000
1 0.664062 0.288281 0.014844 0.025000
1 0.637500 0.287500 0.013281 0.023438
1 0.650000 0.288281 0.014063 0.024219
1 0.656250 0.263281 0.022656 0.024219
1 0.639062 0.263281 0.014063 0.024219
1 0.626563 0.263281 0.013281 0.023438
1 0.615625 0.264062 0.011719 0.021875
1 0.625781 0.287500 0.012500 0.023438
1 0.614062 0.286719 0.011719 0.021875
1 0.603125 0.286719 0.011719 0.021875
