2 0.072656 0.890625 0.021875 0.096094
2 0.032813 0.615625 0.065625 0.073438
2 0.018750 0.668750 0.037500 0.115625
2 0.090625 0.713281 0.013281 0.041406
2 0.035937 0.540625 0.071875 0.035937
2 0.033594 0.556250 0.066406 0.046875
1 0.060156 0.670312 0.025781 0.024219
1 0.046875 0.664062 0.032031 0.021094
1 0.064844 0.649219 0.028906 0.020313
1 0.059375 0.643750 0.022656 0.020313
1 0.070312 0.643750 0.027344 0.015625
2 0.039062 0.803125 0.054688 0.094531
1 0.002344 0.860938 0.004687 0.088281
1 0.005469 0.942969 0.010937 0.110937
1 0.013281 0.913281 0.017188 0.141406
1 0.022656 0.867969 0.016406 0.125781
1 0.007812 0.815625 0.015625 0.135156
1 0.007031 0.343750 0.014063 0.082031
1 0.031250 0.365625 0.008594 0.061719
1 0.028125 0.359375 0.003125 0.051562
1 0.013281 0.289844 0.026562 0.085156
1 0.027344 0.302344 0.009375 0.073438
1 0.033594 0.311719 0.008594 0.069531
1 0.038281 0.319531 0.007031 0.063281
1 0.036719 0.369531 0.008594 0.058594
1 0.042188 0.374219 0.007031 0.053906
1 0.046094 0.377344 0.007031 0.050781
1 0.049219 0.366406 0.014063 0.050781
1 0.055469 0.369531 0.002344 0.043750
1 0.064844 0.375000 0.002344 0.028125
1 0.066406 0.378906 0.003125 0.031250
1 0.067969 0.381250 0.003125 0.030469
1 0.032031 0.508594 0.063281 0.039062
1 0.035937 0.503125 0.055469 0.033594
1 0.034375 0.466406 0.055469 0.045312
1 0.071875 0.501563 0.002344 0.035937
1 0.073438 0.505469 0.002344 0.025000
1 0.075000 0.503125 0.002344 0.021094
1 0.052344 0.459375 0.034375 0.033594
1 0.070312 0.450781 0.002344 0.016406
2 0.491406 0.657031 0.049219 0.039844
2 0.957812 0.559375 0.082812 0.053906
2 0.860156 0.546094 0.116406 0.051562
2 0.397656 0.547656 0.028906 0.019531
2 0.460938 0.573438 0.046094 0.026562
2 0.490625 0.582812 0.050000 0.030469
2 0.518750 0.596094 0.052344 0.034375
2 0.564063 0.505469 0.059375 0.024219
2 0.605469 0.510938 0.067969 0.028125
2 0.660156 0.521094 0.072656 0.031250
2 0.661719 0.760938 0.076563 0.078125
2 0.521094 0.674219 0.053906 0.045312
2 0.403906 0.605469 0.036719 0.025000
2 0.457031 0.490625 0.044531 0.017969
2 0.480469 0.493750 0.050000 0.018750
2 0.564844 0.703125 0.060937 0.054688
1 0.862500 0.713281 0.082812 0.095312
1 0.421094 0.549219 0.021094 0.028906
2 0.747656 0.813281 0.091406 0.100781
2 0.839063 0.868750 0.108594 0.129688
2 0.946094 0.928125 0.107031 0.142969
2 0.757031 0.692187 0.091406 0.060156
1 0.667969 0.638281 0.038281 0.061719
1 0.643750 0.632812 0.036719 0.050781
1 0.614844 0.621094 0.021875 0.055469
1 0.644531 0.589063 0.037500 0.054688
1 0.596094 0.575000 0.033594 0.048438
1 0.595313 0.614844 0.033594 0.046094
1 0.570312 0.609375 0.017188 0.040625
1 0.553125 0.599219 0.016406 0.046875
1 0.577344 0.570312 0.031250 0.046094
1 0.439844 0.478906 0.024219 0.026562
1 0.430469 0.478125 0.022656 0.025781
1 0.415625 0.478125 0.007812 0.024219
1 0.423438 0.453125 0.023438 0.024219
1 0.407813 0.476562 0.007031 0.023438
1 0.400781 0.475781 0.007031 0.023438
1 0.393750 0.475000 0.006250 0.021875
1 0.387500 0.473438 0.006250 0.023438
1 0.407813 0.453125 0.007031 0.024219
1 0.400000 0.452344 0.007031 0.023438
1 0.393750 0.451562 0.006250 0.021875
1 0.439844 0.400000 0.024219 0.025781
1 0.423438 0.400781 0.007812 0.025781
1 0.414844 0.402344 0.007031 0.025000
1 0.407813 0.403125 0.007031 0.024219
1 0.400000 0.403906 0.007031 0.024219
1 0.393750 0.404687 0.007031 0.021875
1 0.386719 0.405469 0.006250 0.021875
1 0.534375 0.402344 0.030469 0.034375
1 0.511719 0.403906 0.013281 0.033594
1 0.485938 0.406250 0.011719 0.030469
1 0.498437 0.405469 0.011719 0.032031
1 0.506250 0.373437 0.028906 0.033594
1 0.485938 0.375000 0.011719 0.031250
1 0.474219 0.377344 0.010937 0.030469
1 0.463281 0.378906 0.010156 0.030469
1 0.474219 0.407031 0.010937 0.029687
1 0.463281 0.407813 0.010156 0.028906
1 0.453125 0.408594 0.010156 0.028906
