3 0.214062 0.538281 0.063281 0.164062
2 0.009375 0.539062 0.018750 0.025781
2 0.013281 0.646094 0.026562 0.041406
2 0.469531 0.632031 0.059375 0.050000
2 0.535937 0.409375 0.064062 0.025000
2 0.585156 0.406250 0.071094 0.029687
2 0.685156 0.400781 0.128906 0.039062
2 0.395313 0.565625 0.038281 0.025781
2 0.416406 0.415625 0.016406 0.014844
2 0.457813 0.414844 0.064844 0.016406
2 0.548438 0.707031 0.088281 0.085156
1 0.425000 0.513281 0.006250 0.010937
1 0.419531 0.510938 0.014063 0.010156
1 0.424219 0.501563 0.010156 0.008594
1 0.407813 0.504687 0.011719 0.009375
1 0.412500 0.505469 0.002344 0.007031
2 0.860938 0.927344 0.219531 0.143750
2 0.632031 0.791406 0.118750 0.116406
2 0.489063 0.550781 0.060937 0.039844
1 0.954688 0.746875 0.089844 0.164062
1 0.871875 0.696094 0.096094 0.168750
1 0.959375 0.611719 0.080469 0.163281
1 0.588281 0.514062 0.057031 0.068750
1 0.588281 0.575000 0.056250 0.068750
1 0.549219 0.565625 0.021094 0.064062
1 0.529687 0.554688 0.017969 0.063281
1 0.565625 0.507812 0.052344 0.064062
1 0.513281 0.265625 0.046094 0.053906
1 0.482812 0.274219 0.013281 0.050781
1 0.457813 0.290625 0.010937 0.043750
1 0.469531 0.282813 0.011719 0.046875
1 0.481250 0.240625 0.035937 0.053125
1 0.457813 0.250000 0.010937 0.050000
1 0.446875 0.258594 0.010156 0.046875
1 0.436719 0.266406 0.009375 0.044531
1 0.446875 0.296875 0.010156 0.041406
1 0.437500 0.303125 0.008594 0.039062
1 0.428906 0.308594 0.008594 0.036719
1 0.417187 0.305469 0.021094 0.033594
1 0.403906 0.310937 0.006250 0.032031
1 0.396875 0.314063 0.005469 0.030469
1 0.391406 0.318750 0.005469 0.028906
1 0.385937 0.321875 0.004687 0.028125
1 0.381250 0.325781 0.004687 0.028125
1 0.376563 0.328906 0.003906 0.025781
1 0.422656 0.406250 0.030469 0.029687
1 0.405469 0.408594 0.007031 0.031250
1 0.398438 0.409375 0.006250 0.029687
1 0.408594 0.378906 0.028125 0.030469
1 0.392969 0.409375 0.005469 0.028906
1 0.387500 0.410156 0.005469 0.028125
1 0.382812 0.410938 0.004687 0.026562
1 0.378125 0.410938 0.004687 0.025781
1 0.392188 0.380469 0.005469 0.029687
1 0.386719 0.382031 0.005469 0.028125
1 0.382031 0.383594 0.004687 0.026562
2 0.683594 0.557031 0.046094 0.023438
2 0.579688 0.475781 0.030469 0.005469
2 0.653125 0.489844 0.042188 0.014844
2 0.685937 0.494531 0.046094 0.016406
2 0.721094 0.500000 0.048438 0.018750
2 0.777344 0.414062 0.018750 0.006250
2 0.817969 0.414062 0.061719 0.007031
2 0.885938 0.411719 0.074219 0.009375
2 0.881250 0.611719 0.075781 0.034375
2 0.717969 0.567187 0.049219 0.026562
2 0.770312 0.583594 0.058594 0.028125
1 0.604688 0.473438 0.020313 0.015625
2 0.971875 0.530469 0.054688 0.013281
1 0.890625 0.514062 0.036719 0.041406
1 0.862500 0.511719 0.035156 0.036719
1 0.834375 0.507031 0.025781 0.036719
1 0.864844 0.476562 0.035156 0.036719
1 0.813281 0.471875 0.021875 0.033594
1 0.811719 0.504687 0.021875 0.033594
1 0.777344 0.500781 0.011719 0.031250
1 0.767969 0.498437 0.008594 0.031250
1 0.778906 0.470313 0.011719 0.031250
1 0.608594 0.387500 0.019531 0.008594
1 0.594531 0.389062 0.008594 0.007031
1 0.585156 0.389844 0.008594 0.007031
1 0.577344 0.390625 0.007812 0.007031
1 0.629687 0.346875 0.021094 0.023438
1 0.614062 0.349219 0.010156 0.021875
1 0.604688 0.350781 0.008594 0.021094
1 0.595313 0.353125 0.008594 0.020313
1 0.586719 0.354687 0.008594 0.020313
1 0.578125 0.356250 0.007812 0.019531
1 0.570312 0.357812 0.007031 0.019531
1 0.739062 0.335156 0.025781 0.029687
1 0.718750 0.338281 0.016406 0.029687
1 0.688281 0.343750 0.014844 0.026562
1 0.703125 0.341406 0.015625 0.028906
1 0.709375 0.314844 0.025781 0.029687
1 0.689063 0.318750 0.014063 0.028125
1 0.675781 0.321875 0.013281 0.026562
1 0.662500 0.324219 0.012500 0.026562
1 0.675000 0.346094 0.013281 0.025781
1 0.661719 0.348438 0.012500 0.025000
1 0.650000 0.350781 0.011719 0.024219
