2 0.971875 0.506250 0.014844 0.025000
2 0.986719 0.494531 0.025781 0.030469
2 0.996094 0.742969 0.007031 0.024219
2 0.390625 0.758594 0.080469 0.051562
2 0.622656 0.542969 0.025000 0.013281
2 0.600000 0.538281 0.039844 0.014063
2 0.023438 0.667969 0.046875 0.045312
2 0.339062 0.643750 0.081250 0.031250
2 0.395313 0.636719 0.078125 0.025781
2 0.448437 0.633594 0.067187 0.021875
2 0.489063 0.518750 0.055469 0.020313
2 0.519531 0.525000 0.050000 0.016406
2 0.552344 0.530469 0.036719 0.016406
2 0.554688 0.704688 0.051562 0.028125
2 0.440625 0.741406 0.070312 0.043750
2 0.018750 0.878906 0.037500 0.085938
2 0.331250 0.483594 0.082031 0.035156
2 0.395313 0.494531 0.052344 0.030469
2 0.494531 0.725000 0.061719 0.035156
1 0.606250 0.611719 0.023438 0.025781
1 0.149219 0.639062 0.090625 0.073438
2 0.583594 0.696875 0.046875 0.019531
2 0.611719 0.689844 0.025781 0.018750
2 0.628125 0.683594 0.025000 0.015625
2 0.584375 0.621875 0.035156 0.011719
1 0.561719 0.614062 0.010156 0.030469
1 0.543750 0.615625 0.025781 0.032031
1 0.538281 0.615625 0.015625 0.033594
1 0.542969 0.583594 0.025781 0.031250
1 0.524219 0.582031 0.011719 0.033594
1 0.524219 0.617188 0.011719 0.034375
1 0.510938 0.617969 0.013281 0.035156
1 0.487500 0.618750 0.032813 0.036719
1 0.501563 0.582031 0.032031 0.034375
1 0.258594 0.453906 0.040625 0.060937
1 0.218750 0.444531 0.045312 0.066406
1 0.173437 0.434375 0.051562 0.070312
1 0.177344 0.372656 0.050781 0.075000
1 0.121094 0.421875 0.060156 0.076563
1 0.060156 0.408594 0.071094 0.083594
1 0.015625 0.396875 0.031250 0.081250
1 0.126562 0.357031 0.058594 0.081250
1 0.067187 0.339062 0.069531 0.091406
1 0.019531 0.321875 0.039062 0.086719
1 0.270313 0.289062 0.038281 0.063281
1 0.232031 0.269531 0.042188 0.067969
1 0.189844 0.248438 0.047656 0.073438
1 0.141406 0.224219 0.055469 0.079687
1 0.085156 0.196094 0.064062 0.088281
1 0.028906 0.164844 0.057813 0.092188
1 0.468750 0.403906 0.016406 0.039062
1 0.451562 0.395313 0.017188 0.040625
1 0.414062 0.378125 0.021094 0.045312
1 0.433594 0.386719 0.018750 0.042969
1 0.434375 0.350781 0.018750 0.046875
1 0.414844 0.339844 0.021094 0.050000
1 0.392969 0.328125 0.022656 0.053125
1 0.362500 0.315625 0.039844 0.054688
1 0.392188 0.367969 0.022656 0.046875
1 0.368750 0.357031 0.025000 0.050781
1 0.335938 0.344531 0.041406 0.053906
2 0.735156 0.665625 0.043750 0.017969
