2 0.414062 0.774219 0.070312 0.035937
2 0.865625 0.518750 0.077344 0.021094
2 0.798438 0.518750 0.091406 0.021094
2 0.169531 0.656250 0.096875 0.018750
2 0.353125 0.656250 0.074219 0.020313
2 0.417187 0.656250 0.067969 0.020313
2 0.478125 0.656250 0.052344 0.020313
2 0.545312 0.521094 0.049219 0.018750
2 0.600000 0.521875 0.059375 0.016406
2 0.662500 0.521875 0.066406 0.016406
2 0.680469 0.776563 0.082812 0.038281
2 0.475000 0.774219 0.063281 0.035937
2 0.161719 0.773438 0.100781 0.035156
2 0.346875 0.520312 0.053906 0.020313
2 0.402344 0.520312 0.060937 0.020313
2 0.557031 0.775781 0.066406 0.036719
1 0.816406 0.643750 0.055469 0.044531
1 0.242188 0.643750 0.052344 0.044531
2 0.758594 0.776563 0.093750 0.036719
2 0.831250 0.779687 0.080469 0.031250
2 0.893750 0.778906 0.087500 0.033594
2 0.748437 0.657031 0.086719 0.017969
1 0.679688 0.642969 0.027344 0.045312
1 0.653906 0.643750 0.026562 0.044531
1 0.624219 0.643750 0.034375 0.044531
1 0.646875 0.598437 0.036719 0.043750
1 0.593750 0.598437 0.025000 0.043750
1 0.595313 0.643750 0.025781 0.044531
1 0.570312 0.643750 0.025000 0.044531
1 0.544531 0.643750 0.027344 0.044531
1 0.567187 0.598437 0.028906 0.043750
1 0.300000 0.510938 0.033594 0.039062
1 0.271875 0.510938 0.025781 0.039062
1 0.247656 0.511719 0.026562 0.039062
1 0.259375 0.471875 0.044531 0.039844
1 0.223438 0.511719 0.026562 0.039062
1 0.200000 0.511719 0.027344 0.039062
1 0.176563 0.511719 0.026562 0.039062
1 0.152344 0.511719 0.027344 0.039844
1 0.227344 0.471875 0.025781 0.039062
1 0.203125 0.471875 0.026562 0.039062
1 0.179688 0.471875 0.026562 0.039062
1 0.311719 0.393750 0.038281 0.043750
1 0.282031 0.389062 0.025000 0.034375
1 0.258594 0.389062 0.025000 0.034375
1 0.235937 0.389062 0.025781 0.034375
1 0.212500 0.389062 0.025781 0.034375
1 0.189844 0.389062 0.025781 0.034375
1 0.167187 0.389062 0.025781 0.034375
1 0.498437 0.413281 0.022656 0.054688
1 0.475000 0.403906 0.023438 0.035156
1 0.428125 0.403906 0.023438 0.034375
1 0.451562 0.403906 0.023438 0.034375
1 0.453125 0.367969 0.025781 0.036719
1 0.428906 0.367969 0.023438 0.036719
1 0.405469 0.367969 0.024219 0.036719
1 0.382812 0.367969 0.024219 0.036719
1 0.404687 0.403906 0.024219 0.034375
1 0.381250 0.403906 0.023438 0.034375
1 0.358594 0.404687 0.024219 0.035156
