2 0.407031 0.735156 0.105469 0.091406
2 0.652344 0.441406 0.025781 0.014844
2 0.629687 0.436719 0.044531 0.015625
2 0.519531 0.412500 0.071094 0.025781
2 0.567969 0.422656 0.027344 0.021094
2 0.587500 0.428125 0.037500 0.020313
2 0.314063 0.357031 0.129688 0.060937
2 0.401562 0.378125 0.088281 0.047656
2 0.525781 0.667188 0.074219 0.053125
1 0.646094 0.519531 0.025781 0.027344
1 0.181250 0.621094 0.039062 0.040625
1 0.134375 0.635938 0.042188 0.047656
1 0.078906 0.628906 0.043750 0.071094
1 0.018750 0.650000 0.037500 0.050781
2 0.612500 0.618750 0.050000 0.026562
2 0.568750 0.645312 0.062500 0.035156
2 0.639062 0.607812 0.025781 0.023438
2 0.653906 0.598437 0.022656 0.020313
2 0.475000 0.564063 0.088281 0.038281
1 0.635938 0.521094 0.006250 0.029687
1 0.619531 0.522656 0.024219 0.032031
1 0.610156 0.523438 0.030469 0.034375
1 0.617969 0.490625 0.029687 0.030469
1 0.559375 0.493750 0.011719 0.040625
1 0.559375 0.535156 0.011719 0.042188
1 0.546094 0.538281 0.012500 0.044531
1 0.517188 0.539062 0.041406 0.049219
1 0.532813 0.494531 0.040625 0.043750
1 0.499219 0.253906 0.019531 0.056250
1 0.478906 0.239063 0.021094 0.060937
1 0.429688 0.205469 0.027344 0.071094
1 0.455469 0.223438 0.024219 0.065625
1 0.455469 0.169531 0.024219 0.075781
1 0.429688 0.147656 0.027344 0.084375
1 0.400000 0.122656 0.032031 0.091406
1 0.351562 0.092969 0.062500 0.100781
1 0.399219 0.184375 0.030469 0.078906
1 0.364844 0.160156 0.035937 0.085938
1 0.313281 0.130469 0.067187 0.097656
1 0.192969 0.033594 0.071094 0.067187
1 0.145313 0.008594 0.024219 0.017188
1 0.189844 0.299219 0.071094 0.114062
1 0.109375 0.275781 0.089063 0.129688
1 0.032813 0.255469 0.065625 0.134375
1 0.032031 0.135937 0.064062 0.149219
2 0.230469 0.605469 0.056250 0.025781
2 0.457813 0.455469 0.028906 0.008594
2 0.437500 0.453906 0.034375 0.010937
2 0.178125 0.534375 0.062500 0.019531
2 0.229687 0.529687 0.053125 0.017188
2 0.288281 0.526563 0.025781 0.014844
2 0.317188 0.446094 0.041406 0.012500
2 0.353906 0.448437 0.029687 0.011719
2 0.384375 0.451562 0.029687 0.009375
2 0.272656 0.596875 0.044531 0.023438
2 0.171094 0.434375 0.053125 0.017188
2 0.214062 0.437500 0.032813 0.015625
1 0.441406 0.509375 0.019531 0.020313
1 0.040625 0.533594 0.061719 0.041406
2 0.446094 0.564844 0.002344 0.008594
2 0.414062 0.516406 0.035156 0.009375
1 0.389062 0.512500 0.011719 0.022656
1 0.378125 0.513281 0.011719 0.022656
1 0.364063 0.514062 0.015625 0.023438
1 0.374219 0.489844 0.020313 0.022656
1 0.349219 0.490625 0.012500 0.023438
1 0.349219 0.514844 0.012500 0.023438
1 0.317969 0.515625 0.021094 0.025781
1 0.331250 0.490625 0.022656 0.024219
1 0.108594 0.419531 0.029687 0.038281
1 0.077344 0.415625 0.032031 0.038281
1 0.045312 0.412500 0.035156 0.040625
1 0.044531 0.389062 0.035156 0.014063
1 0.013281 0.410156 0.026562 0.041406
1 0.013281 0.384375 0.026562 0.014063
1 0.238281 0.349219 0.019531 0.023438
1 0.252344 0.351562 0.009375 0.020313
1 0.252344 0.328906 0.009375 0.029687
1 0.237500 0.324219 0.019531 0.032813
1 0.226562 0.321094 0.002344 0.029687
2 0.870313 0.622656 0.093750 0.037500
