2 0.414844 0.685937 0.076563 0.075781
2 0.728125 0.403906 0.041406 0.014844
2 0.694531 0.405469 0.059375 0.014844
2 0.532813 0.415625 0.067187 0.021094
2 0.574219 0.413281 0.064062 0.020313
2 0.621094 0.411719 0.052344 0.017188
2 0.050000 0.824219 0.100000 0.122656
2 0.325000 0.425781 0.075781 0.032031
2 0.390625 0.422656 0.075781 0.028906
2 0.538281 0.641406 0.067969 0.057813
1 0.715625 0.489063 0.035156 0.034375
1 0.246094 0.600000 0.021094 0.029687
1 0.215625 0.610938 0.025781 0.032813
1 0.192188 0.603906 0.026562 0.046094
1 0.117969 0.630469 0.035937 0.037500
1 0.160938 0.614844 0.029687 0.034375
2 0.658594 0.597656 0.059375 0.032031
2 0.594531 0.623437 0.064062 0.038281
2 0.697656 0.587500 0.037500 0.027344
2 0.722656 0.577344 0.035937 0.024219
2 0.477344 0.554688 0.070312 0.050000
1 0.696094 0.496094 0.012500 0.035937
1 0.674219 0.498437 0.029687 0.037500
1 0.660156 0.499219 0.035156 0.039062
1 0.674219 0.465625 0.034375 0.037500
1 0.567187 0.481250 0.034375 0.046094
1 0.575000 0.524219 0.017969 0.041406
1 0.557031 0.527344 0.017969 0.043750
1 0.529687 0.527344 0.035937 0.052344
1 0.549219 0.484375 0.037500 0.049219
1 0.499219 0.275781 0.023438 0.052344
1 0.473438 0.271875 0.025781 0.052344
1 0.419531 0.263281 0.029687 0.056250
1 0.446875 0.267969 0.027344 0.055469
1 0.446094 0.215625 0.028906 0.059375
1 0.417187 0.209375 0.030469 0.062500
1 0.386719 0.201563 0.032813 0.064844
1 0.350781 0.194531 0.041406 0.067187
1 0.387500 0.259375 0.032813 0.058594
1 0.355469 0.253906 0.035937 0.061719
1 0.319531 0.247656 0.040625 0.065625
1 0.222656 0.204687 0.053125 0.075781
1 0.171094 0.194531 0.057813 0.080469
1 0.116406 0.184375 0.062500 0.084375
1 0.056250 0.173437 0.070312 0.089063
1 0.014063 0.164844 0.028125 0.085938
1 0.232031 0.410938 0.050781 0.065625
1 0.183594 0.412500 0.053906 0.069531
1 0.132812 0.413281 0.058594 0.071094
1 0.132812 0.340625 0.074219 0.073438
1 0.076563 0.415625 0.065625 0.075781
1 0.025781 0.416406 0.050781 0.077344
1 0.068750 0.337500 0.067187 0.077344
1 0.021094 0.336719 0.042188 0.079687
2 0.347656 0.530469 0.035937 0.022656
2 0.547656 0.396094 0.021094 0.007812
2 0.521094 0.396094 0.032031 0.007812
2 0.173437 0.489063 0.055469 0.022656
2 0.310937 0.475781 0.037500 0.017969
2 0.346094 0.471094 0.037500 0.017188
2 0.380469 0.468750 0.030469 0.015625
2 0.410938 0.400781 0.030469 0.008594
2 0.437500 0.400000 0.032031 0.008594
2 0.465625 0.400000 0.030469 0.008594
2 0.469531 0.509375 0.032813 0.017188
2 0.378906 0.524219 0.035156 0.020313
2 0.182031 0.557813 0.053125 0.029687
2 0.302344 0.402344 0.032813 0.011719
2 0.334375 0.402344 0.032031 0.010937
2 0.418750 0.518750 0.030469 0.017969
1 0.527344 0.449219 0.011719 0.017969
1 0.230469 0.476562 0.032031 0.025781
2 0.497656 0.505469 0.029687 0.012500
2 0.497656 0.456250 0.029687 0.008594
1 0.472656 0.454688 0.010937 0.017969
1 0.462500 0.455469 0.010937 0.019531
1 0.449219 0.457031 0.014063 0.020313
1 0.436719 0.457813 0.011719 0.020313
1 0.425000 0.459375 0.011719 0.020313
1 0.410938 0.460156 0.015625 0.020313
1 0.264062 0.396094 0.017188 0.025781
1 0.226562 0.365625 0.021094 0.021094
1 0.207031 0.365625 0.020313 0.021094
1 0.187500 0.366406 0.021094 0.022656
1 0.173437 0.366406 0.008594 0.022656
1 0.259375 0.314844 0.015625 0.027344
1 0.242188 0.314063 0.020313 0.027344
1 0.223438 0.313281 0.019531 0.028906
1 0.203906 0.310937 0.021094 0.028906
1 0.184375 0.309375 0.022656 0.029687
1 0.162500 0.307812 0.023438 0.030469
1 0.140625 0.299219 0.022656 0.017969
1 0.387500 0.334375 0.012500 0.023438
1 0.373437 0.332813 0.012500 0.023438
1 0.346094 0.331250 0.014844 0.024219
1 0.360156 0.332813 0.014063 0.024219
1 0.359375 0.317188 0.012500 0.006250
1 0.345313 0.315625 0.014063 0.006250
1 0.330469 0.315625 0.014063 0.006250
1 0.314063 0.314063 0.015625 0.007812
1 0.330469 0.330469 0.014844 0.024219
1 0.315625 0.328906 0.015625 0.024219
1 0.300000 0.328906 0.017188 0.025781
2 0.957812 0.675000 0.084375 0.073438
2 0.619531 0.492969 0.034375 0.014063
