2 0.429688 0.690625 0.075781 0.107031
2 0.661719 0.299219 0.046875 0.030469
2 0.642969 0.311719 0.050781 0.035156
2 0.521094 0.397656 0.067969 0.060156
2 0.552344 0.373437 0.064844 0.050781
2 0.587500 0.353906 0.052344 0.044531
2 0.122656 0.974219 0.055469 0.050000
2 0.338281 0.532813 0.105469 0.121094
2 0.400000 0.488281 0.094531 0.100000
2 0.523438 0.586719 0.060937 0.078125
1 0.653906 0.378125 0.028125 0.038281
1 0.273438 0.721875 0.028125 0.051562
1 0.250000 0.757031 0.030469 0.057031
1 0.219531 0.760156 0.030469 0.068750
1 0.149219 0.841406 0.033594 0.068750
1 0.186719 0.790625 0.032031 0.060937
2 0.608594 0.495312 0.047656 0.039062
2 0.564844 0.546875 0.055469 0.050000
2 0.638281 0.471875 0.025781 0.035937
2 0.654687 0.451562 0.025000 0.031250
2 0.478125 0.553906 0.073438 0.086719
1 0.641406 0.396875 0.010156 0.036719
1 0.625000 0.405469 0.027344 0.036719
1 0.614062 0.409375 0.032031 0.045312
1 0.625781 0.376563 0.032031 0.039844
1 0.553125 0.442969 0.024219 0.053125
1 0.557031 0.480469 0.013281 0.043750
1 0.536719 0.492969 0.027344 0.044531
1 0.517969 0.498437 0.037500 0.061719
1 0.535156 0.454688 0.033594 0.053906
1 0.486719 0.283594 0.045312 0.069531
1 0.476562 0.292969 0.023438 0.071094
1 0.425000 0.317969 0.031250 0.070312
1 0.452344 0.307031 0.026562 0.065625
1 0.436719 0.243750 0.054688 0.075000
1 0.408594 0.250781 0.058594 0.079687
1 0.377344 0.259375 0.063281 0.085938
1 0.342187 0.268750 0.067969 0.092969
1 0.395313 0.329688 0.035156 0.074219
1 0.361719 0.342969 0.041406 0.078906
1 0.313281 0.349219 0.069531 0.101562
1 0.196875 0.359375 0.087500 0.124219
1 0.134375 0.380469 0.097656 0.138281
1 0.057813 0.403125 0.115625 0.153125
1 0.018750 0.421875 0.036719 0.150000
1 0.240625 0.567969 0.073438 0.125781
1 0.190625 0.600781 0.079687 0.138281
1 0.136719 0.639062 0.084375 0.148438
1 0.113281 0.571094 0.093750 0.153906
1 0.068750 0.707031 0.101562 0.114844
1 0.024219 0.749219 0.048438 0.104688
1 0.046875 0.610938 0.093750 0.171875
1 0.007812 0.685156 0.015625 0.045312
2 0.275781 0.453125 0.046875 0.025781
2 0.476562 0.241406 0.025000 0.016406
2 0.466406 0.246094 0.005469 0.010937
2 0.270313 0.375000 0.026562 0.014844
2 0.285938 0.367969 0.003125 0.007031
2 0.313281 0.280469 0.003906 0.013281
2 0.408594 0.388281 0.030469 0.021094
2 0.315625 0.436719 0.035156 0.028125
2 0.232031 0.309375 0.035156 0.032031
2 0.356250 0.416406 0.033594 0.025000
2 0.437500 0.373437 0.028906 0.019531
2 0.460156 0.363281 0.022656 0.018750
2 0.479687 0.353125 0.020313 0.016406
1 0.140625 0.309375 0.027344 0.017969
1 0.114062 0.314063 0.027344 0.015625
1 0.088281 0.323437 0.028125 0.013281
1 0.082031 0.302344 0.039062 0.049219
1 0.059375 0.332813 0.029687 0.008594
1 0.028125 0.339844 0.032031 0.009375
1 0.006250 0.346094 0.011719 0.004687
1 0.052344 0.309375 0.041406 0.051562
1 0.021875 0.315625 0.042969 0.053906
1 0.005469 0.320312 0.010937 0.050000
1 0.117969 0.217188 0.038281 0.045312
1 0.089844 0.221094 0.039844 0.046875
1 0.060937 0.224219 0.042188 0.048438
1 0.028125 0.228125 0.046094 0.050781
1 0.009375 0.231250 0.018750 0.050000
1 0.293750 0.207031 0.027344 0.035156
1 0.279687 0.209375 0.021875 0.035937
1 0.251563 0.215625 0.008594 0.031250
1 0.262500 0.214062 0.022656 0.033594
1 0.254688 0.181250 0.028125 0.035937
1 0.235156 0.182031 0.030469 0.034375
1 0.214844 0.183594 0.028906 0.035937
1 0.192969 0.186719 0.032813 0.039062
1 0.230469 0.218750 0.009375 0.031250
1 0.202344 0.222656 0.027344 0.035937
1 0.178906 0.223438 0.034375 0.041406
2 0.832031 0.559375 0.072656 0.068750
2 0.552344 0.342969 0.030469 0.017969
