2 0.410156 0.723437 0.058594 0.063281
2 0.750781 0.472656 0.064844 0.021094
2 0.714844 0.475000 0.064844 0.021875
2 0.106250 0.667969 0.121094 0.067969
2 0.342969 0.635938 0.068750 0.054688
2 0.408594 0.622656 0.060156 0.049219
2 0.467969 0.615625 0.053906 0.050000
2 0.524219 0.491406 0.055469 0.028906
2 0.567969 0.488281 0.062500 0.025781
2 0.617969 0.485156 0.060156 0.024219
2 0.619531 0.678125 0.061719 0.049219
2 0.464844 0.710938 0.059375 0.058594
2 0.121094 0.785937 0.114844 0.085938
2 0.330469 0.505469 0.063281 0.036719
2 0.387500 0.501563 0.054688 0.035156
2 0.532813 0.698438 0.055469 0.054688
1 0.716406 0.566406 0.037500 0.039062
1 0.207031 0.640625 0.062500 0.061719
2 0.669531 0.669531 0.062500 0.039844
2 0.715625 0.664844 0.046094 0.029687
2 0.750000 0.657031 0.046094 0.028906
2 0.671094 0.582812 0.063281 0.028906
1 0.628906 0.578906 0.017969 0.048438
1 0.603906 0.582031 0.032031 0.046094
1 0.589063 0.583594 0.025781 0.049219
1 0.604688 0.546875 0.032813 0.045312
1 0.561719 0.551562 0.030469 0.048438
1 0.566406 0.593750 0.019531 0.039062
1 0.546875 0.596094 0.020313 0.039062
1 0.521875 0.592969 0.028906 0.053125
1 0.541406 0.553906 0.030469 0.049219
1 0.266406 0.494531 0.041406 0.054688
1 0.234375 0.496875 0.044531 0.056250
1 0.196875 0.501563 0.035937 0.050000
1 0.201563 0.451562 0.052344 0.053125
1 0.162500 0.503906 0.038281 0.050781
1 0.127344 0.506250 0.039844 0.053125
1 0.089844 0.508594 0.041406 0.053906
1 0.051562 0.507031 0.043750 0.061719
1 0.164062 0.452344 0.048438 0.053125
1 0.132031 0.453125 0.057031 0.054688
1 0.092969 0.454688 0.057031 0.055469
1 0.261719 0.349219 0.042969 0.051562
1 0.224219 0.348438 0.036719 0.051562
1 0.189844 0.346875 0.037500 0.053125
1 0.154688 0.345313 0.039062 0.053906
1 0.117188 0.344531 0.042188 0.055469
1 0.078906 0.342969 0.042969 0.056250
1 0.039062 0.341406 0.045312 0.058594
1 0.484375 0.374219 0.023438 0.042969
1 0.460938 0.373437 0.024219 0.043750
1 0.410938 0.372656 0.026562 0.045312
1 0.436719 0.373437 0.025000 0.044531
1 0.435937 0.328906 0.025781 0.044531
1 0.410156 0.327344 0.026562 0.045312
1 0.382812 0.325781 0.027344 0.046094
1 0.355469 0.324219 0.028906 0.046875
1 0.384375 0.371875 0.027344 0.046094
1 0.357812 0.371875 0.029687 0.046875
1 0.328906 0.370312 0.029687 0.048438
2 0.946094 0.691406 0.089844 0.067969
