3 0.287500 0.519531 0.046094 0.125781
2 0.050781 0.732031 0.101562 0.089063
2 0.121094 0.525781 0.059375 0.028906
2 0.053125 0.576562 0.097656 0.038281
2 0.044531 0.602344 0.088281 0.047656
2 0.030469 0.642188 0.060937 0.062500
2 0.009375 0.479687 0.018750 0.034375
2 0.128125 0.602344 0.056250 0.038281
2 0.057813 0.448437 0.087500 0.022656
2 0.043750 0.455469 0.078906 0.028906
2 0.014063 0.855469 0.028125 0.082812
1 0.006250 0.292969 0.012500 0.060937
1 0.033594 0.303906 0.017969 0.055469
1 0.017969 0.297656 0.021094 0.059375
1 0.011719 0.240625 0.023438 0.069531
1 0.028125 0.251563 0.020313 0.062500
1 0.041406 0.260156 0.017188 0.058594
1 0.053906 0.267188 0.014844 0.053906
1 0.046875 0.309375 0.017188 0.052344
1 0.059375 0.314844 0.014063 0.049219
1 0.069531 0.318750 0.012500 0.046094
1 0.078125 0.309375 0.032813 0.042188
1 0.096875 0.314063 0.010937 0.037500
1 0.103125 0.317969 0.008594 0.035937
1 0.110937 0.321094 0.008594 0.034375
1 0.115625 0.324219 0.008594 0.032813
1 0.121094 0.326562 0.006250 0.032031
1 0.126562 0.329688 0.006250 0.029687
1 0.077344 0.430469 0.055469 0.037500
1 0.089063 0.428906 0.046094 0.037500
1 0.114062 0.428125 0.008594 0.035156
1 0.090625 0.392969 0.049219 0.035156
1 0.119531 0.426563 0.007812 0.032031
1 0.125000 0.425000 0.007812 0.030469
1 0.129688 0.423438 0.006250 0.029687
1 0.134375 0.422656 0.006250 0.029687
1 0.116406 0.392188 0.007812 0.034375
1 0.121875 0.392188 0.007812 0.032031
1 0.126562 0.392969 0.006250 0.030469
2 0.477344 0.594531 0.041406 0.035937
2 0.925000 0.505469 0.150000 0.076563
2 0.803906 0.484375 0.152344 0.058594
2 0.534375 0.441406 0.062500 0.021094
2 0.567187 0.447656 0.070312 0.026562
2 0.610938 0.455469 0.078906 0.032031
2 0.420312 0.540625 0.032031 0.021094
2 0.453125 0.428906 0.042188 0.014844
2 0.470313 0.431250 0.049219 0.015625
2 0.531250 0.644531 0.058594 0.053125
1 0.905469 0.744531 0.130469 0.146875
1 0.447656 0.500000 0.009375 0.008594
1 0.439844 0.498437 0.011719 0.009375
1 0.442188 0.491406 0.011719 0.008594
1 0.430469 0.492188 0.010937 0.008594
1 0.437500 0.492969 0.009375 0.007812
2 0.680469 0.788281 0.099219 0.110937
2 0.581250 0.694531 0.073438 0.062500
2 0.770312 0.871094 0.135937 0.153906
2 0.900781 0.932813 0.185938 0.132031
2 0.492188 0.534375 0.041406 0.032031
1 0.767188 0.665625 0.070312 0.103906
1 0.727344 0.651563 0.062500 0.079687
1 0.682031 0.627344 0.034375 0.084375
1 0.730469 0.584375 0.064062 0.085938
1 0.557813 0.514844 0.038281 0.049219
1 0.557031 0.555469 0.037500 0.046094
1 0.532031 0.548438 0.012500 0.043750
1 0.519531 0.540625 0.012500 0.043750
1 0.542188 0.509375 0.034375 0.046094
1 0.510156 0.333594 0.032813 0.037500
1 0.487500 0.336719 0.009375 0.035156
1 0.470313 0.340625 0.008594 0.030469
1 0.478125 0.339062 0.009375 0.032813
1 0.486719 0.306250 0.024219 0.035937
1 0.469531 0.309375 0.007812 0.034375
1 0.462500 0.312500 0.007812 0.032031
1 0.453906 0.315625 0.007812 0.032031
1 0.461719 0.342969 0.008594 0.030469
1 0.453906 0.345313 0.006250 0.028906
1 0.447656 0.346094 0.006250 0.028906
1 0.440625 0.339062 0.020313 0.026562
1 0.427344 0.340625 0.005469 0.026562
1 0.422656 0.342187 0.003906 0.023438
1 0.417187 0.343750 0.003906 0.023438
1 0.412500 0.344531 0.003906 0.023438
1 0.408594 0.346094 0.003906 0.022656
1 0.403906 0.347656 0.003125 0.021094
1 0.442188 0.417969 0.023438 0.025781
1 0.435156 0.417187 0.019531 0.025781
1 0.422656 0.417187 0.005469 0.023438
1 0.431250 0.393750 0.022656 0.023438
1 0.417969 0.415625 0.003906 0.023438
1 0.414062 0.416406 0.003906 0.022656
1 0.409375 0.415625 0.003906 0.021094
1 0.405469 0.414844 0.003906 0.021094
1 0.417969 0.393750 0.003906 0.023438
1 0.412500 0.393750 0.003906 0.021094
1 0.409375 0.393750 0.003906 0.021094
2 0.660156 0.535937 0.037500 0.020313
2 0.996094 0.439063 0.007812 0.017969
2 0.956250 0.437500 0.082812 0.021094
2 0.729688 0.424219 0.044531 0.012500
2 0.764062 0.427344 0.052344 0.014063
2 0.810156 0.430469 0.056250 0.015625
2 0.801562 0.587500 0.052344 0.035156
2 0.689844 0.545312 0.035156 0.022656
2 0.584375 0.507031 0.014844 0.014063
2 0.635156 0.418750 0.034375 0.009375
2 0.654687 0.419531 0.024219 0.009375
2 0.869531 0.610938 0.067969 0.041406
2 0.932813 0.634375 0.078906 0.049219
2 0.982031 0.651563 0.035937 0.040625
1 0.739062 0.466406 0.022656 0.024219
1 0.616406 0.412500 0.017969 0.017969
1 0.607031 0.410938 0.014063 0.017969
1 0.596094 0.410938 0.007812 0.015625
1 0.600781 0.392969 0.017188 0.017969
1 0.588281 0.410938 0.006250 0.015625
1 0.581250 0.410156 0.007812 0.015625
1 0.574219 0.410156 0.006250 0.015625
1 0.567969 0.410156 0.006250 0.015625
1 0.589063 0.393750 0.007812 0.017188
1 0.581250 0.393750 0.007812 0.017188
1 0.575781 0.392969 0.006250 0.015625
1 0.618750 0.360156 0.017969 0.007812
1 0.605469 0.360938 0.008594 0.006250
1 0.597656 0.361719 0.007812 0.006250
1 0.589844 0.362500 0.007812 0.006250
1 0.582812 0.363281 0.007812 0.005469
1 0.575781 0.364063 0.006250 0.005469
1 0.569531 0.364063 0.006250 0.005469
1 0.706250 0.356250 0.023438 0.019531
1 0.688281 0.357812 0.012500 0.017969
1 0.664062 0.360156 0.009375 0.015625
1 0.653906 0.360938 0.009375 0.015625
1 0.646875 0.362500 0.003906 0.015625
1 0.632031 0.362500 0.003906 0.014844
