2 0.405469 0.684375 0.076563 0.035156
2 0.889062 0.410156 0.102344 0.024219
2 0.824219 0.409375 0.102344 0.024219
2 0.550781 0.409375 0.056250 0.020313
2 0.610938 0.410938 0.064844 0.017969
2 0.678906 0.410938 0.071094 0.017969
2 0.125781 0.685937 0.117188 0.035156
2 0.327344 0.405469 0.062500 0.025781
2 0.389062 0.405469 0.067187 0.024219
2 0.560937 0.685937 0.073438 0.035156
1 0.887500 0.542969 0.067187 0.047656
1 0.275781 0.560937 0.021094 0.012500
1 0.253906 0.559375 0.024219 0.014844
1 0.244531 0.555469 0.026562 0.022656
1 0.198437 0.560937 0.028906 0.012500
1 0.221875 0.560156 0.017969 0.014063
2 0.774219 0.684375 0.102344 0.034375
2 0.651563 0.685156 0.085938 0.034375
2 0.850781 0.686719 0.087500 0.028906
2 0.917188 0.685937 0.090625 0.030469
2 0.475781 0.556250 0.058594 0.021094
1 0.830469 0.542969 0.029687 0.047656
1 0.803906 0.542969 0.028906 0.047656
1 0.767188 0.542969 0.049219 0.047656
1 0.789062 0.496094 0.053906 0.046875
1 0.602344 0.495312 0.026562 0.046094
1 0.603906 0.542969 0.027344 0.047656
1 0.576562 0.542969 0.027344 0.047656
1 0.548438 0.542969 0.030469 0.047656
1 0.572656 0.495312 0.032813 0.046094
1 0.497656 0.289844 0.025781 0.062500
1 0.471875 0.276562 0.026562 0.038281
1 0.418750 0.276562 0.026562 0.038281
1 0.445312 0.276562 0.026562 0.038281
1 0.446094 0.235937 0.028906 0.042188
1 0.418750 0.235937 0.026562 0.043750
1 0.392188 0.235156 0.026562 0.042188
1 0.366406 0.235156 0.026562 0.042188
1 0.392188 0.276562 0.026562 0.038281
1 0.365625 0.276562 0.026562 0.038281
1 0.338281 0.275781 0.027344 0.039062
1 0.285156 0.266406 0.044531 0.056250
1 0.249219 0.256250 0.028906 0.038281
1 0.222656 0.255469 0.028906 0.037500
1 0.195312 0.255469 0.028906 0.038281
1 0.167969 0.255469 0.029687 0.038281
1 0.142187 0.255469 0.028906 0.038281
1 0.114062 0.254688 0.028906 0.039062
1 0.277344 0.396094 0.046875 0.043750
1 0.240625 0.396094 0.028906 0.043750
1 0.213281 0.396094 0.028906 0.043750
1 0.227344 0.351562 0.052344 0.046094
1 0.185938 0.396094 0.029687 0.043750
1 0.158594 0.396094 0.029687 0.042188
1 0.130469 0.396094 0.029687 0.042188
1 0.103125 0.395313 0.029687 0.043750
1 0.187500 0.351562 0.028906 0.046094
1 0.160938 0.350781 0.029687 0.044531
1 0.132812 0.350781 0.029687 0.044531
2 0.455469 0.624219 0.029687 0.011719
2 0.674219 0.503125 0.032031 0.010937
2 0.643750 0.503125 0.035937 0.010937
2 0.519531 0.503906 0.023438 0.007812
2 0.543750 0.503906 0.025781 0.008594
2 0.580469 0.624219 0.034375 0.011719
2 0.484375 0.624219 0.028906 0.011719
2 0.334375 0.624219 0.035156 0.011719
2 0.422656 0.502344 0.025781 0.009375
2 0.448437 0.502344 0.026562 0.009375
2 0.523438 0.624219 0.029687 0.011719
1 0.648438 0.559375 0.020313 0.014844
1 0.367969 0.559375 0.019531 0.014844
2 0.608594 0.624219 0.019531 0.011719
2 0.676562 0.624219 0.034375 0.011719
1 0.527344 0.559375 0.008594 0.014844
1 0.522656 0.559375 0.002344 0.014844
1 0.527344 0.540625 0.009375 0.020313
1 0.396094 0.497656 0.015625 0.019531
1 0.382812 0.497656 0.011719 0.019531
1 0.370312 0.497656 0.012500 0.019531
1 0.372656 0.477344 0.015625 0.020313
1 0.357812 0.497656 0.011719 0.019531
1 0.346094 0.497656 0.011719 0.019531
1 0.334375 0.497656 0.012500 0.019531
1 0.324219 0.497656 0.008594 0.019531
1 0.358594 0.477344 0.012500 0.020313
1 0.346875 0.477344 0.012500 0.020313
1 0.334375 0.477344 0.011719 0.020313
1 0.472656 0.416406 0.012500 0.005469
1 0.460156 0.415625 0.011719 0.003906
1 0.448437 0.415625 0.011719 0.003906
1 0.436719 0.415625 0.011719 0.003906
2 0.780469 0.613281 0.055469 0.014063
