2 0.388281 0.769531 0.079687 0.073438
2 0.652344 0.503906 0.026562 0.010937
2 0.624219 0.503906 0.046875 0.010937
2 0.013281 0.740625 0.026562 0.065625
2 0.323437 0.669531 0.088281 0.060156
2 0.389844 0.649219 0.080469 0.048438
2 0.449219 0.635938 0.068750 0.041406
2 0.495312 0.507812 0.060156 0.015625
2 0.528125 0.507031 0.057813 0.014844
2 0.567969 0.507031 0.041406 0.014063
2 0.568750 0.686719 0.054688 0.039062
2 0.442969 0.743750 0.071875 0.060156
2 0.017188 0.938281 0.034375 0.106250
2 0.317188 0.509375 0.074219 0.024219
2 0.382812 0.508594 0.057813 0.021094
2 0.501563 0.718750 0.064062 0.050781
1 0.631250 0.580469 0.024219 0.029687
1 0.121875 0.698438 0.098437 0.094531
2 0.602344 0.675000 0.050000 0.025781
2 0.633594 0.664062 0.028906 0.024219
2 0.653125 0.653906 0.028125 0.021094
2 0.603906 0.596875 0.040625 0.017969
1 0.577344 0.593750 0.011719 0.035937
1 0.557031 0.596875 0.028906 0.036719
1 0.550000 0.599219 0.017969 0.040625
1 0.556250 0.563281 0.030469 0.035937
1 0.525781 0.568750 0.029687 0.039062
1 0.533594 0.605469 0.013281 0.039062
1 0.518750 0.608594 0.014844 0.039844
1 0.493750 0.610156 0.033594 0.046094
1 0.510156 0.570312 0.033594 0.040625
1 0.227344 0.491406 0.042969 0.061719
1 0.181250 0.490625 0.047656 0.066406
1 0.129688 0.489844 0.054688 0.070312
1 0.131250 0.420312 0.057031 0.071875
1 0.071094 0.489063 0.062500 0.075781
1 0.020313 0.488281 0.039844 0.078906
1 0.071875 0.414062 0.061719 0.078906
1 0.020313 0.409375 0.040625 0.080469
1 0.230469 0.305469 0.042969 0.067969
1 0.185156 0.292187 0.046875 0.073438
1 0.134375 0.278125 0.053906 0.078906
1 0.077344 0.263281 0.061719 0.085156
1 0.022656 0.247656 0.045312 0.085938
1 0.468750 0.385937 0.019531 0.042969
1 0.448437 0.381250 0.020313 0.044531
1 0.403125 0.371094 0.024219 0.049219
1 0.427344 0.376563 0.021875 0.046875
1 0.427344 0.333594 0.021875 0.050000
1 0.403125 0.325781 0.024219 0.053125
1 0.377344 0.317969 0.025781 0.055469
1 0.343750 0.308594 0.040625 0.059375
1 0.377344 0.364844 0.025781 0.051562
1 0.349219 0.357812 0.028906 0.054688
1 0.314063 0.350781 0.041406 0.058594
2 0.774219 0.641406 0.049219 0.026562
