2 0.476562 0.700781 0.064062 0.058594
2 0.981250 0.551562 0.036719 0.054688
2 0.346875 0.558594 0.039062 0.025781
2 0.434375 0.592969 0.060937 0.039844
2 0.475781 0.605469 0.065625 0.044531
2 0.517969 0.624219 0.069531 0.053125
2 0.582812 0.504687 0.077344 0.035156
2 0.643750 0.513281 0.089844 0.039844
2 0.733594 0.527344 0.100000 0.046875
2 0.731250 0.855469 0.099219 0.130469
2 0.518750 0.725000 0.069531 0.068750
2 0.355469 0.629687 0.048438 0.035156
2 0.429688 0.485938 0.060937 0.023438
2 0.460938 0.489844 0.064844 0.025781
2 0.583594 0.767188 0.078906 0.085938
1 0.378906 0.560937 0.028125 0.039062
2 0.880469 0.924219 0.144531 0.150000
2 0.967969 0.959375 0.052344 0.079687
2 0.896094 0.761719 0.151562 0.125781
1 0.742188 0.687500 0.045312 0.093750
1 0.703906 0.680469 0.044531 0.075000
1 0.666406 0.661719 0.035156 0.081250
1 0.706250 0.619531 0.044531 0.081250
1 0.630469 0.598437 0.041406 0.069531
1 0.630469 0.651563 0.041406 0.066406
1 0.596094 0.644531 0.026562 0.056250
1 0.571094 0.629687 0.025000 0.066406
1 0.603125 0.591406 0.039844 0.065625
1 0.403906 0.471094 0.032031 0.035937
1 0.387500 0.469531 0.022656 0.034375
1 0.371094 0.469531 0.010156 0.031250
1 0.380469 0.438281 0.032031 0.031250
1 0.360156 0.467969 0.010156 0.030469
1 0.350781 0.466406 0.009375 0.029687
1 0.341406 0.466406 0.008594 0.028906
1 0.332813 0.464062 0.008594 0.028906
1 0.359375 0.437500 0.010156 0.030469
1 0.350000 0.436719 0.010156 0.029687
1 0.340625 0.436719 0.009375 0.028906
1 0.403125 0.367969 0.032813 0.035937
1 0.380469 0.369531 0.011719 0.033594
1 0.369531 0.371094 0.010937 0.032031
1 0.358594 0.372656 0.010156 0.032031
1 0.349219 0.374219 0.010156 0.031250
1 0.339844 0.375781 0.009375 0.030469
1 0.331250 0.376563 0.008594 0.029687
1 0.538281 0.366406 0.039062 0.046875
1 0.507812 0.368750 0.020313 0.046094
1 0.470313 0.373437 0.016406 0.042969
1 0.488281 0.371094 0.017969 0.043750
1 0.497656 0.328125 0.037500 0.045312
1 0.470313 0.332031 0.017188 0.043750
1 0.453125 0.335156 0.016406 0.042969
1 0.437500 0.339062 0.014844 0.040625
1 0.453906 0.375781 0.015625 0.039844
1 0.438281 0.376563 0.014844 0.039062
1 0.423438 0.378125 0.014063 0.038281
