2 0.130469 0.882812 0.037500 0.091406
2 0.077344 0.764844 0.085938 0.128125
2 0.057813 0.880469 0.100781 0.207031
2 0.034375 0.974219 0.047656 0.050000
2 0.133594 0.685937 0.011719 0.044531
2 0.090625 0.580469 0.030469 0.042969
2 0.082812 0.620313 0.044531 0.068750
1 0.111719 0.674219 0.010156 0.018750
1 0.114062 0.653125 0.013281 0.025000
1 0.109375 0.633594 0.002344 0.009375
1 0.114844 0.643750 0.015625 0.011719
2 0.116406 0.861719 0.028906 0.075000
1 0.100000 0.979688 0.005469 0.039062
1 0.104688 0.991406 0.002344 0.014844
1 0.110156 0.965625 0.012500 0.067969
1 0.108594 0.936719 0.015625 0.103125
1 0.101562 0.944531 0.005469 0.069531
1 0.027344 0.514062 0.053906 0.100781
1 0.020313 0.461719 0.040625 0.016406
1 0.059375 0.469531 0.013281 0.065625
1 0.057813 0.475000 0.010937 0.060937
1 0.025781 0.420312 0.051562 0.078125
1 0.028125 0.409375 0.056250 0.067969
1 0.029687 0.403125 0.059375 0.062500
1 0.031250 0.396094 0.062500 0.054688
1 0.063281 0.460938 0.012500 0.061719
1 0.066406 0.452344 0.011719 0.058594
1 0.067969 0.444531 0.011719 0.055469
1 0.066406 0.412500 0.017969 0.050781
1 0.066406 0.406250 0.018750 0.045312
1 0.068750 0.394531 0.025781 0.039844
1 0.069531 0.392969 0.028125 0.039062
1 0.069531 0.389062 0.029687 0.035937
1 0.085938 0.541406 0.021094 0.048438
1 0.089844 0.530469 0.013281 0.042969
1 0.086719 0.502344 0.004687 0.014063
1 0.096875 0.507812 0.005469 0.038281
1 0.096875 0.490625 0.003906 0.020313
1 0.097656 0.487500 0.005469 0.025000
1 0.083594 0.471875 0.021094 0.039844
1 0.083594 0.465625 0.022656 0.039062
2 0.492969 0.621094 0.046094 0.045312
2 0.939063 0.662500 0.121094 0.114062
2 0.829688 0.615625 0.106250 0.092969
2 0.404687 0.499219 0.029687 0.025000
2 0.464062 0.540625 0.044531 0.035937
2 0.492188 0.555469 0.047656 0.039062
2 0.519531 0.575781 0.051562 0.045312
2 0.562500 0.502344 0.058594 0.039844
2 0.600781 0.518750 0.065625 0.046094
2 0.651563 0.542969 0.069531 0.053125
2 0.644531 0.750781 0.068750 0.085938
2 0.520312 0.643750 0.049219 0.051562
2 0.410156 0.552344 0.035156 0.028906
2 0.460938 0.461719 0.046094 0.026562
2 0.482031 0.471094 0.048438 0.030469
2 0.559375 0.679688 0.055469 0.063281
1 0.820312 0.756250 0.071094 0.100000
1 0.425781 0.507031 0.020313 0.032031
2 0.716406 0.811719 0.080469 0.108594
2 0.789062 0.873437 0.092969 0.134375
2 0.883594 0.932813 0.112500 0.132031
2 0.731250 0.717969 0.083594 0.073438
1 0.653906 0.646875 0.037500 0.066406
1 0.632812 0.640625 0.035937 0.050781
1 0.606250 0.621875 0.021094 0.059375
1 0.635156 0.599219 0.036719 0.060937
1 0.590625 0.574219 0.032813 0.053906
1 0.589063 0.610938 0.032813 0.046094
1 0.565625 0.603125 0.016406 0.040625
1 0.550000 0.588281 0.014844 0.050000
1 0.573438 0.565625 0.032031 0.050781
1 0.442969 0.443750 0.024219 0.030469
1 0.434375 0.441406 0.022656 0.030469
1 0.418750 0.439844 0.007812 0.025781
1 0.426563 0.414062 0.023438 0.028906
1 0.411719 0.436719 0.007031 0.025000
1 0.404687 0.433594 0.007031 0.024219
1 0.398438 0.431250 0.007031 0.023438
1 0.391406 0.427344 0.006250 0.025000
1 0.417969 0.411719 0.021094 0.028125
1 0.410156 0.409375 0.020313 0.026562
1 0.403906 0.407031 0.020313 0.025781
1 0.441406 0.367969 0.025000 0.028906
1 0.432031 0.366406 0.021875 0.028125
1 0.424219 0.365625 0.022656 0.026562
1 0.417187 0.364063 0.022656 0.025781
1 0.409375 0.362500 0.021094 0.025000
1 0.402344 0.361719 0.021094 0.025000
1 0.396094 0.360156 0.019531 0.024219
1 0.534375 0.396875 0.030469 0.038281
1 0.517188 0.394531 0.024219 0.036719
1 0.486719 0.390625 0.011719 0.031250
1 0.498437 0.392969 0.011719 0.032031
1 0.507031 0.360938 0.028906 0.034375
1 0.493750 0.359375 0.025781 0.033594
1 0.482031 0.357812 0.024219 0.032031
1 0.471094 0.356250 0.024219 0.031250
1 0.475781 0.388281 0.010156 0.030469
1 0.464844 0.385937 0.010156 0.029687
1 0.455469 0.382812 0.009375 0.030469
