2 0.446875 0.706250 0.067969 0.064062
2 0.939844 0.524219 0.119531 0.054688
2 0.264844 0.568750 0.060156 0.035937
2 0.392188 0.599219 0.070312 0.046875
2 0.445312 0.607031 0.069531 0.050000
2 0.496094 0.621875 0.060156 0.060156
2 0.569531 0.495312 0.064844 0.040625
2 0.633594 0.501563 0.075781 0.041406
2 0.721875 0.510156 0.093750 0.042969
2 0.717187 0.792969 0.088281 0.096875
2 0.494531 0.722656 0.061719 0.069531
2 0.275781 0.653125 0.064844 0.046094
2 0.384375 0.479687 0.070312 0.031250
2 0.425781 0.484375 0.069531 0.033594
2 0.571875 0.749219 0.068750 0.079687
1 0.954688 0.700781 0.089063 0.103125
1 0.310937 0.569531 0.039062 0.049219
2 0.825000 0.826562 0.117969 0.113281
2 0.935937 0.867188 0.127344 0.110156
2 0.986719 0.878906 0.025000 0.084375
2 0.836719 0.687500 0.122656 0.082031
1 0.727344 0.650000 0.038281 0.079687
1 0.691406 0.642969 0.036719 0.076563
1 0.660156 0.636719 0.033594 0.075000
1 0.693750 0.593750 0.039062 0.073438
1 0.620313 0.582812 0.030469 0.067969
1 0.619531 0.639062 0.030469 0.051562
1 0.590625 0.632812 0.028125 0.050781
1 0.563281 0.617969 0.027344 0.067969
1 0.592969 0.578125 0.031250 0.065625
1 0.345313 0.463281 0.038281 0.043750
1 0.326562 0.461719 0.036719 0.042969
1 0.300781 0.462500 0.017969 0.038281
1 0.309375 0.424219 0.039844 0.039062
1 0.284375 0.460938 0.017188 0.036719
1 0.267969 0.459375 0.016406 0.035937
1 0.253125 0.458594 0.016406 0.035937
1 0.239063 0.456250 0.016406 0.036719
1 0.290625 0.423438 0.033594 0.038281
1 0.271875 0.423438 0.027344 0.036719
1 0.260156 0.421875 0.034375 0.036719
1 0.342187 0.343750 0.040625 0.042969
1 0.314063 0.343750 0.019531 0.040625
1 0.296094 0.344531 0.017969 0.039844
1 0.279687 0.345313 0.017969 0.039062
1 0.263281 0.346094 0.017188 0.039062
1 0.247656 0.346875 0.016406 0.038281
1 0.232813 0.347656 0.016406 0.035937
1 0.521094 0.353906 0.035156 0.050000
1 0.490625 0.354687 0.025781 0.048438
1 0.445312 0.356250 0.030469 0.046094
1 0.464844 0.356250 0.024219 0.046875
1 0.471094 0.308594 0.037500 0.048438
1 0.441406 0.309375 0.022656 0.046875
1 0.418750 0.311719 0.022656 0.046094
1 0.396875 0.313281 0.021094 0.045312
1 0.421094 0.357031 0.025781 0.044531
1 0.397656 0.357812 0.021875 0.043750
1 0.377344 0.357812 0.021094 0.043750
