2 0.053906 0.783594 0.102344 0.074219
2 0.114062 0.418750 0.028906 0.056250
2 0.089063 0.375781 0.045312 0.090625
2 0.096094 0.701562 0.057813 0.033594
2 0.125000 0.480469 0.003906 0.024219
2 0.117188 0.468750 0.012500 0.031250
2 0.052344 0.875781 0.039844 0.101562
1 0.108594 0.617188 0.008594 0.011719
1 0.107813 0.611719 0.011719 0.016406
1 0.121094 0.613281 0.003125 0.010937
2 0.024219 0.957812 0.032031 0.082031
2 0.089063 0.635938 0.032031 0.035156
1 0.057813 0.538281 0.023438 0.096094
1 0.035937 0.638281 0.053906 0.104688
1 0.063281 0.631250 0.015625 0.089844
1 0.071875 0.625000 0.012500 0.081250
1 0.070312 0.542969 0.013281 0.085156
1 0.113281 0.214062 0.003906 0.015625
1 0.121875 0.261719 0.001563 0.024219
1 0.123438 0.275781 0.002344 0.043750
1 0.124219 0.290625 0.003125 0.044531
1 0.128125 0.342969 0.002344 0.013281
1 0.117188 0.453125 0.012500 0.013281
1 0.128906 0.467969 0.001563 0.029687
2 0.495312 0.679688 0.047656 0.024219
2 0.934375 0.426563 0.130469 0.058594
2 0.820312 0.449219 0.105469 0.046875
2 0.409375 0.598437 0.026562 0.009375
2 0.467187 0.602344 0.044531 0.014063
2 0.494531 0.603906 0.047656 0.014063
2 0.519531 0.606250 0.048438 0.016406
2 0.553906 0.503906 0.042969 0.019531
2 0.589063 0.497656 0.046094 0.021094
2 0.644531 0.487500 0.064844 0.025000
2 0.658594 0.731250 0.077344 0.046875
2 0.523438 0.688281 0.052344 0.028125
2 0.413281 0.655469 0.035156 0.015625
2 0.454688 0.521875 0.021875 0.014063
2 0.485938 0.517969 0.047656 0.014844
2 0.564844 0.701562 0.060156 0.033594
1 0.839844 0.614062 0.078906 0.061719
1 0.430469 0.592187 0.019531 0.023438
2 0.742969 0.757031 0.093750 0.060937
2 0.833594 0.785937 0.112500 0.078125
2 0.942969 0.818750 0.112500 0.090625
2 0.743750 0.624219 0.091406 0.025000
1 0.658594 0.603906 0.039062 0.043750
1 0.628906 0.603125 0.021875 0.041406
1 0.608594 0.601562 0.019531 0.040625
1 0.635938 0.560937 0.036719 0.040625
1 0.590625 0.563281 0.033594 0.036719
1 0.590625 0.600781 0.030469 0.038281
1 0.566406 0.600000 0.015625 0.035156
1 0.551562 0.599219 0.014844 0.035156
1 0.566406 0.564063 0.014844 0.035156
1 0.449219 0.518750 0.022656 0.024219
1 0.434375 0.519531 0.007031 0.023438
1 0.426563 0.521094 0.007031 0.021875
1 0.435156 0.499219 0.021875 0.024219
1 0.420312 0.523438 0.006250 0.021875
1 0.414062 0.524219 0.005469 0.021094
1 0.407813 0.525781 0.005469 0.021094
1 0.402344 0.526563 0.005469 0.020313
1 0.420312 0.501563 0.007031 0.023438
1 0.414062 0.503125 0.006250 0.021875
1 0.407813 0.504687 0.005469 0.021875
1 0.448437 0.445312 0.019531 0.024219
1 0.435156 0.448437 0.007031 0.023438
1 0.428125 0.451562 0.007031 0.021875
1 0.421875 0.454688 0.006250 0.021875
1 0.415625 0.457813 0.005469 0.021094
1 0.409375 0.460938 0.005469 0.021094
1 0.403906 0.463281 0.005469 0.020313
1 0.532813 0.419531 0.028125 0.031250
1 0.512500 0.424219 0.011719 0.031250
1 0.490625 0.433594 0.010156 0.028906
1 0.500781 0.429688 0.010156 0.029687
1 0.509375 0.402344 0.026562 0.032031
1 0.490625 0.407813 0.010156 0.030469
1 0.480469 0.413281 0.009375 0.029687
1 0.471094 0.417969 0.008594 0.028906
1 0.480469 0.438281 0.009375 0.026562
1 0.470313 0.442969 0.008594 0.025781
1 0.461719 0.446094 0.008594 0.025781
