3 0.296875 0.497656 0.053125 0.125000
2 0.178906 0.748437 0.030469 0.067969
2 0.161719 0.530469 0.015625 0.034375
2 0.158594 0.622656 0.012500 0.039844
2 0.165625 0.666406 0.014063 0.053125
2 0.164062 0.726562 0.025000 0.070312
2 0.134375 0.675781 0.054688 0.089063
2 0.091406 0.771094 0.125000 0.164844
2 0.103125 0.891406 0.047656 0.189062
2 0.178125 0.592969 0.011719 0.036719
2 0.136719 0.523438 0.027344 0.036719
2 0.134375 0.558594 0.031250 0.056250
2 0.192188 0.905469 0.015625 0.105469
1 0.154688 0.825781 0.007812 0.069531
1 0.160156 0.865625 0.019531 0.092969
1 0.163281 0.819531 0.010156 0.069531
1 0.160156 0.787500 0.016406 0.065625
1 0.154688 0.788281 0.007031 0.057031
1 0.066406 0.507031 0.081250 0.088281
1 0.072656 0.471094 0.076563 0.043750
1 0.110156 0.452344 0.010937 0.053125
1 0.107031 0.468750 0.013281 0.049219
1 0.063281 0.426563 0.074219 0.073438
1 0.069531 0.403906 0.071094 0.046875
1 0.074219 0.397656 0.066406 0.050781
1 0.078125 0.389062 0.063281 0.050000
1 0.111719 0.440625 0.011719 0.050781
1 0.113281 0.429688 0.010156 0.046094
1 0.114062 0.419531 0.011719 0.046094
1 0.110156 0.386719 0.018750 0.043750
1 0.095312 0.363281 0.032031 0.007031
1 0.100781 0.370312 0.044531 0.033594
1 0.100781 0.366406 0.046094 0.035156
1 0.103125 0.361719 0.044531 0.034375
1 0.106250 0.355469 0.039844 0.035156
1 0.107031 0.350781 0.039844 0.032031
1 0.135156 0.489063 0.016406 0.041406
1 0.132812 0.464062 0.003906 0.009375
1 0.141406 0.466406 0.006250 0.031250
1 0.128125 0.439063 0.019531 0.039844
1 0.139844 0.450781 0.003906 0.015625
1 0.141406 0.446094 0.005469 0.021875
1 0.142187 0.444531 0.005469 0.032031
1 0.142187 0.435937 0.007031 0.031250
1 0.128125 0.430469 0.021094 0.035156
1 0.135156 0.423438 0.007031 0.035156
1 0.135937 0.416406 0.007031 0.033594
2 0.198437 0.986719 0.009375 0.025000
2 0.477344 0.554688 0.039844 0.042969
2 0.801562 0.652344 0.106250 0.115625
2 0.725000 0.598437 0.089844 0.092969
2 0.530469 0.461719 0.052344 0.042969
2 0.559375 0.482031 0.057031 0.050000
2 0.596094 0.511719 0.059375 0.055469
2 0.412500 0.482031 0.031250 0.028906
2 0.450000 0.410156 0.042188 0.029687
2 0.467187 0.421875 0.044531 0.032031
2 0.528125 0.614062 0.047656 0.057031
1 0.765625 0.756250 0.062500 0.094531
1 0.442188 0.460938 0.010156 0.010156
1 0.433594 0.458594 0.009375 0.010937
1 0.435156 0.449219 0.010156 0.010937
1 0.423438 0.444531 0.010156 0.010156
1 0.429688 0.447656 0.007031 0.010156
2 0.640625 0.742188 0.066406 0.088281
2 0.567969 0.664062 0.053906 0.058594
2 0.689844 0.799219 0.075781 0.103906
2 0.751563 0.864844 0.088281 0.135156
2 0.496875 0.521094 0.046094 0.043750
1 0.696875 0.689063 0.043750 0.078906
1 0.673438 0.677344 0.041406 0.054688
1 0.646094 0.649219 0.027344 0.068750
1 0.677344 0.639062 0.040625 0.064844
1 0.550781 0.531250 0.029687 0.044531
1 0.550000 0.561719 0.029687 0.039844
1 0.529687 0.551562 0.011719 0.035937
1 0.518750 0.536719 0.010937 0.042969
1 0.535156 0.521094 0.021875 0.042969
1 0.507812 0.363281 0.028906 0.039844
1 0.496094 0.358594 0.028125 0.038281
1 0.467969 0.352344 0.008594 0.030469
1 0.477344 0.356250 0.009375 0.031250
1 0.485938 0.329688 0.026562 0.028125
1 0.467969 0.325781 0.009375 0.028125
1 0.458594 0.322656 0.008594 0.026562
1 0.450000 0.317969 0.008594 0.026562
1 0.459375 0.348438 0.008594 0.029687
1 0.450781 0.343750 0.008594 0.028906
1 0.442969 0.339062 0.007812 0.029687
1 0.433594 0.320312 0.023438 0.029687
1 0.425781 0.317188 0.021094 0.028906
1 0.417187 0.314844 0.016406 0.028125
1 0.413281 0.311719 0.021094 0.028125
1 0.407031 0.309375 0.019531 0.026562
1 0.401562 0.307031 0.019531 0.025781
1 0.396875 0.305469 0.019531 0.025000
1 0.435937 0.389062 0.022656 0.028906
1 0.428906 0.385937 0.021094 0.029687
1 0.415625 0.384375 0.007031 0.024219
1 0.420312 0.360938 0.018750 0.028906
1 0.409375 0.380469 0.006250 0.023438
1 0.403906 0.376563 0.005469 0.023438
1 0.398438 0.372656 0.005469 0.023438
1 0.393750 0.367969 0.005469 0.023438
1 0.414844 0.357031 0.019531 0.028125
1 0.409375 0.353906 0.020313 0.028125
1 0.403906 0.350000 0.018750 0.025781
2 0.617969 0.460938 0.025000 0.015625
2 0.887500 0.446094 0.050000 0.036719
2 0.842187 0.430469 0.055469 0.035156
2 0.546875 0.380469 0.024219 0.015625
2 0.601562 0.405469 0.030469 0.018750
2 0.624219 0.413281 0.032031 0.019531
2 0.646875 0.425000 0.032031 0.020313
2 0.682031 0.378906 0.036719 0.021875
2 0.709375 0.387500 0.041406 0.025000
2 0.742969 0.400000 0.042969 0.025781
2 0.725781 0.526563 0.033594 0.024219
2 0.639062 0.476562 0.021094 0.014063
2 0.542969 0.421875 0.015625 0.010937
2 0.602344 0.353125 0.030469 0.017969
2 0.617188 0.359375 0.024219 0.018750
2 0.668750 0.493750 0.028906 0.019531
1 0.832031 0.503125 0.036719 0.039844
1 0.566406 0.385156 0.015625 0.020313
2 0.767969 0.551562 0.037500 0.026562
2 0.807813 0.574219 0.042969 0.029687
2 0.848437 0.597656 0.039844 0.028906
2 0.785156 0.491406 0.046875 0.029687
1 0.740625 0.460938 0.023438 0.033594
1 0.726562 0.457813 0.022656 0.026562
1 0.710938 0.449219 0.016406 0.030469
1 0.729688 0.434375 0.022656 0.031250
1 0.700000 0.421875 0.021094 0.029687
1 0.697656 0.444531 0.021094 0.024219
1 0.682031 0.439844 0.013281 0.024219
1 0.671875 0.432031 0.013281 0.028125
1 0.688281 0.417187 0.019531 0.028906
1 0.585938 0.341406 0.016406 0.021094
1 0.577344 0.339062 0.014844 0.020313
1 0.566406 0.337500 0.007031 0.017969
1 0.571094 0.319531 0.015625 0.019531
1 0.559375 0.335938 0.007031 0.017969
1 0.553125 0.333594 0.007031 0.016406
1 0.546094 0.331250 0.006250 0.016406
1 0.539844 0.328125 0.006250 0.018750
1 0.564063 0.317969 0.014063 0.019531
1 0.557031 0.316406 0.013281 0.019531
1 0.550000 0.314063 0.013281 0.019531
1 0.588281 0.296094 0.016406 0.006250
1 0.576562 0.293750 0.007031 0.006250
1 0.568750 0.292187 0.007031 0.006250
1 0.561719 0.290625 0.007031 0.005469
1 0.554688 0.289062 0.006250 0.005469
1 0.547656 0.287500 0.006250 0.006250
1 0.541406 0.285938 0.005469 0.005469
1 0.666406 0.312500 0.021094 0.025000
1 0.650781 0.310156 0.010937 0.024219
1 0.628906 0.309375 0.006250 0.014844
1 0.642969 0.309375 0.005469 0.020313
1 0.648438 0.296875 0.013281 0.004687
1 0.621094 0.307031 0.010156 0.014844
1 0.611719 0.305469 0.009375 0.014844
1 0.603125 0.303125 0.008594 0.014063
2 0.951562 0.708594 0.082031 0.086719
