2 0.434375 0.660937 0.061719 0.065625
2 0.945312 0.498437 0.107813 0.064062
2 0.875781 0.492969 0.122656 0.063281
2 0.219531 0.544531 0.078125 0.050781
2 0.373437 0.571094 0.071094 0.059375
2 0.430469 0.574219 0.066406 0.060156
2 0.487500 0.585938 0.055469 0.069531
2 0.556250 0.467969 0.055469 0.059375
2 0.620313 0.471875 0.070312 0.055469
2 0.694531 0.482031 0.084375 0.049219
2 0.676562 0.704688 0.074219 0.078125
2 0.485938 0.669531 0.058594 0.068750
2 0.237500 0.628125 0.074219 0.057031
2 0.357812 0.453906 0.072656 0.053125
2 0.406250 0.458594 0.069531 0.054688
2 0.557031 0.685156 0.058594 0.071875
1 0.856250 0.620313 0.066406 0.079687
1 0.275781 0.546094 0.044531 0.060156
2 0.755469 0.717969 0.086719 0.081250
2 0.830469 0.739062 0.080469 0.064062
2 0.900000 0.747656 0.089844 0.073438
2 0.771875 0.615625 0.092969 0.070312
1 0.693750 0.594531 0.032813 0.071094
1 0.663281 0.591406 0.034375 0.071094
1 0.635938 0.587500 0.034375 0.071094
1 0.666406 0.551562 0.039062 0.070312
1 0.605469 0.544531 0.028906 0.067969
1 0.603125 0.596875 0.028125 0.040625
1 0.577344 0.593750 0.026562 0.041406
1 0.552344 0.577344 0.025781 0.067969
1 0.578906 0.542188 0.027344 0.067969
1 0.309375 0.434375 0.045312 0.057031
1 0.284375 0.432031 0.042188 0.057031
1 0.254688 0.438281 0.026562 0.041406
1 0.260156 0.391406 0.049219 0.054688
1 0.233594 0.435937 0.027344 0.040625
1 0.211719 0.434375 0.027344 0.039844
1 0.191406 0.432812 0.027344 0.039844
1 0.171094 0.426563 0.027344 0.049219
1 0.235937 0.389062 0.046094 0.054688
1 0.214844 0.388281 0.047656 0.053906
1 0.193750 0.386719 0.046875 0.053125
1 0.296094 0.303906 0.050000 0.053906
1 0.269531 0.303125 0.046875 0.053125
1 0.245312 0.302344 0.044531 0.053125
1 0.223438 0.301563 0.048438 0.051562
1 0.200000 0.300781 0.046875 0.051562
1 0.179688 0.300781 0.050000 0.050781
1 0.157031 0.299219 0.047656 0.050781
1 0.506250 0.330469 0.028906 0.059375
1 0.480469 0.329688 0.033594 0.059375
1 0.422656 0.331250 0.028125 0.050000
1 0.450000 0.332031 0.028125 0.050000
1 0.452344 0.279687 0.037500 0.055469
1 0.425000 0.278906 0.038281 0.054688
1 0.398438 0.278906 0.038281 0.053906
1 0.371094 0.278125 0.037500 0.053906
1 0.396875 0.330469 0.028906 0.049219
1 0.371094 0.329688 0.028125 0.048438
1 0.345313 0.324219 0.028906 0.055469
