2 0.035156 0.900000 0.040625 0.105469
2 0.012500 0.575781 0.024219 0.053125
2 0.067969 0.722656 0.038281 0.049219
2 0.028125 0.528125 0.055469 0.029687
2 0.022656 0.536719 0.045312 0.035937
1 0.037500 0.668750 0.032813 0.024219
1 0.029687 0.663281 0.034375 0.023438
1 0.050000 0.646875 0.032031 0.025000
1 0.047656 0.642969 0.028906 0.021094
1 0.057031 0.643750 0.028125 0.016406
2 0.021094 0.789844 0.022656 0.083594
1 0.008594 0.336719 0.010156 0.064062
1 0.002344 0.331250 0.004687 0.060156
1 0.000781 0.268750 0.001563 0.065625
1 0.005469 0.272656 0.010937 0.079687
1 0.014063 0.286719 0.010156 0.073438
1 0.021875 0.298438 0.008594 0.068750
1 0.016406 0.344531 0.009375 0.058594
1 0.024219 0.352344 0.008594 0.054688
1 0.030469 0.359375 0.007031 0.050000
1 0.035156 0.353125 0.017188 0.051562
1 0.052344 0.361719 0.001563 0.028906
1 0.054688 0.366406 0.003906 0.034375
1 0.057813 0.370312 0.003906 0.033594
1 0.060937 0.374219 0.003906 0.031250
1 0.064062 0.378125 0.003125 0.029687
1 0.028125 0.507031 0.041406 0.053125
1 0.057031 0.501563 0.002344 0.039062
1 0.028125 0.457031 0.055469 0.045312
1 0.059375 0.501563 0.003906 0.038281
1 0.062500 0.500781 0.003906 0.035937
1 0.065625 0.496875 0.003125 0.038281
1 0.067969 0.495312 0.003125 0.036719
1 0.057813 0.442969 0.003906 0.011719
1 0.060937 0.443750 0.003906 0.010937
1 0.064062 0.457813 0.003906 0.038281
2 0.492188 0.667969 0.050781 0.039844
2 0.974219 0.541406 0.050781 0.043750
2 0.887500 0.534375 0.131250 0.046094
2 0.398438 0.557813 0.028906 0.017969
2 0.461719 0.581250 0.047656 0.025781
2 0.491406 0.590625 0.050781 0.029687
2 0.520312 0.603125 0.053906 0.033594
2 0.566406 0.506250 0.060937 0.021094
2 0.609375 0.510938 0.071094 0.025000
2 0.667969 0.517188 0.077344 0.028906
2 0.671094 0.775000 0.082031 0.081250
2 0.522656 0.685937 0.055469 0.045312
2 0.403906 0.616406 0.037500 0.024219
2 0.458594 0.496094 0.046094 0.014844
2 0.481250 0.498437 0.051562 0.016406
2 0.568750 0.714844 0.064062 0.055469
1 0.892188 0.717969 0.094531 0.103125
1 0.421094 0.559375 0.021094 0.029687
2 0.765625 0.831250 0.100000 0.109375
2 0.870313 0.892969 0.125781 0.143750
2 0.964063 0.939063 0.070312 0.119531
2 0.774219 0.696875 0.100000 0.063281
1 0.676562 0.642969 0.041406 0.064844
1 0.650000 0.637500 0.038281 0.053125
1 0.620313 0.626563 0.022656 0.056250
1 0.651563 0.590625 0.039062 0.055469
1 0.600000 0.578125 0.035937 0.049219
1 0.600000 0.619531 0.035937 0.048438
1 0.573438 0.614062 0.017969 0.043750
1 0.556250 0.605469 0.016406 0.046875
1 0.581250 0.573438 0.033594 0.046094
1 0.440625 0.485938 0.025000 0.026562
1 0.428125 0.485156 0.014844 0.025781
1 0.416406 0.485156 0.007031 0.024219
1 0.424219 0.460156 0.023438 0.024219
1 0.408594 0.484375 0.007031 0.024219
1 0.401562 0.483594 0.006250 0.023438
1 0.394531 0.483594 0.006250 0.021875
1 0.389062 0.482031 0.005469 0.021875
1 0.408594 0.459375 0.007031 0.023438
1 0.401562 0.459375 0.007031 0.023438
1 0.394531 0.460156 0.006250 0.021875
1 0.441406 0.404687 0.025000 0.028125
1 0.424219 0.406250 0.007812 0.025781
1 0.416406 0.407813 0.007031 0.025000
1 0.408594 0.409375 0.007031 0.024219
1 0.401562 0.410938 0.006250 0.023438
1 0.394531 0.411719 0.006250 0.024219
1 0.388281 0.413281 0.005469 0.021875
1 0.535937 0.400781 0.032031 0.035156
1 0.512500 0.403125 0.013281 0.035156
1 0.486719 0.407031 0.011719 0.032031
1 0.499219 0.405469 0.012500 0.032031
1 0.507812 0.372656 0.030469 0.034375
1 0.486719 0.375781 0.011719 0.033594
1 0.475000 0.378906 0.010156 0.031250
1 0.464062 0.381250 0.010156 0.031250
1 0.475000 0.408594 0.010937 0.030469
1 0.464062 0.410938 0.010156 0.030469
1 0.453906 0.411719 0.009375 0.029687
