3 0.214062 0.538281 0.062500 0.164062
2 0.009375 0.538281 0.018750 0.026562
2 0.013281 0.646094 0.026562 0.041406
2 0.469531 0.632812 0.059375 0.050000
2 0.535937 0.409375 0.064062 0.025781
2 0.585156 0.406250 0.070312 0.029687
2 0.685156 0.400781 0.129688 0.038281
2 0.396094 0.565625 0.038281 0.025781
2 0.415625 0.415625 0.017188 0.014844
2 0.457813 0.414844 0.064844 0.017188
2 0.548438 0.707812 0.088281 0.085156
1 0.425781 0.512500 0.006250 0.010937
1 0.419531 0.510938 0.014063 0.010937
1 0.424219 0.502344 0.010937 0.008594
1 0.407813 0.504687 0.011719 0.009375
1 0.412500 0.505469 0.002344 0.007812
2 0.860938 0.927344 0.219531 0.143750
2 0.632812 0.791406 0.117969 0.117188
2 0.489063 0.550781 0.061719 0.039062
1 0.955469 0.746875 0.089063 0.164062
1 0.872656 0.696094 0.096094 0.169531
1 0.959375 0.612500 0.080469 0.162500
1 0.588281 0.514062 0.057813 0.067969
1 0.587500 0.575000 0.056250 0.069531
1 0.550000 0.565625 0.021094 0.064062
1 0.528906 0.554688 0.017969 0.062500
1 0.565625 0.508594 0.052344 0.064062
1 0.513281 0.265625 0.046094 0.053125
1 0.482812 0.274219 0.012500 0.050781
1 0.457813 0.290625 0.010937 0.043750
1 0.469531 0.282813 0.011719 0.046875
1 0.480469 0.240625 0.035937 0.053125
1 0.457813 0.250781 0.010937 0.050000
1 0.446875 0.259375 0.010937 0.047656
1 0.437500 0.267188 0.009375 0.044531
1 0.447656 0.297656 0.009375 0.041406
1 0.437500 0.302344 0.008594 0.039062
1 0.428906 0.309375 0.008594 0.037500
1 0.417969 0.305469 0.021094 0.034375
1 0.403906 0.310937 0.006250 0.032031
1 0.397656 0.314063 0.005469 0.030469
1 0.392188 0.319531 0.005469 0.028906
1 0.385937 0.322656 0.003906 0.027344
1 0.380469 0.326562 0.003906 0.027344
1 0.376563 0.328906 0.003906 0.025781
1 0.422656 0.406250 0.030469 0.029687
1 0.405469 0.408594 0.007812 0.032031
1 0.399219 0.409375 0.006250 0.029687
1 0.409375 0.378906 0.028906 0.030469
1 0.392969 0.410156 0.005469 0.028906
1 0.387500 0.410938 0.005469 0.027344
1 0.382812 0.410938 0.005469 0.026562
1 0.377344 0.410938 0.003906 0.026562
1 0.392188 0.380469 0.005469 0.029687
1 0.387500 0.382812 0.005469 0.027344
1 0.382031 0.384375 0.003906 0.026562
2 0.684375 0.557813 0.046094 0.023438
2 0.578906 0.475781 0.030469 0.005469
2 0.652344 0.490625 0.041406 0.014844
2 0.685937 0.494531 0.046094 0.017188
2 0.721094 0.500000 0.049219 0.019531
2 0.777344 0.414844 0.019531 0.006250
2 0.817969 0.414062 0.061719 0.007812
2 0.885938 0.412500 0.074219 0.009375
2 0.881250 0.611719 0.075781 0.034375
2 0.717969 0.567187 0.049219 0.026562
2 0.771094 0.584375 0.058594 0.027344
1 0.604688 0.474219 0.020313 0.015625
2 0.971875 0.529687 0.056250 0.012500
1 0.890625 0.514062 0.037500 0.041406
1 0.863281 0.512500 0.035156 0.037500
1 0.834375 0.507812 0.025781 0.037500
1 0.865625 0.477344 0.035156 0.037500
1 0.813281 0.472656 0.022656 0.034375
1 0.812500 0.504687 0.022656 0.032813
1 0.778125 0.500781 0.011719 0.032031
1 0.767969 0.498437 0.008594 0.030469
1 0.778906 0.470313 0.011719 0.032031
1 0.608594 0.387500 0.019531 0.008594
1 0.594531 0.389062 0.008594 0.007812
1 0.585938 0.389844 0.008594 0.007812
1 0.577344 0.390625 0.007812 0.007812
1 0.629687 0.346875 0.021094 0.023438
1 0.614062 0.349219 0.009375 0.022656
1 0.603906 0.350781 0.008594 0.021094
1 0.596094 0.352344 0.008594 0.020313
1 0.587500 0.354687 0.008594 0.020313
1 0.578125 0.355469 0.007812 0.020313
1 0.571094 0.357812 0.007812 0.020313
1 0.739062 0.335156 0.025781 0.029687
1 0.718750 0.338281 0.015625 0.029687
1 0.688281 0.344531 0.014844 0.026562
1 0.703125 0.340625 0.014844 0.028906
1 0.709375 0.314844 0.025781 0.029687
1 0.689844 0.319531 0.014063 0.027344
1 0.675781 0.321875 0.012500 0.026562
1 0.662500 0.325000 0.012500 0.026562
1 0.675000 0.346094 0.014063 0.026562
1 0.662500 0.348438 0.012500 0.024219
1 0.650781 0.350781 0.011719 0.023438
