3 0.155469 0.575781 0.103125 0.199219
2 0.452344 0.606250 0.056250 0.044531
2 0.953906 0.469531 0.089063 0.047656
2 0.871094 0.462500 0.125781 0.046094
2 0.542969 0.434375 0.062500 0.026562
2 0.591406 0.439063 0.070312 0.029687
2 0.657813 0.446094 0.072656 0.030469
2 0.335938 0.557813 0.046094 0.030469
2 0.407813 0.421875 0.055469 0.020313
2 0.436719 0.424219 0.058594 0.022656
2 0.544531 0.647656 0.062500 0.058594
1 0.946094 0.644531 0.085156 0.097656
1 0.389062 0.504687 0.014063 0.011719
1 0.376563 0.503906 0.012500 0.012500
1 0.375000 0.497656 0.014063 0.015625
1 0.355469 0.497656 0.014063 0.011719
1 0.368750 0.497656 0.014063 0.012500
2 0.744531 0.729688 0.082812 0.091406
2 0.615625 0.676562 0.069531 0.070312
2 0.835938 0.765625 0.105469 0.108594
2 0.937500 0.809375 0.124219 0.125781
2 0.489063 0.537500 0.059375 0.040625
1 0.832812 0.611719 0.046875 0.080469
1 0.792188 0.601562 0.042188 0.077344
1 0.756250 0.591406 0.038281 0.074219
1 0.796094 0.550781 0.046875 0.074219
1 0.581250 0.508594 0.032813 0.053125
1 0.580469 0.550000 0.032813 0.050781
1 0.553906 0.548438 0.021094 0.043750
1 0.534375 0.537500 0.019531 0.050781
1 0.560156 0.503906 0.032813 0.050781
1 0.505469 0.315625 0.034375 0.040625
1 0.478906 0.317188 0.017969 0.040625
1 0.445312 0.321094 0.015625 0.037500
1 0.461719 0.319531 0.017188 0.038281
1 0.469531 0.280469 0.034375 0.041406
1 0.445312 0.282813 0.015625 0.038281
1 0.428906 0.285938 0.014844 0.037500
1 0.414062 0.287500 0.014844 0.037500
1 0.429688 0.322656 0.014844 0.035937
1 0.414844 0.322656 0.014844 0.035156
1 0.400781 0.324219 0.014063 0.035156
1 0.378906 0.312500 0.030469 0.034375
1 0.358594 0.314063 0.012500 0.032031
1 0.346875 0.314844 0.012500 0.032031
1 0.335938 0.315625 0.011719 0.029687
1 0.325000 0.317969 0.011719 0.029687
1 0.314844 0.318750 0.010937 0.028906
1 0.306250 0.319531 0.010937 0.028906
1 0.382031 0.409375 0.029687 0.032813
1 0.366406 0.407813 0.024219 0.032031
1 0.349219 0.407813 0.011719 0.029687
1 0.357812 0.377344 0.030469 0.029687
1 0.339062 0.407031 0.011719 0.028906
1 0.328906 0.405469 0.010937 0.027344
1 0.319531 0.405469 0.010937 0.026562
1 0.309375 0.403906 0.010937 0.027344
1 0.337500 0.377344 0.011719 0.028906
1 0.327344 0.377344 0.011719 0.027344
1 0.317969 0.377344 0.010937 0.026562
2 0.839063 0.408594 0.053125 0.014844
2 0.792969 0.406250 0.046094 0.014844
2 0.633594 0.401562 0.030469 0.011719
2 0.661719 0.402344 0.035937 0.011719
2 0.694531 0.403906 0.028906 0.012500
2 0.694531 0.529687 0.035156 0.021094
2 0.603125 0.510938 0.012500 0.015625
2 0.482031 0.487500 0.027344 0.014844
2 0.542969 0.397656 0.026562 0.009375
2 0.565625 0.398438 0.029687 0.009375
2 0.632031 0.517188 0.034375 0.020313
2 0.739062 0.539062 0.038281 0.026562
2 0.765625 0.544531 0.014844 0.021094
2 0.832812 0.560937 0.030469 0.019531
1 0.686719 0.440625 0.015625 0.022656
1 0.655469 0.437500 0.014844 0.019531
1 0.642188 0.436719 0.014844 0.020313
1 0.524219 0.390625 0.014844 0.017969
1 0.514844 0.390625 0.006250 0.017969
1 0.501563 0.390625 0.005469 0.017188
1 0.506250 0.372656 0.014844 0.017969
1 0.494531 0.390625 0.008594 0.017188
1 0.485938 0.389844 0.008594 0.015625
1 0.478125 0.389844 0.007812 0.015625
1 0.471094 0.389062 0.007812 0.015625
1 0.494531 0.372656 0.008594 0.017969
1 0.485938 0.372656 0.008594 0.017188
1 0.477344 0.372656 0.008594 0.017188
1 0.527344 0.330469 0.010937 0.009375
1 0.612500 0.339062 0.015625 0.020313
1 0.598437 0.339062 0.011719 0.021094
1 0.575781 0.340625 0.010937 0.019531
1 0.585938 0.339844 0.010937 0.020313
1 0.589844 0.319531 0.015625 0.020313
1 0.575781 0.319531 0.010937 0.020313
1 0.564844 0.321094 0.010937 0.020313
1 0.553906 0.321094 0.010937 0.020313
1 0.553906 0.340625 0.010937 0.020313
1 0.544531 0.340625 0.009375 0.020313
2 0.957812 0.602344 0.084375 0.044531
