2 0.393750 0.753125 0.075781 0.089844
2 0.648438 0.442969 0.045312 0.019531
2 0.628125 0.448437 0.048438 0.020313
2 0.022656 0.821875 0.045312 0.109375
2 0.325781 0.684375 0.089063 0.090625
2 0.391406 0.646094 0.078906 0.071875
2 0.449219 0.621094 0.067969 0.061719
2 0.495312 0.483594 0.061719 0.035156
2 0.528906 0.474219 0.060937 0.029687
2 0.567187 0.466406 0.050781 0.025781
2 0.567969 0.639062 0.053125 0.048438
2 0.445312 0.717969 0.068750 0.075000
2 0.036719 0.954688 0.073438 0.087500
2 0.310937 0.534375 0.079687 0.061719
2 0.370312 0.517969 0.078906 0.053125
2 0.501563 0.683594 0.061719 0.063281
1 0.632031 0.523438 0.024219 0.034375
1 0.131250 0.753125 0.092969 0.110937
2 0.600781 0.621094 0.049219 0.031250
2 0.632031 0.605469 0.028906 0.029687
2 0.650781 0.591406 0.027344 0.025781
2 0.603125 0.546094 0.042969 0.025781
1 0.578125 0.550781 0.011719 0.040625
1 0.557031 0.557813 0.028906 0.039844
1 0.550000 0.561719 0.017969 0.046875
1 0.557031 0.523438 0.032031 0.043750
1 0.525000 0.535937 0.032031 0.048438
1 0.534375 0.574219 0.014063 0.039844
1 0.518750 0.582031 0.014844 0.041406
1 0.494531 0.583594 0.034375 0.054688
1 0.510156 0.541406 0.033594 0.050000
1 0.217969 0.535156 0.050000 0.083594
1 0.170313 0.546094 0.055469 0.089844
1 0.116406 0.566406 0.063281 0.080469
1 0.110156 0.492188 0.069531 0.088281
1 0.055469 0.580469 0.074219 0.086719
1 0.014063 0.589844 0.028125 0.082812
1 0.046875 0.500781 0.078906 0.095312
1 0.012500 0.506250 0.025000 0.093750
1 0.205469 0.344531 0.052344 0.070312
1 0.153906 0.342969 0.060156 0.075000
1 0.096094 0.341406 0.070312 0.080469
1 0.035156 0.340625 0.070312 0.085938
1 0.467187 0.369531 0.021094 0.044531
1 0.445312 0.369531 0.022656 0.046875
1 0.396875 0.371094 0.027344 0.050781
1 0.421875 0.370312 0.024219 0.048438
1 0.421094 0.321094 0.025781 0.050781
1 0.395313 0.318750 0.028906 0.053125
1 0.366406 0.316406 0.031250 0.055469
1 0.329688 0.314063 0.046094 0.059375
1 0.368750 0.371094 0.030469 0.053125
1 0.337500 0.371094 0.033594 0.055469
1 0.300000 0.371094 0.047656 0.060156
2 0.771094 0.585156 0.047656 0.035156
