1 0.639062 0.607031 0.096094 0.273438
1 0.739062 0.619531 0.122656 0.333594
1 0.625000 0.307812 0.105469 0.256250
1 0.450781 0.089844 0.074219 0.179688
1 0.531250 0.081250 0.091406 0.162500
1 0.639062 0.066406 0.096094 0.124219
1 0.742969 0.049219 0.091406 0.089844
1 0.492969 0.343750 0.153906 0.337500
1 0.479687 0.681250 0.175781 0.380469
1 0.350781 0.649219 0.096094 0.316406
1 0.357031 0.348438 0.107813 0.303125
1 0.234375 0.284375 0.146875 0.414844
1 0.078125 0.237500 0.151562 0.448437
1 0.133594 0.726562 0.257031 0.529687
0 0.935937 0.553125 0.026562 0.149219
0 0.991406 0.557813 0.011719 0.149219
