2 0.479687 0.697656 0.055469 0.034375
2 0.967187 0.475000 0.064062 0.039062
2 0.891406 0.479687 0.125781 0.040625
2 0.364844 0.596875 0.035156 0.014844
2 0.443750 0.608594 0.051562 0.020313
2 0.478906 0.611719 0.055469 0.021875
2 0.514844 0.617969 0.058594 0.025000
2 0.556250 0.507031 0.042188 0.018750
2 0.607812 0.503906 0.060937 0.020313
2 0.675000 0.499219 0.072656 0.021875
2 0.687500 0.766406 0.079687 0.064062
2 0.515625 0.709375 0.060156 0.039062
2 0.369531 0.663281 0.042969 0.021875
2 0.432812 0.515625 0.035156 0.014063
2 0.467187 0.514062 0.053906 0.014844
2 0.570312 0.728125 0.066406 0.046875
1 0.904687 0.654687 0.085156 0.075781
1 0.393750 0.592969 0.025000 0.028906
2 0.791406 0.799219 0.097656 0.081250
2 0.901563 0.833594 0.132812 0.101562
2 0.973437 0.855469 0.052344 0.082031
2 0.791406 0.655469 0.094531 0.042969
1 0.688281 0.627344 0.035937 0.054688
1 0.658594 0.625781 0.032031 0.049219
1 0.630469 0.621094 0.025000 0.049219
1 0.660156 0.579688 0.035156 0.046094
1 0.603906 0.576562 0.033594 0.042969
1 0.603906 0.617969 0.033594 0.045312
1 0.577344 0.616406 0.020313 0.041406
1 0.557031 0.612500 0.018750 0.043750
1 0.578906 0.575781 0.025000 0.040625
1 0.417969 0.509375 0.027344 0.028125
1 0.400000 0.510156 0.010156 0.028125
1 0.389844 0.510938 0.009375 0.025781
1 0.398438 0.484375 0.025781 0.026562
1 0.380469 0.511719 0.008594 0.025781
1 0.371875 0.513281 0.008594 0.025781
1 0.363281 0.514062 0.007812 0.024219
1 0.354687 0.514062 0.007812 0.024219
1 0.381250 0.485938 0.008594 0.025781
1 0.371875 0.488281 0.008594 0.025781
1 0.363281 0.489063 0.008594 0.025000
1 0.419531 0.425000 0.025781 0.029687
1 0.401562 0.426563 0.010156 0.028125
1 0.391406 0.429688 0.008594 0.025781
1 0.382031 0.432031 0.008594 0.025781
1 0.373437 0.435156 0.008594 0.025781
1 0.364844 0.437500 0.007812 0.025000
1 0.357031 0.439844 0.007031 0.024219
1 0.529687 0.406250 0.030469 0.035937
1 0.506250 0.409375 0.015625 0.035937
1 0.475781 0.417969 0.013281 0.032031
1 0.490625 0.414062 0.014844 0.033594
1 0.498437 0.382031 0.029687 0.035156
1 0.475781 0.386719 0.013281 0.035156
1 0.462500 0.391406 0.013281 0.033594
1 0.450000 0.396094 0.011719 0.032031
1 0.462500 0.421094 0.012500 0.031250
1 0.450000 0.425000 0.011719 0.031250
1 0.437500 0.428125 0.011719 0.030469
