2 0.892969 0.994531 0.015625 0.008594
2 0.889062 0.496875 0.055469 0.019531
2 0.896094 0.505469 0.063281 0.025781
2 0.932031 0.567187 0.114844 0.054688
2 0.925000 0.549219 0.096094 0.046094
2 0.919531 0.528906 0.074219 0.025781
2 0.960156 0.707812 0.042188 0.115625
2 0.950000 0.646875 0.064062 0.081250
2 0.885938 0.864062 0.025781 0.091406
2 0.866406 0.719531 0.013281 0.045312
2 0.872656 0.787500 0.013281 0.061719
2 0.859375 0.691406 0.003906 0.035156
2 0.857031 0.668750 0.003906 0.030469
2 0.925000 0.798438 0.079687 0.098437
1 0.881250 0.616406 0.020313 0.046094
1 0.881250 0.579688 0.016406 0.031250
1 0.889062 0.628125 0.003125 0.046094
1 0.885156 0.698438 0.002344 0.014844
1 0.923438 0.726562 0.060156 0.092969
1 0.910156 0.658594 0.025000 0.059375
1 0.928125 0.384375 0.011719 0.071094
1 0.936719 0.381250 0.014063 0.078125
1 0.958594 0.372656 0.018750 0.093750
1 0.946094 0.377344 0.015625 0.084375
1 0.952344 0.296094 0.016406 0.091406
1 0.964844 0.282031 0.019531 0.103906
1 0.979688 0.266406 0.023438 0.117969
1 0.992188 0.255469 0.014844 0.115625
1 0.972656 0.366406 0.021875 0.103906
1 0.988281 0.360938 0.022656 0.115625
1 0.997656 0.386719 0.003906 0.053906
2 0.416406 0.705469 0.061719 0.056250
2 0.591406 0.471875 0.032813 0.011719
2 0.578125 0.475000 0.032813 0.013281
2 0.131250 0.752344 0.120313 0.108594
2 0.374219 0.640625 0.071094 0.053125
2 0.417187 0.617188 0.061719 0.043750
2 0.456250 0.600000 0.054688 0.036719
2 0.487500 0.495312 0.047656 0.020313
2 0.510156 0.490625 0.044531 0.017969
2 0.535156 0.485938 0.036719 0.015625
2 0.537500 0.625000 0.041406 0.031250
2 0.452344 0.680469 0.054688 0.048438
2 0.145313 0.892969 0.114844 0.141406
2 0.365625 0.521875 0.070312 0.033594
2 0.405469 0.514062 0.063281 0.029687
2 0.492188 0.656250 0.048438 0.039844
1 0.582812 0.535156 0.017188 0.025781
1 0.250781 0.681250 0.053906 0.075000
2 0.560156 0.610938 0.037500 0.021875
2 0.583594 0.600000 0.021094 0.020313
2 0.596875 0.590625 0.019531 0.018750
2 0.563281 0.551562 0.028125 0.015625
1 0.545312 0.553906 0.007812 0.029687
1 0.532031 0.558594 0.017969 0.028125
1 0.526563 0.560937 0.011719 0.032031
1 0.528906 0.531250 0.024219 0.030469
1 0.507031 0.539062 0.025000 0.033594
1 0.515625 0.567969 0.008594 0.030469
1 0.505469 0.571875 0.010156 0.031250
1 0.485938 0.575781 0.027344 0.038281
1 0.498437 0.542969 0.024219 0.035156
1 0.307812 0.519531 0.041406 0.053906
1 0.285938 0.525000 0.031250 0.057031
1 0.254688 0.533594 0.035156 0.055469
1 0.246875 0.481250 0.046875 0.055469
1 0.218750 0.539844 0.039844 0.059375
1 0.178906 0.547656 0.044531 0.064062
1 0.133594 0.556250 0.050781 0.068750
1 0.081250 0.561719 0.060156 0.084375
1 0.211719 0.484375 0.049219 0.060156
1 0.171875 0.489063 0.052344 0.064844
1 0.127344 0.493750 0.056250 0.068750
1 0.312500 0.378906 0.028906 0.050000
1 0.282813 0.375781 0.032031 0.051562
1 0.250781 0.373437 0.035937 0.055469
1 0.214062 0.369531 0.040625 0.060156
1 0.172656 0.366406 0.046094 0.064062
1 0.125781 0.361719 0.053125 0.069531
1 0.071094 0.357031 0.062500 0.075000
1 0.468750 0.406250 0.017969 0.033594
1 0.457813 0.405469 0.014063 0.034375
1 0.426563 0.403906 0.016406 0.035937
1 0.442188 0.404687 0.014844 0.035156
1 0.442188 0.369531 0.014844 0.036719
1 0.425781 0.367188 0.016406 0.038281
1 0.408594 0.364844 0.017969 0.040625
1 0.381250 0.361719 0.036719 0.042969
1 0.409375 0.403125 0.017969 0.038281
1 0.390625 0.402344 0.019531 0.039844
1 0.364063 0.400781 0.034375 0.042969
2 0.682813 0.575781 0.032813 0.019531
