2 0.432031 0.653906 0.053906 0.051562
2 0.839844 0.467969 0.088281 0.040625
2 0.783594 0.467187 0.084375 0.039844
2 0.215625 0.571875 0.077344 0.046094
2 0.375000 0.578125 0.063281 0.049219
2 0.428906 0.575000 0.057031 0.048438
2 0.481250 0.578125 0.044531 0.055469
2 0.542969 0.468750 0.046094 0.046094
2 0.592969 0.467969 0.060156 0.041406
2 0.651563 0.471094 0.066406 0.035937
2 0.641406 0.658594 0.061719 0.053125
2 0.480469 0.653906 0.049219 0.053125
2 0.232813 0.650781 0.072656 0.051562
2 0.360938 0.471875 0.061719 0.046094
2 0.407813 0.471875 0.057031 0.046094
2 0.544531 0.657813 0.051562 0.053125
1 0.774219 0.568750 0.046094 0.056250
1 0.276562 0.565625 0.044531 0.055469
2 0.703125 0.659375 0.066406 0.053906
2 0.759375 0.666406 0.057813 0.039062
2 0.808594 0.661719 0.062500 0.050781
2 0.713281 0.573438 0.071094 0.045312
1 0.654687 0.564844 0.024219 0.055469
1 0.629687 0.564844 0.028906 0.055469
1 0.607812 0.564063 0.028906 0.056250
1 0.631250 0.531250 0.032813 0.054688
1 0.582031 0.531250 0.025781 0.054688
1 0.582031 0.575781 0.022656 0.032031
1 0.560937 0.575781 0.022656 0.032031
1 0.538281 0.564063 0.023438 0.055469
1 0.560156 0.531250 0.025781 0.054688
1 0.308594 0.457031 0.033594 0.053906
1 0.286719 0.457031 0.037500 0.053125
1 0.258594 0.464844 0.027344 0.036719
1 0.261719 0.419531 0.044531 0.051562
1 0.235937 0.464844 0.028125 0.036719
1 0.213281 0.464844 0.028906 0.036719
1 0.190625 0.464844 0.028906 0.036719
1 0.167969 0.458594 0.028906 0.050000
1 0.236719 0.419531 0.041406 0.051562
1 0.214062 0.419531 0.043750 0.051562
1 0.191406 0.419531 0.045312 0.051562
1 0.300000 0.337500 0.042969 0.050781
1 0.273438 0.337500 0.041406 0.050781
1 0.250000 0.337500 0.042969 0.050781
1 0.225781 0.336719 0.044531 0.050000
1 0.202344 0.336719 0.046094 0.050000
1 0.178906 0.336719 0.047656 0.050000
1 0.154688 0.336719 0.049219 0.050000
1 0.498437 0.353906 0.024219 0.050781
1 0.473438 0.353906 0.025781 0.050781
1 0.425000 0.358594 0.025781 0.041406
1 0.449219 0.358594 0.025000 0.041406
1 0.449219 0.312500 0.028906 0.049219
1 0.425000 0.312500 0.029687 0.049219
1 0.400000 0.312500 0.032031 0.049219
1 0.375781 0.312500 0.032813 0.049219
1 0.400000 0.358594 0.025781 0.041406
1 0.375781 0.358594 0.026562 0.041406
1 0.351562 0.353906 0.027344 0.050781
2 0.998437 0.791406 0.001563 0.008594
