2 0.967187 0.971875 0.059375 0.053906
2 0.886719 0.503906 0.007031 0.014844
2 0.888281 0.501563 0.005469 0.016406
2 0.912500 0.490625 0.042969 0.030469
2 0.914844 0.496094 0.038281 0.021875
2 0.969531 0.446875 0.033594 0.075000
2 0.942969 0.465625 0.022656 0.053906
2 0.939063 0.846875 0.042969 0.085156
2 0.906250 0.740625 0.007031 0.023438
2 0.923438 0.783594 0.033594 0.054688
2 0.894531 0.708594 0.002344 0.025781
2 0.892188 0.694531 0.003906 0.026562
2 0.942969 0.716406 0.047656 0.066406
1 0.907031 0.614062 0.014844 0.044531
1 0.922656 0.571094 0.047656 0.039844
1 0.958594 0.659375 0.066406 0.063281
1 0.957812 0.600000 0.067187 0.070312
1 0.927344 0.250000 0.005469 0.031250
1 0.933594 0.227344 0.006250 0.035937
1 0.949219 0.166406 0.009375 0.050000
1 0.940625 0.199219 0.007812 0.043750
1 0.939063 0.150781 0.008594 0.111719
1 0.947656 0.112500 0.010937 0.125000
1 0.957031 0.068750 0.014063 0.137500
1 0.967969 0.046875 0.010937 0.093750
1 0.959375 0.126562 0.011719 0.060156
1 0.968750 0.091406 0.007031 0.045312
2 0.411719 0.712500 0.064844 0.045312
2 0.604688 0.511719 0.022656 0.008594
2 0.584375 0.510938 0.035156 0.010156
2 0.106250 0.680469 0.126562 0.066406
2 0.367969 0.626563 0.072656 0.035156
2 0.414062 0.616406 0.064062 0.028906
2 0.456250 0.607812 0.057031 0.025000
2 0.489063 0.508594 0.047656 0.013281
2 0.520312 0.509375 0.032031 0.011719
2 0.542969 0.510156 0.032031 0.010937
2 0.543750 0.657813 0.042969 0.025000
2 0.450781 0.695312 0.057813 0.039062
2 0.109375 0.841406 0.125781 0.111719
2 0.362500 0.501563 0.069531 0.019531
2 0.410156 0.503125 0.050781 0.017969
2 0.493750 0.678906 0.050781 0.032031
1 0.589063 0.574219 0.021094 0.024219
1 0.235937 0.638281 0.058594 0.063281
2 0.567969 0.649219 0.039844 0.018750
2 0.592187 0.641406 0.022656 0.017969
2 0.607031 0.634375 0.021094 0.015625
2 0.570312 0.585938 0.030469 0.011719
1 0.550781 0.581250 0.008594 0.028125
1 0.539062 0.584375 0.013281 0.028125
1 0.530469 0.585156 0.012500 0.029687
1 0.533594 0.556250 0.025000 0.028125
1 0.510938 0.559375 0.025000 0.029687
1 0.518750 0.588281 0.010156 0.029687
1 0.507812 0.590625 0.010156 0.030469
1 0.488281 0.591406 0.028125 0.033594
1 0.500000 0.559375 0.025781 0.030469
1 0.309375 0.485156 0.028125 0.048438
1 0.279687 0.483594 0.030469 0.050000
1 0.247656 0.481250 0.034375 0.053125
1 0.248438 0.430469 0.033594 0.054688
1 0.211719 0.478125 0.039062 0.056250
1 0.171094 0.475000 0.042969 0.059375
1 0.125781 0.471875 0.049219 0.064062
1 0.073438 0.467187 0.057031 0.069531
1 0.212500 0.424219 0.038281 0.058594
1 0.171875 0.417969 0.042969 0.061719
1 0.125781 0.410938 0.050000 0.066406
1 0.313281 0.346094 0.027344 0.050000
1 0.284375 0.336719 0.030469 0.053906
1 0.252344 0.325781 0.033594 0.057031
1 0.217188 0.314844 0.038281 0.060937
1 0.177344 0.301563 0.042188 0.065625
1 0.132812 0.286719 0.047656 0.071094
1 0.082031 0.269531 0.055469 0.078125
1 0.472656 0.411719 0.013281 0.033594
1 0.457813 0.407031 0.014063 0.035156
1 0.427344 0.398438 0.016406 0.038281
1 0.442969 0.403125 0.015625 0.035937
1 0.443750 0.369531 0.014844 0.038281
1 0.427344 0.364063 0.016406 0.040625
1 0.409375 0.357031 0.017969 0.042969
1 0.382812 0.350000 0.035156 0.044531
1 0.409375 0.392969 0.017969 0.039844
1 0.390625 0.387500 0.019531 0.041406
1 0.363281 0.381250 0.034375 0.044531
2 0.698438 0.619531 0.035156 0.016406
