2 0.436719 0.671875 0.064844 0.067969
2 0.962500 0.514062 0.073438 0.063281
2 0.908594 0.508594 0.138281 0.066406
2 0.230469 0.544531 0.072656 0.048438
2 0.377344 0.575781 0.071875 0.057031
2 0.434375 0.582031 0.069531 0.060156
2 0.490625 0.594531 0.060156 0.069531
2 0.561719 0.474219 0.059375 0.056250
2 0.626563 0.480469 0.074219 0.055469
2 0.706250 0.491406 0.089063 0.051562
2 0.689844 0.732031 0.078125 0.085938
2 0.489063 0.683594 0.061719 0.071094
2 0.246875 0.628125 0.072656 0.055469
2 0.363281 0.456250 0.074219 0.048438
2 0.410938 0.461719 0.071094 0.050781
2 0.561719 0.703906 0.060937 0.078125
1 0.889062 0.648438 0.074219 0.088281
1 0.283594 0.546875 0.042969 0.058594
2 0.776563 0.751563 0.096094 0.092969
2 0.860938 0.778906 0.092188 0.076563
2 0.942187 0.794531 0.105469 0.088281
2 0.793750 0.640625 0.102344 0.076563
1 0.706250 0.613281 0.035156 0.075000
1 0.675000 0.607812 0.035937 0.075000
1 0.645312 0.603906 0.035156 0.074219
1 0.677344 0.565625 0.039844 0.074219
1 0.611719 0.556250 0.029687 0.070312
1 0.609375 0.610938 0.028906 0.045312
1 0.582812 0.606250 0.027344 0.044531
1 0.556250 0.589063 0.027344 0.070312
1 0.584375 0.552344 0.028125 0.069531
1 0.317188 0.435937 0.044531 0.055469
1 0.294531 0.433594 0.042188 0.054688
1 0.265625 0.438281 0.024219 0.040625
1 0.271875 0.392969 0.047656 0.051562
1 0.245312 0.435937 0.024219 0.040625
1 0.225000 0.433594 0.024219 0.039844
1 0.206250 0.432031 0.024219 0.039844
1 0.187500 0.425781 0.024219 0.046094
1 0.249219 0.391406 0.043750 0.050781
1 0.229687 0.389844 0.044531 0.050000
1 0.210938 0.388281 0.046094 0.050000
1 0.307031 0.307031 0.047656 0.049219
1 0.279687 0.306250 0.039062 0.049219
1 0.260937 0.305469 0.046094 0.048438
1 0.238281 0.305469 0.043750 0.046875
1 0.216406 0.304688 0.040625 0.046094
1 0.196875 0.303906 0.041406 0.046094
1 0.179688 0.303125 0.047656 0.045312
1 0.509375 0.332813 0.028906 0.056250
1 0.484375 0.332031 0.034375 0.056250
1 0.427344 0.332031 0.027344 0.050000
1 0.453125 0.333594 0.027344 0.050000
1 0.457813 0.281250 0.038281 0.051562
1 0.425000 0.281250 0.027344 0.051562
1 0.399219 0.281250 0.028125 0.050781
1 0.373437 0.280469 0.027344 0.050000
1 0.401562 0.331250 0.027344 0.049219
1 0.376563 0.330469 0.026562 0.048438
1 0.352344 0.326562 0.026562 0.051562
