2 0.389062 0.766406 0.080469 0.061719
2 0.634375 0.525781 0.035937 0.011719
2 0.613281 0.523438 0.043750 0.013281
2 0.017188 0.706250 0.034375 0.057031
2 0.329688 0.657031 0.085938 0.044531
2 0.392188 0.644531 0.078906 0.036719
2 0.448437 0.635938 0.067969 0.030469
2 0.492188 0.514062 0.057813 0.018750
2 0.524219 0.517188 0.055469 0.015625
2 0.561719 0.520312 0.039844 0.014844
2 0.563281 0.698438 0.053125 0.032031
2 0.442188 0.745313 0.071094 0.051562
2 0.016406 0.910937 0.032031 0.095312
2 0.321875 0.495312 0.082031 0.029687
2 0.388281 0.501563 0.055469 0.025000
2 0.498437 0.724219 0.063281 0.042969
1 0.619531 0.598437 0.025781 0.028125
1 0.132812 0.669531 0.095312 0.083594
2 0.594531 0.688281 0.049219 0.023438
2 0.624219 0.678906 0.028125 0.021094
2 0.642188 0.671875 0.026562 0.019531
2 0.595313 0.611719 0.038281 0.014063
1 0.571094 0.606250 0.011719 0.033594
1 0.550781 0.607812 0.028125 0.034375
1 0.544531 0.609375 0.016406 0.036719
1 0.550781 0.575781 0.028906 0.032031
1 0.529687 0.578125 0.013281 0.035156
1 0.529687 0.612500 0.013281 0.035937
1 0.515625 0.614844 0.014844 0.036719
1 0.491406 0.616406 0.033594 0.041406
1 0.506250 0.578125 0.032031 0.035937
1 0.241406 0.471875 0.042969 0.061719
1 0.198437 0.466406 0.046875 0.066406
1 0.150000 0.460938 0.053906 0.071094
1 0.152344 0.395313 0.053125 0.074219
1 0.094531 0.453906 0.061719 0.075781
1 0.033594 0.446094 0.066406 0.081250
1 0.097656 0.384375 0.061719 0.079687
1 0.035156 0.371875 0.070312 0.088281
1 0.001563 0.349219 0.002344 0.045312
1 0.250000 0.296875 0.040625 0.065625
1 0.208594 0.280469 0.044531 0.070312
1 0.161719 0.263281 0.050781 0.075781
1 0.109375 0.242188 0.058594 0.082031
1 0.047656 0.218750 0.068750 0.089844
1 0.008594 0.203906 0.017188 0.075781
1 0.469531 0.396094 0.017969 0.041406
1 0.450781 0.389062 0.018750 0.042969
1 0.408594 0.374219 0.022656 0.046875
1 0.430469 0.382031 0.020313 0.044531
1 0.430469 0.342969 0.021094 0.048438
1 0.408594 0.332813 0.022656 0.050781
1 0.385156 0.323437 0.024219 0.053906
1 0.353125 0.311719 0.040625 0.057031
1 0.384375 0.366406 0.024219 0.049219
1 0.358594 0.357031 0.027344 0.051562
1 0.324219 0.346875 0.041406 0.055469
2 0.757812 0.655469 0.047656 0.021875
