2 0.424219 0.659375 0.052344 0.060937
2 0.809375 0.442188 0.079687 0.039844
2 0.760938 0.445312 0.077344 0.040625
2 0.181250 0.600000 0.089063 0.060937
2 0.364063 0.589063 0.064062 0.058594
2 0.420312 0.579688 0.055469 0.055469
2 0.478125 0.577344 0.045312 0.061719
2 0.537500 0.461719 0.049219 0.048438
2 0.585156 0.458594 0.063281 0.042969
2 0.642188 0.457813 0.064844 0.039844
2 0.632031 0.639844 0.060156 0.055469
2 0.475781 0.653906 0.049219 0.059375
2 0.203125 0.683594 0.081250 0.066406
2 0.346094 0.479687 0.063281 0.055469
2 0.396875 0.475781 0.055469 0.054688
2 0.539062 0.650781 0.054688 0.058594
1 0.753125 0.541406 0.042969 0.050781
1 0.252344 0.585938 0.050000 0.060937
2 0.688281 0.634375 0.064062 0.050781
2 0.739844 0.637500 0.052344 0.034375
2 0.782031 0.625000 0.054688 0.050000
2 0.697656 0.553125 0.067969 0.044531
1 0.645312 0.548438 0.022656 0.055469
1 0.620313 0.550781 0.030469 0.054688
1 0.600781 0.551562 0.028125 0.056250
1 0.622656 0.517969 0.033594 0.053906
1 0.575000 0.521875 0.027344 0.054688
1 0.576562 0.565625 0.021875 0.034375
1 0.553906 0.559375 0.025000 0.049219
1 0.532031 0.557813 0.025781 0.058594
1 0.553906 0.523438 0.028125 0.055469
1 0.288281 0.467187 0.038281 0.060156
1 0.262500 0.468750 0.039844 0.060937
1 0.231250 0.480469 0.032813 0.041406
1 0.232813 0.430469 0.050781 0.060156
1 0.204687 0.482031 0.033594 0.041406
1 0.177344 0.483594 0.035156 0.041406
1 0.150000 0.485938 0.035156 0.041406
1 0.121875 0.478906 0.036719 0.059375
1 0.203125 0.432031 0.046094 0.060156
1 0.175781 0.433594 0.050000 0.060937
1 0.148438 0.434375 0.052344 0.061719
1 0.272656 0.339062 0.041406 0.057031
1 0.244531 0.339844 0.044531 0.057031
1 0.216406 0.340625 0.047656 0.058594
1 0.188281 0.341406 0.050000 0.058594
1 0.158594 0.342969 0.052344 0.059375
1 0.130469 0.342969 0.057031 0.060156
1 0.100781 0.343750 0.060156 0.060156
1 0.492188 0.348438 0.026562 0.054688
1 0.467187 0.349219 0.025781 0.054688
1 0.415625 0.357031 0.027344 0.045312
1 0.441406 0.356250 0.026562 0.045312
1 0.439844 0.307031 0.027344 0.053125
1 0.413281 0.307031 0.028906 0.053906
1 0.386719 0.308594 0.031250 0.053906
1 0.360938 0.308594 0.033594 0.054688
1 0.389062 0.357812 0.028906 0.045312
1 0.362500 0.358594 0.029687 0.045312
1 0.335938 0.353906 0.030469 0.056250
2 0.974219 0.728125 0.050781 0.079687
