3 0.072656 0.635156 0.145313 0.270313
2 0.441406 0.572656 0.065625 0.078906
2 0.960938 0.609375 0.077344 0.138281
2 0.559375 0.433594 0.082812 0.099219
2 0.627344 0.462500 0.094531 0.108594
2 0.722656 0.510156 0.103125 0.111719
2 0.294531 0.471094 0.058594 0.055469
2 0.368750 0.355469 0.077344 0.070312
2 0.410156 0.373437 0.079687 0.076563
2 0.551562 0.649219 0.071094 0.105469
1 0.993750 0.809375 0.012500 0.073438
1 0.357812 0.432812 0.012500 0.023438
1 0.335938 0.432031 0.012500 0.025781
1 0.334375 0.415625 0.014844 0.025781
1 0.310937 0.410938 0.019531 0.023438
1 0.325781 0.412500 0.017969 0.022656
2 0.778125 0.801562 0.092188 0.152344
2 0.634375 0.706250 0.076563 0.121094
2 0.875000 0.879687 0.111719 0.142187
2 0.959375 0.925781 0.080469 0.146094
2 0.485938 0.525781 0.071094 0.096875
1 0.916406 0.753906 0.073438 0.114844
1 0.867188 0.718750 0.065625 0.126562
1 0.821094 0.694531 0.062500 0.121094
1 0.885156 0.689063 0.080469 0.107813
1 0.605469 0.542969 0.040625 0.075781
1 0.602344 0.579688 0.041406 0.078906
1 0.569531 0.575781 0.028906 0.050781
1 0.545312 0.542188 0.030469 0.085156
1 0.575781 0.527344 0.035937 0.072656
1 0.507031 0.260156 0.050000 0.085938
1 0.477344 0.251563 0.050000 0.084375
1 0.414062 0.246094 0.028906 0.060937
1 0.439844 0.253906 0.028906 0.062500
1 0.449219 0.187500 0.053125 0.079687
1 0.421094 0.182031 0.050781 0.076563
1 0.396875 0.177344 0.050781 0.075781
1 0.372656 0.172656 0.050000 0.072656
1 0.390625 0.239063 0.027344 0.058594
1 0.367188 0.232813 0.026562 0.057813
1 0.347656 0.221094 0.026562 0.065625
1 0.310937 0.187500 0.053125 0.065625
1 0.289062 0.182812 0.046875 0.064062
1 0.272656 0.178125 0.044531 0.062500
1 0.257031 0.174219 0.046094 0.059375
1 0.240625 0.170313 0.044531 0.059375
1 0.226562 0.167187 0.044531 0.057813
1 0.212500 0.162500 0.043750 0.055469
1 0.330469 0.321094 0.046875 0.064844
1 0.312500 0.313281 0.041406 0.062500
1 0.285938 0.314844 0.021094 0.044531
1 0.291406 0.267969 0.049219 0.059375
1 0.271094 0.308594 0.022656 0.042188
1 0.256250 0.302344 0.021094 0.042188
1 0.242188 0.296094 0.021094 0.041406
1 0.228906 0.287500 0.020313 0.046875
1 0.272656 0.262500 0.041406 0.058594
1 0.257812 0.256250 0.041406 0.057813
1 0.243750 0.251563 0.040625 0.056250
2 0.914062 0.266406 0.064844 0.041406
2 0.854688 0.254688 0.062500 0.039062
2 0.546094 0.269531 0.029687 0.025781
2 0.573438 0.276562 0.038281 0.027344
2 0.605469 0.285156 0.034375 0.027344
2 0.653125 0.217188 0.038281 0.030469
2 0.689063 0.225000 0.044531 0.030469
2 0.735156 0.234375 0.046875 0.030469
2 0.540625 0.197656 0.037500 0.026562
2 0.567187 0.202344 0.037500 0.026562
1 0.827344 0.339062 0.027344 0.041406
2 0.780469 0.333594 0.047656 0.039062
1 0.725781 0.310937 0.022656 0.041406
1 0.709375 0.307812 0.020313 0.038281
1 0.693750 0.302344 0.021094 0.040625
1 0.714063 0.280469 0.022656 0.041406
1 0.676562 0.271094 0.021094 0.038281
1 0.673438 0.298438 0.021094 0.035156
1 0.656250 0.298438 0.017188 0.028906
1 0.642969 0.288281 0.017969 0.038281
1 0.660937 0.267188 0.020313 0.038281
1 0.507812 0.183594 0.005469 0.028906
1 0.500781 0.180469 0.017188 0.030469
1 0.486719 0.180469 0.011719 0.025781
1 0.490625 0.153906 0.019531 0.030469
1 0.478906 0.178906 0.006250 0.024219
1 0.479687 0.152344 0.019531 0.029687
1 0.467969 0.142187 0.019531 0.014844
1 0.457031 0.141406 0.017969 0.014844
1 0.516406 0.103125 0.020313 0.029687
1 0.502344 0.101562 0.017188 0.032813
1 0.490625 0.100000 0.020313 0.032031
1 0.478906 0.098437 0.020313 0.030469
1 0.467187 0.097656 0.020313 0.029687
1 0.456250 0.096875 0.019531 0.029687
1 0.445312 0.096094 0.017969 0.029687
1 0.630469 0.127344 0.019531 0.035937
1 0.616406 0.125781 0.022656 0.035937
1 0.584375 0.124219 0.015625 0.029687
1 0.599219 0.125781 0.017188 0.030469
1 0.603906 0.094531 0.022656 0.035156
1 0.589063 0.092188 0.022656 0.034375
1 0.574219 0.091406 0.021094 0.034375
1 0.560156 0.089844 0.020313 0.032813
1 0.570312 0.122656 0.014844 0.030469
1 0.555469 0.121094 0.014063 0.029687
1 0.542188 0.118750 0.014063 0.030469
2 0.977344 0.540625 0.042188 0.050781
