2 0.482031 0.739062 0.061719 0.030469
2 0.940625 0.403906 0.117969 0.068750
2 0.366406 0.641406 0.035156 0.010156
2 0.439844 0.641406 0.045312 0.014063
2 0.482031 0.641406 0.060156 0.015625
2 0.520312 0.641406 0.065625 0.017969
2 0.562500 0.507031 0.046094 0.028906
2 0.619531 0.493750 0.068750 0.032031
2 0.695312 0.474219 0.085156 0.039062
2 0.725000 0.796875 0.102344 0.063281
2 0.521875 0.748437 0.067969 0.035156
2 0.369531 0.713281 0.046094 0.019531
2 0.441406 0.539844 0.049219 0.020313
2 0.470313 0.532031 0.057813 0.021875
2 0.583594 0.763281 0.078906 0.043750
1 0.971875 0.615625 0.055469 0.081250
1 0.395313 0.632031 0.025781 0.029687
2 0.867188 0.829688 0.139844 0.086719
2 0.961719 0.849219 0.075781 0.080469
2 0.852344 0.642188 0.127344 0.026562
1 0.717969 0.623437 0.046875 0.058594
1 0.680469 0.624219 0.035156 0.054688
1 0.649219 0.625000 0.030469 0.051562
1 0.682031 0.570312 0.043750 0.055469
1 0.617969 0.578125 0.040625 0.049219
1 0.617188 0.626563 0.035937 0.049219
1 0.588281 0.626563 0.024219 0.046094
1 0.565625 0.627344 0.021875 0.045312
1 0.586719 0.581250 0.023438 0.046875
1 0.421094 0.539062 0.028906 0.029687
1 0.402344 0.541406 0.010156 0.029687
1 0.392188 0.544531 0.010156 0.028125
1 0.402344 0.517969 0.027344 0.029687
1 0.383594 0.546875 0.009375 0.026562
1 0.375000 0.549219 0.008594 0.026562
1 0.366406 0.551562 0.008594 0.025781
1 0.359375 0.553125 0.007812 0.025000
1 0.384375 0.521094 0.009375 0.028906
1 0.375781 0.524219 0.008594 0.028125
1 0.367969 0.527344 0.008594 0.026562
1 0.422656 0.450781 0.024219 0.029687
1 0.405469 0.455469 0.010156 0.028125
1 0.396094 0.460938 0.009375 0.026562
1 0.386719 0.465625 0.008594 0.026562
1 0.378125 0.469531 0.008594 0.025781
1 0.370312 0.473438 0.008594 0.025000
1 0.362500 0.478125 0.007812 0.024219
1 0.534375 0.413281 0.033594 0.046094
1 0.509375 0.415625 0.015625 0.036719
1 0.478906 0.431250 0.013281 0.034375
1 0.493750 0.423438 0.014844 0.035937
1 0.502344 0.392188 0.031250 0.039844
1 0.478906 0.400781 0.013281 0.038281
1 0.465625 0.407813 0.013281 0.035937
1 0.453125 0.414844 0.011719 0.035156
1 0.465625 0.437500 0.013281 0.032031
1 0.452344 0.443750 0.012500 0.031250
1 0.440625 0.449219 0.011719 0.031250
