2 0.461719 0.625000 0.053125 0.057031
2 0.943750 0.574219 0.110937 0.085156
2 0.860156 0.553125 0.110156 0.079687
2 0.314063 0.501563 0.051562 0.038281
2 0.417187 0.541406 0.056250 0.050000
2 0.459375 0.553125 0.056250 0.053125
2 0.502344 0.570312 0.053125 0.060937
2 0.559375 0.482031 0.057031 0.054688
2 0.609375 0.493750 0.063281 0.056250
2 0.677344 0.513281 0.067969 0.055469
2 0.661719 0.713281 0.059375 0.082031
2 0.501563 0.642188 0.053906 0.061719
2 0.324219 0.566406 0.050781 0.043750
2 0.408594 0.448437 0.057031 0.042969
2 0.442969 0.456250 0.057031 0.046094
2 0.557813 0.668750 0.055469 0.069531
1 0.840625 0.674219 0.058594 0.085938
1 0.350000 0.507812 0.031250 0.045312
2 0.739844 0.746094 0.070312 0.090625
2 0.811719 0.778125 0.080469 0.096094
2 0.889844 0.810156 0.094531 0.107031
2 0.757812 0.652344 0.076563 0.080469
1 0.674219 0.614062 0.028906 0.069531
1 0.648438 0.606250 0.027344 0.067969
1 0.625781 0.597656 0.028125 0.065625
1 0.652344 0.571875 0.028125 0.064844
1 0.597656 0.555469 0.028906 0.060156
1 0.596094 0.591406 0.028125 0.056250
1 0.571875 0.592187 0.022656 0.039844
1 0.551562 0.573438 0.021875 0.060156
1 0.575781 0.548438 0.028125 0.058594
1 0.375000 0.427344 0.032813 0.045312
1 0.359375 0.423438 0.030469 0.043750
1 0.337500 0.425781 0.016406 0.032031
1 0.343750 0.390625 0.033594 0.041406
1 0.324219 0.421875 0.016406 0.031250
1 0.310937 0.419531 0.015625 0.031250
1 0.297656 0.415625 0.015625 0.031250
1 0.285938 0.409375 0.014844 0.035937
1 0.328125 0.388281 0.030469 0.040625
1 0.314844 0.385156 0.031250 0.040625
1 0.302344 0.382031 0.030469 0.039062
1 0.368750 0.328906 0.035156 0.041406
1 0.351562 0.326562 0.031250 0.040625
1 0.336719 0.325000 0.030469 0.040625
1 0.323437 0.323437 0.032813 0.039844
1 0.308594 0.321094 0.030469 0.039062
1 0.296094 0.319531 0.032031 0.038281
1 0.282813 0.318750 0.030469 0.036719
1 0.521094 0.363281 0.031250 0.050781
1 0.499219 0.360938 0.031250 0.050781
1 0.453906 0.358594 0.019531 0.039844
1 0.473438 0.361719 0.019531 0.040625
1 0.478906 0.319531 0.032813 0.046875
1 0.458594 0.317969 0.032031 0.046094
1 0.439844 0.316406 0.032031 0.045312
1 0.421094 0.314063 0.031250 0.044531
1 0.435156 0.356250 0.019531 0.039062
1 0.417187 0.353906 0.018750 0.038281
1 0.400000 0.348438 0.017969 0.044531
