2 0.378906 0.793750 0.086719 0.098437
2 0.657813 0.471094 0.042969 0.014844
2 0.634375 0.474219 0.050781 0.016406
2 0.300000 0.703125 0.102344 0.092969
2 0.378125 0.666406 0.088281 0.071875
2 0.443750 0.642969 0.075781 0.060937
2 0.494531 0.495312 0.066406 0.028125
2 0.531250 0.489844 0.064844 0.024219
2 0.571094 0.485938 0.053906 0.021094
2 0.574219 0.675781 0.058594 0.049219
2 0.438281 0.756250 0.077344 0.080469
2 0.285156 0.526563 0.090625 0.049219
2 0.356250 0.516406 0.086719 0.041406
2 0.502344 0.719531 0.068750 0.065625
1 0.640625 0.555469 0.025781 0.034375
1 0.060156 0.769531 0.119531 0.128906
2 0.608594 0.658594 0.053125 0.032031
2 0.642188 0.643750 0.030469 0.029687
2 0.661719 0.630469 0.028906 0.025781
2 0.611719 0.576562 0.042969 0.021875
1 0.584375 0.578125 0.013281 0.041406
1 0.562500 0.583594 0.030469 0.041406
1 0.554688 0.586719 0.018750 0.048438
1 0.560937 0.546875 0.033594 0.043750
1 0.528125 0.556250 0.033594 0.048438
1 0.537500 0.598437 0.014844 0.042969
1 0.521094 0.604688 0.016406 0.044531
1 0.493750 0.606250 0.037500 0.056250
1 0.510938 0.560937 0.036719 0.050000
1 0.176563 0.517969 0.057031 0.082031
1 0.117188 0.524219 0.066406 0.089063
1 0.049219 0.534375 0.077344 0.089844
1 0.049219 0.450000 0.090625 0.086719
1 0.007812 0.537500 0.015625 0.087500
1 0.004687 0.450000 0.009375 0.087500
1 0.169531 0.292969 0.058594 0.083594
1 0.108594 0.281250 0.070312 0.090625
1 0.039062 0.268750 0.078125 0.099219
1 0.001563 0.287500 0.002344 0.043750
1 0.464844 0.364063 0.022656 0.050000
1 0.441406 0.360938 0.024219 0.051562
1 0.387500 0.353906 0.030469 0.057031
1 0.415625 0.357031 0.026562 0.053906
1 0.414844 0.305469 0.027344 0.057031
1 0.386719 0.299219 0.030469 0.060937
1 0.355469 0.291406 0.033594 0.064844
1 0.314844 0.283594 0.047656 0.069531
1 0.356250 0.349219 0.033594 0.060156
1 0.321875 0.344531 0.037500 0.064062
1 0.279687 0.338281 0.049219 0.069531
2 0.792188 0.620313 0.054688 0.035156
