2 0.096094 0.775781 0.098437 0.075781
2 0.096094 0.501563 0.037500 0.028906
2 0.039062 0.498437 0.078125 0.038281
2 0.161719 0.674219 0.052344 0.033594
2 0.138281 0.505469 0.044531 0.016406
2 0.132031 0.504687 0.035156 0.018750
2 0.043750 0.895312 0.086719 0.114844
1 0.146875 0.616406 0.017969 0.014063
1 0.144531 0.610938 0.022656 0.009375
1 0.158594 0.605469 0.021094 0.018750
1 0.160156 0.600781 0.019531 0.004687
1 0.170313 0.605469 0.007031 0.010156
2 0.012500 0.976562 0.025000 0.045312
2 0.100781 0.669531 0.047656 0.046875
1 0.021875 0.640625 0.043750 0.093750
1 0.021094 0.721094 0.042188 0.103906
1 0.051562 0.700000 0.019531 0.086719
1 0.068750 0.683594 0.016406 0.078906
1 0.031250 0.627344 0.061719 0.080469
1 0.061719 0.320312 0.067187 0.063281
1 0.110156 0.344531 0.008594 0.050781
1 0.128125 0.363281 0.007812 0.045312
1 0.119531 0.354687 0.008594 0.048438
1 0.090625 0.303125 0.067187 0.073438
1 0.128125 0.321875 0.007812 0.055469
1 0.135937 0.332031 0.007031 0.051562
1 0.142187 0.342187 0.006250 0.046875
1 0.135156 0.372656 0.007031 0.041406
1 0.142187 0.379688 0.005469 0.039062
1 0.147656 0.385937 0.005469 0.036719
1 0.151562 0.383594 0.012500 0.035937
1 0.164844 0.390625 0.002344 0.028125
1 0.168750 0.394531 0.003906 0.028906
1 0.171875 0.399219 0.003906 0.026562
1 0.175781 0.403906 0.003125 0.025781
1 0.178906 0.407031 0.002344 0.024219
1 0.181250 0.411719 0.002344 0.023438
1 0.137500 0.486719 0.039844 0.021094
1 0.164062 0.496094 0.002344 0.033594
1 0.167969 0.496875 0.003906 0.032031
1 0.150000 0.463281 0.039062 0.035156
1 0.171875 0.497656 0.003906 0.030469
1 0.175000 0.497656 0.003125 0.028906
1 0.178125 0.498437 0.002344 0.028125
1 0.181250 0.498437 0.002344 0.026562
1 0.171875 0.466406 0.003125 0.031250
1 0.175781 0.467969 0.003125 0.030469
1 0.178125 0.469531 0.002344 0.028906
2 0.507031 0.668750 0.046875 0.031250
2 0.944531 0.489063 0.110156 0.038281
2 0.828125 0.492969 0.122656 0.032031
2 0.435937 0.571094 0.021875 0.013281
2 0.483594 0.586719 0.042188 0.018750
2 0.507031 0.593750 0.046875 0.021094
2 0.523438 0.603125 0.044531 0.024219
2 0.556250 0.505469 0.042969 0.014844
2 0.585938 0.505469 0.042188 0.016406
2 0.645312 0.503906 0.076563 0.019531
2 0.652344 0.766406 0.085156 0.071094
2 0.531250 0.683594 0.052344 0.036719
2 0.442188 0.625781 0.032031 0.018750
2 0.467187 0.507031 0.014063 0.010156
2 0.498437 0.507031 0.047656 0.011719
2 0.566406 0.709375 0.061719 0.046094
1 0.849219 0.693750 0.097656 0.096875
1 0.453906 0.569531 0.017188 0.025000
2 0.734375 0.825000 0.106250 0.096094
2 0.834375 0.892969 0.142969 0.135937
2 0.942187 0.942187 0.114844 0.114062
2 0.743750 0.678906 0.110156 0.051562
1 0.651563 0.630469 0.037500 0.057031
1 0.622656 0.625781 0.019531 0.050000
1 0.603125 0.617969 0.017969 0.049219
1 0.633594 0.580469 0.041406 0.050000
1 0.591406 0.571875 0.036719 0.042969
1 0.591406 0.612500 0.036719 0.043750
1 0.565625 0.607812 0.014063 0.039844
1 0.552344 0.603125 0.012500 0.040625
1 0.575781 0.569531 0.033594 0.039844
1 0.468750 0.500000 0.022656 0.024219
1 0.454688 0.500781 0.005469 0.023438
1 0.449219 0.500781 0.004687 0.021875
1 0.457031 0.478125 0.021094 0.023438
1 0.443750 0.501563 0.004687 0.021094
1 0.439063 0.501563 0.003906 0.021094
1 0.434375 0.501563 0.003906 0.020313
1 0.429688 0.501563 0.003906 0.020313
1 0.443750 0.478906 0.004687 0.021094
1 0.439063 0.480469 0.003906 0.021094
1 0.434375 0.481250 0.003906 0.021094
1 0.468750 0.425781 0.021094 0.024219
1 0.455469 0.428125 0.005469 0.023438
1 0.450000 0.431250 0.004687 0.023438
1 0.444531 0.433594 0.004687 0.021875
1 0.439063 0.435937 0.004687 0.021094
1 0.434375 0.436719 0.003906 0.020313
1 0.430469 0.439063 0.003906 0.019531
1 0.539844 0.410156 0.030469 0.033594
1 0.518750 0.414062 0.010156 0.033594
1 0.500000 0.421094 0.008594 0.029687
1 0.509375 0.417969 0.008594 0.030469
1 0.517969 0.389062 0.025781 0.033594
1 0.500000 0.393750 0.008594 0.031250
1 0.491406 0.397656 0.007031 0.030469
1 0.483594 0.401562 0.007031 0.028906
1 0.491406 0.424219 0.007031 0.028906
1 0.483594 0.427344 0.007031 0.026562
1 0.476562 0.430469 0.006250 0.026562
