2 0.486719 0.699219 0.061719 0.054688
2 0.985156 0.549219 0.028125 0.053125
2 0.372656 0.561719 0.033594 0.023438
2 0.449219 0.593750 0.057813 0.035937
2 0.485938 0.606250 0.062500 0.040625
2 0.524219 0.625000 0.069531 0.048438
2 0.584375 0.507031 0.077344 0.031250
2 0.642188 0.514844 0.092188 0.036719
2 0.727344 0.526563 0.104688 0.044531
2 0.728906 0.866406 0.107813 0.134375
2 0.525000 0.725000 0.067969 0.064844
2 0.380469 0.629687 0.043750 0.031250
2 0.444531 0.491406 0.056250 0.019531
2 0.472656 0.494531 0.062500 0.021875
2 0.585156 0.768750 0.080469 0.083594
1 0.400000 0.564063 0.025781 0.035937
2 0.877344 0.933594 0.146094 0.131250
2 0.963281 0.973437 0.030469 0.051562
2 0.896094 0.775000 0.156250 0.133594
1 0.738281 0.691406 0.050781 0.094531
1 0.700000 0.682813 0.049219 0.075000
1 0.660156 0.664062 0.033594 0.080469
1 0.701562 0.621094 0.049219 0.079687
1 0.628906 0.600781 0.044531 0.067969
1 0.628125 0.653906 0.044531 0.064844
1 0.593750 0.645312 0.024219 0.057031
1 0.570312 0.630469 0.022656 0.064844
1 0.603125 0.592969 0.041406 0.063281
1 0.422656 0.478125 0.030469 0.032031
1 0.407031 0.476562 0.018750 0.031250
1 0.393750 0.476562 0.008594 0.029687
1 0.403125 0.446875 0.028906 0.028906
1 0.385156 0.475781 0.008594 0.028906
1 0.376563 0.475000 0.007812 0.028125
1 0.368750 0.474219 0.007031 0.026562
1 0.360938 0.473438 0.007031 0.025781
1 0.384375 0.446875 0.008594 0.028906
1 0.375781 0.446875 0.008594 0.028125
1 0.367969 0.446875 0.007031 0.026562
1 0.422656 0.380469 0.030469 0.033594
1 0.402344 0.382031 0.009375 0.031250
1 0.392969 0.384375 0.008594 0.030469
1 0.384375 0.385937 0.008594 0.029687
1 0.375781 0.388281 0.007812 0.028906
1 0.367969 0.389844 0.007812 0.028125
1 0.360156 0.391406 0.007031 0.026562
1 0.542188 0.373437 0.039062 0.045312
1 0.513281 0.376563 0.017969 0.043750
1 0.479687 0.382031 0.014844 0.039844
1 0.496094 0.379688 0.016406 0.042969
1 0.506250 0.339062 0.036719 0.043750
1 0.479687 0.343750 0.014844 0.042969
1 0.464844 0.347656 0.013281 0.039844
1 0.451562 0.350781 0.012500 0.039062
1 0.465625 0.384375 0.014063 0.038281
1 0.451562 0.386719 0.012500 0.036719
1 0.439063 0.389062 0.011719 0.035156
