2 0.394531 0.753125 0.071094 0.082031
2 0.841406 0.458594 0.093750 0.031250
2 0.792188 0.461719 0.092969 0.032031
2 0.058594 0.678906 0.117188 0.079687
2 0.312500 0.652344 0.092188 0.073438
2 0.391406 0.638281 0.075000 0.066406
2 0.467187 0.632031 0.060937 0.070312
2 0.542969 0.480469 0.060156 0.041406
2 0.596875 0.475781 0.079687 0.036719
2 0.662500 0.473438 0.079687 0.034375
2 0.657813 0.710938 0.079687 0.067969
2 0.464062 0.741406 0.067187 0.078125
2 0.069531 0.808594 0.139063 0.104688
2 0.293750 0.497656 0.091406 0.053125
2 0.361719 0.493750 0.075000 0.050000
2 0.546094 0.731250 0.069531 0.075000
1 0.789844 0.577344 0.053125 0.054688
1 0.154688 0.653906 0.077344 0.079687
2 0.722656 0.701562 0.082031 0.057031
2 0.783594 0.700781 0.061719 0.039062
2 0.830469 0.691406 0.063281 0.039844
2 0.728125 0.595313 0.085156 0.044531
1 0.671875 0.589844 0.025781 0.063281
1 0.640625 0.593750 0.040625 0.061719
1 0.620313 0.595313 0.033594 0.064844
1 0.642188 0.550000 0.042969 0.060937
1 0.585938 0.556250 0.037500 0.064062
1 0.590625 0.608594 0.025781 0.046875
1 0.560937 0.605469 0.033594 0.060937
1 0.535156 0.605469 0.035156 0.069531
1 0.560937 0.558594 0.037500 0.064844
1 0.214062 0.482812 0.053906 0.069531
1 0.178906 0.484375 0.063281 0.071094
1 0.130469 0.492969 0.046094 0.060156
1 0.138281 0.430469 0.076563 0.066406
1 0.089844 0.495312 0.048438 0.060937
1 0.048438 0.497656 0.050781 0.061719
1 0.015625 0.499219 0.031250 0.061719
1 0.096094 0.431250 0.077344 0.068750
1 0.054688 0.432812 0.082031 0.069531
1 0.027344 0.433594 0.054688 0.069531
1 0.199219 0.303125 0.055469 0.065625
1 0.153125 0.302344 0.048438 0.065625
1 0.111719 0.301563 0.050000 0.067969
1 0.067969 0.300000 0.051562 0.068750
1 0.025781 0.299219 0.050781 0.069531
1 0.003125 0.314844 0.006250 0.039062
1 0.486719 0.331250 0.031250 0.055469
1 0.454688 0.331250 0.032031 0.056250
1 0.389844 0.331250 0.035156 0.058594
1 0.422656 0.331250 0.033594 0.057031
1 0.421875 0.273438 0.033594 0.059375
1 0.388281 0.271875 0.035156 0.060156
1 0.353125 0.271094 0.036719 0.061719
1 0.317969 0.269531 0.038281 0.063281
1 0.356250 0.331250 0.036719 0.058594
1 0.321094 0.330469 0.038281 0.059375
1 0.285938 0.329688 0.039844 0.060937
