2 0.196094 0.763281 0.031250 0.063281
2 0.150000 0.650781 0.078125 0.084375
2 0.129688 0.701562 0.092188 0.103125
2 0.088281 0.814844 0.099219 0.170313
2 0.212500 0.626563 0.010937 0.032031
2 0.174219 0.533594 0.038281 0.030469
2 0.165625 0.560156 0.049219 0.048438
2 0.192188 0.910937 0.017969 0.104688
1 0.192188 0.610938 0.014844 0.015625
1 0.189844 0.601562 0.008594 0.008594
1 0.195312 0.594531 0.017188 0.016406
1 0.191406 0.583594 0.007031 0.010937
1 0.197656 0.586719 0.016406 0.011719
2 0.192188 0.988281 0.007031 0.021094
2 0.182812 0.721875 0.030469 0.061719
1 0.160156 0.788281 0.018750 0.085156
1 0.141406 0.852344 0.069531 0.121094
1 0.174219 0.798438 0.009375 0.073438
1 0.176563 0.770312 0.011719 0.068750
1 0.167969 0.753906 0.009375 0.067969
1 0.118750 0.475781 0.067969 0.067969
1 0.120313 0.441406 0.052344 0.011719
1 0.162500 0.447656 0.007812 0.045312
1 0.158594 0.453906 0.008594 0.048438
1 0.126562 0.413281 0.061719 0.053906
1 0.132031 0.406250 0.057031 0.045312
1 0.139844 0.401562 0.049219 0.043750
1 0.142187 0.397656 0.050000 0.041406
1 0.164844 0.441406 0.007031 0.042969
1 0.167969 0.436719 0.007031 0.041406
1 0.170313 0.431250 0.007031 0.039844
1 0.170313 0.408594 0.011719 0.036719
1 0.172656 0.400781 0.017188 0.030469
1 0.173437 0.399219 0.018750 0.031250
1 0.174219 0.396875 0.021094 0.030469
1 0.175000 0.394531 0.022656 0.029687
1 0.175000 0.391406 0.023438 0.028125
1 0.176563 0.506250 0.021875 0.034375
1 0.178906 0.485938 0.011719 0.007031
1 0.182031 0.467969 0.013281 0.030469
1 0.191406 0.488281 0.003125 0.031250
1 0.191406 0.482812 0.003125 0.030469
1 0.193750 0.477344 0.003906 0.026562
1 0.194531 0.471875 0.003906 0.028125
1 0.187500 0.459375 0.003906 0.031250
1 0.182812 0.455469 0.017188 0.030469
1 0.182812 0.450781 0.018750 0.028906
2 0.503906 0.613281 0.040625 0.039062
2 0.864844 0.675000 0.130469 0.113281
2 0.771094 0.621875 0.103906 0.085156
2 0.435937 0.498437 0.025781 0.021094
2 0.481250 0.537500 0.038281 0.030469
2 0.503125 0.551562 0.041406 0.033594
2 0.523438 0.571875 0.046094 0.036719
2 0.557813 0.506250 0.053906 0.035156
2 0.587500 0.522656 0.058594 0.041406
2 0.626563 0.546875 0.063281 0.046875
2 0.621875 0.740625 0.064062 0.075781
2 0.524219 0.634375 0.044531 0.045312
2 0.440625 0.546875 0.029687 0.025000
2 0.479687 0.466406 0.041406 0.023438
2 0.495312 0.475000 0.043750 0.025781
2 0.554688 0.669531 0.050781 0.054688
1 0.762500 0.755469 0.063281 0.090625
1 0.452344 0.506250 0.016406 0.028125
2 0.678125 0.805469 0.074219 0.092969
2 0.739844 0.871094 0.091406 0.116406
2 0.818750 0.934375 0.111719 0.128906
2 0.693750 0.714844 0.080469 0.066406
1 0.626563 0.644531 0.032031 0.059375
1 0.612500 0.636719 0.035156 0.045312
1 0.588281 0.619531 0.016406 0.051562
1 0.614062 0.599219 0.035156 0.053906
1 0.578906 0.574219 0.032031 0.046094
1 0.578125 0.608594 0.031250 0.039844
1 0.557031 0.597656 0.012500 0.038281
1 0.545312 0.585938 0.011719 0.041406
1 0.565625 0.564844 0.028906 0.044531
1 0.465625 0.449219 0.021094 0.025781
1 0.459375 0.446875 0.019531 0.026562
1 0.446875 0.445312 0.005469 0.021875
1 0.451562 0.423438 0.017188 0.024219
1 0.441406 0.442969 0.005469 0.021875
1 0.435937 0.439063 0.005469 0.021094
1 0.431250 0.436719 0.004687 0.020313
1 0.426563 0.433594 0.004687 0.021094
1 0.447656 0.420312 0.019531 0.024219
1 0.441406 0.418750 0.017969 0.024219
1 0.436719 0.416406 0.017188 0.023438
1 0.465625 0.382031 0.021875 0.025000
1 0.458594 0.380469 0.020313 0.024219
1 0.450000 0.378906 0.014844 0.024219
1 0.446875 0.377344 0.018750 0.023438
1 0.441406 0.376563 0.017969 0.023438
1 0.435937 0.375000 0.016406 0.021875
1 0.431250 0.374219 0.016406 0.021875
1 0.535937 0.409375 0.028906 0.034375
1 0.524219 0.407031 0.025781 0.033594
1 0.497656 0.403125 0.008594 0.028906
1 0.506250 0.405469 0.008594 0.029687
1 0.514844 0.376563 0.025781 0.029687
1 0.505469 0.375781 0.024219 0.028906
1 0.496875 0.373437 0.024219 0.028906
1 0.489063 0.371875 0.023438 0.028125
1 0.489063 0.400781 0.008594 0.028125
1 0.481250 0.398438 0.007031 0.026562
1 0.473438 0.396094 0.007031 0.026562
