2 0.477344 0.708594 0.057031 0.030469
2 0.969531 0.447656 0.059375 0.041406
2 0.887500 0.458594 0.124219 0.046875
2 0.359375 0.613281 0.036719 0.011719
2 0.441406 0.618750 0.053125 0.015625
2 0.477344 0.621094 0.055469 0.017969
2 0.514062 0.623437 0.058594 0.019531
2 0.556250 0.507812 0.042188 0.021094
2 0.607812 0.501563 0.061719 0.023438
2 0.674219 0.492188 0.071875 0.026562
2 0.691406 0.762500 0.080469 0.056250
2 0.514844 0.717969 0.060156 0.035156
2 0.363281 0.680469 0.044531 0.020313
2 0.431250 0.524219 0.035156 0.016406
2 0.465625 0.521094 0.053906 0.017969
2 0.571094 0.732812 0.067969 0.041406
1 0.906250 0.632812 0.083594 0.067969
1 0.389062 0.607031 0.025781 0.028125
2 0.799219 0.788281 0.100000 0.070312
2 0.910156 0.815625 0.137500 0.085938
2 0.977344 0.830469 0.044531 0.069531
2 0.794531 0.642969 0.094531 0.030469
1 0.689844 0.621094 0.036719 0.050000
1 0.658594 0.620313 0.028906 0.046094
1 0.632031 0.618750 0.025781 0.045312
1 0.660937 0.573438 0.035156 0.045312
1 0.603906 0.575000 0.033594 0.040625
1 0.603906 0.617969 0.030469 0.042969
1 0.578125 0.616406 0.021094 0.040625
1 0.557813 0.615625 0.019531 0.039844
1 0.577344 0.575781 0.020313 0.039844
1 0.415625 0.520312 0.027344 0.028125
1 0.396094 0.521875 0.010156 0.026562
1 0.385937 0.523438 0.010156 0.026562
1 0.395313 0.496875 0.026562 0.028125
1 0.376563 0.525000 0.009375 0.025781
1 0.367188 0.526563 0.008594 0.025000
1 0.358594 0.528125 0.008594 0.024219
1 0.350781 0.528906 0.008594 0.024219
1 0.377344 0.499219 0.009375 0.026562
1 0.367969 0.501563 0.009375 0.026562
1 0.359375 0.503125 0.008594 0.025000
1 0.417187 0.436719 0.025781 0.030469
1 0.399219 0.438281 0.010156 0.026562
1 0.389062 0.442188 0.010156 0.026562
1 0.378906 0.445312 0.009375 0.025781
1 0.370312 0.448437 0.008594 0.025000
1 0.361719 0.451562 0.008594 0.024219
1 0.353125 0.454688 0.008594 0.024219
1 0.528906 0.410156 0.030469 0.035156
1 0.505469 0.414844 0.015625 0.035156
1 0.475000 0.425000 0.013281 0.031250
1 0.489844 0.420312 0.014844 0.033594
1 0.496875 0.389062 0.028906 0.035937
1 0.475000 0.395313 0.013281 0.035156
1 0.460938 0.400781 0.013281 0.034375
1 0.448437 0.405469 0.012500 0.032031
1 0.460938 0.429688 0.013281 0.031250
1 0.448437 0.433594 0.011719 0.030469
1 0.435937 0.436719 0.011719 0.029687
