2 0.389062 0.712500 0.093750 0.064844
2 0.979688 0.389062 0.040625 0.017969
2 0.925781 0.381250 0.146875 0.032813
2 0.564844 0.385937 0.072656 0.026562
2 0.645312 0.385937 0.085938 0.025781
2 0.735156 0.385937 0.096094 0.025781
2 0.072656 0.707812 0.140625 0.062500
2 0.278125 0.385156 0.082031 0.029687
2 0.360156 0.385156 0.094531 0.029687
2 0.574219 0.717187 0.088281 0.067969
1 0.973437 0.552344 0.053125 0.065625
1 0.235937 0.564063 0.032031 0.022656
1 0.207031 0.565625 0.032813 0.023438
1 0.197656 0.556250 0.032813 0.034375
1 0.143750 0.565625 0.035937 0.022656
1 0.172656 0.560937 0.023438 0.020313
2 0.834375 0.719531 0.132812 0.067187
2 0.682813 0.718750 0.106250 0.067187
2 0.932813 0.730469 0.114844 0.050000
2 0.978125 0.728906 0.041406 0.050781
2 0.470313 0.569531 0.072656 0.046094
1 0.923438 0.553125 0.038281 0.065625
1 0.869531 0.551562 0.074219 0.069531
1 0.839063 0.551562 0.061719 0.067187
1 0.869531 0.494531 0.077344 0.061719
1 0.630469 0.494531 0.035156 0.060937
1 0.629687 0.554688 0.034375 0.058594
1 0.596094 0.554688 0.034375 0.058594
1 0.559375 0.550781 0.038281 0.065625
1 0.592187 0.494531 0.041406 0.060937
1 0.497656 0.217969 0.035156 0.087500
1 0.461719 0.203125 0.035937 0.057813
1 0.392188 0.203906 0.035156 0.057813
1 0.425781 0.203906 0.035156 0.057813
1 0.428906 0.142969 0.041406 0.062500
1 0.390625 0.144531 0.035937 0.062500
1 0.355469 0.145313 0.035156 0.062500
1 0.321094 0.145313 0.035156 0.062500
1 0.356250 0.204687 0.035937 0.056250
1 0.321875 0.205469 0.035156 0.057813
1 0.287500 0.205469 0.035156 0.057813
1 0.221094 0.192188 0.065625 0.079687
1 0.171094 0.180469 0.037500 0.055469
1 0.135937 0.181250 0.035937 0.056250
1 0.101562 0.181250 0.035156 0.056250
1 0.067969 0.182031 0.035937 0.055469
1 0.033594 0.182812 0.035156 0.056250
1 0.008594 0.182812 0.017188 0.055469
1 0.222656 0.370312 0.064844 0.059375
1 0.174219 0.370312 0.035937 0.059375
1 0.139063 0.371094 0.035937 0.058594
1 0.157031 0.310937 0.073438 0.059375
1 0.105469 0.371094 0.035156 0.058594
1 0.071875 0.371094 0.035156 0.058594
1 0.038281 0.371875 0.035937 0.058594
1 0.011719 0.371094 0.023438 0.059375
1 0.103906 0.310937 0.035156 0.058594
1 0.069531 0.311719 0.035156 0.059375
1 0.035937 0.311719 0.035937 0.059375
2 0.464844 0.561719 0.006250 0.010937
2 0.700781 0.430469 0.042188 0.009375
2 0.668750 0.430469 0.041406 0.009375
2 0.328125 0.500781 0.041406 0.010937
2 0.427344 0.501563 0.035156 0.011719
2 0.460156 0.500781 0.032813 0.010937
2 0.492188 0.501563 0.026562 0.011719
2 0.534375 0.431250 0.014063 0.009375
2 0.557813 0.431250 0.032031 0.009375
2 0.591406 0.431250 0.035937 0.009375
2 0.497656 0.560156 0.017969 0.015625
2 0.334375 0.559375 0.014063 0.015625
2 0.421094 0.431250 0.026562 0.009375
2 0.450000 0.431250 0.029687 0.009375
2 0.532813 0.560937 0.014844 0.014844
1 0.671875 0.494531 0.022656 0.023438
1 0.366406 0.494531 0.024219 0.023438
2 0.650000 0.562500 0.006250 0.010937
2 0.669531 0.561719 0.035937 0.014844
2 0.700000 0.560937 0.038281 0.015625
2 0.651563 0.501563 0.007812 0.009375
1 0.566406 0.494531 0.009375 0.023438
1 0.553125 0.472656 0.012500 0.022656
1 0.553125 0.495312 0.012500 0.022656
1 0.540625 0.495312 0.012500 0.022656
1 0.528906 0.494531 0.007812 0.023438
1 0.539844 0.472656 0.014063 0.022656
1 0.394531 0.431250 0.017188 0.009375
1 0.378906 0.431250 0.012500 0.009375
1 0.365625 0.431250 0.012500 0.009375
1 0.352344 0.431250 0.012500 0.009375
1 0.339062 0.431250 0.012500 0.009375
1 0.326562 0.431250 0.012500 0.009375
1 0.314063 0.431250 0.012500 0.009375
1 0.394531 0.353906 0.017188 0.022656
1 0.378906 0.353906 0.012500 0.022656
1 0.365625 0.353906 0.012500 0.022656
1 0.352344 0.353906 0.012500 0.022656
1 0.339062 0.353906 0.012500 0.022656
1 0.326562 0.353906 0.012500 0.022656
1 0.312500 0.353906 0.012500 0.022656
1 0.502344 0.363281 0.012500 0.022656
1 0.489063 0.363281 0.012500 0.022656
1 0.462500 0.363281 0.012500 0.022656
1 0.475781 0.363281 0.012500 0.022656
1 0.475781 0.339844 0.014063 0.022656
1 0.462500 0.339844 0.012500 0.022656
1 0.450000 0.340625 0.012500 0.023438
1 0.435937 0.339844 0.012500 0.022656
1 0.450000 0.363281 0.012500 0.022656
1 0.435937 0.363281 0.012500 0.022656
1 0.423438 0.363281 0.012500 0.022656
2 0.792188 0.562500 0.006250 0.012500
