2 0.478125 0.668750 0.055469 0.050000
2 0.991406 0.550000 0.015625 0.013281
2 0.930469 0.560937 0.138281 0.069531
2 0.359375 0.542969 0.036719 0.025000
2 0.441406 0.575781 0.053906 0.035937
2 0.477344 0.586719 0.057031 0.039844
2 0.515625 0.603125 0.060156 0.046094
2 0.570312 0.502344 0.065625 0.034375
2 0.620313 0.510938 0.075000 0.039062
2 0.689844 0.525000 0.078906 0.042969
2 0.687500 0.786719 0.078906 0.096094
2 0.515625 0.688281 0.060156 0.056250
2 0.367188 0.607031 0.043750 0.031250
2 0.436719 0.480469 0.054688 0.024219
2 0.464844 0.485156 0.057031 0.025781
2 0.570312 0.721875 0.066406 0.069531
1 0.927344 0.740625 0.091406 0.113281
1 0.389062 0.546094 0.025781 0.035156
2 0.791406 0.843750 0.096875 0.121875
2 0.902344 0.903125 0.130469 0.151562
2 0.975000 0.940625 0.049219 0.116406
2 0.805469 0.708594 0.100781 0.090625
1 0.696875 0.653906 0.038281 0.074219
1 0.667188 0.648438 0.036719 0.060937
1 0.636719 0.634375 0.027344 0.066406
1 0.669531 0.599219 0.037500 0.066406
1 0.609375 0.582031 0.035156 0.058594
1 0.608594 0.625781 0.035156 0.055469
1 0.580469 0.621094 0.021875 0.046875
1 0.559375 0.607031 0.020313 0.056250
1 0.587500 0.575781 0.034375 0.056250
1 0.412500 0.466406 0.028906 0.032031
1 0.397656 0.464062 0.021875 0.032031
1 0.382031 0.464062 0.010156 0.028906
1 0.389844 0.435156 0.028125 0.029687
1 0.371875 0.463281 0.010156 0.028125
1 0.362500 0.460938 0.010156 0.028125
1 0.353906 0.459375 0.008594 0.026562
1 0.345313 0.457813 0.008594 0.026562
1 0.378906 0.434375 0.025000 0.028906
1 0.367188 0.433594 0.019531 0.028906
1 0.360938 0.432812 0.024219 0.026562
1 0.410938 0.375000 0.028906 0.031250
1 0.391406 0.375781 0.011719 0.030469
1 0.380469 0.375781 0.010156 0.029687
1 0.370312 0.376563 0.010156 0.028906
1 0.360938 0.377344 0.009375 0.028906
1 0.352344 0.378125 0.009375 0.028125
1 0.343750 0.378125 0.008594 0.026562
1 0.532813 0.383594 0.033594 0.040625
1 0.506250 0.383594 0.017969 0.038281
1 0.473438 0.385156 0.014844 0.035156
1 0.489063 0.384375 0.015625 0.035937
1 0.496875 0.346875 0.032813 0.039062
1 0.472656 0.349219 0.015625 0.036719
1 0.457813 0.350781 0.014844 0.035937
1 0.443750 0.351562 0.013281 0.035156
1 0.457813 0.385937 0.014063 0.034375
1 0.443750 0.385937 0.013281 0.033594
1 0.431250 0.385937 0.013281 0.033594
