2 0.407813 0.706250 0.064844 0.085156
2 0.657031 0.398438 0.046094 0.026562
2 0.634375 0.407031 0.049219 0.029687
2 0.064844 0.819531 0.129688 0.160156
2 0.346875 0.660937 0.075781 0.091406
2 0.403906 0.621094 0.069531 0.075781
2 0.456250 0.593750 0.060937 0.068750
2 0.499219 0.464062 0.058594 0.046875
2 0.532031 0.450000 0.058594 0.040625
2 0.570312 0.436719 0.049219 0.035156
2 0.568750 0.592969 0.050781 0.050781
2 0.453125 0.673438 0.060937 0.074219
2 0.100000 0.919531 0.119531 0.159375
2 0.328125 0.541406 0.071094 0.078906
2 0.382031 0.517969 0.070312 0.068750
2 0.505469 0.639062 0.056250 0.064062
1 0.634375 0.480469 0.027344 0.035937
1 0.193750 0.730469 0.071094 0.091406
2 0.601562 0.575000 0.047656 0.033594
2 0.632812 0.557031 0.028906 0.031250
2 0.653125 0.541406 0.028125 0.028125
2 0.603125 0.505469 0.047656 0.029687
1 0.579688 0.514844 0.013281 0.042969
1 0.559375 0.523438 0.028125 0.040625
1 0.551562 0.527344 0.017969 0.049219
1 0.560156 0.492188 0.030469 0.045312
1 0.529687 0.508594 0.027344 0.048438
1 0.535937 0.544531 0.014063 0.036719
1 0.514062 0.550000 0.028906 0.044531
1 0.497656 0.553906 0.031250 0.054688
1 0.513281 0.515625 0.031250 0.050000
1 0.250781 0.551562 0.044531 0.084375
1 0.213281 0.565625 0.046875 0.090625
1 0.171094 0.586719 0.053125 0.083594
1 0.161719 0.529687 0.056250 0.092969
1 0.125781 0.613281 0.059375 0.071875
1 0.075000 0.633594 0.067187 0.078125
1 0.028125 0.656250 0.056250 0.081250
1 0.113281 0.544531 0.062500 0.099219
1 0.059375 0.561719 0.071094 0.106250
1 0.020313 0.576562 0.040625 0.108594
1 0.230469 0.394531 0.048438 0.075781
1 0.187500 0.402344 0.053906 0.080469
1 0.140625 0.410938 0.060937 0.085938
1 0.087500 0.421094 0.069531 0.091406
1 0.034375 0.431250 0.068750 0.098437
1 0.004687 0.435156 0.009375 0.092188
1 0.462500 0.366406 0.035937 0.051562
1 0.449219 0.371094 0.022656 0.054688
1 0.402344 0.385156 0.027344 0.050000
1 0.426563 0.379688 0.024219 0.048438
1 0.417969 0.332031 0.039062 0.053906
1 0.393750 0.335938 0.040625 0.056250
1 0.367969 0.339844 0.041406 0.059375
1 0.339844 0.343750 0.043750 0.061719
1 0.376563 0.391406 0.028906 0.053125
1 0.348438 0.397656 0.032031 0.054688
1 0.314063 0.399219 0.043750 0.068750
2 0.770312 0.544531 0.046094 0.042969
