2 0.971875 0.980469 0.055469 0.038281
2 0.872656 0.501563 0.025000 0.013281
2 0.896875 0.503125 0.064844 0.014844
2 0.945312 0.517188 0.108594 0.028906
2 0.935156 0.512500 0.094531 0.021094
2 0.928125 0.510938 0.079687 0.020313
2 0.979688 0.533594 0.039844 0.049219
2 0.946094 0.857031 0.082812 0.107031
2 0.882812 0.721875 0.020313 0.040625
2 0.917188 0.785156 0.057813 0.068750
2 0.870313 0.698438 0.007031 0.032031
2 0.865625 0.680469 0.005469 0.028125
2 0.960938 0.742969 0.077344 0.076563
1 0.875000 0.608594 0.002344 0.021875
1 0.894531 0.613281 0.023438 0.046094
1 0.900000 0.571094 0.033594 0.040625
1 0.942187 0.589063 0.071094 0.025781
1 0.909375 0.665625 0.005469 0.043750
1 0.914062 0.668750 0.003906 0.049219
1 0.963281 0.683594 0.071875 0.076563
1 0.952344 0.617969 0.078906 0.074219
1 0.942969 0.308594 0.010937 0.065625
1 0.954688 0.292969 0.012500 0.071875
1 0.985938 0.249219 0.018750 0.091406
1 0.968750 0.273438 0.014844 0.079687
1 0.969531 0.201563 0.015625 0.106250
1 0.986719 0.170313 0.018750 0.120313
1 0.997656 0.152344 0.003906 0.099219
1 0.997656 0.235937 0.003906 0.076563
2 0.410938 0.717969 0.066406 0.053125
2 0.598437 0.498437 0.011719 0.008594
2 0.575781 0.499219 0.032031 0.009375
2 0.092188 0.728125 0.141406 0.096875
2 0.367188 0.638281 0.076563 0.044531
2 0.412500 0.621094 0.066406 0.035937
2 0.453906 0.608594 0.058594 0.030469
2 0.485156 0.504687 0.048438 0.013281
2 0.515625 0.503906 0.029687 0.011719
2 0.535156 0.503125 0.032031 0.010937
2 0.535937 0.648438 0.042969 0.028906
2 0.448437 0.696875 0.058594 0.043750
2 0.100000 0.900000 0.138281 0.148438
2 0.360156 0.510156 0.074219 0.020313
2 0.409375 0.508594 0.051562 0.018750
2 0.489844 0.675000 0.051562 0.036719
1 0.580469 0.560937 0.016406 0.024219
1 0.232031 0.665625 0.061719 0.075000
2 0.558594 0.636719 0.038281 0.020313
2 0.582031 0.628125 0.021094 0.018750
2 0.594531 0.619531 0.019531 0.017969
2 0.561719 0.574219 0.027344 0.014063
1 0.543750 0.573438 0.007812 0.028906
1 0.528906 0.576562 0.020313 0.028906
1 0.525000 0.578125 0.011719 0.030469
1 0.526563 0.548438 0.025000 0.028906
1 0.507031 0.553906 0.022656 0.031250
1 0.514062 0.582812 0.009375 0.030469
1 0.503906 0.585938 0.010156 0.031250
1 0.484375 0.588281 0.028906 0.035937
1 0.496875 0.555469 0.024219 0.033594
1 0.307812 0.496875 0.028906 0.050000
1 0.276562 0.497656 0.032031 0.053125
1 0.242969 0.498437 0.036719 0.055469
1 0.242188 0.441406 0.035937 0.057031
1 0.203906 0.498437 0.041406 0.060156
1 0.159375 0.499219 0.047656 0.064844
1 0.107813 0.499219 0.054688 0.069531
1 0.046875 0.500000 0.064844 0.078125
1 0.203125 0.438281 0.041406 0.061719
1 0.158594 0.434375 0.047656 0.066406
1 0.104688 0.429688 0.060156 0.071875
1 0.309375 0.346875 0.028906 0.054688
1 0.278906 0.338281 0.031250 0.057031
1 0.244531 0.328125 0.035156 0.063281
1 0.206250 0.316406 0.041406 0.067969
1 0.161719 0.303125 0.046875 0.073438
1 0.110156 0.288281 0.054688 0.080469
1 0.050781 0.271094 0.064844 0.089844
1 0.470313 0.407031 0.013281 0.035156
1 0.456250 0.403906 0.013281 0.036719
1 0.425781 0.396094 0.016406 0.039062
1 0.441406 0.400781 0.014844 0.038281
1 0.441406 0.365625 0.014844 0.039844
1 0.425781 0.359375 0.016406 0.041406
1 0.407813 0.353906 0.017969 0.044531
1 0.379688 0.346875 0.038281 0.046875
1 0.407813 0.391406 0.017188 0.040625
1 0.389062 0.387500 0.019531 0.043750
1 0.361719 0.381250 0.034375 0.046094
2 0.682031 0.603125 0.034375 0.017969
