1 0.207813 0.349219 0.334375 0.285938
1 0.069531 0.139063 0.139063 0.203125
1 0.033594 0.349219 0.067187 0.204687
1 0.049219 0.537500 0.098437 0.203125
1 0.062500 0.688281 0.125000 0.189062
1 0.078125 0.828906 0.156250 0.207813
1 0.354687 0.536719 0.250000 0.217188
1 0.353125 0.720313 0.246875 0.165625
1 0.360156 0.891406 0.235937 0.179688
1 0.513281 0.073438 0.342187 0.140625
1 0.574219 0.178906 0.279687 0.201563
1 0.575000 0.373437 0.250000 0.178125
1 0.585938 0.546875 0.240625 0.159375
1 0.578125 0.705469 0.221875 0.154688
1 0.589844 0.845313 0.217188 0.162500
1 0.849219 0.697656 0.301563 0.379688
1 0.828125 0.318750 0.209375 0.209375
