1 0.368750 0.132812 0.131250 0.175000
1 0.306250 0.242969 0.121875 0.160938
1 0.262500 0.346094 0.125000 0.160938
1 0.214844 0.454688 0.164062 0.206250
1 0.141406 0.580469 0.154688 0.226562
1 0.521875 0.232813 0.071875 0.096875
1 0.489844 0.325000 0.079687 0.103125
1 0.565625 0.328906 0.081250 0.107813
1 0.593750 0.423438 0.096875 0.137500
1 0.495312 0.431250 0.121875 0.137500
1 0.469531 0.561719 0.110937 0.160938
1 0.567187 0.547656 0.093750 0.135937
1 0.521094 0.736719 0.145313 0.198437
1 0.743750 0.724219 0.090625 0.164062
1 0.686719 0.582812 0.082812 0.150000
1 0.654687 0.543750 0.090625 0.131250
1 0.764062 0.240625 0.090625 0.103125
1 0.751563 0.340625 0.084375 0.090625
1 0.762500 0.435156 0.084375 0.110937
1 0.757031 0.540625 0.089063 0.131250
1 0.822656 0.525000 0.048438 0.096875
1 0.883594 0.532031 0.067187 0.098437
1 0.892969 0.628906 0.089063 0.120313
