1 0.378906 0.267969 0.096094 0.161719
1 0.275781 0.403906 0.087500 0.170313
1 0.359375 0.424219 0.097656 0.164844
1 0.243750 0.581250 0.096094 0.171094
1 0.353125 0.579688 0.096094 0.142187
1 0.488281 0.407813 0.123438 0.135937
1 0.256250 0.725781 0.096094 0.125781
1 0.355469 0.713281 0.121094 0.146094
1 0.278125 0.846875 0.115625 0.125781
1 0.374219 0.847656 0.088281 0.139063
1 0.455469 0.846094 0.085938 0.137500
1 0.542969 0.849219 0.088281 0.142187
1 0.628125 0.852344 0.092188 0.153125
1 0.713281 0.861719 0.096875 0.150781
1 0.485938 0.678906 0.107813 0.132031
1 0.594531 0.679688 0.114062 0.134375
1 0.704688 0.677344 0.114062 0.134375
1 0.485938 0.542969 0.096094 0.139063
1 0.625781 0.342187 0.105469 0.075781
1 0.632812 0.434375 0.111719 0.109375
1 0.630469 0.246094 0.096094 0.129688
