1 0.135937 0.805469 0.118750 0.379688
1 0.221094 0.864062 0.164062 0.262500
1 0.156250 0.855469 0.231250 0.273438
1 0.053906 0.716406 0.048438 0.148438
1 0.142187 0.607812 0.168750 0.340625
1 0.319531 0.660937 0.289062 0.668750
1 0.410938 0.471094 0.087500 0.326562
1 0.321094 0.261719 0.095312 0.523438
1 0.321094 0.216406 0.151562 0.235937
1 0.254688 0.301563 0.053125 0.196875
1 0.402344 0.578125 0.317188 0.556250
1 0.616406 0.794531 0.326562 0.320312
1 0.783594 0.754687 0.354687 0.475000
1 0.709375 0.805469 0.528125 0.379688
1 0.850781 0.900000 0.151562 0.190625
1 0.509375 0.295312 0.168750 0.587500
1 0.473438 0.408594 0.053125 0.398438
1 0.568750 0.264062 0.134375 0.528125
1 0.680469 0.282813 0.092188 0.209375
1 0.664062 0.091406 0.053125 0.182812
1 0.718750 0.294531 0.134375 0.392188
1 0.833594 0.727344 0.332813 0.529687
1 0.900000 0.504687 0.193750 0.446875
1 0.780469 0.359375 0.079687 0.209375
1 0.900000 0.149219 0.196875 0.298438
1 0.825000 0.188281 0.071875 0.201563
1 0.780469 0.045312 0.039062 0.090625
1 0.771875 0.238281 0.087500 0.110937
