1 0.092188 0.720313 0.121094 0.193750
1 0.097656 0.874219 0.134375 0.141406
1 0.088281 0.143750 0.176563 0.238281
1 0.300000 0.136719 0.142187 0.235156
1 0.460938 0.137500 0.164062 0.217188
1 0.603125 0.127344 0.129688 0.209375
1 0.734375 0.106250 0.143750 0.212500
1 0.319531 0.707812 0.107813 0.150781
1 0.322656 0.853906 0.103906 0.139063
1 0.428906 0.714063 0.111719 0.152344
1 0.432031 0.854688 0.121094 0.153906
1 0.546094 0.671875 0.134375 0.185938
1 0.550781 0.850000 0.119531 0.161719
1 0.700000 0.472656 0.208594 0.189062
1 0.709375 0.661719 0.210938 0.193750
1 0.712500 0.840625 0.212500 0.192188
1 0.903125 0.682813 0.191406 0.182031
1 0.903906 0.853906 0.187500 0.171094
