2 0.376563 0.798438 0.086719 0.073438
2 0.671094 0.528906 0.044531 0.014063
2 0.646094 0.527344 0.052344 0.015625
2 0.302344 0.676562 0.096094 0.051562
2 0.380469 0.662500 0.085156 0.041406
2 0.447656 0.653906 0.072656 0.036719
2 0.500000 0.516406 0.064062 0.020313
2 0.544531 0.520312 0.050000 0.018750
2 0.582031 0.523438 0.046875 0.015625
2 0.585938 0.725000 0.061719 0.039062
2 0.439844 0.775781 0.078906 0.060937
2 0.297656 0.496875 0.081250 0.032031
2 0.369531 0.503125 0.067187 0.028906
2 0.507812 0.753906 0.071094 0.051562
1 0.653906 0.611719 0.031250 0.031250
1 0.076563 0.686719 0.114062 0.090625
2 0.624219 0.714844 0.057031 0.028125
2 0.660156 0.704688 0.035156 0.024219
2 0.682813 0.696094 0.032813 0.021875
2 0.624219 0.626563 0.046875 0.016406
1 0.593750 0.621094 0.014063 0.038281
1 0.570312 0.622656 0.033594 0.039844
1 0.561719 0.624219 0.021094 0.042969
1 0.569531 0.586719 0.033594 0.035937
1 0.539062 0.588281 0.024219 0.039844
1 0.543750 0.628125 0.016406 0.041406
1 0.526563 0.630469 0.017188 0.042969
1 0.499219 0.631250 0.036719 0.046875
1 0.517188 0.589063 0.035937 0.041406
1 0.200781 0.471094 0.049219 0.068750
1 0.150781 0.465625 0.056250 0.071875
1 0.093750 0.459375 0.063281 0.076563
1 0.103125 0.389062 0.071875 0.080469
1 0.033594 0.453125 0.066406 0.081250
1 0.035156 0.377344 0.070312 0.085938
1 0.002344 0.370312 0.004687 0.074219
1 0.212500 0.280469 0.046094 0.070312
1 0.164062 0.264062 0.053125 0.075781
1 0.110156 0.246094 0.059375 0.080469
1 0.050000 0.225000 0.067187 0.086719
1 0.010156 0.210938 0.020313 0.075781
1 0.470313 0.385937 0.021094 0.045312
1 0.447656 0.378125 0.022656 0.046875
1 0.397656 0.363281 0.027344 0.051562
1 0.423438 0.371094 0.025000 0.049219
1 0.424219 0.327344 0.025000 0.053125
1 0.397656 0.317969 0.027344 0.055469
1 0.370312 0.307031 0.029687 0.058594
1 0.335938 0.294531 0.039844 0.061719
1 0.368750 0.353906 0.029687 0.054688
1 0.338281 0.344531 0.032031 0.056250
1 0.302344 0.333594 0.040625 0.060156
2 0.825781 0.682813 0.060937 0.028906
