2 0.398438 0.743750 0.071094 0.074219
2 0.667188 0.468750 0.047656 0.015625
2 0.643750 0.471875 0.050000 0.016406
2 0.045312 0.748437 0.089844 0.093750
2 0.333594 0.661719 0.078906 0.068750
2 0.397656 0.637500 0.072656 0.056250
2 0.454688 0.621094 0.063281 0.050781
2 0.502344 0.492969 0.058594 0.026562
2 0.537500 0.488281 0.059375 0.023438
2 0.577344 0.483594 0.050781 0.021094
2 0.579688 0.658594 0.054688 0.043750
2 0.450000 0.718750 0.066406 0.064844
2 0.053125 0.906250 0.106250 0.133594
2 0.321094 0.518750 0.070312 0.041406
2 0.378906 0.510938 0.068750 0.036719
2 0.508594 0.692969 0.061719 0.055469
1 0.648438 0.549219 0.027344 0.032031
1 0.160156 0.696094 0.080469 0.085156
2 0.615625 0.645312 0.050781 0.029687
2 0.649219 0.632812 0.032031 0.026562
2 0.671094 0.621875 0.030469 0.024219
2 0.617969 0.567969 0.044531 0.023438
1 0.588281 0.568750 0.013281 0.039844
1 0.566406 0.573438 0.030469 0.039844
1 0.558594 0.575781 0.019531 0.044531
1 0.567187 0.540625 0.030469 0.039844
1 0.533594 0.548438 0.030469 0.043750
1 0.541406 0.586719 0.014844 0.038281
1 0.525781 0.591406 0.015625 0.039844
1 0.500781 0.591406 0.032031 0.050000
1 0.517969 0.552344 0.032031 0.045312
1 0.239844 0.511719 0.039844 0.064844
1 0.199219 0.516406 0.045312 0.067969
1 0.154688 0.525000 0.049219 0.064844
1 0.153906 0.463281 0.057031 0.064062
1 0.105469 0.530469 0.055469 0.068750
1 0.050781 0.536719 0.062500 0.073438
1 0.012500 0.541406 0.025000 0.071094
1 0.103906 0.465625 0.061719 0.067969
1 0.048438 0.468750 0.069531 0.071875
1 0.013281 0.469531 0.025781 0.073438
1 0.235156 0.340625 0.041406 0.060937
1 0.192969 0.336719 0.047656 0.064844
1 0.146094 0.332031 0.051562 0.068750
1 0.095312 0.328125 0.057031 0.071875
1 0.038281 0.322656 0.065625 0.076563
1 0.005469 0.320312 0.010937 0.074219
1 0.472656 0.379688 0.020313 0.042969
1 0.451562 0.378125 0.022656 0.043750
1 0.404687 0.375781 0.025781 0.046875
1 0.428906 0.377344 0.023438 0.045312
1 0.428125 0.332031 0.024219 0.046875
1 0.403906 0.328906 0.025781 0.049219
1 0.376563 0.325781 0.027344 0.050781
1 0.345313 0.321094 0.036719 0.053906
1 0.378125 0.373437 0.027344 0.049219
1 0.350000 0.371875 0.029687 0.050781
1 0.317188 0.369531 0.038281 0.053906
2 0.802344 0.619531 0.052344 0.036719
