2 0.410156 0.665625 0.074219 0.057031
2 0.946094 0.402344 0.106250 0.025000
2 0.873437 0.402344 0.125000 0.025000
2 0.555469 0.406250 0.061719 0.025781
2 0.619531 0.406250 0.081250 0.025000
2 0.697656 0.407031 0.091406 0.025000
2 0.155469 0.657813 0.103906 0.054688
2 0.323437 0.406250 0.085938 0.025781
2 0.382031 0.406250 0.077344 0.025781
2 0.560156 0.673438 0.069531 0.060156
1 0.924219 0.546875 0.077344 0.065625
1 0.277344 0.544531 0.017188 0.020313
1 0.257812 0.546875 0.025781 0.021875
1 0.248438 0.537500 0.025000 0.030469
1 0.205469 0.544531 0.027344 0.020313
1 0.232031 0.540625 0.025000 0.020313
2 0.777344 0.680469 0.102344 0.061719
2 0.650781 0.675781 0.082812 0.060937
2 0.858594 0.689844 0.087500 0.046094
2 0.928906 0.689844 0.096094 0.051562
2 0.475000 0.554688 0.060937 0.050000
1 0.857812 0.544531 0.035156 0.060937
1 0.815625 0.542969 0.057031 0.064062
1 0.785937 0.542188 0.055469 0.064062
1 0.817969 0.494531 0.063281 0.060937
1 0.607031 0.492188 0.035156 0.058594
1 0.608594 0.546094 0.029687 0.048438
1 0.578125 0.540625 0.032031 0.060156
1 0.550000 0.538281 0.030469 0.061719
1 0.578125 0.491406 0.033594 0.059375
1 0.497656 0.246094 0.030469 0.054688
1 0.466406 0.246875 0.031250 0.054688
1 0.405469 0.246875 0.030469 0.053906
1 0.435937 0.246875 0.030469 0.053906
1 0.437500 0.191406 0.036719 0.056250
1 0.403906 0.191406 0.031250 0.057031
1 0.373437 0.192969 0.032031 0.057031
1 0.343750 0.192969 0.032031 0.056250
1 0.375781 0.248438 0.031250 0.053906
1 0.345313 0.248438 0.030469 0.053906
1 0.316406 0.248438 0.031250 0.053906
1 0.257812 0.231250 0.056250 0.063281
1 0.216406 0.227344 0.033594 0.053125
1 0.186719 0.228125 0.032813 0.053906
1 0.157812 0.228125 0.032813 0.053125
1 0.128906 0.228125 0.033594 0.053125
1 0.100000 0.228906 0.032813 0.053125
1 0.071875 0.228906 0.033594 0.053125
1 0.264844 0.390625 0.052344 0.050781
1 0.225781 0.390625 0.032031 0.050781
1 0.197656 0.390625 0.031250 0.050000
1 0.207813 0.339062 0.060156 0.050781
1 0.169531 0.390625 0.031250 0.050000
1 0.142187 0.390625 0.032031 0.050000
1 0.114844 0.390625 0.032031 0.050000
1 0.087500 0.390625 0.032031 0.050781
1 0.165625 0.339062 0.032031 0.050781
1 0.136719 0.339062 0.032031 0.050781
1 0.109375 0.339062 0.032031 0.050781
2 0.467969 0.506250 0.030469 0.016406
2 0.701562 0.385937 0.032031 0.009375
2 0.665625 0.385937 0.039062 0.009375
2 0.345313 0.451562 0.036719 0.011719
2 0.436719 0.453125 0.032031 0.013281
2 0.467187 0.453125 0.030469 0.013281
2 0.497656 0.453125 0.024219 0.014063
2 0.532813 0.388281 0.022656 0.009375
2 0.559375 0.388281 0.030469 0.009375
2 0.592187 0.388281 0.033594 0.009375
2 0.496094 0.507031 0.028906 0.015625
2 0.349219 0.505469 0.036719 0.015625
2 0.431250 0.388281 0.026562 0.009375
2 0.457813 0.388281 0.028125 0.009375
2 0.535156 0.507812 0.028125 0.015625
1 0.666406 0.448437 0.021094 0.023438
1 0.380469 0.446875 0.022656 0.021094
2 0.635938 0.511719 0.024219 0.010937
2 0.661719 0.509375 0.033594 0.015625
2 0.691406 0.510156 0.035156 0.016406
2 0.633594 0.453906 0.033594 0.011719
1 0.596094 0.448437 0.012500 0.021875
1 0.583594 0.448437 0.012500 0.021094
1 0.570312 0.447656 0.014844 0.021094
1 0.554688 0.448437 0.012500 0.020313
1 0.542188 0.448437 0.011719 0.020313
1 0.529687 0.447656 0.011719 0.021094
1 0.405469 0.381250 0.016406 0.021094
1 0.390625 0.381250 0.012500 0.021094
1 0.378125 0.381250 0.011719 0.020313
1 0.380469 0.359375 0.017969 0.021094
1 0.366406 0.381250 0.012500 0.020313
1 0.353906 0.381250 0.012500 0.020313
1 0.342187 0.381250 0.011719 0.020313
1 0.329688 0.381250 0.011719 0.021094
1 0.365625 0.359375 0.011719 0.021094
1 0.353125 0.359375 0.012500 0.021094
1 0.341406 0.359375 0.012500 0.021094
1 0.403906 0.314063 0.016406 0.019531
1 0.389844 0.314063 0.012500 0.019531
1 0.377344 0.314063 0.012500 0.019531
1 0.364844 0.314063 0.012500 0.019531
1 0.352344 0.314063 0.013281 0.019531
1 0.339844 0.314844 0.012500 0.018750
1 0.327344 0.314844 0.012500 0.018750
1 0.507812 0.321094 0.011719 0.021875
1 0.494531 0.321094 0.012500 0.021875
1 0.469531 0.321875 0.012500 0.021875
1 0.482031 0.321875 0.012500 0.021094
1 0.482031 0.307031 0.013281 0.006250
1 0.468750 0.307031 0.011719 0.005469
1 0.456250 0.307031 0.011719 0.005469
1 0.443750 0.307031 0.011719 0.005469
1 0.457031 0.321875 0.012500 0.021875
1 0.443750 0.321875 0.011719 0.021875
1 0.432031 0.321875 0.012500 0.021875
