2 0.464844 0.752344 0.067969 0.039844
2 0.944531 0.453125 0.109375 0.051562
2 0.321094 0.639062 0.046094 0.014063
2 0.418750 0.644531 0.059375 0.019531
2 0.465625 0.647656 0.066406 0.021094
2 0.511719 0.650781 0.067969 0.024219
2 0.565625 0.510938 0.052344 0.025781
2 0.630469 0.503125 0.078125 0.028906
2 0.712500 0.490625 0.085938 0.033594
2 0.740625 0.819531 0.099219 0.075000
2 0.511719 0.764062 0.071875 0.044531
2 0.324219 0.719531 0.055469 0.025781
2 0.417969 0.532031 0.058594 0.020313
2 0.451562 0.528125 0.063281 0.021875
2 0.583594 0.782031 0.078906 0.053906
1 0.978906 0.655469 0.041406 0.075781
1 0.357812 0.631250 0.030469 0.033594
2 0.882812 0.853125 0.148438 0.096094
2 0.968750 0.871094 0.061719 0.081250
2 0.868750 0.671875 0.135937 0.038281
1 0.732812 0.646094 0.039844 0.059375
1 0.696094 0.644531 0.037500 0.056250
1 0.661719 0.643750 0.033594 0.054688
1 0.693750 0.589063 0.038281 0.055469
1 0.623437 0.590625 0.036719 0.050000
1 0.625000 0.641406 0.037500 0.051562
1 0.592969 0.641406 0.027344 0.049219
1 0.567187 0.639844 0.025781 0.048438
1 0.592187 0.591406 0.026562 0.048438
1 0.389844 0.528906 0.032031 0.033594
1 0.367969 0.531250 0.013281 0.032031
1 0.355469 0.532813 0.012500 0.030469
1 0.365625 0.502344 0.032031 0.032031
1 0.343750 0.534375 0.011719 0.030469
1 0.332031 0.536719 0.011719 0.029687
1 0.321875 0.538281 0.010937 0.028906
1 0.311719 0.539844 0.010156 0.028125
1 0.344531 0.505469 0.011719 0.030469
1 0.333594 0.507812 0.011719 0.030469
1 0.322656 0.509375 0.011719 0.030469
1 0.393750 0.432031 0.031250 0.035937
1 0.371875 0.434375 0.013281 0.031250
1 0.359375 0.438281 0.012500 0.030469
1 0.347656 0.442188 0.011719 0.028906
1 0.336719 0.446094 0.011719 0.028906
1 0.326562 0.450000 0.010937 0.028125
1 0.316406 0.453125 0.010156 0.026562
1 0.528906 0.403906 0.033594 0.051562
1 0.501563 0.404687 0.019531 0.040625
1 0.464844 0.416406 0.016406 0.036719
1 0.482812 0.410938 0.017969 0.039062
1 0.489844 0.375781 0.033594 0.042969
1 0.464844 0.382031 0.017188 0.040625
1 0.448437 0.389062 0.016406 0.039062
1 0.432031 0.394531 0.015625 0.038281
1 0.447656 0.421875 0.016406 0.035937
1 0.432031 0.426563 0.015625 0.035156
1 0.416406 0.432031 0.014844 0.034375
