2 0.996875 0.434375 0.004687 0.017969
2 0.414844 0.708594 0.100781 0.061719
2 0.634375 0.477344 0.014063 0.015625
2 0.612500 0.471094 0.035156 0.017969
2 0.522656 0.426563 0.050000 0.030469
2 0.553125 0.440625 0.033594 0.024219
2 0.575000 0.452344 0.032031 0.021094
2 0.342969 0.332031 0.119531 0.071875
2 0.418750 0.367969 0.077344 0.055469
2 0.521094 0.667969 0.069531 0.036719
1 0.629687 0.549219 0.017188 0.025781
1 0.222656 0.557031 0.036719 0.025000
1 0.182812 0.556250 0.044531 0.030469
1 0.132812 0.546875 0.046094 0.049219
1 0.010937 0.555469 0.021875 0.035937
1 0.073438 0.554688 0.049219 0.031250
2 0.598437 0.638281 0.044531 0.020313
2 0.559375 0.653125 0.058594 0.026562
2 0.622656 0.631250 0.022656 0.017969
2 0.635156 0.625781 0.021094 0.016406
2 0.476562 0.555469 0.083594 0.021875
1 0.617969 0.548438 0.005469 0.028125
1 0.611719 0.548438 0.006250 0.028906
1 0.594531 0.547656 0.028906 0.030469
1 0.600781 0.518750 0.027344 0.028906
1 0.550781 0.506250 0.010156 0.039844
1 0.550781 0.544531 0.010156 0.039062
1 0.539844 0.543750 0.011719 0.040625
1 0.513281 0.542969 0.039844 0.043750
1 0.526563 0.503125 0.038281 0.041406
1 0.499219 0.278906 0.015625 0.049219
1 0.482812 0.262500 0.017188 0.053125
1 0.442188 0.224219 0.022656 0.061719
1 0.464062 0.244531 0.019531 0.056250
1 0.464062 0.200781 0.019531 0.066406
1 0.442969 0.178125 0.022656 0.073438
1 0.419531 0.151562 0.025000 0.079687
1 0.379688 0.122656 0.053906 0.088281
1 0.418750 0.201563 0.025000 0.067969
1 0.391406 0.175781 0.028906 0.074219
1 0.349219 0.145313 0.055469 0.083594
1 0.260156 0.036719 0.054688 0.073438
1 0.221094 0.011719 0.026562 0.023438
1 0.249219 0.260937 0.057813 0.103906
1 0.186719 0.226562 0.071094 0.119531
1 0.110156 0.183594 0.090625 0.138281
1 0.114844 0.089063 0.089063 0.155469
1 0.035156 0.141406 0.069531 0.139844
1 0.037500 0.057031 0.075000 0.114062
2 0.214844 0.635938 0.059375 0.021875
2 0.446094 0.501563 0.022656 0.010156
2 0.423438 0.498437 0.032813 0.010937
2 0.158594 0.556250 0.006250 0.013281
2 0.244531 0.557031 0.007031 0.011719
2 0.269531 0.557031 0.042188 0.010937
2 0.307812 0.481250 0.042188 0.013281
2 0.343750 0.485156 0.028906 0.013281
2 0.372656 0.490625 0.028906 0.011719
2 0.370312 0.615625 0.039844 0.014063
2 0.260156 0.629687 0.052344 0.020313
2 0.165625 0.455469 0.053906 0.021875
2 0.213281 0.463281 0.046094 0.020313
2 0.310156 0.622656 0.046875 0.015625
1 0.028125 0.543750 0.056250 0.040625
2 0.403125 0.611719 0.032031 0.011719
2 0.426563 0.608594 0.025781 0.010156
2 0.446094 0.606250 0.022656 0.010156
1 0.338281 0.517188 0.011719 0.004687
1 0.314063 0.549219 0.005469 0.025000
1 0.321875 0.525000 0.019531 0.024219
1 0.102344 0.435937 0.031250 0.039844
1 0.071875 0.430469 0.033594 0.041406
1 0.038281 0.424219 0.036719 0.042969
1 0.040625 0.386719 0.036719 0.045312
1 0.010937 0.418750 0.021875 0.041406
1 0.012500 0.379688 0.024219 0.044531
1 0.110156 0.335156 0.029687 0.029687
1 0.079687 0.325781 0.032031 0.031250
1 0.047656 0.314844 0.035156 0.033594
1 0.015625 0.303906 0.031250 0.034375
1 0.287500 0.400000 0.013281 0.028125
1 0.263281 0.392969 0.003906 0.025781
1 0.234375 0.383594 0.019531 0.031250
1 0.252344 0.389062 0.017969 0.029687
1 0.253125 0.375000 0.017188 0.007031
1 0.234375 0.368750 0.017969 0.007031
1 0.214844 0.361719 0.019531 0.009375
1 0.190625 0.353906 0.027344 0.010937
1 0.214062 0.376563 0.020313 0.033594
1 0.193750 0.369531 0.022656 0.034375
1 0.167969 0.363281 0.030469 0.036719
2 0.829688 0.625781 0.081250 0.024219
2 0.520312 0.590625 0.028906 0.009375
