2 0.418750 0.758594 0.067969 0.040625
2 0.871875 0.511719 0.083594 0.021875
2 0.803906 0.512500 0.092969 0.023438
2 0.184375 0.644531 0.091406 0.023438
2 0.360156 0.646875 0.074219 0.025000
2 0.421094 0.646094 0.066406 0.025781
2 0.479687 0.646875 0.051562 0.028125
2 0.546094 0.515625 0.049219 0.018750
2 0.600781 0.516406 0.059375 0.017969
2 0.664062 0.515625 0.067187 0.016406
2 0.677344 0.764062 0.080469 0.042969
2 0.477344 0.759375 0.061719 0.040625
2 0.181250 0.754687 0.092969 0.039062
2 0.350000 0.516406 0.053906 0.019531
2 0.404687 0.516406 0.060156 0.019531
2 0.556250 0.762500 0.064062 0.041406
1 0.817969 0.636719 0.055469 0.046875
1 0.252344 0.633594 0.050781 0.045312
2 0.754687 0.765625 0.091406 0.043750
2 0.827344 0.769531 0.078906 0.035937
2 0.890625 0.769531 0.086719 0.039062
2 0.748437 0.648438 0.086719 0.024219
1 0.678906 0.634375 0.026562 0.046875
1 0.648438 0.634375 0.035156 0.046875
1 0.624219 0.634375 0.033594 0.046094
1 0.647656 0.591406 0.035937 0.042969
1 0.593750 0.591406 0.024219 0.042969
1 0.595313 0.635938 0.024219 0.043750
1 0.570312 0.635938 0.024219 0.043750
1 0.544531 0.634375 0.025781 0.046094
1 0.567969 0.591406 0.027344 0.042969
1 0.308594 0.506250 0.039844 0.039844
1 0.277344 0.506250 0.025000 0.039844
1 0.253906 0.506250 0.024219 0.039062
1 0.264844 0.466406 0.042969 0.039844
1 0.230469 0.506250 0.024219 0.039062
1 0.207813 0.506250 0.025000 0.039062
1 0.185156 0.507031 0.024219 0.039844
1 0.162500 0.507031 0.024219 0.039844
1 0.232813 0.466406 0.024219 0.039062
1 0.210156 0.466406 0.024219 0.039062
1 0.187500 0.467187 0.024219 0.039844
1 0.314063 0.387500 0.038281 0.045312
1 0.283594 0.382812 0.024219 0.035937
1 0.260937 0.382812 0.023438 0.035937
1 0.238281 0.383594 0.023438 0.035937
1 0.215625 0.383594 0.024219 0.035937
1 0.193750 0.384375 0.023438 0.035156
1 0.171094 0.384375 0.024219 0.035937
1 0.499219 0.403125 0.022656 0.053125
1 0.475781 0.396094 0.023438 0.038281
1 0.428906 0.396875 0.023438 0.035937
1 0.452344 0.396094 0.022656 0.036719
1 0.454688 0.358594 0.026562 0.039062
1 0.428906 0.358594 0.022656 0.039062
1 0.406250 0.359375 0.022656 0.039062
1 0.383594 0.359375 0.022656 0.039062
1 0.405469 0.396875 0.023438 0.036719
1 0.382812 0.396875 0.023438 0.036719
1 0.359375 0.396875 0.023438 0.036719
