3 0.325781 0.549219 0.039844 0.109375
2 0.117969 0.648438 0.044531 0.031250
2 0.196875 0.541406 0.048438 0.010156
2 0.150781 0.541406 0.021094 0.014844
2 0.122656 0.542969 0.035156 0.016406
2 0.067969 0.542969 0.072656 0.019531
2 0.039844 0.375000 0.063281 0.048438
2 0.006250 0.357812 0.012500 0.031250
2 0.195312 0.608594 0.049219 0.017969
2 0.161719 0.438281 0.019531 0.021875
2 0.117188 0.424219 0.067969 0.030469
1 0.003125 0.525781 0.006250 0.057813
1 0.018750 0.526563 0.028906 0.058594
1 0.004687 0.467969 0.008594 0.059375
1 0.048438 0.249219 0.071094 0.068750
1 0.092188 0.272656 0.017969 0.053125
1 0.123438 0.303125 0.014063 0.044531
1 0.108594 0.289062 0.015625 0.048438
1 0.088281 0.246094 0.059375 0.064844
1 0.124219 0.266406 0.014063 0.051562
1 0.136719 0.281250 0.012500 0.048438
1 0.148438 0.293750 0.011719 0.045312
1 0.135937 0.314844 0.012500 0.040625
1 0.147656 0.325781 0.011719 0.039062
1 0.157812 0.335938 0.010156 0.036719
1 0.172656 0.342969 0.021094 0.034375
1 0.186719 0.352344 0.007031 0.030469
1 0.193750 0.359375 0.007031 0.028906
1 0.200781 0.366406 0.006250 0.028125
1 0.207031 0.372656 0.006250 0.026562
1 0.212500 0.378906 0.005469 0.025000
1 0.217188 0.384375 0.004687 0.024219
1 0.161719 0.436719 0.038281 0.034375
1 0.185156 0.441406 0.007812 0.029687
1 0.192188 0.446094 0.007031 0.028906
1 0.178906 0.417969 0.034375 0.033594
1 0.199219 0.449219 0.006250 0.026562
1 0.205469 0.453125 0.006250 0.025781
1 0.210938 0.456250 0.005469 0.025000
1 0.216406 0.458594 0.005469 0.024219
1 0.200000 0.424219 0.007031 0.029687
1 0.205469 0.428125 0.006250 0.028906
1 0.211719 0.432031 0.005469 0.026562
2 0.492188 0.620313 0.044531 0.021875
2 0.881250 0.115625 0.235937 0.230469
2 0.714063 0.250000 0.117188 0.128125
2 0.507812 0.424219 0.019531 0.026562
2 0.529687 0.407031 0.024219 0.032031
2 0.570312 0.382031 0.055469 0.045312
2 0.454688 0.595313 0.028906 0.013281
2 0.465625 0.459375 0.022656 0.016406
2 0.476562 0.451562 0.028906 0.018750
2 0.519531 0.646094 0.045312 0.033594
1 0.881250 0.509375 0.185156 0.141406
1 0.464062 0.541406 0.004687 0.007031
2 0.638281 0.735938 0.096875 0.083594
2 0.564063 0.672656 0.078906 0.043750
2 0.739844 0.803906 0.173437 0.133594
2 0.882031 0.900781 0.234375 0.196094
2 0.491406 0.541406 0.032031 0.014844
1 0.724219 0.518750 0.092969 0.093750
1 0.661719 0.521094 0.033594 0.081250
1 0.632031 0.523438 0.027344 0.074219
1 0.684375 0.442188 0.080469 0.085938
1 0.544531 0.485938 0.040625 0.044531
1 0.544531 0.528906 0.040625 0.043750
1 0.519531 0.529687 0.008594 0.040625
1 0.511719 0.530469 0.007812 0.039062
1 0.519531 0.489063 0.008594 0.042969
1 0.506250 0.332031 0.021094 0.034375
1 0.492188 0.341406 0.005469 0.031250
1 0.481250 0.358594 0.004687 0.028125
1 0.486719 0.350781 0.004687 0.028906
1 0.498437 0.323437 0.028125 0.038281
1 0.482031 0.332031 0.003906 0.035156
1 0.477344 0.341406 0.003906 0.034375
1 0.472656 0.349219 0.003906 0.031250
1 0.477344 0.365625 0.003906 0.025781
1 0.472656 0.372656 0.003906 0.025000
1 0.468750 0.378125 0.003125 0.023438
1 0.464844 0.381250 0.004687 0.021875
1 0.457813 0.386719 0.002344 0.019531
1 0.454688 0.392188 0.002344 0.019531
1 0.451562 0.396875 0.002344 0.017969
1 0.449219 0.400781 0.002344 0.017969
1 0.446875 0.404687 0.001563 0.016406
1 0.444531 0.408594 0.001563 0.016406
1 0.457031 0.460156 0.002344 0.020313
1 0.453906 0.462500 0.002344 0.021094
1 0.462500 0.441406 0.020313 0.025000
1 0.450781 0.465625 0.002344 0.019531
1 0.448437 0.467187 0.002344 0.019531
1 0.446094 0.469531 0.002344 0.018750
1 0.443750 0.471094 0.001563 0.018750
1 0.451562 0.444531 0.002344 0.024219
1 0.448437 0.447656 0.001563 0.021094
1 0.446094 0.450000 0.002344 0.021875
2 0.716406 0.603906 0.035937 0.014844
2 0.617188 0.540625 0.003906 0.006250
2 0.774219 0.541406 0.007031 0.009375
2 0.782813 0.453906 0.036719 0.018750
2 0.828906 0.444531 0.053906 0.021094
2 0.893750 0.432031 0.075781 0.025000
2 0.910156 0.639844 0.089063 0.028125
2 0.748437 0.609375 0.042188 0.015625
2 0.625781 0.586719 0.018750 0.009375
2 0.728125 0.467969 0.007031 0.005469
2 0.801562 0.618750 0.064062 0.019531
2 0.976562 0.653906 0.046094 0.026562
2 0.982812 0.543750 0.033594 0.014844
1 0.796094 0.532813 0.003906 0.028906
1 0.785937 0.532813 0.017188 0.028906
1 0.796094 0.514844 0.003125 0.005469
1 0.632031 0.479687 0.006250 0.018750
1 0.625000 0.481250 0.006250 0.017969
1 0.618750 0.482031 0.005469 0.016406
1 0.631250 0.461719 0.007031 0.018750
1 0.625000 0.464062 0.006250 0.018750
1 0.661719 0.403906 0.008594 0.005469
1 0.653125 0.407031 0.007812 0.005469
1 0.631250 0.425000 0.006250 0.016406
1 0.625000 0.427344 0.006250 0.017969
1 0.618750 0.430469 0.005469 0.017969
1 0.760938 0.382812 0.028906 0.028906
1 0.739844 0.388281 0.013281 0.028906
1 0.714063 0.395313 0.010937 0.020313
1 0.726562 0.392969 0.011719 0.025000
1 0.732812 0.369531 0.025781 0.028906
1 0.714063 0.375781 0.011719 0.026562
1 0.703125 0.381250 0.010937 0.026562
1 0.692187 0.385937 0.010156 0.025781
1 0.703125 0.396875 0.010156 0.013281
1 0.692187 0.398438 0.010156 0.006250
2 0.068750 0.884375 0.136719 0.228906
