2 0.428125 0.665625 0.069531 0.096875
2 0.696094 0.317188 0.052344 0.034375
2 0.674219 0.328906 0.050781 0.036719
2 0.526563 0.403906 0.066406 0.060937
2 0.562500 0.384375 0.066406 0.051562
2 0.603906 0.367188 0.055469 0.045312
2 0.116406 0.909375 0.117969 0.179688
2 0.339062 0.507031 0.083594 0.103906
2 0.399219 0.475781 0.080469 0.089844
2 0.528906 0.586719 0.060156 0.074219
1 0.684375 0.396875 0.032031 0.039062
1 0.281250 0.663281 0.021094 0.041406
1 0.259375 0.688281 0.022656 0.046094
1 0.234375 0.684375 0.022656 0.056250
1 0.175000 0.737500 0.024219 0.053125
1 0.207813 0.703906 0.022656 0.046875
2 0.628906 0.511719 0.050781 0.039062
2 0.575781 0.557031 0.056250 0.046875
2 0.662500 0.491406 0.031250 0.035937
2 0.683594 0.473438 0.028906 0.032031
2 0.478906 0.546875 0.067969 0.083594
1 0.667188 0.415625 0.013281 0.038281
1 0.650781 0.423438 0.024219 0.036719
1 0.635938 0.425000 0.032813 0.048438
1 0.650000 0.392188 0.033594 0.041406
1 0.560937 0.450781 0.025781 0.051562
1 0.564063 0.489063 0.016406 0.040625
1 0.539844 0.493750 0.033594 0.050781
1 0.523438 0.500000 0.035156 0.063281
1 0.540625 0.460156 0.035156 0.053906
1 0.488281 0.294531 0.042969 0.066406
1 0.474219 0.301563 0.025781 0.069531
1 0.421094 0.323437 0.032031 0.061719
1 0.448437 0.315625 0.027344 0.060156
1 0.437500 0.256250 0.047656 0.071094
1 0.409375 0.262500 0.050000 0.075000
1 0.378906 0.268750 0.052344 0.078906
1 0.345313 0.276562 0.054688 0.082031
1 0.390625 0.333594 0.035156 0.064844
1 0.358594 0.342969 0.039062 0.067969
1 0.317969 0.344531 0.054688 0.089844
1 0.217969 0.346875 0.063281 0.101562
1 0.164844 0.360938 0.072656 0.109375
1 0.106250 0.375781 0.083594 0.117969
1 0.044531 0.391406 0.089063 0.126562
1 0.011719 0.403125 0.022656 0.120313
1 0.252344 0.525000 0.054688 0.103906
1 0.210938 0.545312 0.057813 0.110937
1 0.164062 0.569531 0.064844 0.114844
1 0.146094 0.511719 0.071094 0.118750
1 0.111719 0.613281 0.074219 0.082031
1 0.053125 0.642969 0.085156 0.089063
1 0.017969 0.668750 0.035937 0.078125
1 0.089844 0.534375 0.081250 0.128125
1 0.036719 0.559375 0.072656 0.138281
1 0.004687 0.572656 0.009375 0.121094
2 0.323437 0.425781 0.039062 0.034375
2 0.515625 0.242969 0.032031 0.013281
2 0.493750 0.247656 0.033594 0.017969
2 0.285938 0.365625 0.015625 0.005469
2 0.444531 0.378125 0.033594 0.025781
2 0.355469 0.413281 0.037500 0.031250
2 0.175781 0.481250 0.008594 0.029687
2 0.260156 0.304688 0.040625 0.031250
2 0.294531 0.296875 0.039062 0.028906
2 0.394531 0.398438 0.032813 0.029687
2 0.471094 0.368750 0.028906 0.019531
2 0.497656 0.359375 0.024219 0.016406
2 0.516406 0.351562 0.024219 0.016406
1 0.213281 0.292969 0.021094 0.016406
1 0.193750 0.299219 0.021094 0.021875
1 0.172656 0.304688 0.021875 0.009375
1 0.168750 0.283594 0.028906 0.040625
1 0.150781 0.309375 0.022656 0.009375
1 0.128125 0.314063 0.024219 0.010156
1 0.103906 0.318750 0.025781 0.010156
1 0.078906 0.319531 0.027344 0.019531
1 0.146094 0.286719 0.030469 0.042969
1 0.122656 0.291406 0.032031 0.043750
1 0.097656 0.296094 0.033594 0.045312
1 0.198437 0.212500 0.027344 0.038281
1 0.176563 0.214844 0.028906 0.039062
1 0.153906 0.217188 0.030469 0.039844
1 0.130469 0.219531 0.032031 0.041406
1 0.105469 0.221875 0.034375 0.042969
1 0.078906 0.225781 0.036719 0.043750
1 0.051562 0.228125 0.039062 0.045312
1 0.345313 0.206250 0.021094 0.031250
1 0.332031 0.208594 0.017969 0.032031
1 0.300000 0.214062 0.020313 0.030469
1 0.316406 0.211719 0.018750 0.029687
1 0.314063 0.189844 0.017188 0.016406
1 0.297656 0.191406 0.018750 0.017969
1 0.279687 0.193750 0.019531 0.018750
1 0.260937 0.195312 0.022656 0.018750
1 0.283594 0.217188 0.021094 0.030469
1 0.266406 0.218750 0.021875 0.030469
1 0.254688 0.217969 0.009375 0.034375
2 0.866406 0.617969 0.078125 0.088281
2 0.590625 0.348438 0.029687 0.014844
