3 0.260937 0.544531 0.056250 0.126562
2 0.046875 0.695312 0.077344 0.055469
2 0.076563 0.539062 0.049219 0.014844
2 0.067969 0.550781 0.032031 0.024219
2 0.065625 0.559375 0.028125 0.031250
2 0.079687 0.344531 0.028906 0.057031
2 0.055469 0.301563 0.042969 0.090625
2 0.070312 0.630469 0.061719 0.031250
2 0.091406 0.408594 0.003125 0.025000
2 0.084375 0.396094 0.010156 0.030469
2 0.045312 0.774219 0.028906 0.084375
1 0.024219 0.461719 0.033594 0.088281
1 0.022656 0.552344 0.033594 0.095312
1 0.041406 0.548438 0.008594 0.084375
1 0.048438 0.545312 0.007031 0.075781
1 0.043750 0.465625 0.007812 0.082031
1 0.067187 0.130469 0.002344 0.016406
1 0.081250 0.207031 0.001563 0.038281
1 0.082812 0.378906 0.010156 0.014063
2 0.018750 0.876563 0.036719 0.143750
2 0.470313 0.606250 0.046094 0.021094
2 0.863281 0.366406 0.115625 0.053125
2 0.764062 0.386719 0.090625 0.042969
2 0.525781 0.438281 0.039844 0.018750
2 0.557813 0.431250 0.042969 0.021094
2 0.608594 0.421875 0.057813 0.024219
2 0.392188 0.585156 0.035156 0.014844
2 0.430469 0.453906 0.019531 0.014063
2 0.460938 0.450781 0.046094 0.014844
2 0.534375 0.624219 0.056250 0.029687
1 0.848437 0.539844 0.080469 0.060937
1 0.430469 0.532813 0.009375 0.006250
1 0.421094 0.532031 0.011719 0.007031
1 0.421094 0.525781 0.011719 0.004687
1 0.407031 0.531250 0.008594 0.005469
1 0.413281 0.531250 0.003906 0.005469
2 0.689063 0.666406 0.082031 0.049219
2 0.588281 0.638281 0.064844 0.028125
2 0.763281 0.686719 0.094531 0.060156
2 0.862500 0.714063 0.116406 0.075781
2 0.492969 0.535937 0.046094 0.014844
1 0.750781 0.535937 0.042188 0.051562
1 0.714063 0.534375 0.030469 0.049219
1 0.685156 0.533594 0.027344 0.046875
1 0.719531 0.485938 0.040625 0.049219
1 0.559375 0.493750 0.032031 0.035156
1 0.560156 0.529687 0.031250 0.035156
1 0.536719 0.528906 0.014063 0.033594
1 0.522656 0.528125 0.013281 0.032031
1 0.536719 0.494531 0.014063 0.033594
1 0.506250 0.353906 0.027344 0.030469
1 0.486719 0.358594 0.010937 0.030469
1 0.464844 0.367969 0.009375 0.028906
1 0.475781 0.363281 0.010156 0.028906
1 0.483594 0.336719 0.026562 0.032031
1 0.464844 0.341406 0.009375 0.031250
1 0.455469 0.346875 0.008594 0.030469
1 0.446094 0.351562 0.008594 0.028906
1 0.455469 0.371875 0.008594 0.028125
1 0.446094 0.376563 0.008594 0.026562
1 0.437500 0.379688 0.007812 0.025781
1 0.425000 0.378906 0.017969 0.024219
1 0.411719 0.382031 0.007031 0.023438
1 0.404687 0.385156 0.006250 0.021875
1 0.398438 0.388281 0.005469 0.021875
1 0.392188 0.391406 0.005469 0.021094
1 0.385937 0.393750 0.005469 0.020313
1 0.380469 0.396094 0.005469 0.020313
1 0.425781 0.451562 0.022656 0.023438
1 0.410938 0.453125 0.007031 0.023438
1 0.403906 0.454688 0.006250 0.021875
1 0.411719 0.432812 0.021094 0.023438
1 0.397656 0.456250 0.006250 0.021094
1 0.390625 0.457813 0.005469 0.021094
1 0.385156 0.459375 0.005469 0.020313
1 0.379688 0.460156 0.004687 0.020313
1 0.397656 0.434375 0.006250 0.023438
1 0.391406 0.435937 0.005469 0.021875
1 0.385156 0.438281 0.005469 0.021094
2 0.611719 0.575000 0.031250 0.010937
2 0.876563 0.446094 0.053906 0.018750
2 0.825781 0.451562 0.049219 0.017969
2 0.585938 0.528125 0.019531 0.007031
2 0.611719 0.528125 0.032031 0.007031
2 0.635156 0.528125 0.032031 0.008594
2 0.660937 0.467969 0.024219 0.009375
2 0.690625 0.465625 0.033594 0.010156
2 0.727344 0.460938 0.038281 0.008594
2 0.731250 0.590625 0.039062 0.016406
2 0.635156 0.578125 0.033594 0.011719
2 0.532813 0.565625 0.025781 0.008594
2 0.582812 0.474219 0.022656 0.008594
2 0.603906 0.472656 0.029687 0.008594
2 0.669531 0.582812 0.035156 0.014063
2 0.780469 0.596094 0.046094 0.018750
2 0.825000 0.601562 0.049219 0.020313
2 0.875781 0.608594 0.053906 0.021875
2 0.789062 0.532813 0.033594 0.010156
1 0.688281 0.500781 0.017969 0.017969
1 0.669531 0.523438 0.003906 0.019531
1 0.661719 0.523438 0.010937 0.019531
1 0.673438 0.503125 0.011719 0.020313
1 0.567969 0.469531 0.014844 0.014063
1 0.557031 0.469531 0.007031 0.011719
1 0.549219 0.471094 0.007031 0.010937
1 0.553125 0.460938 0.014844 0.007031
1 0.542188 0.471875 0.006250 0.010156
1 0.535156 0.471875 0.006250 0.010937
1 0.529687 0.475000 0.003906 0.014844
1 0.521094 0.475781 0.003125 0.014844
1 0.542188 0.463281 0.006250 0.005469
1 0.535156 0.463281 0.006250 0.006250
1 0.530469 0.464062 0.003125 0.006250
1 0.568750 0.417969 0.014844 0.009375
1 0.557031 0.419531 0.007031 0.009375
1 0.550000 0.421094 0.007031 0.009375
1 0.542969 0.423438 0.006250 0.009375
1 0.535937 0.424219 0.006250 0.009375
1 0.530469 0.424219 0.003125 0.006250
1 0.521094 0.426563 0.003125 0.007031
1 0.643750 0.411719 0.016406 0.016406
1 0.629687 0.408594 0.010156 0.007031
1 0.623437 0.398438 0.016406 0.019531
1 0.610156 0.400781 0.008594 0.018750
1 0.600781 0.403125 0.008594 0.019531
1 0.592187 0.405469 0.008594 0.018750
2 0.627344 0.863281 0.173437 0.203906
2 0.984375 0.614844 0.029687 0.028125
