1 0.872656 0.721875 0.149219 0.503906
1 0.906250 0.221875 0.182812 0.435937
1 0.703125 0.237500 0.156250 0.380469
1 0.703125 0.760938 0.146875 0.290625
1 0.564063 0.653906 0.127344 0.392969
1 0.394531 0.625781 0.167969 0.328906
1 0.272656 0.592187 0.084375 0.252344
1 0.174219 0.568750 0.151562 0.299219
1 0.048438 0.589844 0.096094 0.358594
1 0.566406 0.264844 0.122656 0.350781
1 0.446094 0.290625 0.098437 0.282031
1 0.363281 0.310156 0.071875 0.269531
1 0.292969 0.322656 0.067187 0.226562
1 0.242969 0.328906 0.053125 0.205469
1 0.147656 0.354687 0.136719 0.153906
1 0.114062 0.157812 0.084375 0.196875
1 0.180469 0.132812 0.048438 0.205469
1 0.228125 0.107031 0.062500 0.214062
1 0.303906 0.087500 0.074219 0.166406
1 0.394531 0.072656 0.100781 0.145313
1 0.514062 0.042969 0.129688 0.085156
