2 0.139063 0.800781 0.004687 0.061719
2 0.033594 0.708594 0.067187 0.176563
2 0.074219 0.537500 0.148438 0.037500
2 0.068750 0.553125 0.137500 0.053125
2 0.042969 0.585156 0.085938 0.085938
2 0.142969 0.685156 0.003906 0.029687
2 0.092969 0.514062 0.089844 0.018750
2 0.082812 0.515625 0.107813 0.015625
2 0.125781 0.951562 0.006250 0.094531
1 0.121094 0.633594 0.007031 0.014844
1 0.128125 0.616406 0.013281 0.013281
2 0.126562 0.705469 0.019531 0.055469
1 0.017969 0.975781 0.035937 0.045312
1 0.093750 0.800781 0.037500 0.093750
1 0.114062 0.753906 0.003906 0.090625
1 0.116406 0.730469 0.003906 0.084375
1 0.113281 0.300781 0.010937 0.053906
1 0.094531 0.500781 0.025781 0.039844
1 0.118750 0.464062 0.024219 0.031250
2 0.494531 0.653125 0.045312 0.031250
2 0.914062 0.525000 0.127344 0.036719
2 0.805469 0.517969 0.099219 0.030469
2 0.410156 0.558594 0.025781 0.014844
2 0.467969 0.576562 0.042188 0.021094
2 0.494531 0.583594 0.046094 0.023438
2 0.517969 0.592969 0.046875 0.025781
2 0.555469 0.505469 0.047656 0.016406
2 0.594531 0.508594 0.061719 0.018750
2 0.639062 0.511719 0.060937 0.020313
2 0.645312 0.732812 0.070312 0.060156
2 0.521094 0.666406 0.049219 0.035156
2 0.415625 0.611719 0.033594 0.020313
2 0.463281 0.499219 0.038281 0.011719
2 0.485156 0.500781 0.046094 0.013281
2 0.560156 0.688281 0.056250 0.043750
1 0.812500 0.667188 0.069531 0.075000
1 0.431250 0.558594 0.019531 0.025781
2 0.719531 0.771875 0.083594 0.076563
2 0.796875 0.812500 0.097656 0.096875
2 0.901563 0.867188 0.122656 0.126562
2 0.726562 0.658594 0.083594 0.042969
1 0.649219 0.618750 0.035156 0.050781
1 0.626563 0.615625 0.030469 0.042969
1 0.602344 0.607031 0.017969 0.046094
1 0.628906 0.575781 0.033594 0.045312
1 0.586719 0.567187 0.031250 0.039844
1 0.586719 0.603125 0.032031 0.039062
1 0.563281 0.599219 0.014844 0.036719
1 0.549219 0.592969 0.013281 0.039062
1 0.571094 0.564063 0.029687 0.039062
1 0.449219 0.491406 0.022656 0.023438
1 0.434375 0.491406 0.007031 0.023438
1 0.427344 0.490625 0.006250 0.021875
1 0.434375 0.468750 0.021094 0.021875
1 0.420312 0.490625 0.006250 0.021094
1 0.414062 0.490625 0.005469 0.020313
1 0.407813 0.489844 0.005469 0.020313
1 0.402344 0.489844 0.005469 0.020313
1 0.420312 0.468750 0.006250 0.020313
1 0.414062 0.468750 0.005469 0.021094
1 0.407813 0.469531 0.005469 0.020313
1 0.450000 0.418750 0.022656 0.024219
1 0.434375 0.419531 0.007031 0.023438
1 0.427344 0.421875 0.007031 0.023438
1 0.420312 0.423438 0.006250 0.021875
1 0.414062 0.424219 0.006250 0.021094
1 0.407813 0.425781 0.005469 0.021094
1 0.402344 0.426563 0.005469 0.020313
1 0.532031 0.414062 0.027344 0.030469
1 0.511719 0.416406 0.011719 0.030469
1 0.489844 0.420312 0.009375 0.028125
1 0.500000 0.417969 0.010937 0.028906
1 0.507812 0.389844 0.026562 0.029687
1 0.489063 0.392969 0.010156 0.029687
1 0.479687 0.395313 0.009375 0.028125
1 0.470313 0.397656 0.008594 0.026562
1 0.479687 0.421875 0.009375 0.026562
1 0.470313 0.423438 0.008594 0.026562
1 0.460938 0.425000 0.007812 0.025781
