3 0.293750 0.521875 0.047656 0.118750
2 0.144531 0.711719 0.025781 0.054688
2 0.138281 0.535937 0.044531 0.029687
2 0.121094 0.582031 0.046094 0.031250
2 0.126562 0.606250 0.038281 0.039062
2 0.125781 0.641406 0.032031 0.050781
2 0.067969 0.514062 0.135156 0.041406
2 0.059375 0.542969 0.118750 0.064062
2 0.035156 0.593750 0.070312 0.084375
2 0.158594 0.603906 0.017188 0.028906
2 0.104688 0.471094 0.074219 0.028906
2 0.097656 0.481250 0.080469 0.035156
2 0.128906 0.833594 0.027344 0.094531
1 0.027344 0.959375 0.042969 0.078906
1 0.007031 0.949219 0.014063 0.100000
1 0.087500 0.655469 0.038281 0.091406
1 0.067969 0.730469 0.089063 0.119531
1 0.112500 0.689063 0.010156 0.076563
1 0.116406 0.668750 0.010937 0.070312
1 0.101562 0.630469 0.020313 0.074219
1 0.060937 0.337500 0.075781 0.061719
1 0.109375 0.346875 0.007812 0.046094
1 0.107031 0.345313 0.005469 0.044531
1 0.069531 0.291406 0.070312 0.060937
1 0.104688 0.301563 0.007812 0.046094
1 0.109375 0.305469 0.007812 0.046875
1 0.112500 0.308594 0.007031 0.044531
1 0.113281 0.349219 0.007031 0.043750
1 0.116406 0.350781 0.006250 0.041406
1 0.119531 0.351562 0.006250 0.040625
1 0.121094 0.339062 0.011719 0.038281
1 0.132031 0.342969 0.002344 0.026562
1 0.133594 0.344531 0.003906 0.028906
1 0.135156 0.346094 0.003906 0.028125
1 0.136719 0.346875 0.003906 0.028125
1 0.114062 0.445312 0.044531 0.028125
1 0.114844 0.413281 0.038281 0.034375
1 0.141406 0.446094 0.002344 0.021094
1 0.142187 0.445312 0.002344 0.020313
1 0.143750 0.443750 0.002344 0.017969
1 0.145313 0.442188 0.002344 0.015625
1 0.132031 0.409375 0.014844 0.028906
1 0.126562 0.403125 0.027344 0.014844
1 0.133594 0.402344 0.016406 0.015625
2 0.117188 0.942187 0.027344 0.114062
2 0.476562 0.581250 0.041406 0.031250
2 0.823438 0.507031 0.114844 0.054688
2 0.736719 0.489063 0.095312 0.043750
2 0.529687 0.450781 0.052344 0.021094
2 0.560156 0.456250 0.057031 0.024219
2 0.598437 0.465625 0.061719 0.028125
2 0.411719 0.535937 0.031250 0.020313
2 0.450781 0.435937 0.040625 0.015625
2 0.467187 0.439063 0.044531 0.016406
2 0.529687 0.620313 0.050781 0.042969
1 0.796875 0.655469 0.071094 0.085156
1 0.442188 0.498437 0.010156 0.008594
1 0.434375 0.497656 0.010937 0.008594
1 0.435156 0.489844 0.010937 0.007031
1 0.423438 0.491406 0.010156 0.008594
1 0.429688 0.492969 0.007031 0.007031
2 0.654687 0.711719 0.071094 0.070312
2 0.573438 0.653906 0.058594 0.046875
2 0.716406 0.754687 0.088281 0.086719
2 0.793750 0.807031 0.105469 0.120313
2 0.492969 0.528906 0.039844 0.028125
1 0.714844 0.615625 0.045312 0.069531
1 0.687500 0.608594 0.042188 0.053906
1 0.656250 0.592969 0.025000 0.060937
1 0.689844 0.560937 0.042969 0.060937
1 0.552344 0.510938 0.030469 0.040625
1 0.552344 0.545312 0.030469 0.036719
1 0.530469 0.539844 0.012500 0.035156
1 0.518750 0.532813 0.010937 0.038281
1 0.539844 0.506250 0.028906 0.039062
1 0.507031 0.359375 0.028125 0.030469
1 0.488281 0.360156 0.010156 0.029687
1 0.469531 0.361719 0.008594 0.026562
1 0.478125 0.360938 0.008594 0.028125
1 0.486719 0.332031 0.026562 0.029687
1 0.469531 0.334375 0.008594 0.028125
1 0.460156 0.335938 0.008594 0.026562
1 0.452344 0.336719 0.007031 0.025781
1 0.460938 0.361719 0.007812 0.025781
1 0.456250 0.363281 0.014844 0.025781
1 0.445312 0.363281 0.007031 0.025000
1 0.436719 0.355469 0.021875 0.023438
1 0.422656 0.355469 0.005469 0.021875
1 0.416406 0.356250 0.005469 0.021875
1 0.410938 0.357031 0.005469 0.021094
1 0.405469 0.357031 0.005469 0.020313
1 0.400781 0.357812 0.005469 0.021094
1 0.395313 0.358594 0.004687 0.020313
1 0.437500 0.425000 0.021875 0.024219
1 0.428906 0.424219 0.017969 0.023438
1 0.417187 0.423438 0.005469 0.021094
1 0.423438 0.401562 0.017969 0.021875
1 0.411719 0.422656 0.005469 0.021094
1 0.407031 0.421875 0.005469 0.021094
1 0.401562 0.421094 0.005469 0.019531
1 0.396875 0.419531 0.004687 0.020313
1 0.413281 0.401562 0.008594 0.021094
1 0.406250 0.400781 0.005469 0.020313
1 0.400781 0.400781 0.005469 0.019531
2 0.623437 0.522656 0.032031 0.017969
2 0.898438 0.444531 0.061719 0.019531
2 0.844531 0.440625 0.054688 0.017969
2 0.657031 0.477344 0.014844 0.004687
2 0.679688 0.427344 0.032813 0.011719
2 0.707812 0.429688 0.040625 0.013281
2 0.742969 0.432812 0.041406 0.014063
2 0.736719 0.560937 0.038281 0.026562
2 0.646094 0.529687 0.033594 0.018750
2 0.599219 0.420312 0.025781 0.009375
2 0.618750 0.421875 0.030469 0.010156
2 0.669531 0.538281 0.021094 0.016406
1 0.841406 0.511719 0.024219 0.009375
2 0.785937 0.575781 0.048438 0.029687
2 0.828906 0.590625 0.052344 0.034375
2 0.878906 0.606250 0.058594 0.039062
1 0.748437 0.493750 0.010156 0.005469
1 0.732031 0.464062 0.021094 0.014063
1 0.700781 0.463281 0.019531 0.019531
1 0.683594 0.478906 0.010156 0.010156
1 0.673438 0.476562 0.011719 0.011719
1 0.688281 0.463281 0.017969 0.023438
1 0.584375 0.413281 0.014844 0.016406
1 0.574219 0.413281 0.008594 0.016406
1 0.565625 0.412500 0.007031 0.015625
1 0.570312 0.396094 0.014844 0.014844
1 0.559375 0.411719 0.006250 0.014844
1 0.552344 0.410938 0.006250 0.014844
1 0.546094 0.410938 0.005469 0.014844
1 0.540625 0.410156 0.005469 0.014844
1 0.560937 0.396094 0.008594 0.015625
1 0.556250 0.396094 0.013281 0.015625
1 0.546875 0.395313 0.005469 0.014844
1 0.586719 0.361719 0.015625 0.016406
1 0.574219 0.362500 0.007031 0.015625
1 0.567187 0.363281 0.007031 0.016406
1 0.560156 0.363281 0.006250 0.015625
1 0.553906 0.363281 0.006250 0.015625
1 0.547656 0.364063 0.006250 0.014844
1 0.541406 0.364063 0.005469 0.014844
1 0.660937 0.364063 0.017969 0.015625
1 0.643750 0.364844 0.003906 0.014844
1 0.630469 0.365625 0.002344 0.014063
1 0.636719 0.365625 0.010156 0.014063
1 0.639062 0.348438 0.013281 0.017969
1 0.631250 0.348438 0.002344 0.017969
1 0.617969 0.349219 0.008594 0.017969
1 0.609375 0.350000 0.008594 0.018750
1 0.617188 0.366406 0.008594 0.014063
1 0.608594 0.366406 0.008594 0.014063
1 0.600781 0.366406 0.008594 0.014063
2 0.571094 0.968750 0.032031 0.060156
2 0.975000 0.665625 0.048438 0.051562
