2 0.414844 0.746875 0.096094 0.141406
2 0.661719 0.291406 0.048438 0.026562
2 0.644531 0.301563 0.053906 0.030469
2 0.521875 0.378906 0.081250 0.061719
2 0.558594 0.355469 0.067969 0.048438
2 0.591406 0.338281 0.057031 0.041406
2 0.294531 0.536719 0.138281 0.157031
2 0.375781 0.478125 0.127344 0.117969
2 0.525000 0.610938 0.071094 0.089844
1 0.657031 0.377344 0.025781 0.039844
1 0.194531 0.813281 0.042188 0.078125
1 0.154688 0.871094 0.046875 0.090625
1 0.104688 0.882031 0.049219 0.110937
1 0.046875 0.938281 0.051562 0.104688
2 0.611719 0.503906 0.051562 0.042969
2 0.567969 0.562500 0.061719 0.056250
2 0.641406 0.478906 0.025781 0.038281
2 0.656250 0.458594 0.024219 0.033594
2 0.473438 0.568750 0.091406 0.103125
1 0.644531 0.395313 0.010156 0.039062
1 0.627344 0.403906 0.028906 0.039062
1 0.617188 0.408594 0.035156 0.048438
1 0.627344 0.370312 0.034375 0.042969
1 0.555469 0.436719 0.030469 0.060156
1 0.561719 0.481250 0.014844 0.050781
1 0.547656 0.494531 0.015625 0.054688
1 0.518750 0.501563 0.044531 0.074219
1 0.535156 0.448437 0.044531 0.064062
1 0.484375 0.227344 0.053125 0.073438
1 0.471875 0.232031 0.028906 0.078906
1 0.407813 0.243750 0.041406 0.089063
1 0.442188 0.237500 0.033594 0.082031
1 0.439844 0.153906 0.036719 0.089063
1 0.402344 0.152344 0.044531 0.096875
1 0.358594 0.150781 0.055469 0.106250
1 0.291406 0.149219 0.099219 0.118750
1 0.367188 0.250781 0.050781 0.096875
1 0.318750 0.258594 0.062500 0.106250
1 0.247656 0.264844 0.105469 0.124219
1 0.059375 0.240625 0.118750 0.166406
1 0.001563 0.313281 0.003125 0.023438
1 0.131250 0.586719 0.118750 0.186719
1 0.054688 0.639844 0.108594 0.220312
1 0.003906 0.744531 0.007031 0.024219
2 0.237500 0.473438 0.039844 0.041406
2 0.149219 0.427344 0.042969 0.041406
2 0.226562 0.399219 0.039844 0.035937
2 0.264844 0.385937 0.050781 0.035937
2 0.381250 0.403906 0.040625 0.029687
2 0.271875 0.455469 0.052344 0.041406
2 0.197656 0.302344 0.026562 0.017969
2 0.320312 0.432812 0.046875 0.035937
1 0.436719 0.318750 0.021094 0.024219
1 0.026562 0.460156 0.053125 0.060937
2 0.412500 0.391406 0.036719 0.021094
2 0.439063 0.379688 0.026562 0.020313
2 0.459375 0.369531 0.025000 0.018750
2 0.408594 0.333594 0.038281 0.017969
1 0.381250 0.339062 0.013281 0.026562
1 0.368750 0.343750 0.013281 0.028125
1 0.353906 0.347656 0.019531 0.028906
1 0.338281 0.353906 0.015625 0.028906
1 0.324219 0.358594 0.016406 0.030469
1 0.306250 0.364063 0.025781 0.031250
1 0.244531 0.190625 0.021875 0.021875
1 0.232031 0.192188 0.024219 0.023438
1 0.185938 0.201563 0.028906 0.038281
1 0.210156 0.192969 0.025781 0.023438
1 0.204687 0.161719 0.029687 0.039062
1 0.180469 0.161719 0.032031 0.039844
1 0.162500 0.161719 0.017188 0.040625
1 0.108594 0.160938 0.010156 0.040625
1 0.170313 0.201563 0.016406 0.039062
1 0.107031 0.204687 0.032813 0.044531
2 0.866406 0.555469 0.089844 0.069531
