1 0.771875 0.564063 0.115625 0.205469
1 0.886719 0.572656 0.096094 0.221875
1 0.959375 0.602344 0.076563 0.196875
1 0.975000 0.346094 0.045312 0.214062
1 0.932813 0.380469 0.042969 0.179688
1 0.863281 0.403906 0.096094 0.132812
1 0.890625 0.189844 0.132031 0.226562
1 0.971094 0.121875 0.048438 0.209375
1 0.644531 0.303125 0.038281 0.093750
1 0.607031 0.303125 0.026562 0.085156
1 0.560937 0.314063 0.031250 0.098437
1 0.526563 0.307812 0.033594 0.093750
1 0.625000 0.523438 0.076563 0.115625
1 0.597656 0.416406 0.026562 0.098437
1 0.551562 0.485156 0.079687 0.209375
1 0.524219 0.534375 0.048438 0.179688
1 0.256250 0.464062 0.507031 0.918750
