2 0.066406 0.796094 0.108594 0.085156
2 0.092188 0.477344 0.039062 0.038281
2 0.041406 0.461719 0.082812 0.056250
2 0.124219 0.691406 0.058594 0.035937
2 0.117969 0.499219 0.038281 0.020313
2 0.117969 0.494531 0.021875 0.023438
2 0.036719 0.917188 0.073438 0.123438
1 0.119531 0.623437 0.019531 0.011719
1 0.127344 0.612500 0.023438 0.019531
1 0.122656 0.610156 0.013281 0.005469
1 0.140625 0.613281 0.005469 0.010937
2 0.017188 0.987500 0.012500 0.023438
2 0.087500 0.669531 0.041406 0.046875
1 0.021875 0.622656 0.043750 0.099219
1 0.020313 0.713281 0.040625 0.111719
1 0.046875 0.693750 0.017188 0.094531
1 0.060937 0.678906 0.014844 0.085156
1 0.028906 0.612500 0.057813 0.085938
1 0.078125 0.284375 0.028906 0.053125
1 0.103125 0.314063 0.001563 0.029687
1 0.112500 0.335938 0.005469 0.039844
1 0.107031 0.324219 0.006250 0.044531
1 0.079687 0.271875 0.063281 0.084375
1 0.113281 0.296875 0.006250 0.060156
1 0.118750 0.309375 0.005469 0.056250
1 0.123438 0.321875 0.004687 0.053125
1 0.117969 0.346875 0.005469 0.036719
1 0.122656 0.357031 0.004687 0.035156
1 0.127344 0.365625 0.003906 0.031250
1 0.131250 0.371094 0.008594 0.038281
1 0.142187 0.382812 0.001563 0.021094
1 0.144531 0.388281 0.002344 0.021875
1 0.146875 0.392969 0.002344 0.021875
1 0.149219 0.398438 0.002344 0.020313
1 0.150781 0.403125 0.002344 0.018750
1 0.117969 0.484375 0.029687 0.030469
1 0.139844 0.493750 0.002344 0.032031
1 0.119531 0.458594 0.042969 0.039062
1 0.142187 0.495312 0.002344 0.031250
1 0.144531 0.496875 0.002344 0.030469
1 0.146875 0.498437 0.002344 0.029687
1 0.148438 0.499219 0.002344 0.028125
1 0.142187 0.475781 0.002344 0.008594
1 0.145313 0.467187 0.002344 0.030469
1 0.147656 0.468750 0.002344 0.031250
2 0.500000 0.671875 0.047656 0.029687
2 0.943750 0.468750 0.111719 0.046094
2 0.835156 0.478125 0.124219 0.039062
2 0.420312 0.580469 0.024219 0.011719
2 0.474219 0.592187 0.043750 0.017969
2 0.500000 0.596875 0.047656 0.019531
2 0.521875 0.603906 0.047656 0.021875
2 0.555469 0.505469 0.042969 0.015625
2 0.589063 0.502344 0.045312 0.017969
2 0.644531 0.498437 0.064844 0.021094
2 0.657031 0.750781 0.082031 0.061719
2 0.526563 0.684375 0.052344 0.034375
2 0.426563 0.635938 0.033594 0.018750
2 0.458594 0.511719 0.016406 0.011719
2 0.491406 0.510156 0.047656 0.013281
2 0.566406 0.706250 0.061719 0.041406
1 0.850000 0.659375 0.088281 0.081250
1 0.440625 0.578125 0.018750 0.024219
2 0.742188 0.793750 0.101562 0.083594
2 0.837500 0.841406 0.125781 0.113281
2 0.945312 0.894531 0.108594 0.126562
2 0.746875 0.656250 0.100781 0.040625
1 0.658594 0.619531 0.039844 0.053125
1 0.627344 0.616406 0.021094 0.046094
1 0.607031 0.610938 0.018750 0.046094
1 0.635938 0.573438 0.039062 0.045312
1 0.592187 0.568750 0.035156 0.039844
1 0.592187 0.607031 0.035156 0.040625
1 0.567187 0.604688 0.014844 0.039062
1 0.552344 0.600781 0.014063 0.039062
1 0.574219 0.567969 0.030469 0.038281
1 0.457813 0.506250 0.022656 0.023438
1 0.442969 0.507031 0.006250 0.023438
1 0.435937 0.507031 0.005469 0.021875
1 0.442969 0.484375 0.019531 0.023438
1 0.430469 0.508594 0.005469 0.021875
1 0.424219 0.508594 0.005469 0.021094
1 0.418750 0.509375 0.004687 0.020313
1 0.414062 0.510156 0.004687 0.020313
1 0.430469 0.485938 0.005469 0.021875
1 0.424219 0.487500 0.005469 0.021094
1 0.418750 0.488281 0.004687 0.021094
1 0.457813 0.432031 0.021875 0.023438
1 0.442969 0.434375 0.006250 0.023438
1 0.436719 0.436719 0.006250 0.021875
1 0.431250 0.439844 0.005469 0.021875
1 0.425000 0.442188 0.005469 0.021094
1 0.419531 0.443750 0.005469 0.021094
1 0.414062 0.446094 0.004687 0.020313
1 0.535937 0.413281 0.029687 0.033594
1 0.515625 0.417187 0.010937 0.032031
1 0.494531 0.425000 0.009375 0.029687
1 0.504687 0.421875 0.010156 0.030469
1 0.513281 0.392969 0.027344 0.032031
1 0.494531 0.398438 0.009375 0.031250
1 0.485156 0.402344 0.008594 0.030469
1 0.475781 0.406250 0.008594 0.029687
1 0.485156 0.428906 0.008594 0.028125
1 0.475781 0.432031 0.008594 0.026562
1 0.467969 0.434375 0.007031 0.026562
