1 0.428125 0.528125 0.125000 0.278125
1 0.292969 0.528125 0.158594 0.303125
1 0.640625 0.583594 0.151562 0.278125
1 0.860938 0.634375 0.158594 0.431250
1 0.962500 0.568750 0.069531 0.854688
1 0.830469 0.220312 0.156250 0.311719
1 0.667188 0.267188 0.122656 0.235156
1 0.207813 0.467969 0.050781 0.115625
1 0.074219 0.341406 0.148438 0.317188
1 0.509375 0.278125 0.071875 0.221875
1 0.443750 0.310156 0.074219 0.166406
1 0.382031 0.326562 0.062500 0.141406
1 0.435156 0.110937 0.048438 0.171094
1 0.493750 0.078906 0.064844 0.149219
1 0.574219 0.044531 0.100781 0.081250
1 0.379688 0.136719 0.062500 0.162500
1 0.276562 0.260937 0.038281 0.110937
1 0.318750 0.203125 0.060156 0.141406
1 0.578125 0.346094 0.069531 0.102344
1 0.527344 0.555469 0.103125 0.214062
