2 0.409375 0.726562 0.058594 0.061719
2 0.753906 0.478125 0.064844 0.019531
2 0.717187 0.480469 0.065625 0.020313
2 0.107031 0.665625 0.121094 0.063281
2 0.342187 0.635938 0.069531 0.051562
2 0.408594 0.624219 0.060156 0.046875
2 0.468750 0.618750 0.053906 0.048438
2 0.525000 0.493750 0.055469 0.026562
2 0.568750 0.490625 0.063281 0.024219
2 0.619531 0.489063 0.060156 0.021875
2 0.621875 0.684375 0.063281 0.046875
2 0.464844 0.714844 0.059375 0.057031
2 0.121094 0.784375 0.115625 0.082031
2 0.331250 0.505469 0.063281 0.033594
2 0.387500 0.503125 0.053906 0.031250
2 0.533594 0.703906 0.056250 0.053906
1 0.720313 0.572656 0.038281 0.039844
1 0.207031 0.639844 0.062500 0.060937
2 0.672656 0.676562 0.063281 0.039062
2 0.719531 0.672656 0.046875 0.028906
2 0.754687 0.664844 0.046875 0.028125
2 0.673438 0.588281 0.063281 0.028906
1 0.630469 0.583594 0.018750 0.046875
1 0.605469 0.586719 0.032031 0.046094
1 0.590625 0.588281 0.025781 0.049219
1 0.606250 0.551562 0.032813 0.045312
1 0.562500 0.556250 0.030469 0.046875
1 0.567187 0.596875 0.019531 0.039062
1 0.544531 0.596875 0.025781 0.044531
1 0.522656 0.596875 0.029687 0.051562
1 0.542969 0.557031 0.030469 0.048438
1 0.267969 0.494531 0.041406 0.051562
1 0.236719 0.496094 0.043750 0.054688
1 0.199219 0.500000 0.035156 0.050000
1 0.203906 0.450781 0.050781 0.049219
1 0.165625 0.501563 0.036719 0.050000
1 0.130469 0.503906 0.038281 0.051562
1 0.093750 0.505469 0.039844 0.053125
1 0.056250 0.503906 0.042188 0.059375
1 0.162500 0.451562 0.036719 0.050781
1 0.126562 0.451562 0.039062 0.051562
1 0.090625 0.453125 0.042188 0.053906
1 0.264844 0.349219 0.042969 0.050000
1 0.227344 0.347656 0.035156 0.050781
1 0.193750 0.346094 0.035937 0.051562
1 0.158594 0.344531 0.037500 0.053906
1 0.122656 0.342969 0.039844 0.054688
1 0.085156 0.341406 0.041406 0.055469
1 0.046094 0.339844 0.042969 0.057031
1 0.485156 0.375781 0.023438 0.042969
1 0.461719 0.375781 0.024219 0.043750
1 0.411719 0.374219 0.025781 0.044531
1 0.436719 0.374219 0.025000 0.043750
1 0.436719 0.330469 0.025000 0.044531
1 0.410938 0.328906 0.025781 0.045312
1 0.384375 0.327344 0.027344 0.046875
1 0.357031 0.325781 0.028125 0.048438
1 0.385156 0.373437 0.027344 0.044531
1 0.358594 0.371875 0.028125 0.046094
1 0.330469 0.371094 0.029687 0.048438
2 0.954688 0.698438 0.089844 0.066406
