3 0.256250 0.564063 0.056250 0.142969
2 0.064844 0.553906 0.082031 0.014844
2 0.060937 0.646875 0.083594 0.029687
2 0.006250 0.404687 0.012500 0.025781
1 0.020313 0.265625 0.039844 0.056250
1 0.046875 0.283594 0.015625 0.046875
1 0.060156 0.297656 0.013281 0.043750
1 0.072656 0.310156 0.012500 0.040625
1 0.083594 0.321875 0.010937 0.038281
1 0.093750 0.332031 0.010156 0.035937
1 0.102344 0.341406 0.009375 0.034375
1 0.017188 0.400781 0.034375 0.051562
1 0.041406 0.410938 0.016406 0.044531
1 0.055469 0.418750 0.014844 0.041406
1 0.034375 0.378125 0.060937 0.053906
1 0.067969 0.425000 0.012500 0.039062
1 0.079687 0.430469 0.011719 0.036719
1 0.089844 0.435937 0.010937 0.035156
1 0.099219 0.440625 0.010156 0.033594
1 0.069531 0.389062 0.012500 0.043750
1 0.081250 0.396875 0.011719 0.040625
1 0.091406 0.403906 0.010156 0.038281
2 0.480469 0.653125 0.058594 0.032031
2 0.948438 0.078906 0.101562 0.148438
2 0.517969 0.399219 0.035156 0.040625
2 0.561719 0.369531 0.052344 0.053125
2 0.635938 0.321875 0.095312 0.080469
2 0.421875 0.617188 0.036719 0.017969
2 0.443750 0.450781 0.030469 0.021875
2 0.460938 0.441406 0.041406 0.025000
2 0.539844 0.695312 0.080469 0.055469
1 0.443750 0.553125 0.002344 0.008594
1 0.440625 0.553125 0.007031 0.009375
1 0.429688 0.553125 0.005469 0.007031
2 0.840625 0.892969 0.255469 0.211719
2 0.616406 0.744531 0.122656 0.080469
2 0.958594 0.939063 0.082031 0.120313
2 0.489063 0.553906 0.050781 0.019531
1 0.976562 0.521094 0.046094 0.164062
1 0.902344 0.523438 0.117969 0.151562
1 0.807031 0.527344 0.081250 0.126562
1 0.913281 0.381250 0.147656 0.163281
1 0.573438 0.478906 0.055469 0.063281
1 0.574219 0.538281 0.056250 0.060937
1 0.538281 0.539062 0.016406 0.055469
1 0.522656 0.539062 0.014844 0.053125
1 0.537500 0.484375 0.016406 0.057031
1 0.507812 0.285156 0.030469 0.046094
1 0.487500 0.299219 0.010156 0.043750
1 0.468750 0.325000 0.007812 0.036719
1 0.477344 0.313281 0.008594 0.039062
1 0.485156 0.279687 0.023438 0.050000
1 0.468750 0.292969 0.007812 0.046875
1 0.461719 0.304688 0.007031 0.044531
1 0.453906 0.316406 0.006250 0.041406
1 0.460938 0.335938 0.007031 0.034375
1 0.453906 0.344531 0.006250 0.032031
1 0.447656 0.353906 0.005469 0.031250
1 0.438281 0.359375 0.012500 0.026562
1 0.429688 0.366406 0.004687 0.025781
1 0.425000 0.373437 0.003906 0.024219
1 0.421094 0.378906 0.003906 0.023438
1 0.417187 0.385156 0.003125 0.021875
1 0.413281 0.390625 0.003125 0.021094
1 0.410156 0.396094 0.003125 0.021094
1 0.437500 0.450781 0.011719 0.028906
1 0.428906 0.454688 0.004687 0.028125
1 0.424219 0.458594 0.003906 0.025781
1 0.435156 0.432031 0.025000 0.029687
1 0.420312 0.461719 0.003906 0.025000
1 0.416406 0.464062 0.003125 0.023438
1 0.412500 0.467187 0.003125 0.023438
1 0.409375 0.469531 0.002344 0.021875
1 0.420312 0.436719 0.003906 0.028125
1 0.416406 0.440625 0.003906 0.028125
1 0.412500 0.444531 0.003125 0.025781
2 0.720313 0.621875 0.019531 0.014063
2 0.614844 0.550781 0.022656 0.007031
2 0.675000 0.551562 0.026562 0.010156
2 0.722656 0.551562 0.031250 0.010937
2 0.748437 0.552344 0.039062 0.011719
2 0.797656 0.456250 0.044531 0.020313
2 0.831250 0.450000 0.023438 0.016406
2 0.948438 0.662500 0.092969 0.032031
2 0.757031 0.628125 0.053906 0.018750
2 0.614062 0.601562 0.033594 0.010937
2 0.671875 0.478906 0.026562 0.014063
2 0.706250 0.474219 0.047656 0.014844
2 0.817187 0.638281 0.069531 0.023438
1 0.635156 0.544531 0.021094 0.020313
1 0.656250 0.478125 0.021094 0.021875
1 0.640625 0.479687 0.009375 0.021875
1 0.631250 0.481250 0.008594 0.020313
1 0.637500 0.461719 0.020313 0.021094
1 0.622656 0.483594 0.008594 0.020313
1 0.614062 0.484375 0.007812 0.019531
1 0.607031 0.486719 0.007031 0.018750
1 0.622656 0.464062 0.007812 0.020313
1 0.614062 0.465625 0.007812 0.020313
1 0.606250 0.467969 0.007031 0.019531
1 0.656250 0.411719 0.021875 0.023438
1 0.640625 0.415625 0.009375 0.021875
1 0.631250 0.418750 0.008594 0.021094
1 0.622656 0.422656 0.007812 0.021094
1 0.614062 0.425781 0.007812 0.020313
1 0.607031 0.428906 0.007031 0.019531
1 0.599219 0.432031 0.007031 0.019531
1 0.770312 0.378125 0.021875 0.028906
1 0.739062 0.387500 0.007031 0.025000
1 0.713281 0.396875 0.014063 0.028906
1 0.727344 0.391406 0.014844 0.029687
1 0.729688 0.369531 0.020313 0.024219
1 0.713281 0.376563 0.013281 0.021094
1 0.704688 0.380469 0.002344 0.016406
1 0.682813 0.389062 0.004687 0.016406
1 0.704688 0.400781 0.002344 0.023438
1 0.683594 0.407813 0.004687 0.023438
1 0.675781 0.410938 0.011719 0.025000
