1 0.882031 0.668750 0.230469 0.653906
1 0.596094 0.542969 0.082031 0.188281
1 0.514062 0.544531 0.096094 0.183594
1 0.401562 0.275781 0.033594 0.107031
1 0.360938 0.267188 0.033594 0.107031
1 0.308594 0.256250 0.045312 0.102344
1 0.259375 0.252344 0.048438 0.110937
1 0.348438 0.386719 0.033594 0.107031
1 0.373437 0.510938 0.074219 0.124219
1 0.310156 0.459375 0.062500 0.252344
1 0.207813 0.465625 0.165625 0.367188
1 0.068750 0.496094 0.132031 0.982812
1 0.675781 0.142969 0.057813 0.226562
1 0.782813 0.301563 0.084375 0.252344
1 0.892188 0.224219 0.125000 0.320312
1 0.727344 0.578906 0.089063 0.260937
1 0.718750 0.335156 0.048438 0.217969
1 0.657813 0.354687 0.064844 0.196875
1 0.654687 0.560156 0.064844 0.162500
1 0.618750 0.215625 0.069531 0.166406
1 0.589063 0.399219 0.067187 0.124219
