2 0.408594 0.691406 0.078906 0.068750
2 0.740625 0.421094 0.055469 0.015625
2 0.709375 0.419531 0.063281 0.016406
2 0.534375 0.414844 0.068750 0.020313
2 0.584375 0.416406 0.057031 0.018750
2 0.635156 0.418750 0.044531 0.016406
2 0.039844 0.792969 0.079687 0.099219
2 0.315625 0.403906 0.077344 0.029687
2 0.389062 0.407031 0.067969 0.026562
2 0.542188 0.656250 0.072656 0.053125
1 0.735156 0.510938 0.036719 0.033594
1 0.233594 0.584375 0.024219 0.026562
1 0.202344 0.592187 0.028125 0.028906
1 0.178906 0.583594 0.028906 0.041406
1 0.103125 0.603906 0.039062 0.031250
1 0.147656 0.592969 0.032031 0.028906
2 0.673438 0.621094 0.064062 0.031250
2 0.603906 0.642188 0.068750 0.038281
2 0.714844 0.613281 0.043750 0.026562
2 0.743750 0.605469 0.039844 0.025000
2 0.476562 0.557031 0.071094 0.041406
1 0.711719 0.515625 0.013281 0.035937
1 0.690625 0.516406 0.029687 0.036719
1 0.674219 0.517969 0.036719 0.039062
1 0.688281 0.482031 0.035937 0.035937
1 0.575781 0.489844 0.029687 0.044531
1 0.580469 0.532031 0.018750 0.042969
1 0.561719 0.534375 0.019531 0.043750
1 0.535937 0.534375 0.030469 0.050781
1 0.553125 0.491406 0.037500 0.045312
1 0.498437 0.269531 0.024219 0.050781
1 0.472656 0.264062 0.025781 0.053125
1 0.416406 0.251563 0.030469 0.055469
1 0.445312 0.258594 0.027344 0.053906
1 0.444531 0.207031 0.028125 0.059375
1 0.415625 0.199219 0.030469 0.060937
1 0.384375 0.190625 0.032813 0.064844
1 0.350000 0.181250 0.036719 0.067969
1 0.385156 0.244531 0.032031 0.058594
1 0.351562 0.238281 0.035156 0.060937
1 0.315625 0.228906 0.038281 0.064062
1 0.221875 0.181250 0.053906 0.074219
1 0.171094 0.168750 0.052344 0.076563
1 0.118750 0.155469 0.056250 0.081250
1 0.061719 0.141406 0.062500 0.085156
1 0.017188 0.130469 0.033594 0.081250
1 0.225000 0.382031 0.052344 0.066406
1 0.175000 0.379688 0.051562 0.070312
1 0.124219 0.376563 0.055469 0.071875
1 0.130469 0.307031 0.074219 0.076563
1 0.068750 0.373437 0.060937 0.075000
1 0.021094 0.371094 0.042188 0.078125
1 0.065625 0.299219 0.061719 0.080469
1 0.018750 0.293750 0.037500 0.081250
2 0.359375 0.557813 0.021094 0.017969
2 0.188281 0.509375 0.053906 0.016406
2 0.321094 0.501563 0.036719 0.014844
2 0.357031 0.499219 0.035156 0.014063
2 0.390625 0.497656 0.030469 0.014063
2 0.384375 0.553906 0.025000 0.016406
2 0.192969 0.574219 0.052344 0.016406
2 0.432812 0.549219 0.015625 0.014844
1 0.531250 0.483594 0.005469 0.018750
1 0.243750 0.498437 0.031250 0.026562
2 0.507031 0.540625 0.011719 0.010937
2 0.514062 0.491406 0.025000 0.008594
1 0.483594 0.485938 0.010156 0.020313
1 0.472656 0.487500 0.010156 0.019531
1 0.460156 0.487500 0.014844 0.021094
1 0.470313 0.466406 0.015625 0.020313
1 0.446875 0.467969 0.010156 0.020313
1 0.446875 0.489063 0.010937 0.020313
1 0.435937 0.489063 0.010937 0.021094
1 0.421875 0.489063 0.015625 0.023438
1 0.433594 0.467969 0.015625 0.021094
1 0.257812 0.411719 0.011719 0.008594
1 0.252344 0.394531 0.002344 0.023438
1 0.282031 0.343750 0.008594 0.025000
1 0.256250 0.340625 0.011719 0.025781
1 0.242188 0.339062 0.017969 0.026562
1 0.223438 0.337500 0.018750 0.026562
1 0.204687 0.335938 0.019531 0.028906
1 0.185156 0.333594 0.019531 0.028906
1 0.171094 0.332031 0.009375 0.028125
1 0.399219 0.364844 0.013281 0.021875
1 0.385937 0.363281 0.013281 0.023438
1 0.358594 0.360938 0.014063 0.024219
1 0.372656 0.362500 0.013281 0.023438
1 0.372656 0.339062 0.013281 0.023438
1 0.357812 0.338281 0.014063 0.024219
1 0.343750 0.335938 0.014063 0.024219
1 0.328906 0.334375 0.014844 0.025000
1 0.344531 0.359375 0.014844 0.023438
1 0.329688 0.358594 0.014844 0.024219
1 0.314844 0.357031 0.015625 0.025000
2 0.983594 0.683594 0.031250 0.054688
2 0.635156 0.528125 0.035156 0.010937
