2 0.439844 0.630469 0.051562 0.054688
2 0.852344 0.478906 0.091406 0.050781
2 0.792188 0.475781 0.085156 0.050000
2 0.242969 0.542188 0.067969 0.046875
2 0.386719 0.557813 0.059375 0.050781
2 0.436719 0.557813 0.055469 0.050781
2 0.485938 0.564844 0.044531 0.059375
2 0.544531 0.464844 0.046094 0.051562
2 0.595313 0.466406 0.057031 0.048438
2 0.654687 0.473438 0.064844 0.040625
2 0.641406 0.651563 0.057813 0.058594
2 0.484375 0.634375 0.048438 0.055469
2 0.259375 0.613281 0.064062 0.050781
2 0.372656 0.460156 0.059375 0.050000
2 0.415625 0.462500 0.055469 0.050781
2 0.545312 0.642969 0.048438 0.056250
1 0.778906 0.575781 0.046094 0.060937
1 0.296875 0.540625 0.039844 0.053906
2 0.703125 0.657031 0.064844 0.060156
2 0.759375 0.668750 0.058594 0.046094
2 0.810937 0.670312 0.063281 0.053906
2 0.715625 0.575781 0.069531 0.053125
1 0.654687 0.563281 0.025000 0.057031
1 0.631250 0.560937 0.027344 0.057031
1 0.609375 0.559375 0.027344 0.057031
1 0.632812 0.531250 0.030469 0.053906
1 0.584375 0.528125 0.023438 0.053125
1 0.582812 0.569531 0.022656 0.032031
1 0.561719 0.567969 0.021875 0.032031
1 0.540625 0.554688 0.021094 0.055469
1 0.562500 0.526563 0.023438 0.053125
1 0.327344 0.442969 0.036719 0.053125
1 0.304688 0.442188 0.035156 0.053125
1 0.278906 0.450000 0.025000 0.035156
1 0.282031 0.407031 0.041406 0.050781
1 0.259375 0.448437 0.025781 0.034375
1 0.239063 0.447656 0.025781 0.034375
1 0.218750 0.446875 0.025781 0.034375
1 0.199219 0.439063 0.025781 0.046875
1 0.259375 0.406250 0.038281 0.050781
1 0.239063 0.405469 0.039062 0.050781
1 0.218750 0.403906 0.039844 0.050781
1 0.315625 0.332031 0.041406 0.050781
1 0.291406 0.331250 0.038281 0.050781
1 0.269531 0.330469 0.039062 0.050781
1 0.248438 0.329688 0.041406 0.050000
1 0.226562 0.328906 0.041406 0.050781
1 0.205469 0.328906 0.042969 0.050000
1 0.185156 0.328125 0.043750 0.050000
1 0.502344 0.353906 0.024219 0.053906
1 0.478906 0.353125 0.026562 0.053906
1 0.431250 0.357031 0.024219 0.040625
1 0.453906 0.358594 0.024219 0.040625
1 0.455469 0.311719 0.028906 0.051562
1 0.431250 0.310937 0.029687 0.051562
1 0.408594 0.310937 0.031250 0.051562
1 0.385156 0.310156 0.032813 0.051562
1 0.407813 0.357031 0.025000 0.039844
1 0.385156 0.356250 0.025000 0.039844
1 0.362500 0.349219 0.025000 0.051562
2 0.996875 0.823438 0.005469 0.019531
