2 0.389062 0.766406 0.078906 0.055469
2 0.658594 0.536719 0.029687 0.014063
2 0.630469 0.533594 0.047656 0.014844
2 0.026562 0.678906 0.053125 0.045312
2 0.326562 0.651563 0.085156 0.035156
2 0.392969 0.643750 0.076563 0.030469
2 0.451562 0.638281 0.066406 0.026562
2 0.498437 0.517969 0.057813 0.019531
2 0.532031 0.522656 0.057031 0.017969
2 0.571875 0.527344 0.042188 0.015625
2 0.575781 0.711719 0.056250 0.031250
2 0.444531 0.749219 0.071094 0.046875
2 0.023438 0.870313 0.046875 0.084375
2 0.325000 0.491406 0.069531 0.031250
2 0.385937 0.500000 0.058594 0.028125
2 0.505469 0.733594 0.064844 0.039844
1 0.637500 0.611719 0.028906 0.028125
1 0.139063 0.650781 0.089844 0.071094
2 0.610938 0.703906 0.052344 0.023438
2 0.642969 0.696875 0.032813 0.021094
2 0.664844 0.690625 0.030469 0.019531
2 0.610156 0.623437 0.042969 0.014063
1 0.582812 0.616406 0.012500 0.033594
1 0.560937 0.617969 0.030469 0.035156
1 0.553906 0.617969 0.017969 0.035937
1 0.560937 0.584375 0.030469 0.033594
1 0.536719 0.584375 0.014844 0.035156
1 0.537500 0.620313 0.014844 0.036719
1 0.521875 0.621875 0.015625 0.038281
1 0.496875 0.621875 0.033594 0.040625
1 0.513281 0.584375 0.032813 0.036719
1 0.243750 0.467969 0.041406 0.059375
1 0.202344 0.460938 0.045312 0.063281
1 0.157031 0.453906 0.050781 0.065625
1 0.161719 0.394531 0.052344 0.069531
1 0.107031 0.446094 0.057031 0.070312
1 0.050000 0.438281 0.065625 0.075000
1 0.010937 0.431250 0.021875 0.071875
1 0.111719 0.383594 0.056250 0.073438
1 0.055469 0.371094 0.064062 0.079687
1 0.014063 0.360938 0.028125 0.075000
1 0.253906 0.303125 0.039062 0.060156
1 0.214844 0.289062 0.042969 0.063281
1 0.171875 0.272656 0.047656 0.067969
1 0.125000 0.255469 0.053906 0.071875
1 0.071094 0.235156 0.060937 0.078125
1 0.022656 0.216406 0.045312 0.076563
1 0.472656 0.399219 0.018750 0.039844
1 0.452344 0.392969 0.019531 0.042969
1 0.409375 0.378125 0.024219 0.045312
1 0.432031 0.385937 0.021094 0.043750
1 0.432812 0.347656 0.021094 0.046875
1 0.410156 0.338281 0.023438 0.049219
1 0.385937 0.328906 0.025000 0.051562
1 0.355469 0.317969 0.036719 0.054688
1 0.385156 0.369531 0.025781 0.046875
1 0.359375 0.360938 0.027344 0.050000
1 0.327344 0.351562 0.038281 0.053125
2 0.792188 0.674219 0.052344 0.023438
