2 0.320312 0.857031 0.172656 0.146875
2 0.619531 0.283594 0.138281 0.063281
2 0.776563 0.277344 0.178125 0.060156
2 0.931250 0.268750 0.135937 0.057031
2 0.006250 0.771094 0.012500 0.039062
2 0.154688 0.309375 0.160938 0.060156
2 0.271875 0.302344 0.174219 0.064062
2 0.642969 0.905469 0.172656 0.183594
1 0.125781 0.600000 0.037500 0.033594
1 0.062500 0.603125 0.044531 0.035156
1 0.062500 0.578906 0.044531 0.028906
1 0.015625 0.596094 0.030469 0.028906
1 0.030469 0.594531 0.025781 0.028125
2 0.865625 0.915625 0.263281 0.166406
2 0.446094 0.625781 0.141406 0.089063
1 0.745313 0.489063 0.067969 0.115625
1 0.745313 0.605469 0.069531 0.115625
1 0.677344 0.603125 0.066406 0.114844
1 0.609375 0.596094 0.070312 0.121094
1 0.668750 0.489063 0.083594 0.114062
1 0.496094 0.013281 0.061719 0.026562
1 0.435937 0.017969 0.058594 0.035937
1 0.323437 0.025781 0.053125 0.051562
1 0.377344 0.021875 0.054688 0.043750
1 0.270313 0.030469 0.052344 0.060156
1 0.218750 0.033594 0.050000 0.067187
1 0.170313 0.037500 0.047656 0.075000
1 0.092188 0.039844 0.107813 0.079687
1 0.018750 0.028906 0.037500 0.057813
1 0.087500 0.300000 0.101562 0.086719
1 0.017969 0.303125 0.035937 0.085938
1 0.038281 0.221094 0.076563 0.079687
2 0.799219 0.440625 0.039062 0.015625
2 0.335156 0.528125 0.046875 0.011719
2 0.444531 0.529687 0.042969 0.013281
2 0.482812 0.529687 0.039844 0.013281
2 0.515625 0.530469 0.022656 0.014063
2 0.563281 0.444531 0.032031 0.011719
2 0.600000 0.444531 0.039844 0.011719
2 0.628125 0.444531 0.016406 0.010937
2 0.521875 0.600781 0.010156 0.019531
2 0.437500 0.446875 0.032813 0.011719
2 0.471094 0.446875 0.036719 0.011719
2 0.561719 0.603125 0.024219 0.020313
1 0.376563 0.521094 0.028906 0.025781
2 0.799219 0.613281 0.037500 0.015625
1 0.624219 0.521875 0.003906 0.026562
1 0.615625 0.521875 0.019531 0.026562
1 0.624219 0.494531 0.003906 0.028125
1 0.594531 0.494531 0.015625 0.028125
1 0.595313 0.521875 0.016406 0.025781
1 0.578906 0.523438 0.015625 0.028125
1 0.562500 0.521875 0.015625 0.028125
1 0.578125 0.494531 0.016406 0.028125
1 0.407031 0.440625 0.019531 0.025781
1 0.389844 0.440625 0.014063 0.025781
1 0.375000 0.441406 0.014063 0.025000
1 0.378906 0.414844 0.021875 0.025781
1 0.360938 0.441406 0.013281 0.025000
1 0.346875 0.441406 0.013281 0.025000
1 0.332813 0.442188 0.013281 0.025000
1 0.318750 0.442188 0.013281 0.025000
1 0.360938 0.415625 0.013281 0.025000
1 0.346875 0.415625 0.013281 0.025781
1 0.332813 0.416406 0.013281 0.025000
2 0.967187 0.621094 0.064062 0.029687
