2 0.403906 0.720313 0.065625 0.079687
2 0.683594 0.432031 0.050781 0.023438
2 0.658594 0.438281 0.053125 0.025781
2 0.060156 0.758594 0.119531 0.119531
2 0.339844 0.654687 0.074219 0.079687
2 0.401562 0.625781 0.068750 0.067969
2 0.457813 0.605469 0.060937 0.063281
2 0.506250 0.475781 0.059375 0.039062
2 0.543750 0.466406 0.060937 0.033594
2 0.585156 0.458594 0.053125 0.029687
2 0.584375 0.628906 0.054688 0.050000
2 0.454688 0.693750 0.062500 0.070312
2 0.076563 0.888281 0.135156 0.150000
2 0.321875 0.524219 0.067187 0.060937
2 0.379688 0.509375 0.066406 0.054688
2 0.512500 0.667188 0.059375 0.061719
1 0.659375 0.516406 0.028906 0.035937
1 0.179688 0.697656 0.072656 0.082031
2 0.622656 0.614062 0.052344 0.035156
2 0.657813 0.600781 0.033594 0.030469
2 0.681250 0.587500 0.032813 0.026562
2 0.624219 0.538281 0.050781 0.028906
1 0.595313 0.542188 0.014844 0.043750
1 0.573438 0.549219 0.029687 0.042969
1 0.564063 0.551562 0.020313 0.048438
1 0.574219 0.515625 0.031250 0.045312
1 0.538281 0.527344 0.031250 0.049219
1 0.545312 0.566406 0.016406 0.038281
1 0.521875 0.568750 0.031250 0.048438
1 0.507812 0.571875 0.025781 0.054688
1 0.521875 0.532031 0.032031 0.051562
1 0.242969 0.523438 0.041406 0.074219
1 0.203906 0.531250 0.046094 0.078906
1 0.162500 0.541406 0.050781 0.080469
1 0.158594 0.485938 0.059375 0.078125
1 0.116406 0.559375 0.055469 0.067969
1 0.067187 0.571094 0.061719 0.071094
1 0.023438 0.582031 0.046875 0.071875
1 0.110156 0.493750 0.061719 0.081250
1 0.060156 0.501563 0.071875 0.086719
1 0.024219 0.508594 0.048438 0.088281
1 0.228906 0.363281 0.046875 0.060937
1 0.185938 0.364844 0.050781 0.064844
1 0.141406 0.367188 0.056250 0.067969
1 0.091406 0.369531 0.061719 0.070312
1 0.036719 0.371875 0.069531 0.074219
1 0.014063 0.371875 0.028125 0.075000
1 0.467969 0.367969 0.033594 0.045312
1 0.451562 0.369531 0.023438 0.046875
1 0.402344 0.375000 0.028125 0.048438
1 0.427344 0.373437 0.025000 0.046094
1 0.426563 0.326562 0.025781 0.046875
1 0.400000 0.326562 0.028906 0.049219
1 0.372656 0.326562 0.030469 0.050000
1 0.340625 0.327344 0.038281 0.053125
1 0.375000 0.376563 0.029687 0.050000
1 0.346094 0.378906 0.032031 0.051562
1 0.313281 0.378906 0.037500 0.056250
2 0.817969 0.596094 0.055469 0.046875
