2 0.389844 0.826562 0.082812 0.043750
2 0.856250 0.542188 0.091406 0.023438
2 0.799219 0.540625 0.093750 0.023438
2 0.079687 0.682031 0.135156 0.023438
2 0.316406 0.682031 0.083594 0.023438
2 0.396875 0.682031 0.077344 0.021875
2 0.471094 0.682031 0.060937 0.021875
2 0.543750 0.532031 0.057031 0.021875
2 0.603906 0.535937 0.062500 0.018750
2 0.667969 0.538281 0.067969 0.020313
2 0.692187 0.818750 0.095312 0.039844
2 0.464844 0.824219 0.074219 0.042969
2 0.066406 0.835156 0.132812 0.048438
2 0.317969 0.521094 0.065625 0.028125
2 0.382031 0.524219 0.067187 0.028125
2 0.557813 0.823438 0.080469 0.042969
1 0.823438 0.669531 0.060937 0.046875
1 0.179688 0.665625 0.068750 0.055469
2 0.771875 0.817187 0.103125 0.038281
2 0.846094 0.818750 0.084375 0.031250
2 0.907031 0.815625 0.087500 0.031250
2 0.755469 0.684375 0.093750 0.017969
1 0.689063 0.668750 0.029687 0.049219
1 0.661719 0.668750 0.028906 0.049219
1 0.631250 0.668750 0.037500 0.049219
1 0.651563 0.620313 0.042969 0.048438
1 0.597656 0.619531 0.027344 0.048438
1 0.600000 0.668750 0.028125 0.050000
1 0.572656 0.668750 0.028125 0.050000
1 0.542188 0.667969 0.033594 0.050781
1 0.567187 0.618750 0.035156 0.048438
1 0.260156 0.509375 0.042969 0.045312
1 0.225781 0.508594 0.035156 0.045312
1 0.195312 0.507812 0.035937 0.045312
1 0.211719 0.462500 0.056250 0.046875
1 0.164062 0.506250 0.036719 0.045312
1 0.132812 0.505469 0.038281 0.045312
1 0.101562 0.503906 0.038281 0.046094
1 0.070312 0.502344 0.039844 0.046875
1 0.171094 0.460938 0.036719 0.046875
1 0.140625 0.458594 0.036719 0.046875
1 0.109375 0.457031 0.038281 0.048438
1 0.278906 0.376563 0.044531 0.046875
1 0.243750 0.369531 0.032031 0.038281
1 0.215625 0.367969 0.032813 0.038281
1 0.186719 0.365625 0.033594 0.039062
1 0.157812 0.364063 0.035156 0.039062
1 0.128125 0.361719 0.035156 0.039062
1 0.098437 0.359375 0.035937 0.039844
1 0.492969 0.403906 0.025781 0.036719
1 0.467187 0.402344 0.025781 0.038281
1 0.414844 0.398438 0.027344 0.038281
1 0.441406 0.400781 0.026562 0.038281
1 0.442969 0.363281 0.027344 0.040625
1 0.416406 0.360156 0.027344 0.040625
1 0.390625 0.358594 0.028125 0.041406
1 0.364844 0.357031 0.028125 0.041406
1 0.388281 0.396875 0.028125 0.036719
1 0.361719 0.396094 0.028125 0.038281
1 0.335156 0.393750 0.029687 0.039062
