2 0.846094 0.527344 0.008594 0.021094
2 0.857031 0.515625 0.017188 0.026562
2 0.911719 0.426563 0.049219 0.057031
2 0.896094 0.457031 0.033594 0.045312
2 0.879687 0.481250 0.005469 0.010937
2 0.985156 0.296875 0.028906 0.078906
2 0.969531 0.767969 0.059375 0.050000
1 0.868750 0.610938 0.004687 0.029687
2 0.897656 0.721875 0.028906 0.025000
2 0.954688 0.742969 0.089844 0.035156
2 0.878125 0.713281 0.011719 0.021094
2 0.868750 0.707031 0.010156 0.018750
2 0.975000 0.588281 0.049219 0.040625
1 0.871875 0.608594 0.007031 0.033594
1 0.875781 0.606250 0.007031 0.035156
1 0.898438 0.603125 0.044531 0.039062
1 0.892188 0.568750 0.048438 0.041406
1 0.916406 0.537500 0.014844 0.056250
1 0.922656 0.588281 0.014844 0.053125
1 0.932031 0.584375 0.016406 0.056250
1 0.966406 0.577344 0.065625 0.067969
1 0.957812 0.525781 0.082812 0.071094
1 0.917188 0.208594 0.014063 0.059375
1 0.928125 0.173437 0.016406 0.065625
1 0.957031 0.084375 0.022656 0.085938
1 0.941406 0.133594 0.018750 0.074219
1 0.934375 0.086719 0.022656 0.103906
1 0.948438 0.046094 0.025000 0.092188
1 0.964063 0.019531 0.018750 0.039062
1 0.975781 0.038281 0.027344 0.075781
1 0.990625 0.007031 0.007031 0.014063
2 0.401562 0.727344 0.074219 0.032031
2 0.586719 0.561719 0.014844 0.014063
2 0.567969 0.556250 0.029687 0.014844
2 0.066406 0.581250 0.132031 0.044531
2 0.360156 0.608594 0.085156 0.025000
2 0.416406 0.614062 0.053125 0.020313
2 0.455469 0.617188 0.050000 0.017969
2 0.485156 0.521875 0.041406 0.021094
2 0.511719 0.532031 0.028125 0.018750
2 0.531250 0.541406 0.028906 0.017969
2 0.531250 0.699219 0.044531 0.017969
2 0.442188 0.718750 0.063281 0.028125
2 0.057813 0.805469 0.115625 0.079687
2 0.363281 0.465625 0.071094 0.040625
2 0.409375 0.484375 0.052344 0.033594
2 0.485156 0.709375 0.055469 0.023438
1 0.572656 0.621094 0.017969 0.023438
1 0.212500 0.576562 0.071094 0.068750
2 0.554688 0.694531 0.038281 0.014063
2 0.576562 0.691406 0.021094 0.013281
2 0.589063 0.688281 0.019531 0.011719
2 0.556250 0.627344 0.026562 0.010156
1 0.538281 0.616406 0.007031 0.028125
1 0.530469 0.615625 0.007812 0.028125
1 0.520312 0.614844 0.011719 0.029687
1 0.524219 0.587500 0.019531 0.028906
1 0.509375 0.582812 0.008594 0.030469
1 0.510156 0.613281 0.009375 0.030469
1 0.500000 0.611719 0.009375 0.031250
1 0.479687 0.610938 0.030469 0.034375
1 0.489844 0.580469 0.028906 0.033594
1 0.307812 0.427344 0.032031 0.058594
1 0.276562 0.412500 0.035937 0.061719
1 0.240625 0.396094 0.041406 0.067969
1 0.245312 0.343750 0.040625 0.071875
1 0.200000 0.377344 0.049219 0.073438
1 0.153125 0.355469 0.057031 0.080469
1 0.097656 0.328906 0.067969 0.089844
1 0.035937 0.296875 0.071875 0.103125
1 0.205469 0.321094 0.047656 0.079687
1 0.159375 0.294531 0.055469 0.088281
1 0.103125 0.264062 0.071875 0.096875
1 0.318750 0.284375 0.028906 0.057031
1 0.289844 0.260937 0.032031 0.063281
1 0.257031 0.235937 0.037500 0.067969
1 0.220312 0.206250 0.043750 0.074219
1 0.177344 0.171875 0.050000 0.081250
1 0.128125 0.133594 0.058594 0.090625
1 0.070312 0.087500 0.071094 0.103125
1 0.468750 0.415625 0.011719 0.035156
1 0.456250 0.406250 0.013281 0.035937
1 0.427344 0.384375 0.015625 0.039844
1 0.442188 0.396094 0.014844 0.038281
1 0.442969 0.364844 0.014844 0.042969
1 0.428125 0.352344 0.016406 0.045312
1 0.411719 0.339062 0.017188 0.048438
1 0.384375 0.323437 0.038281 0.050781
1 0.410938 0.371875 0.017188 0.042969
1 0.392969 0.358594 0.019531 0.045312
1 0.367969 0.343750 0.033594 0.049219
2 0.676562 0.669531 0.036719 0.010937
