2 0.396875 0.722656 0.071094 0.100781
2 0.688281 0.378906 0.053906 0.031250
2 0.662500 0.389062 0.057031 0.035156
2 0.035937 0.831250 0.071875 0.137500
2 0.323437 0.676562 0.085156 0.110937
2 0.391406 0.631250 0.077344 0.092969
2 0.452344 0.600000 0.067187 0.083594
2 0.503125 0.453906 0.066406 0.057031
2 0.542969 0.436719 0.067187 0.049219
2 0.587500 0.421875 0.057031 0.042969
2 0.582812 0.595313 0.057031 0.060937
2 0.450000 0.685937 0.067187 0.088281
2 0.057031 0.932813 0.114062 0.131250
2 0.296875 0.544531 0.081250 0.098437
2 0.363281 0.516406 0.078125 0.085156
2 0.509375 0.646875 0.063281 0.075781
1 0.660937 0.470313 0.032031 0.040625
1 0.139844 0.757031 0.090625 0.105469
2 0.621094 0.575781 0.053125 0.039844
2 0.654687 0.556250 0.036719 0.035156
2 0.678906 0.539062 0.035156 0.032031
2 0.624219 0.498437 0.055469 0.035937
1 0.596094 0.509375 0.015625 0.048438
1 0.573438 0.518750 0.032813 0.048438
1 0.564063 0.523438 0.021094 0.057031
1 0.574219 0.484375 0.035156 0.050781
1 0.539844 0.503906 0.030469 0.055469
1 0.545312 0.543750 0.017188 0.041406
1 0.520312 0.548438 0.033594 0.053125
1 0.501563 0.553906 0.035156 0.064844
1 0.520312 0.511719 0.035156 0.057031
1 0.200781 0.556250 0.055469 0.103125
1 0.152344 0.573438 0.062500 0.109375
1 0.100000 0.596875 0.071094 0.107031
1 0.088281 0.532813 0.085938 0.114062
1 0.042188 0.633594 0.080469 0.084375
1 0.011719 0.649219 0.022656 0.073438
1 0.032031 0.551562 0.064062 0.123438
1 0.003125 0.559375 0.005469 0.108594
1 0.167187 0.372656 0.067969 0.093750
1 0.109375 0.382031 0.075781 0.100000
1 0.046094 0.392969 0.086719 0.107031
1 0.014063 0.398438 0.028125 0.106250
1 0.460156 0.340625 0.041406 0.061719
1 0.441406 0.345313 0.028125 0.064844
1 0.383594 0.362500 0.034375 0.060156
1 0.414062 0.356250 0.030469 0.058594
1 0.404687 0.299219 0.044531 0.064844
1 0.375000 0.303125 0.046875 0.067969
1 0.342187 0.307812 0.047656 0.071094
1 0.307031 0.312500 0.050000 0.075000
1 0.351562 0.369531 0.037500 0.063281
1 0.316406 0.377344 0.042188 0.065625
1 0.276562 0.378125 0.050000 0.083594
2 0.817969 0.550000 0.056250 0.053906
