2 0.986719 0.975781 0.025781 0.046094
2 0.906250 0.503906 0.003906 0.017969
2 0.909375 0.499219 0.005469 0.020313
2 0.931250 0.463281 0.042969 0.043750
2 0.924219 0.478125 0.015625 0.030469
2 0.986719 0.351562 0.025781 0.106250
2 0.964063 0.396875 0.024219 0.079687
2 0.974219 0.855469 0.050781 0.089063
2 0.935156 0.750781 0.007031 0.025000
2 0.961719 0.792969 0.050781 0.056250
2 0.922656 0.719531 0.003125 0.025000
2 0.919531 0.707031 0.004687 0.028125
2 0.972656 0.699219 0.053125 0.063281
1 0.925781 0.611719 0.002344 0.040625
1 0.932813 0.614844 0.016406 0.046094
1 0.930469 0.569531 0.016406 0.041406
1 0.975781 0.642969 0.047656 0.060156
1 0.974219 0.580469 0.050781 0.068750
1 0.950781 0.075781 0.010156 0.110937
1 0.957812 0.045312 0.011719 0.090625
1 0.966406 0.020313 0.008594 0.040625
2 0.409375 0.716406 0.066406 0.042969
2 0.607812 0.522656 0.032031 0.010156
2 0.590625 0.521094 0.036719 0.011719
2 0.089063 0.662500 0.132812 0.054688
2 0.363281 0.625781 0.074219 0.030469
2 0.411719 0.617969 0.064844 0.025781
2 0.455469 0.611719 0.057031 0.021875
2 0.490625 0.511719 0.049219 0.015625
2 0.522656 0.514844 0.033594 0.013281
2 0.546875 0.517969 0.032813 0.013281
2 0.547656 0.669531 0.044531 0.024219
2 0.450000 0.703125 0.059375 0.036719
2 0.086719 0.829688 0.134375 0.103906
2 0.358594 0.495312 0.068750 0.024219
2 0.407031 0.500781 0.052344 0.021094
2 0.495312 0.688281 0.052344 0.030469
1 0.595313 0.585938 0.022656 0.024219
1 0.225781 0.628125 0.061719 0.060156
2 0.574219 0.661719 0.041406 0.018750
2 0.599219 0.655469 0.024219 0.016406
2 0.615625 0.650000 0.022656 0.014844
2 0.575781 0.596094 0.032031 0.010937
1 0.554688 0.591406 0.008594 0.026562
1 0.545312 0.592969 0.010156 0.028125
1 0.533594 0.593750 0.013281 0.029687
1 0.538281 0.564844 0.023438 0.028125
1 0.521094 0.565625 0.010156 0.029687
1 0.521094 0.595313 0.010156 0.029687
1 0.510156 0.596875 0.011719 0.030469
1 0.489063 0.596875 0.028906 0.033594
1 0.501563 0.566406 0.028125 0.030469
1 0.303125 0.475781 0.029687 0.048438
1 0.272656 0.471875 0.032031 0.050781
1 0.239844 0.467969 0.035937 0.053906
1 0.241406 0.417187 0.035937 0.056250
1 0.202344 0.462500 0.040625 0.058594
1 0.160938 0.456250 0.046094 0.060937
1 0.114062 0.450781 0.052344 0.065625
1 0.060937 0.442969 0.059375 0.071875
1 0.204687 0.409375 0.039844 0.060937
1 0.163281 0.400000 0.045312 0.064844
1 0.117188 0.390625 0.051562 0.069531
1 0.308594 0.337500 0.028906 0.050781
1 0.278906 0.325781 0.031250 0.053906
1 0.246875 0.314063 0.035156 0.057031
1 0.210938 0.300000 0.039062 0.060937
1 0.171094 0.284375 0.042969 0.065625
1 0.126562 0.267969 0.049219 0.070312
1 0.075000 0.248438 0.057031 0.078125
1 0.472656 0.412500 0.014063 0.034375
1 0.457813 0.407031 0.014844 0.035156
1 0.425781 0.396094 0.017188 0.039062
1 0.442188 0.401562 0.016406 0.036719
1 0.442969 0.368750 0.015625 0.039844
1 0.425781 0.361719 0.017188 0.040625
1 0.407813 0.353906 0.018750 0.043750
1 0.381250 0.346094 0.034375 0.045312
1 0.407813 0.390625 0.017969 0.039844
1 0.387500 0.383594 0.020313 0.042969
1 0.360156 0.375781 0.035937 0.045312
2 0.710938 0.633594 0.036719 0.015625
