2 0.980469 0.958594 0.037500 0.081250
2 0.871094 0.376563 0.057813 0.024219
2 0.888281 0.396875 0.067187 0.035937
2 0.979688 0.753125 0.039844 0.096094
2 0.971875 0.526563 0.054688 0.064062
2 0.960156 0.484375 0.078906 0.051562
2 0.946875 0.450781 0.087500 0.040625
2 0.942969 0.773438 0.101562 0.119531
1 0.853906 0.457031 0.022656 0.036719
1 0.854688 0.481250 0.013281 0.036719
1 0.876563 0.491406 0.046094 0.039062
1 0.883594 0.507031 0.049219 0.046875
1 0.882031 0.465625 0.044531 0.046094
1 0.949219 0.567969 0.052344 0.059375
1 0.924219 0.607031 0.021875 0.058594
1 0.936719 0.629687 0.024219 0.063281
1 0.968750 0.661719 0.061719 0.080469
1 0.967969 0.596094 0.063281 0.079687
2 0.827344 0.528906 0.022656 0.033594
2 0.835938 0.556250 0.021094 0.039062
2 0.903125 0.682031 0.078906 0.085938
2 0.865625 0.594531 0.058594 0.057031
2 0.453906 0.685937 0.061719 0.083594
2 0.576562 0.339062 0.032031 0.019531
2 0.567187 0.348438 0.035156 0.023438
2 0.502344 0.414844 0.058594 0.040625
2 0.519531 0.394531 0.050000 0.031250
2 0.539844 0.380469 0.036719 0.029687
2 0.404687 0.525781 0.095312 0.083594
2 0.440625 0.487500 0.082031 0.067969
2 0.508594 0.585938 0.048438 0.053906
1 0.578125 0.403125 0.014844 0.029687
1 0.352344 0.723437 0.030469 0.040625
1 0.341406 0.754687 0.032031 0.046094
1 0.313281 0.767969 0.034375 0.059375
1 0.267188 0.854688 0.039844 0.059375
1 0.288281 0.803125 0.035937 0.053125
2 0.556250 0.499219 0.030469 0.030469
2 0.532031 0.544531 0.038281 0.039844
2 0.572656 0.480469 0.015625 0.026562
2 0.580469 0.463281 0.014844 0.025000
2 0.483594 0.550781 0.063281 0.060937
1 0.571875 0.417969 0.003906 0.028125
1 0.560156 0.424219 0.019531 0.028906
1 0.554688 0.428906 0.023438 0.033594
1 0.560156 0.400000 0.022656 0.029687
1 0.526563 0.453906 0.014844 0.039844
1 0.529687 0.484375 0.007031 0.036719
1 0.523438 0.494531 0.007031 0.038281
1 0.503906 0.502344 0.031250 0.046875
1 0.511719 0.464062 0.030469 0.042969
1 0.494531 0.319531 0.021875 0.049219
1 0.489063 0.326562 0.010937 0.050781
1 0.463281 0.340625 0.014844 0.055469
1 0.476562 0.333594 0.013281 0.053125
1 0.461719 0.285156 0.042969 0.053906
1 0.446094 0.289844 0.046875 0.057031
1 0.429688 0.294531 0.050781 0.061719
1 0.411719 0.300781 0.053125 0.066406
1 0.447656 0.349219 0.017188 0.058594
1 0.430469 0.358594 0.020313 0.064062
1 0.392188 0.366406 0.060156 0.075000
1 0.327344 0.369531 0.078125 0.091406
1 0.290625 0.385937 0.088281 0.103125
1 0.246875 0.403906 0.101562 0.115625
1 0.192188 0.428125 0.117969 0.133594
1 0.123438 0.457031 0.141406 0.155469
1 0.060156 0.495312 0.120313 0.187500
1 0.011719 0.559375 0.022656 0.088281
1 0.343750 0.560937 0.068750 0.100000
1 0.328906 0.591406 0.044531 0.110937
1 0.296094 0.638281 0.046875 0.103125
1 0.267188 0.561719 0.091406 0.124219
1 0.253125 0.683594 0.058594 0.115625
1 0.199219 0.739844 0.074219 0.133594
1 0.132031 0.809375 0.097656 0.156250
1 0.054688 0.874219 0.109375 0.242969
1 0.220312 0.599219 0.104688 0.141406
1 0.161719 0.647656 0.122656 0.165625
1 0.088281 0.707031 0.147656 0.196875
2 0.207813 0.535937 0.043750 0.028906
2 0.369531 0.321094 0.014063 0.014063
2 0.343750 0.456250 0.037500 0.025000
2 0.253125 0.509375 0.046875 0.023438
2 0.005469 0.695312 0.010937 0.029687
2 0.293750 0.490625 0.045312 0.033594
2 0.368750 0.440625 0.032031 0.021094
1 0.055469 0.398438 0.035156 0.010156
1 0.028125 0.407031 0.028906 0.010156
1 0.007031 0.396094 0.014063 0.040625
1 0.035937 0.300781 0.054688 0.048438
1 0.014844 0.305469 0.029687 0.050000
1 0.233594 0.286719 0.030469 0.032031
1 0.221094 0.289062 0.021875 0.034375
1 0.183594 0.296094 0.025781 0.035156
1 0.203125 0.293750 0.023438 0.033594
1 0.192188 0.260937 0.035156 0.034375
1 0.171875 0.262500 0.037500 0.035937
1 0.150781 0.264844 0.038281 0.036719
1 0.125000 0.267188 0.044531 0.039844
1 0.162500 0.300000 0.027344 0.036719
1 0.139063 0.303906 0.029687 0.039062
1 0.107813 0.306250 0.046094 0.042969
2 0.714844 0.499219 0.049219 0.032031
2 0.476562 0.396094 0.025000 0.014844
