2 0.950000 0.503125 0.061719 0.014844
2 0.960156 0.505469 0.078125 0.017969
2 0.960938 0.520312 0.076563 0.033594
2 0.964844 0.514844 0.069531 0.024219
2 0.968750 0.514062 0.060937 0.024219
2 0.994531 0.547656 0.010156 0.061719
2 0.982812 0.541406 0.032813 0.060937
2 0.958594 0.911719 0.030469 0.108594
2 0.935156 0.767969 0.006250 0.026562
2 0.945312 0.827344 0.021094 0.069531
2 0.923438 0.708594 0.003125 0.031250
2 0.973437 0.790625 0.052344 0.093750
1 0.937500 0.611719 0.009375 0.017969
1 0.939063 0.625781 0.010937 0.042969
1 0.950000 0.582031 0.032813 0.046094
1 0.964844 0.593750 0.014063 0.006250
1 0.978125 0.714063 0.042969 0.085938
1 0.978125 0.637500 0.042188 0.082031
1 0.972656 0.253125 0.006250 0.040625
1 0.979688 0.230469 0.007031 0.045312
1 0.996094 0.178125 0.006250 0.046875
1 0.988281 0.203125 0.009375 0.053906
1 0.989062 0.139063 0.010156 0.131250
1 0.996875 0.110937 0.005469 0.124219
2 0.410938 0.715625 0.064844 0.050781
2 0.617969 0.499219 0.021875 0.009375
2 0.594531 0.499219 0.038281 0.010156
2 0.092969 0.703125 0.127344 0.080469
2 0.363281 0.634375 0.072656 0.042969
2 0.411719 0.619531 0.064844 0.035156
2 0.456250 0.608594 0.057031 0.030469
2 0.491406 0.505469 0.049219 0.014063
2 0.518750 0.503906 0.045312 0.011719
2 0.549219 0.503125 0.033594 0.011719
2 0.550000 0.652344 0.045312 0.028906
2 0.451562 0.696094 0.058594 0.044531
2 0.100781 0.858594 0.124219 0.121875
2 0.356250 0.509375 0.067969 0.019531
2 0.404687 0.507812 0.053906 0.017969
2 0.496875 0.676562 0.052344 0.036719
1 0.599219 0.564063 0.021875 0.025000
1 0.226562 0.653125 0.061719 0.067969
2 0.576562 0.642188 0.041406 0.021094
2 0.601562 0.633594 0.024219 0.018750
2 0.617969 0.625781 0.022656 0.017969
2 0.578125 0.577344 0.032031 0.014063
1 0.557031 0.575000 0.008594 0.029687
1 0.539844 0.578125 0.024219 0.029687
1 0.535156 0.580469 0.014063 0.032031
1 0.539062 0.550000 0.025781 0.029687
1 0.514844 0.553906 0.025781 0.032031
1 0.522656 0.584375 0.010937 0.030469
1 0.510938 0.587500 0.011719 0.032031
1 0.490625 0.589063 0.028125 0.036719
1 0.503125 0.556250 0.027344 0.033594
1 0.299219 0.496875 0.028906 0.046875
1 0.268750 0.496875 0.032031 0.050781
1 0.234375 0.497656 0.035156 0.053125
1 0.234375 0.444531 0.035156 0.053125
1 0.196875 0.498437 0.039844 0.055469
1 0.154688 0.498437 0.044531 0.059375
1 0.107031 0.498437 0.050000 0.063281
1 0.053125 0.498437 0.057813 0.068750
1 0.196875 0.442188 0.039844 0.056250
1 0.154688 0.439063 0.044531 0.060937
1 0.107031 0.435937 0.050000 0.064062
1 0.300781 0.353125 0.028906 0.050781
1 0.270313 0.345313 0.031250 0.053906
1 0.236719 0.338281 0.035156 0.057031
1 0.199219 0.328906 0.039844 0.060937
1 0.157031 0.318750 0.044531 0.065625
1 0.110156 0.307031 0.050000 0.070312
1 0.056250 0.294531 0.057031 0.076563
1 0.472656 0.407031 0.014844 0.034375
1 0.457813 0.403906 0.014844 0.035937
1 0.423438 0.396875 0.017969 0.039062
1 0.441406 0.400781 0.016406 0.036719
1 0.441406 0.365625 0.016406 0.039062
1 0.423438 0.360156 0.017969 0.040625
1 0.404687 0.355469 0.018750 0.042969
1 0.377344 0.349219 0.035156 0.045312
1 0.404687 0.392969 0.018750 0.039844
1 0.384375 0.389062 0.021094 0.042969
1 0.355469 0.384375 0.035156 0.044531
2 0.714063 0.611719 0.036719 0.019531
