2 0.445312 0.758594 0.070312 0.044531
2 0.986719 0.496875 0.025781 0.006250
2 0.926562 0.485938 0.146094 0.041406
2 0.269531 0.637500 0.059375 0.019531
2 0.394531 0.646094 0.069531 0.025000
2 0.446875 0.648438 0.069531 0.025781
2 0.496875 0.653125 0.058594 0.029687
2 0.562500 0.513281 0.054688 0.023438
2 0.624219 0.509375 0.069531 0.023438
2 0.706250 0.504687 0.085156 0.025781
2 0.729688 0.809375 0.096094 0.069531
2 0.495312 0.767969 0.063281 0.048438
2 0.271875 0.727344 0.067187 0.032031
2 0.385937 0.524219 0.052344 0.019531
2 0.431250 0.521875 0.064844 0.021094
2 0.575781 0.783594 0.071875 0.055469
1 0.953125 0.663281 0.090625 0.071875
1 0.315625 0.630469 0.037500 0.038281
2 0.846094 0.830469 0.131250 0.079687
2 0.946875 0.850000 0.105469 0.075781
2 0.841406 0.672656 0.112500 0.038281
1 0.725000 0.650000 0.036719 0.059375
1 0.689063 0.648438 0.036719 0.057031
1 0.658594 0.646094 0.032031 0.055469
1 0.687500 0.596875 0.036719 0.053125
1 0.617188 0.596094 0.030469 0.049219
1 0.618750 0.644531 0.030469 0.053125
1 0.589844 0.644531 0.027344 0.049219
1 0.563281 0.642188 0.025781 0.050781
1 0.589063 0.596094 0.027344 0.046875
1 0.356250 0.517969 0.035937 0.036719
1 0.329688 0.518750 0.017188 0.035937
1 0.314063 0.520312 0.016406 0.035156
1 0.325000 0.485938 0.035937 0.035156
1 0.298438 0.521875 0.016406 0.034375
1 0.283594 0.523438 0.015625 0.033594
1 0.269531 0.523438 0.014844 0.032031
1 0.256250 0.524219 0.014063 0.032031
1 0.300000 0.487500 0.015625 0.034375
1 0.285156 0.489063 0.015625 0.034375
1 0.271094 0.491406 0.014844 0.034375
1 0.360156 0.410938 0.035156 0.040625
1 0.335156 0.410938 0.016406 0.033594
1 0.318750 0.414062 0.016406 0.033594
1 0.303906 0.417187 0.015625 0.032031
1 0.289062 0.419531 0.014844 0.032031
1 0.275000 0.423438 0.014844 0.031250
1 0.261719 0.425781 0.014063 0.030469
1 0.518750 0.398438 0.032031 0.053906
1 0.491406 0.396094 0.021875 0.040625
1 0.449219 0.403906 0.019531 0.039062
1 0.469531 0.400781 0.021094 0.039844
1 0.475781 0.362500 0.032031 0.041406
1 0.449219 0.367188 0.020313 0.041406
1 0.429688 0.371094 0.019531 0.040625
1 0.410156 0.375781 0.018750 0.039844
1 0.428906 0.407813 0.019531 0.038281
1 0.410156 0.410938 0.018750 0.036719
1 0.391406 0.414062 0.017969 0.035937
