2 0.369531 0.844531 0.088281 0.060156
2 0.791406 0.560937 0.071875 0.021094
2 0.748437 0.556250 0.078906 0.023438
2 0.024219 0.691406 0.047656 0.028125
2 0.285938 0.690625 0.101562 0.028125
2 0.378125 0.689063 0.082812 0.025000
2 0.458594 0.689063 0.069531 0.024219
2 0.529687 0.533594 0.064844 0.025000
2 0.589844 0.540625 0.055469 0.021875
2 0.646094 0.546875 0.057031 0.021094
2 0.660156 0.812500 0.087500 0.043750
2 0.450781 0.835938 0.081250 0.054688
2 0.013281 0.867969 0.026562 0.039062
2 0.288281 0.504687 0.078906 0.036719
2 0.360938 0.512500 0.068750 0.034375
2 0.546094 0.826562 0.077344 0.050000
1 0.765625 0.672656 0.050781 0.041406
1 0.100000 0.671094 0.096875 0.069531
2 0.725000 0.807031 0.088281 0.035937
2 0.782813 0.803906 0.064844 0.029687
2 0.826562 0.798438 0.062500 0.026562
2 0.713281 0.686719 0.079687 0.016406
1 0.661719 0.671875 0.024219 0.046094
1 0.639062 0.671875 0.024219 0.048438
1 0.612500 0.671875 0.033594 0.048438
1 0.628125 0.625000 0.042969 0.046094
1 0.582812 0.623437 0.025000 0.048438
1 0.584375 0.671875 0.025781 0.050000
1 0.559375 0.671875 0.025781 0.050000
1 0.527344 0.671875 0.038281 0.051562
1 0.551562 0.621875 0.039062 0.049219
1 0.213281 0.484375 0.057813 0.058594
1 0.166406 0.479687 0.048438 0.059375
1 0.123438 0.474219 0.050781 0.060156
1 0.142969 0.420312 0.072656 0.064844
1 0.078906 0.469531 0.053906 0.060937
1 0.032031 0.464062 0.058594 0.064062
1 0.007031 0.460938 0.013281 0.060156
1 0.088281 0.412500 0.053125 0.064062
1 0.042969 0.405469 0.057031 0.064844
1 0.012500 0.400000 0.025000 0.063281
1 0.232031 0.322656 0.049219 0.053125
1 0.190625 0.314063 0.042969 0.051562
1 0.151562 0.305469 0.045312 0.053125
1 0.110937 0.296094 0.048438 0.054688
1 0.067969 0.286719 0.052344 0.055469
1 0.025000 0.276562 0.050000 0.057031
1 0.002344 0.260156 0.004687 0.026562
1 0.482812 0.394531 0.025781 0.042969
1 0.456250 0.389062 0.027344 0.044531
1 0.400000 0.378125 0.030469 0.046094
1 0.428906 0.383594 0.028125 0.044531
1 0.429688 0.342969 0.028125 0.048438
1 0.401562 0.335938 0.029687 0.049219
1 0.372656 0.330469 0.031250 0.053125
1 0.342187 0.321875 0.033594 0.050781
1 0.370312 0.371094 0.032031 0.046094
1 0.339062 0.365625 0.033594 0.046875
1 0.307031 0.358594 0.035156 0.049219
