3 0.678125 0.989062 0.045312 0.020313
2 0.977344 0.935937 0.044531 0.126562
2 0.849219 0.390625 0.048438 0.021094
2 0.867969 0.404687 0.061719 0.029687
2 0.996094 0.761719 0.006250 0.031250
2 0.971094 0.713281 0.056250 0.088281
2 0.960938 0.503906 0.077344 0.058594
2 0.949219 0.469531 0.100781 0.041406
2 0.922656 0.443750 0.080469 0.029687
2 0.933594 0.749219 0.100781 0.105469
1 0.838281 0.467187 0.019531 0.034375
1 0.839063 0.486719 0.010937 0.035156
1 0.860156 0.496094 0.041406 0.035937
1 0.867969 0.508594 0.045312 0.045312
1 0.865625 0.469531 0.042969 0.042969
1 0.932813 0.549219 0.053906 0.054688
1 0.907031 0.589063 0.019531 0.053906
1 0.919531 0.607812 0.021875 0.058594
1 0.960938 0.636719 0.077344 0.080469
1 0.954688 0.573438 0.074219 0.071875
2 0.814844 0.538281 0.017969 0.029687
2 0.821875 0.561719 0.014063 0.034375
2 0.891406 0.669531 0.074219 0.074219
2 0.854688 0.593750 0.057031 0.049219
2 0.453906 0.678906 0.063281 0.078125
2 0.571875 0.363281 0.030469 0.016406
2 0.562500 0.369531 0.033594 0.019531
2 0.501563 0.421094 0.057031 0.033594
2 0.517969 0.405469 0.048438 0.025781
2 0.537500 0.394531 0.035156 0.025000
2 0.252344 0.983594 0.047656 0.031250
2 0.415625 0.505469 0.081250 0.066406
2 0.445312 0.475781 0.075781 0.053906
2 0.507812 0.589844 0.047656 0.051562
1 0.574219 0.424219 0.014844 0.028125
1 0.358594 0.694531 0.028906 0.035156
1 0.349219 0.721875 0.031250 0.041406
1 0.321875 0.731250 0.032813 0.055469
1 0.277344 0.807031 0.038281 0.054688
1 0.296875 0.763281 0.035156 0.046875
2 0.552344 0.515625 0.031250 0.028906
2 0.530469 0.554688 0.037500 0.036719
2 0.568750 0.498437 0.014844 0.024219
2 0.576562 0.483594 0.014063 0.021875
2 0.484375 0.549219 0.060937 0.053906
1 0.567969 0.436719 0.003906 0.026562
1 0.555469 0.442188 0.021094 0.026562
1 0.550781 0.446094 0.022656 0.030469
1 0.555469 0.418750 0.021875 0.028125
1 0.522656 0.461719 0.017969 0.038281
1 0.528125 0.492188 0.006250 0.035937
1 0.521875 0.500781 0.006250 0.036719
1 0.503125 0.507031 0.030469 0.043750
1 0.510938 0.469531 0.029687 0.039844
1 0.494531 0.325000 0.020313 0.042969
1 0.489844 0.328125 0.010156 0.045312
1 0.466406 0.335938 0.013281 0.050000
1 0.478906 0.332031 0.011719 0.046094
1 0.478125 0.286719 0.012500 0.046094
1 0.465625 0.288281 0.014063 0.049219
1 0.450781 0.290625 0.015625 0.053125
1 0.421875 0.291406 0.044531 0.055469
1 0.452344 0.341406 0.014844 0.053125
1 0.436719 0.346094 0.017969 0.056250
1 0.402344 0.349219 0.052344 0.064062
1 0.343750 0.340625 0.068750 0.076563
1 0.310937 0.346875 0.078125 0.085156
1 0.271094 0.355469 0.090625 0.094531
1 0.224219 0.365625 0.104688 0.107031
1 0.164844 0.378906 0.122656 0.123438
1 0.089063 0.396094 0.147656 0.142969
1 0.039844 0.414062 0.079687 0.160938
1 0.355469 0.527344 0.063281 0.088281
1 0.342969 0.550781 0.036719 0.096875
1 0.311719 0.583594 0.041406 0.093750
1 0.285156 0.509375 0.083594 0.104688
1 0.271875 0.617188 0.051562 0.106250
1 0.223438 0.657813 0.064844 0.121094
1 0.162500 0.709375 0.083594 0.140625
1 0.069531 0.756250 0.138281 0.205469
1 0.242969 0.535937 0.096094 0.119531
1 0.189844 0.567969 0.111719 0.139063
1 0.124219 0.607812 0.132031 0.164062
2 0.160938 0.506250 0.067969 0.034375
2 0.206250 0.482812 0.060156 0.026562
2 0.248438 0.465625 0.050000 0.023438
2 0.339062 0.478125 0.028906 0.021875
2 0.004687 0.690625 0.009375 0.024219
1 0.385156 0.405469 0.016406 0.014063
1 0.033594 0.558594 0.057031 0.055469
2 0.375000 0.464062 0.021094 0.019531
2 0.388281 0.453125 0.016406 0.017969
2 0.406250 0.443750 0.020313 0.014844
2 0.371094 0.416406 0.019531 0.015625
1 0.344531 0.421094 0.010156 0.024219
1 0.335156 0.425781 0.010156 0.024219
1 0.323437 0.430469 0.014844 0.025000
1 0.311719 0.436719 0.012500 0.025781
1 0.300000 0.441406 0.013281 0.026562
1 0.282813 0.445312 0.025781 0.025781
1 0.053906 0.307812 0.049219 0.041406
1 0.023438 0.310937 0.046875 0.043750
1 0.006250 0.310937 0.012500 0.043750
1 0.242969 0.301563 0.022656 0.017969
1 0.228906 0.303125 0.017969 0.018750
1 0.192969 0.306250 0.021875 0.018750
1 0.211719 0.304688 0.019531 0.018750
1 0.208594 0.280469 0.021875 0.030469
1 0.189062 0.281250 0.024219 0.032031
1 0.168750 0.281250 0.025781 0.033594
1 0.139063 0.282031 0.042188 0.035156
1 0.172656 0.307812 0.022656 0.019531
1 0.150781 0.309375 0.025000 0.020313
1 0.120313 0.310937 0.041406 0.024219
2 0.707812 0.511719 0.047656 0.028906
2 0.473438 0.424219 0.023438 0.014063
