3 0.717187 0.871094 0.266406 0.256250
2 0.984375 0.866406 0.029687 0.075781
2 0.840625 0.417969 0.038281 0.014844
2 0.862500 0.423438 0.060156 0.018750
2 0.997656 0.693750 0.003906 0.028906
2 0.971875 0.661719 0.055469 0.068750
2 0.955469 0.468750 0.088281 0.039062
2 0.941406 0.453125 0.102344 0.028125
2 0.913281 0.441406 0.075781 0.020313
2 0.944531 0.733594 0.105469 0.090625
1 0.836719 0.493750 0.014844 0.030469
1 0.839063 0.507031 0.007812 0.032031
1 0.860938 0.512500 0.041406 0.034375
1 0.867969 0.521094 0.043750 0.041406
1 0.864062 0.484375 0.042188 0.036719
1 0.936719 0.531250 0.067187 0.050000
1 0.906250 0.573438 0.016406 0.051562
1 0.918750 0.585938 0.017969 0.054688
1 0.960938 0.603125 0.077344 0.067969
1 0.951562 0.545312 0.073438 0.063281
1 0.996094 0.314063 0.006250 0.046875
2 0.817187 0.567969 0.012500 0.025781
2 0.827344 0.585938 0.013281 0.028906
2 0.903906 0.669531 0.085938 0.064062
2 0.860156 0.610156 0.055469 0.040625
2 0.452344 0.666406 0.064844 0.064844
2 0.575000 0.406250 0.026562 0.011719
2 0.564063 0.408594 0.032813 0.011719
2 0.502344 0.431250 0.053906 0.021094
2 0.519531 0.424219 0.045312 0.017969
2 0.538281 0.419531 0.033594 0.015625
2 0.192969 0.935937 0.167969 0.126562
2 0.420312 0.464062 0.068750 0.038281
2 0.446875 0.453125 0.071094 0.031250
2 0.508594 0.601562 0.047656 0.041406
1 0.575781 0.464844 0.014844 0.024219
1 0.356250 0.638281 0.027344 0.028906
1 0.346094 0.655469 0.030469 0.033594
1 0.318750 0.658594 0.031250 0.046875
1 0.272656 0.709375 0.036719 0.042969
1 0.294531 0.681250 0.033594 0.038281
2 0.557031 0.546875 0.028125 0.023438
2 0.531250 0.575781 0.039062 0.029687
2 0.570312 0.534375 0.017969 0.020313
2 0.578906 0.523438 0.015625 0.017969
2 0.484375 0.546094 0.060156 0.039062
1 0.570312 0.471875 0.003906 0.024219
1 0.557813 0.475781 0.020313 0.024219
1 0.553125 0.478906 0.021875 0.028125
1 0.557813 0.453125 0.021094 0.025781
1 0.518750 0.476562 0.026562 0.035156
1 0.528906 0.507031 0.006250 0.032031
1 0.522656 0.512500 0.006250 0.034375
1 0.503906 0.515625 0.029687 0.036719
1 0.511719 0.481250 0.028906 0.035937
1 0.500000 0.330469 0.008594 0.038281
1 0.489844 0.328125 0.010156 0.040625
1 0.467187 0.324219 0.013281 0.044531
1 0.478906 0.325781 0.010937 0.042969
1 0.478906 0.284375 0.011719 0.045312
1 0.466406 0.279687 0.013281 0.048438
1 0.452344 0.275000 0.014844 0.051562
1 0.425000 0.268750 0.041406 0.054688
1 0.453125 0.321094 0.014063 0.048438
1 0.438281 0.318750 0.016406 0.050000
1 0.406250 0.314844 0.049219 0.055469
1 0.368750 0.278906 0.028125 0.067969
1 0.339844 0.271094 0.033594 0.074219
1 0.306250 0.261719 0.039844 0.083594
1 0.265625 0.250781 0.049219 0.092969
1 0.214844 0.236719 0.061719 0.105469
1 0.151562 0.219531 0.079687 0.121875
1 0.061719 0.196094 0.122656 0.144531
1 0.358594 0.463281 0.056250 0.067969
1 0.346094 0.471875 0.031250 0.073438
1 0.315625 0.483594 0.036719 0.075781
1 0.302344 0.414062 0.057031 0.073438
1 0.277344 0.494531 0.046094 0.084375
1 0.232031 0.509375 0.055469 0.094531
1 0.175000 0.526563 0.070312 0.108594
1 0.092188 0.542969 0.113281 0.136719
1 0.257812 0.419531 0.077344 0.081250
1 0.212500 0.425781 0.083594 0.091406
1 0.149219 0.433594 0.107813 0.103906
2 0.414844 0.398438 0.014844 0.008594
2 0.387500 0.400000 0.022656 0.009375
2 0.333594 0.409375 0.008594 0.009375
2 0.342187 0.407031 0.026562 0.010937
2 0.311719 0.546094 0.024219 0.010937
1 0.393750 0.444531 0.011719 0.008594
2 0.385937 0.511719 0.016406 0.007031
2 0.418750 0.496875 0.010156 0.004687
1 0.095312 0.424219 0.011719 0.035937
1 0.084375 0.426563 0.032031 0.039062
1 0.054688 0.431250 0.035937 0.039844
1 0.050000 0.392969 0.035937 0.039062
1 0.033594 0.432031 0.014844 0.039062
1 0.028125 0.393750 0.015625 0.039062
1 0.103906 0.325781 0.028906 0.021094
1 0.075000 0.323437 0.032031 0.021094
1 0.042969 0.321094 0.035156 0.023438
1 0.022656 0.319531 0.010937 0.021094
1 0.267969 0.342187 0.015625 0.025000
1 0.253125 0.341406 0.016406 0.025000
1 0.221094 0.339062 0.018750 0.026562
1 0.237500 0.340625 0.017188 0.026562
1 0.202344 0.338281 0.021094 0.028906
1 0.182812 0.336719 0.022656 0.029687
1 0.156250 0.335938 0.035937 0.032031
2 0.709375 0.541406 0.047656 0.023438
2 0.480469 0.476562 0.023438 0.010937
