3 0.159375 0.569531 0.097656 0.189844
2 0.453125 0.614844 0.055469 0.039062
2 0.964063 0.430469 0.070312 0.028906
2 0.867969 0.430469 0.124219 0.026562
2 0.533594 0.432031 0.043750 0.016406
2 0.587500 0.432031 0.064062 0.018750
2 0.654687 0.433594 0.071875 0.020313
2 0.338281 0.575000 0.046094 0.025781
2 0.402344 0.430469 0.037500 0.013281
2 0.439063 0.431250 0.057031 0.014063
2 0.544531 0.648438 0.064062 0.050781
1 0.953906 0.611719 0.088281 0.089844
1 0.391406 0.517969 0.014844 0.010156
1 0.378906 0.517969 0.012500 0.010937
1 0.378125 0.511719 0.014063 0.015625
1 0.359375 0.512500 0.014063 0.010156
1 0.367969 0.513281 0.007031 0.009375
2 0.750000 0.719531 0.085938 0.082031
2 0.617188 0.674219 0.069531 0.060156
2 0.846875 0.752344 0.111719 0.099219
2 0.942969 0.786719 0.112500 0.106250
2 0.489844 0.539844 0.058594 0.031250
1 0.835938 0.588281 0.046094 0.075000
1 0.794531 0.581250 0.041406 0.071094
1 0.757031 0.574219 0.038281 0.067969
1 0.796094 0.528125 0.044531 0.065625
1 0.580469 0.503125 0.032813 0.046875
1 0.580469 0.544531 0.032813 0.046875
1 0.553125 0.542969 0.020313 0.042969
1 0.532813 0.536719 0.019531 0.046875
1 0.559375 0.501563 0.032031 0.045312
1 0.505469 0.317969 0.032813 0.039844
1 0.479687 0.321094 0.017188 0.039062
1 0.447656 0.327344 0.014844 0.035937
1 0.463281 0.324219 0.016406 0.036719
1 0.471094 0.288281 0.032031 0.039844
1 0.446875 0.292187 0.014844 0.038281
1 0.432031 0.296094 0.014844 0.038281
1 0.417969 0.299219 0.013281 0.035937
1 0.432031 0.329688 0.014844 0.035156
1 0.417969 0.332031 0.013281 0.033594
1 0.404687 0.334375 0.013281 0.033594
1 0.384375 0.328125 0.029687 0.033594
1 0.364063 0.328906 0.011719 0.030469
1 0.353125 0.331250 0.010937 0.029687
1 0.342969 0.333594 0.010156 0.028906
1 0.332813 0.335938 0.010156 0.028906
1 0.323437 0.338281 0.009375 0.028125
1 0.314844 0.339062 0.009375 0.026562
1 0.385156 0.421094 0.028906 0.029687
1 0.365625 0.421094 0.011719 0.029687
1 0.354687 0.421094 0.010156 0.028125
1 0.363281 0.392188 0.028906 0.028906
1 0.344531 0.421094 0.010156 0.028125
1 0.334375 0.421875 0.010156 0.026562
1 0.325000 0.421875 0.010156 0.026562
1 0.316406 0.421094 0.008594 0.025781
1 0.343750 0.393750 0.010156 0.028125
1 0.333594 0.393750 0.010156 0.026562
1 0.324219 0.394531 0.009375 0.026562
2 0.837500 0.427344 0.017969 0.010156
2 0.789062 0.426563 0.033594 0.010156
2 0.484375 0.478125 0.027344 0.009375
2 0.544531 0.483594 0.018750 0.010156
2 0.605469 0.489063 0.016406 0.013281
2 0.639844 0.429688 0.010156 0.005469
2 0.661719 0.430469 0.032031 0.006250
2 0.703906 0.428906 0.026562 0.009375
2 0.699219 0.555469 0.036719 0.020313
2 0.605469 0.539062 0.016406 0.015625
2 0.485938 0.519531 0.028125 0.010937
2 0.635938 0.545312 0.033594 0.018750
1 0.796094 0.490625 0.031250 0.013281
1 0.507812 0.475781 0.017188 0.017969
2 0.732812 0.560937 0.012500 0.018750
2 0.750781 0.501563 0.039844 0.014844
1 0.697656 0.490625 0.005469 0.025000
1 0.688281 0.490625 0.015625 0.023438
1 0.674219 0.488281 0.014063 0.024219
1 0.689844 0.470313 0.015625 0.018750
1 0.658594 0.467969 0.015625 0.017969
1 0.657813 0.487500 0.015625 0.023438
1 0.643750 0.486719 0.012500 0.021094
1 0.631250 0.485156 0.011719 0.021875
1 0.643750 0.467969 0.011719 0.016406
1 0.528125 0.422656 0.014844 0.017969
1 0.515625 0.418750 0.008594 0.009375
1 0.510156 0.405469 0.014844 0.016406
1 0.498437 0.423438 0.007812 0.016406
1 0.490625 0.422656 0.007812 0.015625
1 0.482031 0.422656 0.007031 0.015625
1 0.475000 0.422656 0.007031 0.015625
1 0.498437 0.405469 0.007812 0.016406
1 0.490625 0.405469 0.007812 0.016406
1 0.482031 0.406250 0.007031 0.015625
1 0.528906 0.367969 0.014844 0.018750
1 0.516406 0.367969 0.008594 0.017969
1 0.507812 0.371094 0.007812 0.013281
1 0.499219 0.369531 0.007812 0.017969
1 0.490625 0.370312 0.007812 0.016406
1 0.482812 0.371094 0.007031 0.016406
1 0.475000 0.371875 0.007031 0.015625
1 0.613281 0.367969 0.015625 0.020313
1 0.600000 0.368750 0.010937 0.020313
1 0.577344 0.371094 0.010156 0.019531
1 0.588281 0.369531 0.010156 0.019531
1 0.591406 0.353906 0.015625 0.011719
1 0.578125 0.355469 0.010156 0.010937
1 0.567187 0.356250 0.010156 0.010937
1 0.557031 0.357812 0.009375 0.010156
1 0.567187 0.371094 0.010156 0.018750
1 0.557031 0.371875 0.010156 0.018750
1 0.547656 0.372656 0.009375 0.019531
2 0.996094 0.619531 0.006250 0.018750
