2 0.475000 0.708594 0.058594 0.039062
2 0.985156 0.496094 0.028125 0.005469
2 0.926562 0.483594 0.145313 0.040625
2 0.352344 0.599219 0.038281 0.015625
2 0.437500 0.613281 0.055469 0.023438
2 0.475000 0.617969 0.058594 0.025000
2 0.514062 0.624219 0.060937 0.028906
2 0.559375 0.507812 0.046094 0.019531
2 0.615625 0.505469 0.067187 0.021094
2 0.688281 0.500781 0.076563 0.024219
2 0.701562 0.785937 0.082812 0.073438
2 0.514844 0.721094 0.063281 0.043750
2 0.357812 0.668750 0.046094 0.025000
2 0.432031 0.514844 0.049219 0.014844
2 0.462500 0.513281 0.057031 0.015625
2 0.574219 0.742969 0.070312 0.053906
1 0.941406 0.671875 0.092969 0.085938
1 0.382812 0.596094 0.026562 0.031250
2 0.818750 0.823438 0.107031 0.094531
2 0.932031 0.860938 0.134375 0.113281
2 0.994531 0.854688 0.010156 0.028125
2 0.817969 0.669531 0.105469 0.050781
1 0.702344 0.637500 0.036719 0.060156
1 0.671875 0.634375 0.035156 0.054688
1 0.640625 0.630469 0.027344 0.054688
1 0.671875 0.585938 0.035937 0.051562
1 0.610156 0.582031 0.034375 0.046094
1 0.610938 0.626563 0.034375 0.049219
1 0.582812 0.624219 0.022656 0.045312
1 0.560156 0.618750 0.021094 0.046875
1 0.585156 0.580469 0.028906 0.044531
1 0.409375 0.507812 0.028906 0.030469
1 0.389844 0.508594 0.010937 0.028906
1 0.378906 0.509375 0.010156 0.028125
1 0.388281 0.481250 0.027344 0.028125
1 0.369531 0.510938 0.009375 0.026562
1 0.359375 0.510938 0.009375 0.025781
1 0.350781 0.511719 0.008594 0.025781
1 0.341406 0.511719 0.008594 0.025781
1 0.369531 0.483594 0.009375 0.028125
1 0.360156 0.484375 0.009375 0.026562
1 0.350781 0.485938 0.008594 0.026562
1 0.410938 0.417969 0.028125 0.032031
1 0.391406 0.419531 0.010937 0.028906
1 0.381250 0.423438 0.010156 0.028125
1 0.371094 0.425781 0.009375 0.028125
1 0.360938 0.428906 0.008594 0.025781
1 0.352344 0.431250 0.008594 0.025781
1 0.343750 0.433594 0.008594 0.025781
1 0.529687 0.399219 0.032031 0.039062
1 0.504687 0.403125 0.017188 0.038281
1 0.472656 0.411719 0.014844 0.034375
1 0.488281 0.407813 0.015625 0.035937
1 0.496094 0.373437 0.031250 0.038281
1 0.472656 0.378906 0.014844 0.036719
1 0.457813 0.383594 0.013281 0.035937
1 0.443750 0.388281 0.013281 0.035156
1 0.457813 0.415625 0.014063 0.034375
1 0.443750 0.418750 0.013281 0.032031
1 0.430469 0.421875 0.012500 0.032031
