2 0.455469 0.725000 0.064844 0.048438
2 0.930469 0.501563 0.138281 0.028125
2 0.296875 0.602344 0.051562 0.023438
2 0.408594 0.619531 0.064844 0.030469
2 0.455469 0.625781 0.065625 0.032031
2 0.503906 0.633594 0.063281 0.038281
2 0.562500 0.508594 0.052344 0.019531
2 0.625000 0.508594 0.071094 0.019531
2 0.706250 0.508594 0.082031 0.021094
2 0.717969 0.798438 0.085156 0.080469
2 0.503906 0.738281 0.066406 0.053906
2 0.302344 0.682813 0.058594 0.034375
2 0.397656 0.508594 0.049219 0.015625
2 0.440625 0.508594 0.063281 0.015625
2 0.573438 0.760156 0.070312 0.063281
1 0.950781 0.680469 0.089844 0.086719
1 0.337500 0.599219 0.033594 0.039062
2 0.833594 0.830469 0.113281 0.095312
2 0.939063 0.859375 0.121094 0.100781
2 0.994531 0.849219 0.009375 0.030469
2 0.832812 0.678906 0.113281 0.056250
1 0.717187 0.646875 0.035156 0.066406
1 0.684375 0.644531 0.032031 0.060156
1 0.653125 0.639062 0.030469 0.061719
1 0.684375 0.594531 0.032031 0.057031
1 0.615625 0.589063 0.030469 0.053906
1 0.616406 0.635938 0.031250 0.056250
1 0.587500 0.635156 0.025781 0.048438
1 0.562500 0.628125 0.024219 0.055469
1 0.589844 0.586719 0.030469 0.051562
1 0.371094 0.498437 0.033594 0.034375
1 0.346875 0.498437 0.014844 0.034375
1 0.332813 0.499219 0.013281 0.033594
1 0.342187 0.465625 0.032813 0.033594
1 0.318750 0.499219 0.013281 0.031250
1 0.305469 0.499219 0.012500 0.031250
1 0.292969 0.499219 0.011719 0.030469
1 0.281250 0.499219 0.011719 0.030469
1 0.318750 0.466406 0.013281 0.031250
1 0.305469 0.467969 0.012500 0.031250
1 0.292969 0.468750 0.011719 0.031250
1 0.372656 0.393750 0.032813 0.038281
1 0.348438 0.394531 0.014844 0.033594
1 0.333594 0.396875 0.013281 0.032031
1 0.320312 0.399219 0.013281 0.031250
1 0.307031 0.400781 0.012500 0.031250
1 0.294531 0.403125 0.011719 0.030469
1 0.282031 0.405469 0.011719 0.030469
1 0.522656 0.383594 0.032031 0.043750
1 0.495312 0.386719 0.021094 0.041406
1 0.454688 0.392969 0.018750 0.039844
1 0.474219 0.390625 0.019531 0.039844
1 0.481250 0.350781 0.032813 0.042969
1 0.454688 0.355469 0.018750 0.041406
1 0.435937 0.358594 0.017969 0.040625
1 0.417969 0.361719 0.017188 0.039062
1 0.435937 0.396094 0.017969 0.038281
1 0.417969 0.398438 0.016406 0.036719
1 0.400781 0.400781 0.016406 0.035937
