2 0.170313 0.748437 0.034375 0.056250
2 0.021094 0.605469 0.042188 0.098437
2 0.118750 0.525781 0.127344 0.028906
2 0.096094 0.535156 0.141406 0.039062
2 0.061719 0.553906 0.123438 0.057031
2 0.192188 0.657031 0.020313 0.026562
2 0.158594 0.510156 0.061719 0.016406
2 0.156250 0.511719 0.057813 0.016406
2 0.152344 0.849219 0.028906 0.086719
1 0.183594 0.607812 0.007031 0.011719
1 0.185938 0.596094 0.011719 0.014844
1 0.188281 0.596875 0.013281 0.010156
2 0.123438 0.946094 0.052344 0.106250
2 0.167969 0.662500 0.021875 0.041406
1 0.021094 0.950000 0.042188 0.096875
1 0.055469 0.920312 0.030469 0.157031
1 0.020313 0.876563 0.040625 0.223438
1 0.103906 0.653125 0.084375 0.091406
1 0.103906 0.720313 0.085156 0.101562
1 0.149219 0.691406 0.006250 0.070312
1 0.154688 0.677344 0.005469 0.065625
1 0.134375 0.632031 0.035156 0.068750
1 0.143750 0.364063 0.035156 0.046875
1 0.170313 0.385156 0.002344 0.033594
1 0.137500 0.328906 0.046094 0.045312
1 0.170313 0.349219 0.002344 0.044531
1 0.173437 0.356250 0.002344 0.043750
1 0.175781 0.361719 0.002344 0.041406
1 0.173437 0.390625 0.002344 0.030469
1 0.175781 0.394531 0.002344 0.029687
1 0.178906 0.398438 0.002344 0.028125
1 0.181250 0.395313 0.007031 0.033594
1 0.166406 0.496094 0.037500 0.029687
1 0.169531 0.465625 0.030469 0.030469
2 0.503125 0.646094 0.042188 0.028906
2 0.873437 0.525781 0.127344 0.035937
2 0.775781 0.518750 0.102344 0.029687
2 0.432031 0.555469 0.021875 0.013281
2 0.479687 0.573438 0.039062 0.018750
2 0.502344 0.579688 0.042969 0.020313
2 0.519531 0.589063 0.040625 0.024219
2 0.557031 0.506250 0.053125 0.015625
2 0.587500 0.508594 0.057813 0.016406
2 0.628125 0.511719 0.063281 0.019531
2 0.631250 0.727344 0.069531 0.056250
2 0.525000 0.659375 0.046094 0.032031
2 0.437500 0.606250 0.030469 0.018750
2 0.472656 0.500000 0.028906 0.010937
2 0.494531 0.501563 0.042969 0.011719
2 0.557813 0.682031 0.053125 0.039844
1 0.780469 0.667969 0.067969 0.074219
1 0.450000 0.555469 0.017188 0.024219
2 0.695312 0.771094 0.080469 0.071094
2 0.767969 0.815625 0.101562 0.091406
2 0.863281 0.873437 0.126562 0.130469
2 0.704688 0.657031 0.084375 0.041406
1 0.632031 0.616406 0.031250 0.049219
1 0.614062 0.612500 0.029687 0.041406
1 0.591406 0.605469 0.015625 0.043750
1 0.617188 0.573438 0.034375 0.043750
1 0.580469 0.564844 0.031250 0.039062
1 0.580469 0.599219 0.031250 0.038281
1 0.558594 0.595313 0.011719 0.035156
1 0.546094 0.589844 0.011719 0.036719
1 0.567187 0.561719 0.029687 0.036719
1 0.464844 0.492188 0.021094 0.021094
1 0.451562 0.492188 0.005469 0.021094
1 0.446094 0.491406 0.005469 0.020313
1 0.451562 0.470313 0.016406 0.020313
1 0.440625 0.491406 0.004687 0.020313
1 0.435156 0.491406 0.004687 0.019531
1 0.430469 0.491406 0.003906 0.019531
1 0.425781 0.490625 0.003906 0.018750
1 0.440625 0.471094 0.004687 0.019531
1 0.435156 0.471094 0.004687 0.019531
1 0.430469 0.471094 0.003906 0.018750
1 0.465625 0.424219 0.021094 0.021875
1 0.451562 0.425000 0.005469 0.021875
1 0.446094 0.426563 0.005469 0.021094
1 0.440625 0.428125 0.005469 0.020313
1 0.435156 0.428906 0.004687 0.019531
1 0.430469 0.431250 0.004687 0.019531
1 0.425781 0.432031 0.003906 0.019531
1 0.534375 0.418750 0.027344 0.029687
1 0.515625 0.421094 0.010156 0.028906
1 0.496875 0.424219 0.008594 0.026562
1 0.505469 0.422656 0.008594 0.026562
1 0.514062 0.396094 0.025781 0.028906
1 0.496875 0.399219 0.008594 0.028125
1 0.488281 0.401562 0.007031 0.026562
1 0.481250 0.403906 0.007031 0.025781
1 0.488281 0.426563 0.007031 0.025000
1 0.481250 0.428125 0.007031 0.025000
1 0.473438 0.429688 0.007031 0.024219
