2 0.393750 0.684375 0.079687 0.096094
2 0.938281 0.351562 0.122656 0.044531
2 0.876563 0.355469 0.125781 0.046094
2 0.566406 0.379688 0.075781 0.059375
2 0.632812 0.374219 0.101562 0.053125
2 0.714844 0.371875 0.103125 0.048438
2 0.060156 0.738281 0.119531 0.111719
2 0.257031 0.404687 0.121094 0.074219
2 0.342187 0.399219 0.098437 0.071875
2 0.563281 0.661719 0.078906 0.089063
1 0.900000 0.489844 0.074219 0.066406
1 0.208594 0.575000 0.026562 0.036719
1 0.179688 0.585938 0.035937 0.040625
1 0.163281 0.570312 0.036719 0.051562
1 0.098437 0.590625 0.042969 0.040625
1 0.138281 0.576562 0.037500 0.038281
2 0.763281 0.631250 0.097656 0.071094
2 0.650000 0.650781 0.089063 0.076563
2 0.835156 0.632812 0.071875 0.045312
2 0.889062 0.621875 0.073438 0.046094
2 0.474219 0.559375 0.070312 0.092969
1 0.849219 0.499219 0.035156 0.063281
1 0.811719 0.497656 0.058594 0.071094
1 0.782813 0.499219 0.064062 0.075000
1 0.817187 0.450000 0.069531 0.071875
1 0.615625 0.470313 0.047656 0.079687
1 0.618750 0.534375 0.032813 0.053906
1 0.583594 0.525781 0.042969 0.078125
1 0.553125 0.526563 0.042969 0.083594
1 0.585156 0.473438 0.047656 0.081250
1 0.496875 0.184375 0.042188 0.080469
1 0.454688 0.184375 0.042969 0.081250
1 0.367969 0.183594 0.050000 0.082031
1 0.411719 0.184375 0.046094 0.081250
1 0.407813 0.099219 0.049219 0.089063
1 0.361719 0.096875 0.052344 0.090625
1 0.314063 0.096094 0.057031 0.093750
1 0.265625 0.093750 0.060156 0.094531
1 0.322656 0.183594 0.053906 0.084375
1 0.276562 0.183594 0.057031 0.085156
1 0.228125 0.182031 0.060156 0.088281
1 0.121094 0.144531 0.111719 0.096875
1 0.048438 0.143750 0.083594 0.098437
1 0.014844 0.142969 0.029687 0.096875
1 0.164062 0.385156 0.089844 0.092969
1 0.112500 0.388281 0.086719 0.094531
1 0.053125 0.400781 0.067969 0.075000
1 0.057031 0.319531 0.114062 0.090625
1 0.019531 0.403906 0.038281 0.075781
1 0.025781 0.320312 0.050781 0.090625
2 0.659375 0.269531 0.041406 0.014063
2 0.628906 0.271094 0.041406 0.014063
2 0.265625 0.361719 0.048438 0.020313
2 0.380469 0.357031 0.037500 0.020313
2 0.416406 0.355469 0.034375 0.020313
2 0.452344 0.353906 0.027344 0.021094
2 0.487500 0.276562 0.029687 0.016406
2 0.517969 0.276562 0.035937 0.014063
2 0.553125 0.275781 0.036719 0.014063
2 0.371094 0.280469 0.035156 0.016406
2 0.402344 0.279687 0.032031 0.016406
1 0.628125 0.336719 0.021094 0.024219
1 0.310937 0.353906 0.028906 0.029687
2 0.593750 0.344531 0.038281 0.014063
1 0.557813 0.339844 0.013281 0.028125
1 0.543750 0.341406 0.015625 0.025781
1 0.533594 0.341406 0.009375 0.026562
1 0.543750 0.317969 0.017969 0.028125
1 0.512500 0.318750 0.013281 0.028906
1 0.517188 0.345313 0.002344 0.021875
1 0.500000 0.344531 0.013281 0.026562
1 0.486719 0.343750 0.014844 0.028906
1 0.499219 0.319531 0.014844 0.028906
1 0.335938 0.273438 0.021875 0.029687
1 0.318750 0.273438 0.019531 0.029687
1 0.301563 0.275000 0.017969 0.028125
1 0.303125 0.257812 0.021875 0.006250
1 0.285938 0.275781 0.018750 0.026562
1 0.269531 0.275781 0.019531 0.028125
1 0.253125 0.275781 0.019531 0.028125
1 0.236719 0.275000 0.019531 0.031250
1 0.283594 0.258594 0.016406 0.005469
1 0.267188 0.258594 0.016406 0.005469
1 0.250781 0.258594 0.016406 0.006250
2 0.749219 0.422656 0.043750 0.021094
