2 0.410156 0.743750 0.065625 0.057031
2 0.842187 0.492969 0.088281 0.021094
2 0.787500 0.492969 0.088281 0.021094
2 0.133594 0.643750 0.110156 0.045312
2 0.342969 0.639062 0.078125 0.045312
2 0.409375 0.633594 0.067187 0.043750
2 0.475000 0.633594 0.053125 0.046094
2 0.542188 0.499219 0.053906 0.025000
2 0.594531 0.498437 0.068750 0.023438
2 0.657031 0.499219 0.072656 0.021875
2 0.660156 0.731250 0.075781 0.053125
2 0.471875 0.739844 0.060937 0.055469
2 0.142969 0.759375 0.107031 0.063281
2 0.333594 0.503125 0.074219 0.026562
2 0.388281 0.502344 0.063281 0.026562
2 0.548438 0.738281 0.065625 0.055469
1 0.792188 0.608594 0.050781 0.051562
1 0.217188 0.628906 0.059375 0.060156
2 0.728125 0.728125 0.082031 0.050000
2 0.791406 0.731250 0.065625 0.035937
2 0.842187 0.725000 0.069531 0.039062
2 0.728906 0.621094 0.082031 0.034375
1 0.668750 0.610938 0.024219 0.053906
1 0.639062 0.611719 0.036719 0.053906
1 0.617188 0.612500 0.032031 0.054688
1 0.639844 0.571094 0.037500 0.050781
1 0.585938 0.571875 0.032031 0.051562
1 0.589844 0.619531 0.024219 0.043750
1 0.564844 0.621094 0.024219 0.043750
1 0.538281 0.615625 0.029687 0.056250
1 0.561719 0.573438 0.031250 0.051562
1 0.271875 0.489844 0.038281 0.048438
1 0.241406 0.489844 0.036719 0.048438
1 0.209375 0.491406 0.029687 0.046875
1 0.218750 0.442969 0.051562 0.046875
1 0.179688 0.491406 0.030469 0.046875
1 0.150781 0.491406 0.031250 0.048438
1 0.121094 0.491406 0.031250 0.048438
1 0.090625 0.490625 0.032031 0.050000
1 0.178125 0.442969 0.030469 0.046875
1 0.148438 0.442969 0.031250 0.046875
1 0.118750 0.442969 0.031250 0.049219
1 0.269531 0.343750 0.037500 0.046875
1 0.235937 0.343750 0.030469 0.048438
1 0.207031 0.342969 0.030469 0.048438
1 0.177344 0.341406 0.031250 0.048438
1 0.146875 0.341406 0.032031 0.049219
1 0.117188 0.340625 0.032031 0.049219
1 0.086719 0.339844 0.032031 0.050000
1 0.492969 0.367969 0.025781 0.046094
1 0.467187 0.367188 0.025781 0.045312
1 0.414062 0.366406 0.026562 0.045312
1 0.440625 0.367188 0.025781 0.045312
1 0.440625 0.320312 0.027344 0.046094
1 0.413281 0.319531 0.027344 0.046875
1 0.385937 0.318750 0.027344 0.046875
1 0.358594 0.318750 0.027344 0.048438
1 0.386719 0.366406 0.027344 0.045312
1 0.359375 0.365625 0.027344 0.046094
1 0.332031 0.364063 0.027344 0.046875
