2 0.412500 0.666406 0.064844 0.032031
2 0.817187 0.431250 0.077344 0.020313
2 0.767188 0.428906 0.079687 0.021094
2 0.543750 0.421094 0.050000 0.019531
2 0.596875 0.424219 0.054688 0.016406
2 0.653125 0.426563 0.058594 0.017969
2 0.135156 0.674219 0.112500 0.035937
2 0.341406 0.409375 0.058594 0.025000
2 0.397656 0.412500 0.057031 0.025000
2 0.552344 0.663281 0.065625 0.031250
1 0.814844 0.540625 0.050000 0.039062
1 0.288281 0.553125 0.021094 0.011719
1 0.265625 0.552344 0.022656 0.014063
1 0.253906 0.548438 0.022656 0.021094
1 0.208594 0.553125 0.025000 0.013281
1 0.233594 0.552344 0.018750 0.011719
2 0.726562 0.658594 0.080469 0.028125
2 0.627344 0.661719 0.072656 0.028906
2 0.785156 0.658594 0.065625 0.023438
2 0.835156 0.656250 0.066406 0.024219
2 0.480469 0.550781 0.051562 0.019531
1 0.772656 0.540625 0.021875 0.039062
1 0.751563 0.540625 0.021875 0.039844
1 0.722656 0.540625 0.038281 0.039844
1 0.739844 0.500781 0.042969 0.039844
1 0.589063 0.496875 0.022656 0.040625
1 0.589844 0.539062 0.022656 0.041406
1 0.566406 0.539062 0.022656 0.041406
1 0.540625 0.539062 0.029687 0.042969
1 0.562500 0.496875 0.030469 0.041406
1 0.497656 0.299219 0.024219 0.036719
1 0.473438 0.296875 0.023438 0.036719
1 0.425000 0.292969 0.024219 0.038281
1 0.449219 0.295312 0.024219 0.036719
1 0.450000 0.257031 0.024219 0.041406
1 0.425781 0.255469 0.024219 0.041406
1 0.400781 0.253125 0.025781 0.043750
1 0.375781 0.250000 0.025781 0.042969
1 0.400000 0.291406 0.025781 0.038281
1 0.375000 0.289062 0.025000 0.038281
1 0.349219 0.286719 0.025781 0.039062
1 0.292187 0.265625 0.035156 0.039844
1 0.260937 0.262500 0.028906 0.039844
1 0.233594 0.259375 0.028906 0.039844
1 0.206250 0.257812 0.028906 0.039844
1 0.178125 0.255469 0.029687 0.040625
1 0.149219 0.253125 0.030469 0.040625
1 0.120313 0.250781 0.030469 0.041406
1 0.287500 0.398438 0.038281 0.042969
1 0.254688 0.396094 0.028906 0.042969
1 0.226562 0.395313 0.028906 0.042969
1 0.236719 0.352344 0.046875 0.045312
1 0.198437 0.393750 0.029687 0.043750
1 0.168750 0.392969 0.030469 0.043750
1 0.139844 0.391406 0.030469 0.043750
1 0.110156 0.389844 0.031250 0.044531
1 0.200000 0.350781 0.029687 0.045312
1 0.171094 0.348438 0.030469 0.045312
1 0.142187 0.346875 0.031250 0.046094
2 0.435937 0.610938 0.028906 0.010937
2 0.638281 0.499219 0.028906 0.009375
2 0.614062 0.498437 0.027344 0.009375
2 0.314844 0.556250 0.032813 0.005469
2 0.407031 0.557031 0.030469 0.006250
2 0.436719 0.557031 0.028906 0.006250
2 0.468750 0.557031 0.007031 0.006250
2 0.495312 0.496875 0.021094 0.008594
2 0.527344 0.498437 0.016406 0.007031
2 0.540625 0.498437 0.010937 0.007031
2 0.553906 0.609375 0.030469 0.010156
2 0.464062 0.610938 0.027344 0.010937
2 0.313281 0.613281 0.037500 0.010937
2 0.403906 0.494531 0.025000 0.009375
2 0.428906 0.495312 0.024219 0.009375
2 0.495312 0.610938 0.020313 0.010156
1 0.615625 0.551562 0.017969 0.016406
1 0.339844 0.553125 0.001563 0.011719
2 0.585156 0.609375 0.028125 0.010156
2 0.639844 0.608594 0.030469 0.009375
1 0.521094 0.532031 0.005469 0.018750
1 0.521094 0.551562 0.005469 0.017969
1 0.503125 0.531250 0.005469 0.018750
1 0.378125 0.489063 0.014844 0.020313
1 0.364063 0.488281 0.012500 0.019531
1 0.351562 0.488281 0.011719 0.019531
1 0.353906 0.467969 0.015625 0.019531
1 0.339844 0.488281 0.012500 0.019531
1 0.330469 0.488281 0.005469 0.018750
1 0.316406 0.487500 0.008594 0.019531
1 0.300000 0.486719 0.007812 0.020313
1 0.339844 0.467969 0.011719 0.019531
1 0.331250 0.467969 0.005469 0.019531
1 0.316406 0.467187 0.007031 0.019531
1 0.452344 0.417969 0.010937 0.016406
1 0.440625 0.417969 0.010937 0.016406
1 0.429688 0.416406 0.010937 0.016406
2 0.728906 0.598437 0.045312 0.011719
