2 0.995313 0.803906 0.008594 0.039844
2 0.839063 0.525781 0.007812 0.020313
2 0.847656 0.514062 0.015625 0.025000
2 0.894531 0.432031 0.044531 0.053906
2 0.882031 0.460156 0.028906 0.042969
2 0.867969 0.483594 0.004687 0.009375
2 0.992969 0.250781 0.013281 0.061719
2 0.967969 0.300781 0.047656 0.101562
2 0.960156 0.759375 0.078125 0.050000
1 0.859375 0.607812 0.003906 0.028906
2 0.884375 0.715625 0.025781 0.025000
2 0.947656 0.734375 0.103906 0.034375
2 0.878906 0.707031 0.032813 0.020313
2 0.859375 0.701562 0.008594 0.017969
2 0.959375 0.588281 0.060937 0.039062
1 0.861719 0.605469 0.007031 0.033594
1 0.864844 0.603906 0.006250 0.034375
1 0.888281 0.600781 0.033594 0.036719
1 0.879687 0.567969 0.042188 0.040625
1 0.900000 0.538281 0.013281 0.053906
1 0.906250 0.587500 0.013281 0.050781
1 0.914844 0.583594 0.014844 0.054688
1 0.957031 0.576562 0.082031 0.065625
1 0.940625 0.526563 0.079687 0.066406
1 0.899219 0.223438 0.011719 0.053906
1 0.908594 0.191406 0.013281 0.060156
1 0.933594 0.110937 0.018750 0.075781
1 0.920312 0.154688 0.015625 0.066406
1 0.914062 0.110937 0.018750 0.096875
1 0.926562 0.064062 0.021875 0.109375
1 0.940625 0.034375 0.025000 0.068750
1 0.955469 0.006250 0.005469 0.011719
1 0.949219 0.058594 0.021875 0.086719
1 0.964844 0.023438 0.020313 0.046875
2 0.404687 0.721094 0.071875 0.030469
2 0.585156 0.558594 0.014844 0.014063
2 0.564063 0.553906 0.033594 0.014844
2 0.075781 0.579688 0.151562 0.043750
2 0.364844 0.606250 0.082031 0.024219
2 0.418750 0.610938 0.050781 0.019531
2 0.457031 0.614062 0.048438 0.016406
2 0.485938 0.521094 0.039844 0.021094
2 0.510938 0.531250 0.027344 0.017969
2 0.530469 0.539062 0.028125 0.016406
2 0.530469 0.693750 0.043750 0.017969
2 0.443750 0.711719 0.062500 0.025781
2 0.068750 0.796875 0.137500 0.081250
2 0.367188 0.467969 0.069531 0.038281
2 0.411719 0.485938 0.051562 0.032031
2 0.485156 0.703906 0.053125 0.021875
1 0.571875 0.617969 0.016406 0.021875
1 0.225781 0.576562 0.066406 0.065625
2 0.553906 0.689063 0.036719 0.014063
2 0.575781 0.685937 0.018750 0.013281
2 0.587500 0.683594 0.019531 0.010937
2 0.554688 0.623437 0.025781 0.009375
1 0.537500 0.613281 0.007031 0.026562
1 0.529687 0.611719 0.007812 0.028125
1 0.520312 0.611719 0.010937 0.028906
1 0.523438 0.584375 0.019531 0.028906
1 0.509375 0.580469 0.008594 0.030469
1 0.509375 0.610156 0.008594 0.029687
1 0.500000 0.608594 0.009375 0.030469
1 0.479687 0.607812 0.029687 0.032031
1 0.490625 0.578125 0.028906 0.032031
1 0.314844 0.431250 0.030469 0.055469
1 0.285156 0.417969 0.033594 0.060156
1 0.251563 0.403125 0.038281 0.064062
1 0.255469 0.352344 0.038281 0.069531
1 0.213281 0.385937 0.045312 0.069531
1 0.169531 0.365625 0.052344 0.075781
1 0.117969 0.342187 0.061719 0.084375
1 0.056250 0.314063 0.077344 0.095312
1 0.217969 0.332031 0.044531 0.075000
1 0.175000 0.307812 0.051562 0.082031
1 0.121875 0.280469 0.067969 0.091406
1 0.325000 0.292969 0.027344 0.055469
1 0.296875 0.271094 0.030469 0.059375
1 0.266406 0.246875 0.035156 0.064844
1 0.231250 0.220312 0.041406 0.070312
1 0.191406 0.189062 0.046094 0.078125
1 0.145313 0.153906 0.054688 0.086719
1 0.089844 0.111719 0.067969 0.096094
1 0.469531 0.417187 0.011719 0.034375
1 0.457031 0.407813 0.012500 0.035937
1 0.428906 0.388281 0.015625 0.039062
1 0.443750 0.398438 0.014063 0.036719
1 0.444531 0.367969 0.013281 0.041406
1 0.429688 0.356250 0.015625 0.044531
1 0.414062 0.342969 0.016406 0.046875
1 0.387500 0.328906 0.036719 0.049219
1 0.413281 0.376563 0.016406 0.041406
1 0.396094 0.363281 0.017969 0.043750
1 0.371875 0.349219 0.031250 0.046875
2 0.672656 0.664062 0.035156 0.010156
