3 0.308594 0.478906 0.045312 0.121875
2 0.103906 0.705469 0.087500 0.086719
2 0.169531 0.485938 0.043750 0.031250
2 0.100781 0.566406 0.082031 0.050781
2 0.079687 0.605469 0.096094 0.064844
2 0.050781 0.658594 0.101562 0.074219
2 0.021094 0.563281 0.042188 0.064062
2 0.178906 0.553906 0.044531 0.039844
2 0.089844 0.451562 0.085156 0.031250
2 0.061719 0.478906 0.103125 0.051562
2 0.041406 0.874219 0.082812 0.136719
1 0.011719 0.749219 0.023438 0.088281
1 0.023438 0.714063 0.039062 0.080469
1 0.004687 0.692187 0.009375 0.050000
1 0.005469 0.369531 0.010937 0.053125
1 0.015625 0.360938 0.031250 0.060937
1 0.051562 0.350781 0.025000 0.053125
1 0.034375 0.355469 0.028906 0.055469
1 0.019531 0.303125 0.038281 0.055469
1 0.041406 0.300781 0.027344 0.051562
1 0.057031 0.299219 0.024219 0.048438
1 0.066406 0.296875 0.032031 0.046094
1 0.066406 0.346094 0.022656 0.049219
1 0.079687 0.341406 0.020313 0.046094
1 0.091406 0.338281 0.018750 0.044531
1 0.099219 0.316406 0.041406 0.039844
1 0.107031 0.313281 0.043750 0.038281
1 0.114844 0.311719 0.042969 0.035937
1 0.126562 0.309375 0.033594 0.034375
1 0.129688 0.308594 0.039844 0.033594
1 0.136719 0.307031 0.036719 0.030469
1 0.143750 0.305469 0.033594 0.029687
1 0.114062 0.421875 0.050781 0.036719
1 0.122656 0.417187 0.047656 0.038281
1 0.146875 0.410938 0.010937 0.035156
1 0.125000 0.381250 0.045312 0.039062
1 0.153906 0.406250 0.010156 0.034375
1 0.159375 0.400781 0.009375 0.032031
1 0.164844 0.396094 0.008594 0.031250
1 0.169531 0.391406 0.008594 0.030469
1 0.138281 0.375000 0.032031 0.033594
1 0.140625 0.371094 0.038281 0.031250
1 0.145313 0.367969 0.039062 0.031250
2 0.010156 0.976562 0.020313 0.045312
2 0.486719 0.573438 0.043750 0.044531
2 0.903906 0.791406 0.191406 0.260937
2 0.779687 0.656250 0.172656 0.159375
2 0.532813 0.452344 0.064844 0.041406
2 0.560156 0.475000 0.071094 0.051562
2 0.597656 0.510938 0.080469 0.066406
2 0.439844 0.491406 0.030469 0.025000
2 0.464844 0.401562 0.045312 0.025000
2 0.475000 0.411719 0.044531 0.028125
2 0.527344 0.649219 0.055469 0.067969
1 0.854688 0.935937 0.133594 0.125781
1 0.461719 0.464062 0.011719 0.009375
1 0.456250 0.460938 0.008594 0.010937
1 0.457031 0.453125 0.011719 0.011719
1 0.447656 0.449219 0.010156 0.009375
2 0.642188 0.870313 0.086719 0.140625
2 0.564844 0.723437 0.065625 0.080469
2 0.688281 0.949219 0.067969 0.100000
2 0.496875 0.528125 0.046094 0.044531
1 0.730469 0.805469 0.080469 0.133594
1 0.695312 0.771875 0.071094 0.094531
1 0.651563 0.723437 0.035156 0.103125
1 0.700000 0.710938 0.071094 0.105469
1 0.550000 0.539844 0.039062 0.055469
1 0.550000 0.580469 0.039062 0.050781
1 0.525000 0.564844 0.010156 0.048438
1 0.514844 0.549219 0.009375 0.049219
1 0.532813 0.526563 0.024219 0.051562
1 0.510938 0.331250 0.035156 0.041406
1 0.500781 0.328125 0.031250 0.039844
1 0.475000 0.324219 0.007031 0.034375
1 0.482031 0.326562 0.007031 0.035937
1 0.493750 0.291406 0.032031 0.035156
1 0.482812 0.290625 0.023438 0.034375
1 0.477344 0.289844 0.026562 0.033594
1 0.460938 0.289062 0.005469 0.031250
1 0.467969 0.321875 0.007031 0.033594
1 0.461719 0.320312 0.005469 0.031250
1 0.456250 0.317969 0.005469 0.030469
1 0.450000 0.303125 0.016406 0.028906
1 0.440625 0.302344 0.006250 0.026562
1 0.445312 0.301563 0.022656 0.026562
1 0.439063 0.300000 0.018750 0.025781
1 0.433594 0.299219 0.014844 0.025000
1 0.432031 0.298438 0.017969 0.024219
1 0.427344 0.297656 0.014844 0.023438
1 0.455469 0.380469 0.024219 0.025000
1 0.450000 0.378906 0.021094 0.028125
1 0.437500 0.376563 0.003906 0.025781
1 0.446094 0.352344 0.022656 0.026562
1 0.433594 0.374219 0.003906 0.025000
1 0.430469 0.371094 0.003906 0.024219
1 0.426563 0.367969 0.003906 0.023438
1 0.423438 0.365625 0.003906 0.023438
1 0.437500 0.350000 0.013281 0.025781
1 0.435937 0.347656 0.016406 0.025000
1 0.434375 0.345313 0.019531 0.024219
2 0.688281 0.501563 0.041406 0.028906
2 0.993750 0.461719 0.011719 0.024219
2 0.771875 0.399219 0.053906 0.024219
2 0.810937 0.409375 0.064844 0.028906
2 0.863281 0.425781 0.071094 0.032031
2 0.839844 0.596094 0.068750 0.051562
2 0.716406 0.517969 0.046094 0.032031
2 0.602344 0.450781 0.022656 0.018750
2 0.668750 0.371094 0.039844 0.014844
2 0.693750 0.377344 0.036719 0.017969
2 0.755469 0.544531 0.053125 0.039062
2 0.911719 0.640625 0.082812 0.065625
2 0.967187 0.681250 0.064844 0.071094
1 0.846094 0.458594 0.028125 0.011719
1 0.800781 0.442969 0.025000 0.010156
1 0.783594 0.435937 0.022656 0.006250
1 0.649219 0.358594 0.021094 0.023438
1 0.639844 0.356250 0.017969 0.021875
1 0.630469 0.356250 0.001563 0.019531
1 0.637500 0.335938 0.013281 0.021094
1 0.617188 0.353125 0.003906 0.018750
1 0.612500 0.351562 0.007031 0.019531
1 0.605469 0.350000 0.007031 0.018750
1 0.599219 0.346875 0.007031 0.018750
1 0.618750 0.333594 0.003906 0.019531
1 0.614844 0.332031 0.010156 0.020313
1 0.610156 0.331250 0.014844 0.019531
1 0.654687 0.296094 0.021875 0.021094
1 0.639844 0.295312 0.009375 0.020313
1 0.639844 0.294531 0.013281 0.020313
1 0.615625 0.293750 0.007812 0.019531
1 0.613281 0.292969 0.015625 0.019531
1 0.602344 0.292969 0.007031 0.018750
1 0.750781 0.314063 0.030469 0.028125
1 0.735938 0.313281 0.028906 0.028125
1 0.703906 0.310937 0.013281 0.025000
1 0.716406 0.311719 0.014844 0.025781
1 0.725000 0.285938 0.028125 0.025781
1 0.706250 0.285938 0.014063 0.025000
1 0.693750 0.285156 0.013281 0.024219
1 0.686719 0.284375 0.003125 0.023438
1 0.692187 0.309375 0.013281 0.024219
1 0.683594 0.308594 0.007031 0.021875
1 0.667969 0.306250 0.005469 0.021875
