2 0.434375 0.781250 0.080469 0.066406
2 0.960938 0.501563 0.077344 0.031250
2 0.228125 0.632031 0.069531 0.030469
2 0.373437 0.652344 0.082031 0.041406
2 0.434375 0.657031 0.080469 0.044531
2 0.494531 0.667969 0.069531 0.051562
2 0.573438 0.511719 0.066406 0.024219
2 0.649219 0.511719 0.086719 0.025000
2 0.748437 0.510938 0.110937 0.026562
2 0.766406 0.863281 0.121094 0.106250
2 0.492188 0.796094 0.074219 0.073438
2 0.234375 0.732812 0.078906 0.046875
2 0.360938 0.513281 0.063281 0.019531
2 0.414844 0.513281 0.077344 0.020313
2 0.585156 0.821094 0.080469 0.085156
1 0.990625 0.700781 0.017188 0.080469
1 0.282031 0.627344 0.044531 0.050781
2 0.904687 0.896875 0.167969 0.125000
2 0.982031 0.921875 0.035156 0.082031
2 0.900000 0.713281 0.160938 0.071094
1 0.767969 0.678906 0.043750 0.082031
1 0.721875 0.674219 0.048438 0.079687
1 0.685156 0.669531 0.042188 0.076563
1 0.721875 0.615625 0.048438 0.071094
1 0.638281 0.609375 0.034375 0.065625
1 0.639062 0.671094 0.035156 0.060937
1 0.604688 0.667188 0.032813 0.060156
1 0.572656 0.657813 0.031250 0.069531
1 0.604688 0.607031 0.032813 0.064844
1 0.326562 0.500781 0.042969 0.043750
1 0.295312 0.500781 0.019531 0.042969
1 0.275781 0.501563 0.017969 0.040625
1 0.289062 0.460938 0.043750 0.041406
1 0.257812 0.502344 0.017969 0.039844
1 0.240625 0.502344 0.017188 0.039844
1 0.223438 0.503125 0.016406 0.039062
1 0.207813 0.503125 0.015625 0.039062
1 0.258594 0.460938 0.017969 0.040625
1 0.240625 0.462500 0.017188 0.039844
1 0.224219 0.464062 0.016406 0.039062
1 0.328906 0.371875 0.042969 0.049219
1 0.297656 0.371094 0.019531 0.040625
1 0.278906 0.374219 0.017969 0.040625
1 0.260937 0.376563 0.017188 0.039844
1 0.242969 0.379688 0.016406 0.039062
1 0.226562 0.382031 0.016406 0.038281
1 0.210156 0.384375 0.015625 0.036719
1 0.520312 0.358594 0.036719 0.053125
1 0.487500 0.362500 0.027344 0.050781
1 0.435156 0.369531 0.024219 0.046875
1 0.460938 0.366406 0.025781 0.049219
1 0.467187 0.319531 0.038281 0.051562
1 0.435937 0.323437 0.024219 0.050781
1 0.410938 0.328125 0.023438 0.050000
1 0.388281 0.332031 0.022656 0.049219
1 0.410938 0.373437 0.023438 0.046094
1 0.387500 0.376563 0.022656 0.045312
1 0.365625 0.378906 0.021094 0.045312
