2 0.371875 0.828125 0.085156 0.082031
2 0.753125 0.527344 0.061719 0.017969
2 0.717187 0.525781 0.069531 0.018750
2 0.000781 0.707812 0.001563 0.028125
2 0.280469 0.692969 0.102344 0.056250
2 0.375781 0.680469 0.082812 0.048438
2 0.453125 0.673438 0.072656 0.045312
2 0.519531 0.518750 0.069531 0.021875
2 0.579688 0.521094 0.050781 0.020313
2 0.630469 0.523438 0.050781 0.019531
2 0.632812 0.763281 0.076563 0.050781
2 0.446094 0.809375 0.082031 0.071875
2 0.275000 0.504687 0.086719 0.031250
2 0.353906 0.508594 0.071875 0.028906
2 0.529687 0.790625 0.080469 0.063281
1 0.728125 0.630469 0.041406 0.039844
1 0.067187 0.694531 0.110937 0.085156
2 0.685937 0.753125 0.074219 0.039062
2 0.734375 0.744531 0.052344 0.032031
2 0.769531 0.736719 0.047656 0.028906
2 0.682813 0.646094 0.066406 0.024219
1 0.639844 0.638281 0.019531 0.046875
1 0.610938 0.640625 0.038281 0.048438
1 0.596094 0.642188 0.028125 0.050781
1 0.609375 0.598437 0.039844 0.044531
1 0.564063 0.600781 0.035937 0.046875
1 0.571094 0.646875 0.021875 0.048438
1 0.549219 0.649219 0.022656 0.049219
1 0.518750 0.649219 0.035937 0.056250
1 0.540625 0.601562 0.038281 0.049219
1 0.185938 0.482812 0.063281 0.067969
1 0.129688 0.480469 0.053906 0.069531
1 0.077344 0.476562 0.057031 0.071875
1 0.094531 0.408594 0.083594 0.075000
1 0.025781 0.473438 0.051562 0.075000
1 0.028125 0.401562 0.056250 0.075781
1 0.196875 0.290625 0.060156 0.068750
1 0.143750 0.278906 0.051562 0.068750
1 0.092969 0.267969 0.054688 0.071094
1 0.039062 0.256250 0.060156 0.075000
1 0.006250 0.248438 0.012500 0.065625
1 0.476562 0.371875 0.026562 0.049219
1 0.449219 0.366406 0.027344 0.050781
1 0.389844 0.354687 0.032031 0.053906
1 0.420312 0.360938 0.028906 0.051562
1 0.421094 0.312500 0.028906 0.054688
1 0.390625 0.305469 0.032031 0.058594
1 0.357812 0.296875 0.033594 0.059375
1 0.324219 0.288281 0.035937 0.061719
1 0.357031 0.348438 0.033594 0.055469
1 0.322656 0.341406 0.035937 0.057031
1 0.285938 0.333594 0.039062 0.060156
2 0.970313 0.735938 0.058594 0.043750
