3 0.493750 0.771094 0.169531 0.445312
2 0.864062 0.773438 0.063281 0.091406
2 0.825781 0.446094 0.041406 0.010156
2 0.830469 0.446094 0.044531 0.010937
2 0.976562 0.941406 0.046094 0.114844
2 0.925000 0.683594 0.121094 0.094531
2 0.896875 0.638281 0.110156 0.068750
2 0.873437 0.605469 0.085156 0.046094
2 0.858594 0.458594 0.077344 0.018750
2 0.852344 0.455469 0.062500 0.015625
2 0.846875 0.453906 0.047656 0.014844
2 0.887500 0.476562 0.046094 0.035937
2 0.881250 0.469531 0.058594 0.028125
2 0.841406 0.682813 0.040625 0.053125
1 0.821875 0.530469 0.014063 0.032031
1 0.831250 0.499219 0.028906 0.029687
1 0.846875 0.507812 0.033594 0.015625
1 0.828906 0.559375 0.003125 0.030469
1 0.856250 0.566406 0.042188 0.040625
1 0.857812 0.526563 0.041406 0.046094
1 0.854688 0.321094 0.006250 0.041406
1 0.860156 0.314063 0.007031 0.044531
1 0.872656 0.297656 0.008594 0.050781
1 0.865625 0.307031 0.007812 0.046875
1 0.867969 0.260156 0.008594 0.060937
1 0.875000 0.247656 0.010156 0.067969
1 0.882812 0.234375 0.010937 0.071875
1 0.906250 0.214062 0.040625 0.088281
1 0.880469 0.288281 0.010156 0.056250
1 0.889062 0.277344 0.011719 0.061719
1 0.942969 0.264062 0.096875 0.065625
1 0.934375 0.183594 0.021094 0.089844
1 0.953906 0.153906 0.025781 0.103906
1 0.978906 0.115625 0.033594 0.124219
1 0.994531 0.094531 0.009375 0.093750
1 0.918750 0.461719 0.021094 0.088281
1 0.935937 0.465625 0.024219 0.099219
1 0.957812 0.470313 0.030469 0.110937
1 0.965625 0.357031 0.033594 0.116406
1 0.982812 0.476562 0.033594 0.128906
1 0.998437 0.527344 0.001563 0.026562
1 0.986719 0.351562 0.025781 0.125000
2 0.803125 0.584375 0.003906 0.019531
2 0.806250 0.596875 0.003906 0.021094
2 0.829688 0.646094 0.031250 0.035937
2 0.812500 0.610938 0.010156 0.025781
2 0.460938 0.619531 0.044531 0.031250
2 0.585938 0.441406 0.022656 0.007031
2 0.572656 0.442969 0.030469 0.007031
2 0.508594 0.448437 0.039844 0.011719
2 0.526563 0.447656 0.032031 0.010156
2 0.544531 0.446875 0.027344 0.010156
2 0.278906 0.732812 0.084375 0.082031
2 0.428906 0.454688 0.050781 0.016406
2 0.454688 0.453125 0.048438 0.014844
2 0.510156 0.592969 0.039062 0.019531
1 0.583594 0.493750 0.017969 0.019531
1 0.381250 0.568750 0.017969 0.015625
1 0.372656 0.574219 0.019531 0.017969
1 0.354687 0.571875 0.019531 0.025781
1 0.325000 0.590625 0.021094 0.019531
1 0.339062 0.581250 0.019531 0.017969
2 0.561719 0.560156 0.030469 0.014844
2 0.579688 0.553125 0.016406 0.014844
2 0.589063 0.546875 0.015625 0.014063
2 0.486719 0.534375 0.047656 0.023438
1 0.577344 0.496875 0.003906 0.020313
1 0.565625 0.499219 0.017188 0.020313
1 0.560156 0.500781 0.018750 0.021875
1 0.565625 0.478906 0.018750 0.021094
1 0.522656 0.489063 0.021094 0.026562
1 0.530469 0.514062 0.006250 0.025000
1 0.522656 0.516406 0.007031 0.025781
1 0.507031 0.517969 0.024219 0.028906
1 0.514844 0.491406 0.023438 0.026562
1 0.500000 0.367188 0.008594 0.028906
1 0.489844 0.364844 0.009375 0.029687
1 0.468750 0.359375 0.010937 0.032031
1 0.479687 0.362500 0.010156 0.030469
1 0.479687 0.332813 0.010156 0.032031
1 0.468750 0.328906 0.010937 0.034375
1 0.457031 0.324219 0.011719 0.035937
1 0.435156 0.320312 0.032031 0.036719
1 0.457031 0.357031 0.011719 0.033594
1 0.444531 0.353906 0.012500 0.034375
1 0.421875 0.350781 0.032813 0.038281
1 0.393750 0.325781 0.017969 0.041406
1 0.374219 0.319531 0.019531 0.045312
1 0.353906 0.314063 0.021875 0.048438
1 0.330469 0.307031 0.025000 0.050000
1 0.304688 0.300000 0.027344 0.053906
1 0.276562 0.291406 0.031250 0.057031
1 0.240625 0.282031 0.043750 0.063281
1 0.393750 0.445312 0.017969 0.039062
1 0.375000 0.446094 0.019531 0.040625
1 0.354687 0.446875 0.021094 0.042969
1 0.353906 0.403125 0.021875 0.043750
1 0.332813 0.447656 0.024219 0.045312
1 0.307031 0.448437 0.027344 0.046875
1 0.279687 0.449219 0.030469 0.050781
1 0.239063 0.450781 0.051562 0.054688
1 0.331250 0.401562 0.025000 0.046094
1 0.306250 0.400781 0.027344 0.049219
1 0.268750 0.398438 0.049219 0.051562
2 0.299219 0.561719 0.039062 0.019531
2 0.449219 0.439844 0.017969 0.005469
2 0.432031 0.440625 0.025000 0.006250
2 0.133594 0.535937 0.060156 0.023438
2 0.268750 0.514062 0.042969 0.016406
2 0.299219 0.508594 0.039844 0.014844
2 0.328125 0.503906 0.035156 0.014063
2 0.404687 0.442969 0.003125 0.005469
2 0.396875 0.535156 0.028906 0.013281
2 0.326562 0.553906 0.035937 0.017969
2 0.142969 0.606250 0.052344 0.032031
2 0.357031 0.546094 0.033594 0.016406
1 0.435156 0.482031 0.014844 0.015625
1 0.193750 0.518750 0.028906 0.028906
2 0.417969 0.529687 0.026562 0.009375
2 0.436719 0.525781 0.018750 0.010156
2 0.450781 0.521875 0.017969 0.009375
2 0.417187 0.489063 0.025781 0.006250
1 0.400000 0.487500 0.007031 0.017969
1 0.389844 0.488281 0.012500 0.015625
1 0.383594 0.489844 0.010156 0.018750
1 0.374219 0.492188 0.008594 0.017969
1 0.365625 0.493750 0.008594 0.018750
1 0.352344 0.493750 0.017969 0.019531
1 0.208594 0.440625 0.008594 0.024219
1 0.196094 0.441406 0.018750 0.025000
1 0.194531 0.414844 0.018750 0.025781
1 0.177344 0.441406 0.020313 0.025781
1 0.157812 0.442188 0.021094 0.026562
1 0.136719 0.442188 0.022656 0.028906
1 0.111719 0.442188 0.028906 0.028906
1 0.175781 0.414062 0.019531 0.026562
1 0.156250 0.414062 0.021094 0.028125
1 0.132031 0.413281 0.028125 0.028906
1 0.229687 0.365625 0.014063 0.025781
1 0.207031 0.363281 0.008594 0.025781
1 0.192969 0.360938 0.017969 0.026562
1 0.175000 0.358594 0.019531 0.028906
1 0.154688 0.356250 0.021094 0.029687
1 0.133594 0.353906 0.022656 0.030469
1 0.108594 0.351562 0.029687 0.032031
1 0.313281 0.364063 0.011719 0.021094
1 0.301563 0.361719 0.012500 0.021875
1 0.289062 0.360938 0.013281 0.023438
1 0.272656 0.358594 0.021875 0.023438
1 0.277344 0.371875 0.012500 0.004687
1 0.259375 0.371094 0.021875 0.006250
2 0.700000 0.557813 0.039844 0.019531
