3 0.126562 0.575000 0.128906 0.224219
2 0.451562 0.585156 0.060156 0.066406
2 0.941406 0.578906 0.116406 0.125000
2 0.551562 0.434375 0.076563 0.065625
2 0.609375 0.456250 0.087500 0.074219
2 0.689063 0.491406 0.092969 0.082031
2 0.331250 0.498437 0.049219 0.043750
2 0.396875 0.380469 0.064844 0.044531
2 0.429688 0.392969 0.067969 0.049219
2 0.547656 0.657031 0.069531 0.089063
1 0.987500 0.792969 0.024219 0.104688
1 0.385156 0.459375 0.011719 0.018750
1 0.367188 0.457813 0.011719 0.017969
1 0.365625 0.445312 0.011719 0.020313
1 0.347656 0.442188 0.015625 0.015625
1 0.360938 0.443750 0.015625 0.016406
2 0.764844 0.813281 0.094531 0.149219
2 0.624219 0.713281 0.077344 0.109375
2 0.869531 0.886719 0.120313 0.175781
2 0.959375 0.935156 0.079687 0.128125
2 0.489063 0.532031 0.067187 0.071094
1 0.892188 0.736719 0.068750 0.119531
1 0.841406 0.705469 0.060156 0.120313
1 0.796094 0.681250 0.053906 0.113281
1 0.854688 0.658594 0.067969 0.114844
1 0.592969 0.531250 0.040625 0.075000
1 0.590625 0.575781 0.039844 0.066406
1 0.560156 0.569531 0.024219 0.051562
1 0.537500 0.544531 0.023438 0.073438
1 0.567969 0.518750 0.037500 0.071094
1 0.507031 0.285156 0.042969 0.059375
1 0.484375 0.281250 0.039844 0.057031
1 0.435156 0.278125 0.019531 0.048438
1 0.453906 0.281250 0.021094 0.049219
1 0.463281 0.231250 0.042969 0.051562
1 0.442969 0.230469 0.040625 0.050781
1 0.423438 0.228125 0.036719 0.049219
1 0.403906 0.226562 0.032031 0.046875
1 0.416406 0.275000 0.018750 0.046094
1 0.400000 0.271875 0.017969 0.045312
1 0.383594 0.267969 0.017969 0.046094
1 0.360156 0.245312 0.038281 0.044531
1 0.345313 0.243750 0.036719 0.042969
1 0.331250 0.242188 0.032813 0.041406
1 0.318750 0.240625 0.030469 0.039844
1 0.307812 0.239063 0.030469 0.039062
1 0.297656 0.237500 0.030469 0.038281
1 0.287500 0.235937 0.029687 0.036719
1 0.368750 0.356250 0.036719 0.046875
1 0.353906 0.351562 0.033594 0.045312
1 0.333594 0.351562 0.014844 0.035937
1 0.340625 0.314063 0.036719 0.043750
1 0.321875 0.346875 0.014063 0.035156
1 0.310937 0.342969 0.014063 0.034375
1 0.300781 0.339062 0.013281 0.034375
1 0.291406 0.334375 0.012500 0.035156
1 0.327344 0.311719 0.033594 0.041406
1 0.317188 0.308594 0.032813 0.040625
1 0.306250 0.305469 0.032031 0.039844
2 0.588281 0.414062 0.033594 0.017969
2 0.916406 0.350000 0.068750 0.033594
2 0.857812 0.340625 0.060156 0.030469
2 0.489063 0.339062 0.028906 0.017969
2 0.562500 0.360156 0.035156 0.021875
2 0.590625 0.366406 0.035937 0.023438
2 0.618750 0.375781 0.032031 0.025000
2 0.663281 0.310937 0.037500 0.021875
2 0.696875 0.316406 0.042969 0.023438
2 0.739844 0.324219 0.043750 0.023438
2 0.724219 0.465625 0.040625 0.035937
2 0.614844 0.423438 0.030469 0.018750
2 0.490625 0.385937 0.028906 0.020313
2 0.561719 0.295312 0.033594 0.018750
2 0.585156 0.299219 0.034375 0.018750
2 0.654687 0.439063 0.035937 0.026562
1 0.842969 0.430469 0.038281 0.030469
1 0.519531 0.346094 0.010156 0.015625
2 0.774219 0.482812 0.044531 0.039844
2 0.821094 0.497656 0.050000 0.043750
2 0.865625 0.512500 0.046094 0.043750
2 0.789062 0.417187 0.046875 0.032031
1 0.734375 0.402344 0.019531 0.023438
1 0.717969 0.398438 0.017969 0.021875
1 0.701562 0.393750 0.017188 0.021094
1 0.682813 0.388281 0.018750 0.021094
1 0.667188 0.384375 0.015625 0.021094
1 0.653125 0.381250 0.014844 0.020313
1 0.538281 0.283594 0.017969 0.025000
1 0.530469 0.282813 0.003125 0.023438
1 0.521094 0.252344 0.012500 0.008594
1 0.509375 0.251563 0.017188 0.006250
1 0.498437 0.250000 0.014844 0.007031
1 0.492188 0.249219 0.013281 0.007031
1 0.540625 0.217969 0.017969 0.024219
1 0.527344 0.216406 0.011719 0.024219
1 0.521875 0.216406 0.014063 0.023438
1 0.508594 0.215625 0.013281 0.021875
1 0.498437 0.214844 0.014063 0.021875
1 0.490625 0.214844 0.014844 0.021875
1 0.642969 0.233594 0.021094 0.028906
1 0.628125 0.232031 0.019531 0.028125
1 0.599219 0.232031 0.014063 0.025000
1 0.612500 0.232031 0.014063 0.025781
1 0.617188 0.206250 0.020313 0.025781
1 0.600781 0.206250 0.014844 0.025000
1 0.588281 0.206250 0.013281 0.025000
1 0.578906 0.205469 0.019531 0.025000
1 0.586719 0.230469 0.013281 0.024219
1 0.574219 0.229687 0.012500 0.024219
1 0.562500 0.228125 0.011719 0.025000
