3 0.467969 0.926562 0.149219 0.145313
2 0.835938 0.954688 0.028125 0.089063
2 0.872656 0.431250 0.028906 0.026562
2 0.877344 0.453906 0.033594 0.039062
2 0.885156 0.964063 0.036719 0.070312
2 0.903906 0.900000 0.101562 0.170313
2 0.871875 0.790625 0.046875 0.100781
2 0.900781 0.600781 0.072656 0.086719
2 0.893750 0.549219 0.052344 0.054688
2 0.891406 0.521094 0.038281 0.055469
2 0.950781 0.878906 0.097656 0.173437
2 0.945312 0.778125 0.107813 0.139063
2 0.837500 0.790625 0.016406 0.080469
1 0.855469 0.510938 0.009375 0.028906
1 0.852344 0.528125 0.007812 0.021875
1 0.857031 0.543750 0.016406 0.031250
1 0.859375 0.560937 0.016406 0.044531
1 0.860156 0.519531 0.010156 0.040625
1 0.867188 0.629687 0.010156 0.036719
1 0.858594 0.655469 0.009375 0.050000
1 0.865625 0.678125 0.021094 0.053906
1 0.870313 0.709375 0.029687 0.068750
1 0.871094 0.646094 0.014844 0.061719
1 0.945312 0.491406 0.038281 0.071094
1 0.946094 0.510938 0.028125 0.075781
1 0.961719 0.559375 0.028906 0.089844
1 0.952344 0.533594 0.025781 0.082031
1 0.977344 0.471094 0.043750 0.083594
1 0.982812 0.492969 0.033594 0.091406
1 0.988281 0.519531 0.022656 0.100000
1 0.994531 0.567187 0.010156 0.054688
1 0.972656 0.590625 0.032813 0.096875
1 0.982812 0.625781 0.032813 0.108594
1 0.989062 0.671875 0.020313 0.100000
1 0.973437 0.971875 0.051562 0.053906
2 0.833594 0.576562 0.007812 0.032031
2 0.832031 0.603906 0.003906 0.036719
2 0.836719 0.714844 0.014844 0.063281
2 0.835938 0.638281 0.011719 0.048438
2 0.454688 0.634375 0.052344 0.064062
2 0.602344 0.364063 0.032813 0.021094
2 0.589063 0.373437 0.035156 0.023438
2 0.510938 0.431250 0.044531 0.036719
2 0.528906 0.415625 0.044531 0.031250
2 0.552344 0.403125 0.035156 0.028125
2 0.267969 0.848437 0.088281 0.134375
2 0.410156 0.507812 0.065625 0.060156
2 0.442969 0.484375 0.060156 0.051562
2 0.514062 0.569531 0.042969 0.046875
1 0.599219 0.421875 0.019531 0.026562
1 0.368750 0.636719 0.018750 0.026562
1 0.358594 0.653125 0.019531 0.028906
1 0.339844 0.655469 0.019531 0.036719
1 0.307812 0.696094 0.021875 0.033594
1 0.323437 0.672656 0.020313 0.030469
2 0.570312 0.507031 0.035156 0.028125
2 0.540625 0.542969 0.039062 0.033594
2 0.589844 0.491406 0.021094 0.025000
2 0.602344 0.476562 0.019531 0.021875
2 0.485938 0.538281 0.050781 0.050000
1 0.591406 0.435156 0.006250 0.025781
1 0.578906 0.441406 0.018750 0.025000
1 0.571875 0.444531 0.021094 0.031250
1 0.578906 0.419531 0.021094 0.028125
1 0.531250 0.464062 0.017188 0.035156
1 0.535156 0.490625 0.007812 0.030469
1 0.524219 0.498437 0.014844 0.032031
1 0.509375 0.502344 0.025781 0.041406
1 0.518750 0.471094 0.025781 0.036719
1 0.492969 0.357812 0.024219 0.041406
1 0.487500 0.364063 0.011719 0.041406
1 0.460938 0.378906 0.014844 0.040625
1 0.475000 0.371875 0.013281 0.039062
1 0.464062 0.336719 0.032813 0.041406
1 0.450000 0.340625 0.035156 0.045312
1 0.435156 0.346094 0.036719 0.048438
1 0.417969 0.352344 0.038281 0.050781
1 0.446094 0.385937 0.016406 0.042969
1 0.430469 0.393750 0.017969 0.044531
1 0.403125 0.396875 0.039062 0.055469
1 0.353906 0.402344 0.045312 0.061719
1 0.329688 0.411719 0.047656 0.066406
1 0.303125 0.423438 0.050781 0.070312
1 0.274219 0.435937 0.055469 0.075000
1 0.240625 0.449219 0.058594 0.080469
1 0.203906 0.465625 0.063281 0.088281
1 0.162500 0.482031 0.069531 0.096094
1 0.363281 0.524219 0.042188 0.065625
1 0.349219 0.539844 0.028906 0.070312
1 0.325781 0.565625 0.028906 0.056250
1 0.312500 0.516406 0.048438 0.073438
1 0.299219 0.584375 0.033594 0.060937
1 0.270313 0.606250 0.036719 0.064062
1 0.237500 0.628906 0.042188 0.069531
1 0.193750 0.642188 0.061719 0.100781
1 0.285156 0.532813 0.051562 0.078906
1 0.254688 0.550781 0.055469 0.085156
1 0.221094 0.571094 0.059375 0.090625
2 0.110937 0.530469 0.016406 0.029687
2 0.349219 0.361719 0.033594 0.020313
2 0.367969 0.355469 0.030469 0.019531
2 0.389844 0.348438 0.020313 0.016406
2 0.403125 0.446094 0.030469 0.016406
2 0.331250 0.481250 0.033594 0.025000
2 0.150000 0.583594 0.055469 0.050781
2 0.252344 0.395313 0.042969 0.025781
2 0.281250 0.385937 0.040625 0.024219
2 0.362500 0.466406 0.033594 0.025781
2 0.430469 0.433594 0.017969 0.014844
2 0.447656 0.424219 0.015625 0.014844
2 0.460156 0.415625 0.017969 0.014063
1 0.382031 0.400781 0.005469 0.024219
1 0.389062 0.378906 0.013281 0.018750
1 0.374219 0.387500 0.010156 0.023438
1 0.378125 0.407031 0.005469 0.015625
1 0.213281 0.400000 0.027344 0.035156
1 0.198437 0.405469 0.023438 0.035937
1 0.180469 0.414062 0.023438 0.030469
1 0.172656 0.385156 0.030469 0.036719
1 0.160938 0.421094 0.025781 0.032031
1 0.139844 0.428125 0.025781 0.033594
1 0.121875 0.433594 0.020313 0.031250
1 0.086719 0.439844 0.021875 0.040625
1 0.152344 0.391406 0.031250 0.038281
1 0.131250 0.396875 0.032031 0.039844
1 0.114844 0.401562 0.022656 0.039062
1 0.200781 0.321094 0.028906 0.033594
1 0.182031 0.324219 0.029687 0.034375
1 0.162500 0.328125 0.030469 0.035937
1 0.142187 0.332031 0.032031 0.036719
1 0.119531 0.336719 0.033594 0.038281
1 0.101562 0.340625 0.025781 0.038281
1 0.063281 0.346875 0.021094 0.039844
1 0.322656 0.307031 0.021094 0.025781
1 0.314063 0.309375 0.014063 0.026562
1 0.289062 0.316406 0.015625 0.025000
1 0.302344 0.314063 0.014844 0.024219
1 0.296094 0.289062 0.021094 0.026562
1 0.282813 0.291406 0.022656 0.028125
1 0.268750 0.293750 0.023438 0.028906
1 0.253125 0.296094 0.025781 0.029687
1 0.275000 0.319531 0.016406 0.025781
1 0.260937 0.322656 0.017188 0.026562
1 0.241406 0.323437 0.025781 0.030469
2 0.720313 0.530469 0.042188 0.035937
2 0.522656 0.403125 0.020313 0.010937
