2 0.403906 0.760938 0.121875 0.100000
2 0.628906 0.460938 0.014844 0.016406
2 0.608594 0.455469 0.035156 0.017969
2 0.521875 0.413281 0.057031 0.033594
2 0.560156 0.427344 0.021094 0.025000
2 0.581250 0.438281 0.019531 0.023438
2 0.310156 0.300000 0.160156 0.098437
2 0.407813 0.346094 0.096094 0.068750
2 0.519531 0.684375 0.076563 0.050781
1 0.625000 0.538281 0.015625 0.028125
1 0.139063 0.613281 0.058594 0.045312
1 0.075000 0.625781 0.067969 0.057031
1 0.014063 0.614062 0.028125 0.082031
2 0.596875 0.635938 0.042188 0.025000
2 0.557813 0.660937 0.061719 0.034375
2 0.618750 0.625781 0.021094 0.021094
2 0.628906 0.617969 0.019531 0.018750
2 0.478125 0.567969 0.086719 0.032031
1 0.614062 0.539062 0.005469 0.029687
1 0.608594 0.539062 0.005469 0.030469
1 0.590625 0.539844 0.029687 0.031250
1 0.596875 0.507812 0.028906 0.030469
1 0.551562 0.500781 0.010156 0.043750
1 0.552344 0.544531 0.010156 0.043750
1 0.540625 0.546094 0.011719 0.045312
1 0.511719 0.546875 0.044531 0.049219
1 0.525000 0.499219 0.042188 0.046094
1 0.499219 0.239844 0.016406 0.059375
1 0.481250 0.218750 0.018750 0.064844
1 0.435937 0.167969 0.025781 0.079687
1 0.460156 0.194531 0.021875 0.071094
1 0.460156 0.141406 0.021875 0.085938
1 0.435937 0.109375 0.025781 0.096094
1 0.407813 0.071094 0.030469 0.107031
1 0.357812 0.043750 0.068750 0.087500
1 0.407031 0.134375 0.030469 0.089844
1 0.373437 0.096094 0.036719 0.101562
1 0.317969 0.053906 0.073438 0.107031
1 0.169531 0.191406 0.092969 0.159375
1 0.062500 0.128125 0.125000 0.200000
1 0.000781 0.053906 0.001563 0.053906
1 0.000781 0.014063 0.001563 0.028125
2 0.425781 0.480469 0.025781 0.010156
2 0.401562 0.477344 0.035937 0.011719
2 0.098437 0.553906 0.084375 0.019531
2 0.168750 0.550781 0.066406 0.016406
2 0.222656 0.548438 0.053906 0.014063
2 0.271875 0.460938 0.049219 0.014844
2 0.313281 0.465625 0.033594 0.014844
2 0.346094 0.470313 0.032031 0.013281
2 0.094531 0.434375 0.069531 0.025781
2 0.156250 0.442969 0.057031 0.021875
1 0.405469 0.535156 0.020313 0.020313
2 0.377344 0.542969 0.038281 0.009375
1 0.350781 0.534375 0.011719 0.018750
1 0.338281 0.534375 0.012500 0.018750
1 0.323437 0.535156 0.017969 0.020313
1 0.332813 0.511719 0.023438 0.024219
1 0.307031 0.510938 0.014063 0.025781
1 0.307031 0.535156 0.014063 0.020313
1 0.292187 0.538281 0.014844 0.026562
1 0.277344 0.538281 0.013281 0.028125
1 0.286719 0.510938 0.025781 0.026562
1 0.015625 0.410938 0.031250 0.046094
1 0.018750 0.300781 0.036719 0.010937
1 0.243750 0.375781 0.016406 0.016406
1 0.231250 0.372656 0.007031 0.014063
1 0.180469 0.357031 0.024219 0.020313
1 0.198437 0.362500 0.010156 0.015625
1 0.156250 0.350000 0.025781 0.021875
1 0.128906 0.342187 0.027344 0.023438
1 0.096094 0.332031 0.037500 0.026562
2 0.836719 0.625781 0.086719 0.029687
