2 0.403125 0.708594 0.067187 0.093750
2 0.689063 0.384375 0.052344 0.031250
2 0.663281 0.393750 0.056250 0.034375
2 0.053125 0.803906 0.106250 0.145313
2 0.334375 0.662500 0.078906 0.100781
2 0.397656 0.621094 0.072656 0.085156
2 0.455469 0.593750 0.063281 0.078906
2 0.504687 0.455469 0.063281 0.055469
2 0.544531 0.439844 0.064844 0.048438
2 0.587500 0.426563 0.055469 0.041406
2 0.583594 0.593750 0.055469 0.058594
2 0.453125 0.675781 0.063281 0.082031
2 0.076563 0.915625 0.132031 0.167969
2 0.310156 0.536719 0.074219 0.090625
2 0.371875 0.512500 0.072656 0.078906
2 0.510938 0.641406 0.060156 0.071875
1 0.660937 0.473438 0.030469 0.039844
1 0.167969 0.728906 0.079687 0.093750
2 0.621094 0.575000 0.052344 0.039062
2 0.655469 0.557813 0.036719 0.034375
2 0.680469 0.541406 0.032031 0.030469
2 0.625000 0.500781 0.053906 0.035156
1 0.596094 0.510938 0.015625 0.046875
1 0.573438 0.518750 0.032031 0.046875
1 0.564063 0.523438 0.021094 0.055469
1 0.574219 0.486719 0.033594 0.049219
1 0.540625 0.503906 0.028906 0.053906
1 0.545312 0.542969 0.016406 0.039844
1 0.521875 0.547656 0.030469 0.049219
1 0.503125 0.551562 0.032813 0.061719
1 0.521094 0.511719 0.033594 0.054688
1 0.222656 0.546094 0.049219 0.093750
1 0.180469 0.560937 0.054688 0.099219
1 0.134375 0.592969 0.060937 0.071094
1 0.124219 0.522656 0.072656 0.103125
1 0.084375 0.611719 0.067969 0.074219
1 0.033594 0.632031 0.067187 0.079687
1 0.005469 0.658594 0.010937 0.035937
1 0.067187 0.538281 0.072656 0.109375
1 0.026562 0.553906 0.052344 0.113281
1 0.194531 0.378125 0.058594 0.085938
1 0.144531 0.386719 0.064844 0.091406
1 0.090625 0.395313 0.072656 0.096094
1 0.036719 0.406250 0.073438 0.103125
1 0.008594 0.410156 0.017188 0.098437
1 0.463281 0.347656 0.039062 0.060156
1 0.445312 0.352344 0.026562 0.061719
1 0.391406 0.369531 0.032031 0.055469
1 0.419531 0.363281 0.028906 0.054688
1 0.411719 0.309375 0.041406 0.060937
1 0.383594 0.313281 0.042969 0.064062
1 0.353125 0.317969 0.044531 0.067969
1 0.320312 0.321875 0.045312 0.070312
1 0.360938 0.375781 0.035156 0.057031
1 0.328906 0.382812 0.038281 0.060156
1 0.292969 0.382812 0.044531 0.076563
2 0.817187 0.555469 0.054688 0.053906
