2 0.432812 0.721875 0.067969 0.059375
2 0.955469 0.507812 0.087500 0.035937
2 0.895312 0.505469 0.132812 0.036719
2 0.225000 0.596094 0.073438 0.035937
2 0.375000 0.615625 0.073438 0.044531
2 0.432031 0.618750 0.069531 0.045312
2 0.489844 0.628125 0.060156 0.053906
2 0.559375 0.497656 0.057031 0.032031
2 0.622656 0.499219 0.071094 0.032031
2 0.700000 0.503125 0.085938 0.030469
2 0.700781 0.769531 0.085938 0.075781
2 0.487500 0.731250 0.064062 0.061719
2 0.234375 0.689063 0.075781 0.048438
2 0.365625 0.491406 0.071094 0.028906
2 0.412500 0.492969 0.067969 0.028906
2 0.565625 0.746875 0.064844 0.068750
1 0.895312 0.655469 0.073438 0.078125
1 0.280469 0.592969 0.044531 0.051562
2 0.793750 0.784375 0.104688 0.082031
2 0.885156 0.806250 0.102344 0.071094
2 0.957031 0.816406 0.085156 0.075000
2 0.800000 0.656250 0.107031 0.057031
1 0.709375 0.633594 0.032813 0.068750
1 0.675781 0.630469 0.037500 0.067969
1 0.646875 0.627344 0.035156 0.065625
1 0.676562 0.583594 0.039062 0.064062
1 0.610938 0.578906 0.028906 0.060937
1 0.610938 0.631250 0.028125 0.048438
1 0.583594 0.628906 0.027344 0.048438
1 0.556250 0.617969 0.026562 0.061719
1 0.583594 0.576562 0.027344 0.059375
1 0.321094 0.475781 0.040625 0.044531
1 0.300781 0.475781 0.040625 0.043750
1 0.270313 0.476562 0.021094 0.039844
1 0.279687 0.435937 0.042969 0.040625
1 0.250781 0.475781 0.020313 0.039062
1 0.231250 0.475000 0.020313 0.039062
1 0.212500 0.474219 0.019531 0.038281
1 0.194531 0.473438 0.019531 0.040625
1 0.249219 0.435937 0.020313 0.039844
1 0.229687 0.435937 0.021094 0.039844
1 0.210938 0.435937 0.019531 0.038281
1 0.318750 0.350000 0.042188 0.046094
1 0.287500 0.349219 0.022656 0.041406
1 0.267188 0.350781 0.021094 0.041406
1 0.246875 0.351562 0.021094 0.041406
1 0.227344 0.351562 0.021094 0.040625
1 0.207813 0.353125 0.020313 0.040625
1 0.189844 0.353125 0.019531 0.039844
1 0.508594 0.360156 0.025781 0.048438
1 0.482031 0.360938 0.025781 0.046875
1 0.431250 0.362500 0.024219 0.045312
1 0.456250 0.361719 0.025000 0.046094
1 0.460156 0.315625 0.034375 0.046875
1 0.431250 0.316406 0.024219 0.046094
1 0.406250 0.317969 0.024219 0.046094
1 0.382812 0.318750 0.023438 0.045312
1 0.407031 0.363281 0.024219 0.045312
1 0.384375 0.364063 0.023438 0.044531
1 0.361719 0.364844 0.022656 0.044531
