2 0.471094 0.624219 0.055469 0.063281
2 0.983594 0.629687 0.032031 0.085156
2 0.927344 0.610938 0.144531 0.115625
2 0.338281 0.482812 0.047656 0.038281
2 0.428906 0.534375 0.057031 0.051562
2 0.468750 0.550781 0.058594 0.056250
2 0.510156 0.574219 0.059375 0.066406
2 0.569531 0.486719 0.065625 0.060937
2 0.622656 0.506250 0.075000 0.067969
2 0.695312 0.535156 0.078125 0.070312
2 0.675781 0.755469 0.069531 0.103906
2 0.509375 0.648438 0.057813 0.069531
2 0.346875 0.546875 0.047656 0.043750
2 0.421094 0.438281 0.058594 0.043750
2 0.453125 0.450000 0.060156 0.048438
2 0.565625 0.686719 0.061719 0.081250
1 0.896094 0.753125 0.078906 0.113281
1 0.368750 0.493750 0.028906 0.044531
2 0.766406 0.810937 0.082031 0.124219
2 0.854688 0.866406 0.100000 0.139844
2 0.946875 0.924219 0.104688 0.150000
2 0.790625 0.707031 0.089844 0.109375
1 0.692187 0.647656 0.036719 0.082031
1 0.664062 0.644531 0.035156 0.057031
1 0.636719 0.621875 0.031250 0.075000
1 0.668750 0.598437 0.035937 0.073438
1 0.608594 0.571875 0.034375 0.065625
1 0.606250 0.610938 0.033594 0.060937
1 0.579688 0.607031 0.023438 0.045312
1 0.558594 0.584375 0.022656 0.065625
1 0.585156 0.561719 0.032031 0.064062
1 0.391406 0.414844 0.032813 0.044531
1 0.375781 0.410938 0.027344 0.043750
1 0.357031 0.410938 0.014063 0.033594
1 0.363281 0.376563 0.033594 0.041406
1 0.344531 0.407031 0.013281 0.032031
1 0.333594 0.403125 0.013281 0.031250
1 0.322656 0.398438 0.013281 0.030469
1 0.311719 0.392969 0.012500 0.034375
1 0.350781 0.372656 0.030469 0.039844
1 0.339062 0.369531 0.029687 0.039062
1 0.328125 0.366406 0.029687 0.039062
1 0.385937 0.316406 0.035156 0.041406
1 0.367969 0.314063 0.026562 0.040625
1 0.357812 0.311719 0.031250 0.039844
1 0.344531 0.309375 0.028906 0.039062
1 0.333594 0.307031 0.030469 0.038281
1 0.322656 0.305469 0.031250 0.035937
1 0.310937 0.303125 0.028906 0.035937
1 0.530469 0.357031 0.036719 0.053906
1 0.508594 0.353125 0.035156 0.053125
1 0.462500 0.349219 0.018750 0.041406
1 0.481250 0.353125 0.019531 0.043750
1 0.489063 0.309375 0.035937 0.049219
1 0.469531 0.307031 0.034375 0.046875
1 0.450781 0.304688 0.033594 0.046094
1 0.434375 0.302344 0.033594 0.045312
1 0.444531 0.346094 0.017969 0.040625
1 0.428125 0.342969 0.017188 0.039844
1 0.411719 0.336719 0.016406 0.044531
