2 0.411719 0.687500 0.059375 0.078906
2 0.721875 0.406250 0.058594 0.032031
2 0.689844 0.414062 0.060156 0.035156
2 0.099219 0.712500 0.121094 0.110156
2 0.346875 0.631250 0.066406 0.080469
2 0.407813 0.603906 0.063281 0.071094
2 0.464062 0.586719 0.056250 0.070312
2 0.515625 0.459375 0.058594 0.050781
2 0.557031 0.449219 0.063281 0.044531
2 0.603906 0.439844 0.057813 0.039062
2 0.598437 0.608594 0.056250 0.055469
2 0.461719 0.665625 0.058594 0.071875
2 0.132812 0.808594 0.106250 0.118750
2 0.325781 0.514062 0.061719 0.071875
2 0.383594 0.499219 0.059375 0.066406
2 0.520312 0.642969 0.057813 0.065625
1 0.686719 0.496094 0.035156 0.039062
1 0.205469 0.664062 0.064844 0.070312
2 0.641406 0.593750 0.054688 0.041406
2 0.681250 0.582031 0.038281 0.033594
2 0.709375 0.569531 0.038281 0.030469
2 0.646094 0.518750 0.057031 0.035937
1 0.610938 0.523438 0.017969 0.049219
1 0.588281 0.530469 0.030469 0.046875
1 0.575781 0.533594 0.022656 0.053906
1 0.589063 0.498437 0.032813 0.050000
1 0.550781 0.510938 0.028906 0.053125
1 0.555469 0.550781 0.017969 0.036719
1 0.532813 0.551562 0.028125 0.048438
1 0.514062 0.553906 0.027344 0.059375
1 0.532031 0.516406 0.031250 0.054688
1 0.253906 0.512500 0.043750 0.076563
1 0.217188 0.521094 0.042969 0.078906
1 0.180469 0.532031 0.046094 0.076563
1 0.175781 0.482031 0.059375 0.079687
1 0.142187 0.551562 0.049219 0.057031
1 0.101562 0.561719 0.053906 0.060156
1 0.057813 0.572656 0.057813 0.060156
1 0.021875 0.571094 0.043750 0.089063
1 0.132812 0.489844 0.057031 0.083594
1 0.092188 0.498437 0.064062 0.085938
1 0.048438 0.507031 0.071875 0.089844
1 0.233594 0.365625 0.050781 0.070312
1 0.192188 0.369531 0.050781 0.073438
1 0.153125 0.374219 0.057031 0.075000
1 0.110937 0.379688 0.063281 0.078125
1 0.065625 0.384375 0.071094 0.080469
1 0.029687 0.390625 0.058594 0.084375
1 0.006250 0.355469 0.012500 0.004687
1 0.473438 0.353906 0.033594 0.055469
1 0.453906 0.357031 0.025781 0.056250
1 0.402344 0.368750 0.028906 0.049219
1 0.428906 0.365625 0.027344 0.049219
1 0.423438 0.315625 0.035156 0.055469
1 0.396875 0.317969 0.035156 0.057031
1 0.369531 0.320312 0.035156 0.059375
1 0.340625 0.323437 0.035156 0.060937
1 0.374219 0.373437 0.031250 0.050000
1 0.344531 0.377344 0.033594 0.053125
1 0.314063 0.375781 0.036719 0.065625
2 0.864062 0.603906 0.066406 0.064844
