3 0.471094 0.861719 0.128906 0.275000
2 0.753125 0.841406 0.011719 0.078906
2 0.805469 0.439844 0.005469 0.020313
2 0.805469 0.455469 0.005469 0.025000
2 0.767188 0.856250 0.001563 0.020313
2 0.778906 0.755469 0.025781 0.074219
2 0.776563 0.696875 0.011719 0.051562
2 0.793750 0.553125 0.020313 0.045312
2 0.798438 0.519531 0.010156 0.025000
2 0.805469 0.493750 0.002344 0.014063
2 0.789844 0.711719 0.021094 0.081250
2 0.792188 0.646094 0.013281 0.044531
1 0.824219 0.461719 0.010156 0.034375
1 0.824219 0.467187 0.005469 0.025000
1 0.821875 0.506250 0.007812 0.051562
1 0.824219 0.474219 0.002344 0.011719
1 0.857812 0.449219 0.064844 0.055469
1 0.860156 0.456250 0.067969 0.050000
1 0.870313 0.457813 0.057031 0.025000
1 0.867188 0.501563 0.075781 0.088281
1 0.857031 0.564063 0.080469 0.076563
1 0.871094 0.597656 0.099219 0.089844
1 0.876563 0.629687 0.110156 0.100000
1 0.883594 0.667188 0.123438 0.111719
1 0.891406 0.712500 0.139844 0.125000
1 0.902344 0.767969 0.160156 0.141406
1 0.911719 0.844531 0.175781 0.178906
1 0.917188 0.924219 0.164844 0.149219
1 0.792969 0.775781 0.010156 0.081250
1 0.790625 0.818750 0.011719 0.091406
1 0.788281 0.866406 0.013281 0.101562
1 0.785156 0.925781 0.014063 0.113281
1 0.783594 0.964844 0.012500 0.068750
2 0.775000 0.666406 0.003906 0.030469
2 0.460938 0.614062 0.044531 0.050000
2 0.589063 0.388281 0.028906 0.018750
2 0.577344 0.396094 0.030469 0.019531
2 0.509375 0.442969 0.038281 0.029687
2 0.525000 0.430469 0.038281 0.025000
2 0.545312 0.419531 0.030469 0.023438
2 0.317188 0.767969 0.065625 0.092969
2 0.428125 0.500000 0.052344 0.044531
2 0.453125 0.482812 0.050000 0.039844
2 0.511719 0.564063 0.037500 0.039062
1 0.587500 0.438281 0.017969 0.023438
1 0.392969 0.605469 0.014844 0.020313
1 0.385937 0.617969 0.016406 0.021875
1 0.370312 0.617969 0.016406 0.028906
1 0.346875 0.646875 0.017188 0.024219
1 0.357812 0.631250 0.016406 0.023438
2 0.561719 0.513281 0.030469 0.023438
2 0.535156 0.542188 0.033594 0.026562
2 0.579688 0.500000 0.017969 0.020313
2 0.590625 0.488281 0.016406 0.018750
2 0.487500 0.532031 0.042969 0.039844
1 0.579688 0.449219 0.005469 0.023438
1 0.568750 0.454688 0.017188 0.021875
1 0.562500 0.457031 0.018750 0.026562
1 0.568750 0.435156 0.018750 0.024219
1 0.525781 0.471094 0.016406 0.029687
1 0.529687 0.494531 0.007031 0.025781
1 0.522656 0.500781 0.007031 0.026562
1 0.507812 0.503906 0.021875 0.034375
1 0.515625 0.477344 0.021875 0.030469
1 0.494531 0.379688 0.019531 0.033594
1 0.489844 0.384375 0.009375 0.034375
1 0.467969 0.396094 0.011719 0.032031
1 0.478906 0.390625 0.010156 0.031250
1 0.471094 0.360156 0.026562 0.035156
1 0.459375 0.364063 0.028125 0.035937
1 0.447656 0.368750 0.028906 0.038281
1 0.434375 0.373437 0.030469 0.039844
1 0.456250 0.400781 0.011719 0.033594
1 0.444531 0.406250 0.013281 0.035156
1 0.422656 0.409375 0.031250 0.042969
1 0.385937 0.411719 0.035156 0.046875
1 0.368750 0.418750 0.035937 0.050000
1 0.349219 0.425781 0.038281 0.051562
1 0.328906 0.434375 0.040625 0.055469
1 0.307031 0.442969 0.042188 0.058594
1 0.282813 0.453125 0.045312 0.061719
1 0.258594 0.464062 0.042969 0.066406
1 0.391406 0.510938 0.033594 0.050781
1 0.382031 0.521094 0.019531 0.053125
1 0.364844 0.538281 0.020313 0.043750
1 0.354687 0.499219 0.036719 0.054688
1 0.346094 0.550781 0.022656 0.046094
1 0.325000 0.564844 0.024219 0.048438
1 0.302344 0.578906 0.027344 0.050781
1 0.274219 0.586719 0.038281 0.070312
1 0.334375 0.510156 0.039062 0.057031
1 0.313281 0.521875 0.040625 0.060937
1 0.290625 0.535156 0.042969 0.064844
2 0.182031 0.521875 0.049219 0.036719
2 0.364063 0.386719 0.029687 0.015625
2 0.382812 0.381250 0.030469 0.015625
2 0.405469 0.374219 0.023438 0.014063
2 0.411719 0.460938 0.025781 0.019531
2 0.194531 0.576562 0.047656 0.040625
2 0.282813 0.414062 0.036719 0.021094
2 0.307031 0.406250 0.035156 0.019531
2 0.375781 0.480469 0.027344 0.023438
1 0.227344 0.496094 0.018750 0.029687
2 0.432031 0.450781 0.023438 0.014844
2 0.448437 0.442969 0.017188 0.014063
2 0.461719 0.435156 0.016406 0.013281
1 0.405469 0.417969 0.003906 0.010937
1 0.403906 0.403125 0.007031 0.020313
1 0.250781 0.417969 0.022656 0.029687
1 0.240625 0.421875 0.014844 0.029687
1 0.221094 0.430469 0.007031 0.024219
1 0.218750 0.404687 0.008594 0.029687
1 0.205469 0.435937 0.011719 0.025000
1 0.192188 0.440625 0.020313 0.028906
1 0.175000 0.446094 0.021094 0.028906
1 0.153906 0.448437 0.028125 0.035937
1 0.198437 0.409375 0.017969 0.031250
1 0.185156 0.414062 0.025781 0.033594
1 0.167969 0.418750 0.027344 0.034375
1 0.242969 0.350000 0.023438 0.028125
1 0.231250 0.353125 0.016406 0.028906
1 0.210938 0.356250 0.010156 0.029687
1 0.191406 0.359375 0.017188 0.030469
1 0.178125 0.363281 0.026562 0.031250
1 0.160156 0.366406 0.028125 0.033594
1 0.140625 0.370312 0.028906 0.033594
1 0.342969 0.338281 0.018750 0.023438
1 0.335938 0.340625 0.011719 0.023438
1 0.314844 0.346094 0.012500 0.021875
1 0.325781 0.343750 0.011719 0.021094
1 0.321094 0.322656 0.018750 0.023438
1 0.310156 0.325000 0.018750 0.024219
1 0.298438 0.326562 0.018750 0.024219
1 0.285156 0.328906 0.021875 0.025000
1 0.303125 0.349219 0.013281 0.021875
1 0.291406 0.351562 0.013281 0.023438
1 0.275781 0.353125 0.021875 0.025781
2 0.691406 0.529687 0.035156 0.029687
