3 0.212500 0.507031 0.090625 0.179688
2 0.035937 0.960938 0.052344 0.076563
2 0.005469 0.597656 0.010937 0.062500
2 0.032813 0.685937 0.037500 0.084375
2 0.465625 0.553906 0.052344 0.062500
2 0.968750 0.778906 0.062500 0.161719
2 0.876563 0.709375 0.138281 0.187500
2 0.544531 0.455469 0.071094 0.076563
2 0.590625 0.489844 0.080469 0.088281
2 0.653125 0.543750 0.087500 0.100000
2 0.372656 0.450000 0.041406 0.040625
2 0.422656 0.371094 0.057813 0.050000
2 0.447656 0.389062 0.060937 0.055469
2 0.539062 0.640625 0.062500 0.087500
1 0.925781 0.917969 0.110937 0.155469
1 0.412500 0.428125 0.012500 0.017969
1 0.401562 0.425000 0.014063 0.015625
1 0.401562 0.411719 0.014063 0.017188
1 0.385156 0.405469 0.012500 0.015625
1 0.394531 0.409375 0.010937 0.015625
2 0.701562 0.828906 0.079687 0.146875
2 0.597656 0.712500 0.070312 0.096094
2 0.778906 0.912500 0.096875 0.172656
2 0.835938 0.956250 0.035156 0.085156
2 0.493750 0.520312 0.061719 0.072656
1 0.806250 0.800781 0.061719 0.120313
1 0.763281 0.762500 0.047656 0.114844
1 0.734375 0.730469 0.055469 0.107813
1 0.778906 0.739062 0.055469 0.092188
1 0.575781 0.553906 0.038281 0.060937
1 0.574219 0.588281 0.039062 0.057813
1 0.546094 0.574219 0.019531 0.047656
1 0.530469 0.546094 0.021094 0.067969
1 0.550781 0.535937 0.027344 0.059375
1 0.509375 0.328906 0.039062 0.035156
1 0.480469 0.320312 0.015625 0.035937
1 0.449219 0.296875 0.014844 0.044531
1 0.464062 0.310937 0.014844 0.035156
1 0.473438 0.246875 0.038281 0.034375
1 0.457813 0.250781 0.037500 0.050000
1 0.443750 0.245312 0.035937 0.053906
1 0.429688 0.239844 0.035937 0.052344
1 0.435156 0.289062 0.014844 0.044531
1 0.421875 0.282031 0.014063 0.042188
1 0.409375 0.272656 0.012500 0.046094
1 0.392188 0.242969 0.034375 0.046094
1 0.380469 0.239063 0.032031 0.043750
1 0.368750 0.234375 0.024219 0.043750
1 0.361719 0.228906 0.029687 0.041406
1 0.353125 0.225000 0.029687 0.041406
1 0.344531 0.221094 0.027344 0.039062
1 0.336719 0.217188 0.026562 0.038281
1 0.400000 0.339062 0.032031 0.044531
1 0.389062 0.333594 0.028906 0.043750
1 0.371094 0.330469 0.010937 0.032813
1 0.377344 0.298438 0.028906 0.041406
1 0.362500 0.323437 0.010937 0.032031
1 0.353906 0.317188 0.010937 0.030469
1 0.346875 0.311719 0.010937 0.029687
1 0.339062 0.304688 0.009375 0.032813
1 0.366406 0.292187 0.024219 0.039062
1 0.357812 0.285938 0.023438 0.038281
1 0.349219 0.280469 0.023438 0.038281
2 0.967187 0.386719 0.064844 0.053906
2 0.905469 0.364844 0.064844 0.049219
2 0.700781 0.296094 0.043750 0.030469
2 0.732031 0.308594 0.042188 0.034375
2 0.788281 0.327344 0.032031 0.030469
2 0.600000 0.263281 0.035937 0.024219
2 0.622656 0.271094 0.037500 0.025781
1 0.884375 0.450000 0.046875 0.050781
1 0.556250 0.291406 0.012500 0.006250
2 0.825000 0.430469 0.053906 0.047656
1 0.770312 0.397656 0.027344 0.041406
1 0.761719 0.392969 0.010937 0.032813
1 0.732812 0.380469 0.015625 0.035937
1 0.767188 0.367188 0.010937 0.035156
1 0.721094 0.349219 0.025781 0.037500
1 0.717187 0.376563 0.024219 0.032031
1 0.700000 0.371094 0.017188 0.027344
1 0.689844 0.360938 0.011719 0.035937
1 0.707031 0.344531 0.024219 0.037500
1 0.577344 0.249219 0.019531 0.027344
1 0.567969 0.244531 0.019531 0.027344
1 0.553906 0.244531 0.009375 0.023438
1 0.559375 0.221094 0.019531 0.026562
1 0.546094 0.241406 0.006250 0.021094
1 0.532813 0.236719 0.002344 0.020313
1 0.527344 0.235156 0.008594 0.021094
1 0.519531 0.230469 0.007812 0.024219
1 0.550781 0.218750 0.015625 0.026562
1 0.540625 0.215625 0.017969 0.023438
1 0.528906 0.212500 0.011719 0.023438
1 0.530469 0.162500 0.010937 0.007812
1 0.525781 0.162500 0.017969 0.011719
1 0.659375 0.174219 0.022656 0.017969
1 0.646094 0.170313 0.021094 0.017188
1 0.632812 0.168750 0.021094 0.015625
1 0.620313 0.166406 0.021094 0.015625
