3 0.521094 0.867969 0.114844 0.263281
2 0.797656 0.828125 0.060937 0.111719
2 0.789844 0.424219 0.018750 0.020313
2 0.793750 0.439844 0.021875 0.025781
2 0.809375 0.806250 0.030469 0.099219
2 0.809375 0.728906 0.050781 0.075000
2 0.794531 0.675000 0.028906 0.057031
2 0.807813 0.537500 0.042188 0.050781
2 0.803906 0.504687 0.031250 0.031250
2 0.803906 0.485938 0.024219 0.035156
2 0.842187 0.689063 0.065625 0.083594
2 0.832812 0.634375 0.058594 0.064062
2 0.774219 0.694531 0.011719 0.054688
1 0.781250 0.485938 0.005469 0.018750
1 0.779687 0.498437 0.003906 0.014063
1 0.782031 0.511719 0.010156 0.021875
1 0.782813 0.524219 0.008594 0.031250
1 0.783594 0.499219 0.006250 0.016406
1 0.789844 0.566406 0.004687 0.031250
1 0.785156 0.584375 0.005469 0.026562
1 0.785937 0.601562 0.005469 0.035156
1 0.794531 0.621875 0.015625 0.045312
1 0.792969 0.578906 0.008594 0.042969
1 0.830469 0.453906 0.017969 0.046875
1 0.830469 0.465625 0.012500 0.050000
1 0.838281 0.492969 0.013281 0.056250
1 0.833594 0.478906 0.011719 0.053125
1 0.867969 0.435156 0.063281 0.053906
1 0.874219 0.446875 0.068750 0.057031
1 0.882031 0.460938 0.074219 0.060937
1 0.891406 0.484375 0.081250 0.083594
1 0.842969 0.508594 0.013281 0.060937
1 0.848437 0.525781 0.014844 0.064844
1 0.888281 0.548438 0.083594 0.078125
1 0.921094 0.581250 0.108594 0.088281
1 0.937500 0.612500 0.121875 0.096875
1 0.943750 0.649219 0.111719 0.108594
1 0.950000 0.694531 0.099219 0.123438
1 0.957812 0.751563 0.082812 0.140625
1 0.967969 0.822656 0.063281 0.165625
1 0.980469 0.905469 0.038281 0.176563
1 0.855469 0.750000 0.046094 0.085156
1 0.851562 0.791406 0.027344 0.094531
1 0.855469 0.840625 0.021875 0.103906
1 0.873437 0.784375 0.032813 0.106250
1 0.864844 0.898438 0.025781 0.115625
1 0.876563 0.950781 0.029687 0.096875
1 0.889844 0.987500 0.011719 0.023438
1 0.885156 0.839063 0.037500 0.119531
1 0.900000 0.906250 0.043750 0.135156
1 0.917188 0.953906 0.050781 0.089844
2 0.767188 0.543750 0.005469 0.025000
2 0.766406 0.564063 0.003125 0.028906
2 0.771875 0.643750 0.009375 0.044531
2 0.769531 0.589063 0.008594 0.034375
2 0.464062 0.619531 0.044531 0.051562
2 0.575000 0.382031 0.026562 0.017969
2 0.564844 0.389062 0.028906 0.019531
2 0.507031 0.440625 0.037500 0.029687
2 0.519531 0.427344 0.037500 0.025000
2 0.537500 0.415625 0.028906 0.024219
2 0.328125 0.800000 0.073438 0.103906
2 0.435156 0.506250 0.053906 0.046875
2 0.457031 0.485938 0.051562 0.040625
2 0.509375 0.563281 0.036719 0.038281
1 0.574219 0.432031 0.015625 0.023438
1 0.400781 0.618750 0.016406 0.020313
1 0.394531 0.632031 0.017188 0.021875
1 0.379688 0.635156 0.017969 0.029687
1 0.357031 0.668750 0.018750 0.025000
1 0.367188 0.650000 0.017969 0.024219
2 0.552344 0.507031 0.028906 0.023438
2 0.528906 0.538281 0.033594 0.028906
2 0.568750 0.492969 0.014844 0.021094
2 0.578125 0.480469 0.014063 0.019531
2 0.488281 0.533594 0.043750 0.039844
1 0.567969 0.443750 0.003906 0.021875
1 0.558594 0.449219 0.014844 0.021875
1 0.552344 0.451562 0.018750 0.025781
1 0.557813 0.429688 0.017969 0.024219
1 0.522656 0.469531 0.013281 0.029687
1 0.525781 0.492188 0.006250 0.026562
1 0.519531 0.499219 0.006250 0.028125
1 0.505469 0.503125 0.022656 0.034375
1 0.512500 0.475781 0.022656 0.030469
1 0.495312 0.378125 0.016406 0.034375
1 0.491406 0.384375 0.008594 0.033594
1 0.471875 0.396094 0.010156 0.034375
1 0.482031 0.390625 0.008594 0.033594
1 0.472656 0.359375 0.027344 0.035937
1 0.462500 0.364063 0.028906 0.038281
1 0.451562 0.369531 0.030469 0.039844
1 0.440625 0.375000 0.030469 0.040625
1 0.461719 0.403125 0.010937 0.035156
1 0.450781 0.408594 0.011719 0.035937
1 0.428906 0.413281 0.033594 0.043750
1 0.394531 0.417969 0.037500 0.050000
1 0.378125 0.426563 0.039062 0.053125
1 0.360156 0.435156 0.041406 0.055469
1 0.339844 0.445312 0.044531 0.059375
1 0.317969 0.457031 0.047656 0.064062
1 0.294531 0.469531 0.050781 0.068750
1 0.267969 0.483594 0.054688 0.073438
1 0.400781 0.521094 0.033594 0.053125
1 0.392969 0.533594 0.018750 0.054688
1 0.377344 0.553125 0.018750 0.048438
1 0.365625 0.513281 0.039062 0.057031
1 0.359375 0.567969 0.021875 0.050781
1 0.339844 0.585938 0.024219 0.053125
1 0.317969 0.603906 0.026562 0.055469
1 0.283594 0.615625 0.050781 0.078125
1 0.346094 0.525781 0.041406 0.060937
1 0.325781 0.541406 0.044531 0.065625
1 0.303125 0.557031 0.048438 0.070312
2 0.435937 0.349219 0.022656 0.006250
2 0.422656 0.357812 0.025781 0.011719
2 0.150781 0.548438 0.057031 0.044531
2 0.344531 0.389844 0.032031 0.018750
2 0.362500 0.382031 0.032031 0.017969
2 0.381250 0.374219 0.020313 0.015625
2 0.395313 0.465625 0.023438 0.016406
2 0.164844 0.607031 0.055469 0.049219
2 0.264844 0.424219 0.032031 0.025781
2 0.285156 0.414062 0.039844 0.023438
2 0.367969 0.482812 0.009375 0.008594
1 0.203906 0.514062 0.028906 0.036719
2 0.413281 0.453906 0.016406 0.013281
1 0.378125 0.396875 0.010156 0.005469
1 0.352344 0.408594 0.012500 0.005469
1 0.229687 0.428906 0.017188 0.031250
1 0.208594 0.435156 0.012500 0.033594
1 0.196875 0.443750 0.019531 0.029687
1 0.188281 0.417187 0.029687 0.034375
1 0.179688 0.450781 0.021094 0.030469
1 0.160938 0.457031 0.022656 0.031250
1 0.141406 0.464844 0.024219 0.033594
1 0.117188 0.469531 0.033594 0.040625
1 0.170313 0.422656 0.030469 0.035937
1 0.151562 0.428906 0.032031 0.036719
1 0.132031 0.435156 0.033594 0.039062
1 0.217969 0.356250 0.017969 0.030469
1 0.192969 0.360156 0.017969 0.031250
1 0.181250 0.364063 0.029687 0.033594
1 0.162500 0.367969 0.032031 0.034375
1 0.142187 0.372656 0.032813 0.035937
1 0.121875 0.378125 0.035156 0.036719
1 0.099219 0.382031 0.036719 0.039062
1 0.321875 0.339062 0.019531 0.023438
1 0.314844 0.342187 0.012500 0.025000
1 0.292969 0.349219 0.013281 0.024219
1 0.304688 0.346094 0.013281 0.023438
1 0.297656 0.323437 0.022656 0.025000
1 0.285938 0.325781 0.022656 0.025781
1 0.274219 0.328906 0.022656 0.025781
1 0.260156 0.331250 0.025000 0.026562
1 0.280469 0.351562 0.014844 0.024219
1 0.267969 0.355469 0.014844 0.025000
1 0.250781 0.357031 0.025000 0.028906
2 0.678125 0.515625 0.035156 0.026562
2 0.496875 0.420312 0.017188 0.013281
