2 0.140625 0.819531 0.018750 0.075781
2 0.064844 0.628906 0.129688 0.085156
2 0.055469 0.673438 0.107031 0.106250
2 0.032031 0.757031 0.028906 0.123438
2 0.154688 0.671875 0.012500 0.035937
2 0.086719 0.534375 0.099219 0.028906
2 0.075000 0.559375 0.114062 0.054688
2 0.118750 0.965625 0.025000 0.066406
1 0.128906 0.639844 0.021094 0.020313
1 0.126562 0.629687 0.013281 0.009375
1 0.135156 0.620313 0.021094 0.020313
1 0.133594 0.609375 0.007812 0.006250
1 0.138281 0.616406 0.021094 0.014063
2 0.114062 0.752344 0.041406 0.073438
1 0.067969 0.810156 0.046094 0.131250
1 0.066406 0.892188 0.062500 0.145313
1 0.097656 0.836719 0.012500 0.103125
1 0.103125 0.802344 0.013281 0.091406
1 0.090625 0.766406 0.015625 0.098437
1 0.044531 0.408594 0.089063 0.073438
1 0.102344 0.408594 0.007812 0.053906
1 0.099219 0.407813 0.006250 0.054688
1 0.057031 0.346875 0.082031 0.066406
1 0.098437 0.359375 0.007812 0.044531
1 0.103125 0.359375 0.007031 0.048438
1 0.107031 0.359375 0.007031 0.049219
1 0.107031 0.408594 0.007031 0.050000
1 0.110937 0.407813 0.007031 0.046875
1 0.114062 0.407031 0.006250 0.046094
1 0.116406 0.390625 0.012500 0.041406
1 0.128125 0.392969 0.002344 0.033594
1 0.128906 0.392969 0.003906 0.034375
1 0.131250 0.393750 0.003906 0.033594
1 0.132812 0.393750 0.003906 0.032031
1 0.105469 0.507812 0.050000 0.035937
1 0.107031 0.490625 0.042969 0.006250
1 0.107813 0.469531 0.039844 0.040625
1 0.135937 0.503125 0.002344 0.021094
1 0.137500 0.503906 0.002344 0.016406
1 0.139063 0.501563 0.002344 0.011719
1 0.140625 0.499219 0.001563 0.008594
1 0.128125 0.463281 0.010937 0.031250
1 0.133594 0.457031 0.003125 0.023438
1 0.135156 0.455469 0.003125 0.024219
2 0.497656 0.639844 0.045312 0.039062
2 0.934375 0.601562 0.130469 0.082031
2 0.821875 0.571094 0.112500 0.064062
2 0.416406 0.530469 0.025000 0.018750
2 0.471875 0.560156 0.042969 0.028125
2 0.496875 0.571875 0.046094 0.030469
2 0.519531 0.585938 0.046094 0.035156
2 0.562500 0.505469 0.057813 0.028125
2 0.597656 0.514844 0.064062 0.031250
2 0.642188 0.528906 0.064062 0.035937
2 0.644531 0.752344 0.072656 0.076563
2 0.523438 0.658594 0.049219 0.043750
2 0.422656 0.583594 0.033594 0.023438
2 0.469531 0.482031 0.044531 0.018750
2 0.488281 0.488281 0.047656 0.020313
2 0.560937 0.689844 0.057031 0.053906
1 0.820312 0.728125 0.075781 0.094531
1 0.436719 0.534375 0.018750 0.028125
2 0.718750 0.808594 0.087500 0.100781
2 0.796875 0.868750 0.103906 0.128906
2 0.902344 0.931250 0.128906 0.135156
2 0.730469 0.699219 0.089844 0.061719
1 0.650781 0.639062 0.038281 0.060156
1 0.629687 0.633594 0.036719 0.048438
1 0.603125 0.619531 0.018750 0.053906
1 0.631250 0.591406 0.037500 0.054688
1 0.588281 0.573438 0.033594 0.046875
1 0.588281 0.610938 0.032813 0.042969
1 0.564063 0.603906 0.014844 0.039844
1 0.550000 0.593750 0.013281 0.044531
1 0.572656 0.567187 0.031250 0.045312
1 0.453906 0.469531 0.022656 0.026562
1 0.444531 0.468750 0.019531 0.025781
1 0.431250 0.467969 0.007031 0.024219
1 0.438281 0.444531 0.021094 0.024219
1 0.425000 0.465625 0.006250 0.021875
1 0.418750 0.464062 0.005469 0.021094
1 0.413281 0.463281 0.005469 0.021094
1 0.407813 0.461719 0.005469 0.021094
1 0.429688 0.442969 0.016406 0.023438
1 0.424219 0.442969 0.017969 0.021875
1 0.419531 0.441406 0.019531 0.021875
1 0.453125 0.396094 0.023438 0.024219
1 0.438281 0.396094 0.007031 0.024219
1 0.431250 0.396875 0.007031 0.023438
1 0.424219 0.396875 0.006250 0.021875
1 0.418750 0.396875 0.005469 0.021875
1 0.412500 0.397656 0.005469 0.021094
1 0.407031 0.397656 0.005469 0.021094
1 0.535156 0.407031 0.029687 0.032031
1 0.514062 0.406250 0.011719 0.031250
1 0.492188 0.407031 0.010156 0.028906
1 0.502344 0.406250 0.010156 0.029687
1 0.511719 0.376563 0.028125 0.030469
1 0.492188 0.377344 0.010156 0.028906
1 0.482031 0.378125 0.009375 0.028906
1 0.472656 0.378906 0.008594 0.026562
1 0.482031 0.406250 0.008594 0.028125
1 0.472656 0.407031 0.008594 0.026562
1 0.464062 0.406250 0.008594 0.025781
