2 0.985938 0.495312 0.027344 0.025781
2 0.992188 0.506250 0.014063 0.028906
1 0.992188 0.614844 0.014844 0.048438
2 0.987500 0.796094 0.014844 0.055469
2 0.975781 0.756250 0.017969 0.055469
2 0.963281 0.719531 0.015625 0.046094
1 0.994531 0.638281 0.010156 0.054688
1 0.997656 0.654687 0.003125 0.035156
2 0.392969 0.762500 0.078906 0.088281
2 0.613281 0.457031 0.039844 0.015625
2 0.598437 0.460938 0.038281 0.016406
2 0.011719 0.857031 0.022656 0.108594
2 0.335156 0.691406 0.085156 0.088281
2 0.392188 0.651563 0.081250 0.068750
2 0.446094 0.625000 0.069531 0.055469
2 0.485938 0.490625 0.059375 0.028906
2 0.514062 0.482812 0.057031 0.025000
2 0.546875 0.476562 0.045312 0.021094
2 0.548438 0.641406 0.049219 0.042969
2 0.440625 0.724219 0.069531 0.071875
2 0.026562 0.984375 0.046094 0.028906
2 0.315625 0.536719 0.092969 0.054688
2 0.374219 0.521094 0.083594 0.045312
2 0.492188 0.686719 0.060156 0.057031
1 0.602344 0.532031 0.019531 0.030469
1 0.131250 0.774219 0.099219 0.124219
2 0.575781 0.623437 0.044531 0.028906
2 0.603125 0.608594 0.024219 0.025781
2 0.618750 0.595313 0.023438 0.024219
2 0.580469 0.553125 0.033594 0.021094
1 0.557813 0.557031 0.010156 0.036719
1 0.540625 0.564063 0.024219 0.035156
1 0.535156 0.567187 0.014844 0.041406
1 0.539062 0.531250 0.029687 0.039844
1 0.511719 0.542188 0.032031 0.043750
1 0.521875 0.578906 0.011719 0.039062
1 0.508594 0.585156 0.012500 0.040625
1 0.485156 0.589063 0.033594 0.049219
1 0.499219 0.547656 0.031250 0.045312
1 0.225781 0.536719 0.058594 0.082031
1 0.181250 0.546875 0.057031 0.089063
1 0.125781 0.564844 0.065625 0.086719
1 0.119531 0.487500 0.067969 0.088281
1 0.059375 0.580469 0.078906 0.095312
1 0.014063 0.589844 0.028125 0.092969
1 0.052344 0.495312 0.081250 0.096094
1 0.009375 0.499219 0.018750 0.095312
1 0.221875 0.335156 0.050781 0.074219
1 0.171094 0.330469 0.059375 0.080469
1 0.110937 0.323437 0.070312 0.088281
1 0.041406 0.316406 0.082812 0.096875
1 0.003906 0.326562 0.007031 0.068750
1 0.464062 0.378125 0.017969 0.042969
1 0.445312 0.376563 0.019531 0.045312
1 0.401562 0.374219 0.024219 0.050000
1 0.424219 0.375781 0.021875 0.046875
1 0.424219 0.328906 0.021875 0.050000
1 0.400781 0.324219 0.025000 0.053125
1 0.375000 0.321094 0.027344 0.056250
1 0.337500 0.315625 0.049219 0.060156
1 0.376563 0.372656 0.027344 0.053125
1 0.348438 0.371094 0.030469 0.055469
1 0.308594 0.368750 0.052344 0.060156
2 0.721875 0.580469 0.042188 0.026562
