3 0.263281 0.823438 0.386719 0.351562
2 0.964063 0.980469 0.044531 0.038281
2 0.968750 0.441406 0.061719 0.018750
2 0.970313 0.446875 0.058594 0.021094
2 0.985156 0.838281 0.028906 0.142969
2 0.977344 0.744531 0.044531 0.085156
2 0.975000 0.493750 0.048438 0.045312
2 0.978125 0.480469 0.042969 0.035937
2 0.981250 0.461719 0.036719 0.014063
2 0.952344 0.834375 0.030469 0.098437
1 0.955469 0.571094 0.025000 0.049219
1 0.959375 0.528906 0.022656 0.040625
1 0.966406 0.571094 0.004687 0.042969
1 0.958594 0.648438 0.003906 0.023438
1 0.982812 0.673438 0.033594 0.084375
1 0.986719 0.598437 0.025000 0.076563
2 0.925000 0.635156 0.004687 0.031250
2 0.925781 0.657031 0.003906 0.036719
2 0.939063 0.753906 0.014844 0.064062
2 0.933594 0.686719 0.014844 0.046875
2 0.443750 0.641406 0.060156 0.050781
2 0.628125 0.421094 0.033594 0.010937
2 0.612500 0.423438 0.035937 0.011719
2 0.515625 0.437500 0.048438 0.017969
2 0.539062 0.434375 0.047656 0.016406
2 0.566406 0.431250 0.039844 0.014844
2 0.188281 0.778906 0.097656 0.106250
2 0.391406 0.453906 0.067969 0.028125
2 0.432031 0.448437 0.062500 0.025000
2 0.520312 0.600781 0.049219 0.036719
1 0.625781 0.482812 0.022656 0.025000
1 0.336719 0.586719 0.018750 0.021094
1 0.321094 0.596094 0.019531 0.023438
1 0.300000 0.592969 0.019531 0.033594
1 0.255469 0.616406 0.021094 0.026562
1 0.278906 0.603125 0.020313 0.025000
2 0.592187 0.563281 0.039844 0.021094
2 0.553906 0.584375 0.044531 0.026562
2 0.616406 0.553906 0.022656 0.020313
2 0.631250 0.544531 0.021094 0.017969
2 0.483594 0.540625 0.054688 0.034375
1 0.614062 0.488281 0.007031 0.025000
1 0.604688 0.491406 0.013281 0.024219
1 0.592187 0.492969 0.023438 0.028125
1 0.600000 0.467187 0.023438 0.026562
1 0.536719 0.483594 0.025781 0.033594
1 0.544531 0.513281 0.010156 0.030469
1 0.533594 0.516406 0.010156 0.031250
1 0.514062 0.518750 0.027344 0.035937
1 0.526563 0.486719 0.025781 0.034375
1 0.499219 0.342969 0.013281 0.035156
1 0.484375 0.340625 0.014063 0.036719
1 0.453125 0.336719 0.017188 0.039062
1 0.469531 0.339062 0.015625 0.036719
1 0.468750 0.302344 0.016406 0.039844
1 0.452344 0.299219 0.017188 0.040625
1 0.434375 0.295312 0.017969 0.042969
1 0.407031 0.291406 0.036719 0.044531
1 0.435156 0.335156 0.017969 0.040625
1 0.416406 0.332813 0.019531 0.041406
1 0.389062 0.330469 0.034375 0.045312
1 0.337500 0.303906 0.028906 0.051562
1 0.308594 0.299219 0.031250 0.053906
1 0.277344 0.294531 0.035156 0.057031
1 0.242188 0.289062 0.039844 0.060937
1 0.203125 0.282813 0.044531 0.065625
1 0.159375 0.276562 0.050781 0.069531
1 0.109375 0.267969 0.058594 0.075000
1 0.335156 0.446875 0.038281 0.049219
1 0.313281 0.449219 0.030469 0.053125
1 0.282813 0.453906 0.033594 0.051562
1 0.280469 0.403125 0.033594 0.050781
1 0.249219 0.457031 0.038281 0.055469
1 0.211719 0.461719 0.042969 0.058594
1 0.170313 0.466406 0.047656 0.061719
1 0.123438 0.467969 0.055469 0.071094
1 0.246094 0.403906 0.039062 0.054688
1 0.207813 0.404687 0.042969 0.057031
1 0.164844 0.405469 0.050000 0.060937
2 0.318750 0.541406 0.036719 0.021094
2 0.482812 0.412500 0.025000 0.006250
2 0.465625 0.413281 0.027344 0.007031
2 0.150781 0.521875 0.050000 0.011719
2 0.286719 0.498437 0.037500 0.009375
2 0.321094 0.492969 0.030469 0.007031
2 0.350781 0.486719 0.027344 0.007031
2 0.374219 0.419531 0.031250 0.009375
2 0.396094 0.418750 0.031250 0.009375
2 0.421094 0.417969 0.028125 0.009375
2 0.425000 0.514062 0.029687 0.015625
2 0.347656 0.534375 0.035156 0.018750
2 0.158594 0.582812 0.050000 0.032031
2 0.310937 0.421094 0.025781 0.004687
2 0.382031 0.525781 0.031250 0.017969
1 0.209375 0.510938 0.026562 0.005469
2 0.449219 0.509375 0.028125 0.010937
2 0.470313 0.504687 0.020313 0.010937
2 0.485938 0.500781 0.019531 0.010156
2 0.452344 0.468750 0.019531 0.004687
1 0.140625 0.421875 0.007031 0.019531
1 0.125781 0.421875 0.024219 0.021875
1 0.138281 0.396875 0.008594 0.028125
1 0.239063 0.350000 0.017969 0.014844
1 0.221875 0.349219 0.017969 0.016406
1 0.203906 0.348438 0.018750 0.016406
1 0.184375 0.346875 0.020313 0.017969
1 0.164062 0.346094 0.021094 0.017969
1 0.142969 0.344531 0.022656 0.018750
1 0.121094 0.342969 0.024219 0.018750
1 0.357031 0.360938 0.006250 0.020313
1 0.341406 0.360938 0.009375 0.021094
1 0.317969 0.359375 0.013281 0.021875
1 0.330469 0.360156 0.012500 0.021875
1 0.304688 0.358594 0.013281 0.023438
1 0.291406 0.357812 0.014844 0.023438
1 0.274219 0.357031 0.020313 0.024219
2 0.769531 0.580469 0.053906 0.033594
2 0.555469 0.491406 0.010937 0.010156
