3 0.022656 0.725781 0.044531 0.223438
2 0.427344 0.635938 0.067187 0.055469
2 0.956250 0.428125 0.087500 0.037500
2 0.895312 0.425781 0.137500 0.039062
2 0.550781 0.416406 0.060937 0.030469
2 0.612500 0.419531 0.072656 0.032031
2 0.692187 0.423438 0.087500 0.032031
2 0.239063 0.601562 0.073438 0.046094
2 0.357812 0.410938 0.073438 0.027344
2 0.403125 0.412500 0.070312 0.029687
2 0.552344 0.661719 0.062500 0.064062
1 0.953906 0.585156 0.085938 0.080469
1 0.326562 0.521094 0.019531 0.017188
1 0.309375 0.522656 0.020313 0.019531
1 0.303125 0.512500 0.019531 0.023438
1 0.272656 0.515625 0.020313 0.017188
1 0.291406 0.514062 0.019531 0.017969
2 0.777344 0.702344 0.099219 0.078906
2 0.642969 0.677344 0.071094 0.069531
2 0.865625 0.722656 0.099219 0.070312
2 0.946875 0.735156 0.106250 0.079687
2 0.479687 0.546094 0.059375 0.050781
1 0.866406 0.572656 0.043750 0.072656
1 0.822656 0.567187 0.055469 0.073438
1 0.787500 0.564063 0.055469 0.072656
1 0.825781 0.517969 0.062500 0.070312
1 0.600781 0.498437 0.028906 0.060937
1 0.599219 0.551562 0.028906 0.047656
1 0.571875 0.548438 0.026562 0.046094
1 0.546094 0.537500 0.026562 0.059375
1 0.573438 0.497656 0.027344 0.058594
1 0.497656 0.273438 0.026562 0.050781
1 0.471094 0.274219 0.026562 0.050781
1 0.420312 0.276562 0.025781 0.049219
1 0.444531 0.275781 0.025781 0.049219
1 0.449219 0.225781 0.037500 0.052344
1 0.419531 0.228125 0.025781 0.050000
1 0.393750 0.230469 0.025781 0.050000
1 0.369531 0.230469 0.024219 0.049219
1 0.395313 0.277344 0.024219 0.049219
1 0.371875 0.278906 0.024219 0.046875
1 0.349219 0.278906 0.023438 0.047656
1 0.307812 0.264844 0.044531 0.049219
1 0.275781 0.264062 0.023438 0.044531
1 0.255469 0.265625 0.023438 0.043750
1 0.235937 0.266406 0.022656 0.043750
1 0.216406 0.267969 0.022656 0.042188
1 0.197656 0.268750 0.021094 0.041406
1 0.178906 0.269531 0.021094 0.041406
1 0.314063 0.396094 0.042188 0.044531
1 0.291406 0.394531 0.038281 0.043750
1 0.263281 0.394531 0.022656 0.040625
1 0.272656 0.353906 0.044531 0.041406
1 0.244531 0.394531 0.021094 0.039062
1 0.225781 0.393750 0.021094 0.038281
1 0.207813 0.392969 0.020313 0.037500
1 0.189844 0.391406 0.020313 0.040625
1 0.240625 0.353906 0.022656 0.041406
1 0.222656 0.353906 0.021094 0.041406
1 0.203906 0.353906 0.021094 0.039062
2 0.501563 0.487500 0.015625 0.015625
2 0.750781 0.377344 0.046094 0.011719
2 0.714063 0.377344 0.041406 0.011719
2 0.571875 0.376563 0.026562 0.010937
2 0.599219 0.376563 0.030469 0.010937
2 0.634375 0.377344 0.034375 0.010937
2 0.632812 0.499219 0.032813 0.020313
2 0.538281 0.490625 0.025781 0.017969
2 0.403906 0.478906 0.032813 0.015625
2 0.476562 0.375781 0.027344 0.010937
2 0.498437 0.375781 0.024219 0.010937
2 0.558594 0.493750 0.002344 0.017188
2 0.672656 0.502344 0.035156 0.020313
2 0.706250 0.505469 0.035937 0.020313
2 0.739844 0.509375 0.039062 0.021094
1 0.623437 0.412500 0.012500 0.015625
1 0.594531 0.410938 0.011719 0.015625
1 0.452344 0.368750 0.014844 0.020313
1 0.439063 0.368750 0.010937 0.020313
1 0.428125 0.368750 0.011719 0.017969
1 0.431250 0.348438 0.015625 0.020313
1 0.417969 0.368750 0.010937 0.017969
1 0.407813 0.367969 0.010937 0.019531
1 0.397656 0.367969 0.010937 0.019531
1 0.387500 0.367188 0.010937 0.020313
1 0.417187 0.348438 0.010937 0.020313
1 0.407813 0.348438 0.010937 0.020313
1 0.396875 0.348438 0.010937 0.017969
1 0.548438 0.321094 0.011719 0.005469
1 0.535937 0.321094 0.011719 0.005469
1 0.525781 0.289062 0.012500 0.017969
1 0.487500 0.321875 0.011719 0.005469
1 0.477344 0.321875 0.011719 0.005469
2 0.875000 0.540625 0.041406 0.020313
