2 0.417187 0.744531 0.103125 0.059375
2 0.563281 0.342187 0.085938 0.065625
2 0.671094 0.300781 0.130469 0.082031
2 0.850781 0.228906 0.200000 0.115625
2 0.256250 0.698438 0.072656 0.030469
2 0.349219 0.428906 0.062500 0.038281
2 0.393750 0.411719 0.076563 0.044531
2 0.592969 0.800781 0.135156 0.102344
1 0.334375 0.592187 0.020313 0.012500
1 0.309375 0.592969 0.012500 0.014063
1 0.317188 0.582812 0.023438 0.003906
1 0.290625 0.594531 0.023438 0.011719
1 0.300000 0.592969 0.006250 0.011719
2 0.799219 0.862500 0.202344 0.158594
2 0.480469 0.582031 0.108594 0.032031
1 0.660937 0.464062 0.064062 0.100000
1 0.664062 0.548438 0.064844 0.092188
1 0.610156 0.553125 0.047656 0.085156
1 0.566406 0.555469 0.041406 0.079687
1 0.607812 0.471094 0.046875 0.088281
1 0.510156 0.209375 0.053906 0.096094
1 0.467969 0.212500 0.027344 0.061719
1 0.417969 0.248438 0.023438 0.053906
1 0.442188 0.232031 0.024219 0.057813
1 0.453906 0.184375 0.046875 0.069531
1 0.419531 0.203906 0.023438 0.064844
1 0.397656 0.221094 0.021094 0.062500
1 0.378125 0.236719 0.020313 0.060937
1 0.396875 0.264062 0.021094 0.050781
1 0.376563 0.278906 0.019531 0.049219
1 0.359375 0.290625 0.017969 0.046094
1 0.332813 0.300781 0.035156 0.040625
1 0.307812 0.311719 0.014063 0.040625
1 0.295312 0.321094 0.014063 0.038281
1 0.282813 0.330469 0.012500 0.037500
1 0.271094 0.339062 0.012500 0.035156
1 0.260156 0.347656 0.011719 0.032813
1 0.250000 0.355469 0.010937 0.032031
1 0.324219 0.434375 0.032813 0.043750
1 0.300781 0.440625 0.014844 0.043750
1 0.287500 0.446094 0.014063 0.041406
1 0.302344 0.407813 0.038281 0.046094
1 0.275781 0.451562 0.012500 0.039062
1 0.264062 0.457031 0.012500 0.037500
1 0.252344 0.461719 0.011719 0.035937
1 0.242969 0.465625 0.011719 0.035937
1 0.277344 0.414062 0.014063 0.043750
1 0.265625 0.420312 0.012500 0.042188
1 0.254688 0.426563 0.011719 0.040625
2 0.607812 0.665625 0.042188 0.017188
2 0.985156 0.468750 0.029687 0.024219
2 0.930469 0.475781 0.082031 0.028906
2 0.697656 0.507031 0.009375 0.011719
2 0.726562 0.503906 0.049219 0.015625
2 0.781250 0.496094 0.056250 0.017969
2 0.800781 0.682813 0.060937 0.024219
2 0.643750 0.668750 0.042188 0.017969
2 0.488281 0.655469 0.035937 0.012500
2 0.697656 0.673438 0.047656 0.019531
1 0.950000 0.576562 0.053125 0.029687
2 0.880469 0.690625 0.077344 0.027344
2 0.953906 0.696875 0.085156 0.029687
1 0.794531 0.580469 0.025781 0.024219
1 0.771875 0.580469 0.022656 0.023438
1 0.750000 0.582031 0.021094 0.023438
1 0.771094 0.553125 0.023438 0.032031
1 0.722656 0.557031 0.021094 0.030469
1 0.724219 0.582812 0.021094 0.021094
1 0.705469 0.582812 0.017188 0.021094
1 0.703906 0.557813 0.017188 0.029687
1 0.536719 0.521875 0.011719 0.022656
1 0.525781 0.522656 0.010937 0.022656
1 0.524219 0.502344 0.006250 0.019531
1 0.503906 0.525781 0.009375 0.020313
1 0.493750 0.527344 0.010937 0.020313
1 0.483594 0.528906 0.009375 0.020313
1 0.474219 0.530469 0.008594 0.020313
1 0.503125 0.505469 0.008594 0.021094
1 0.493750 0.507812 0.010937 0.021094
1 0.484375 0.509375 0.009375 0.020313
1 0.537500 0.453906 0.010937 0.022656
1 0.525781 0.456250 0.010937 0.021094
1 0.503906 0.460938 0.008594 0.020313
1 0.494531 0.464062 0.009375 0.020313
1 0.484375 0.466406 0.009375 0.020313
1 0.475000 0.467969 0.009375 0.019531
1 0.620313 0.421094 0.019531 0.020313
1 0.603125 0.424219 0.012500 0.019531
1 0.589063 0.429688 0.012500 0.021094
1 0.576562 0.432812 0.012500 0.020313
1 0.577344 0.452344 0.012500 0.024219
1 0.564063 0.455469 0.011719 0.023438
