2 0.410938 0.684375 0.072656 0.074219
2 0.763281 0.400000 0.060937 0.016406
2 0.727344 0.400781 0.068750 0.016406
2 0.537500 0.411719 0.068750 0.023438
2 0.585156 0.409375 0.069531 0.021094
2 0.635156 0.408594 0.065625 0.020313
2 0.057031 0.786719 0.113281 0.110937
2 0.311719 0.421094 0.077344 0.033594
2 0.385156 0.418750 0.067969 0.029687
2 0.543750 0.647656 0.071094 0.060156
1 0.753125 0.494531 0.039062 0.036719
1 0.242969 0.589063 0.024219 0.028906
1 0.214062 0.599219 0.027344 0.031250
1 0.192188 0.590625 0.028125 0.043750
1 0.124219 0.611719 0.036719 0.033594
1 0.164062 0.599219 0.030469 0.031250
2 0.682031 0.608594 0.066406 0.038281
2 0.607812 0.632812 0.068750 0.043750
2 0.727344 0.600781 0.043750 0.030469
2 0.758594 0.591406 0.042969 0.028125
2 0.477344 0.556250 0.067969 0.053125
1 0.726562 0.500781 0.016406 0.039844
1 0.701562 0.502344 0.035937 0.041406
1 0.685156 0.503906 0.038281 0.045312
1 0.702344 0.467187 0.039844 0.041406
1 0.577344 0.482031 0.036719 0.050000
1 0.584375 0.527344 0.020313 0.043750
1 0.564063 0.530469 0.021094 0.044531
1 0.536719 0.528906 0.032031 0.056250
1 0.556250 0.484375 0.037500 0.050781
1 0.497656 0.266406 0.025781 0.053125
1 0.470313 0.262500 0.027344 0.054688
1 0.411719 0.256250 0.032031 0.058594
1 0.442188 0.259375 0.029687 0.056250
1 0.441406 0.205469 0.030469 0.060156
1 0.410156 0.199219 0.032813 0.061719
1 0.377344 0.194531 0.035156 0.064844
1 0.342969 0.188281 0.037500 0.066406
1 0.378906 0.252344 0.034375 0.060156
1 0.345313 0.248438 0.036719 0.060937
1 0.308594 0.243750 0.039844 0.064844
1 0.216406 0.205469 0.058594 0.073438
1 0.164062 0.197656 0.053906 0.075000
1 0.113281 0.190625 0.058594 0.078125
1 0.059375 0.183594 0.063281 0.081250
1 0.017969 0.178125 0.035156 0.079687
1 0.226562 0.406250 0.055469 0.064062
1 0.178125 0.407031 0.050781 0.065625
1 0.130469 0.408594 0.054688 0.066406
1 0.134375 0.339062 0.076563 0.069531
1 0.079687 0.409375 0.059375 0.069531
1 0.028906 0.410938 0.057813 0.071875
1 0.071875 0.338281 0.060937 0.071875
1 0.025000 0.336719 0.049219 0.075000
2 0.373437 0.520312 0.032813 0.020313
2 0.575781 0.389844 0.025000 0.007031
2 0.550000 0.390625 0.032031 0.008594
2 0.213281 0.475781 0.050000 0.018750
2 0.337500 0.466406 0.035156 0.016406
2 0.372656 0.463281 0.033594 0.015625
2 0.405469 0.460938 0.028906 0.016406
2 0.437500 0.393750 0.025781 0.010156
2 0.461719 0.393750 0.032031 0.009375
2 0.491406 0.392969 0.032031 0.008594
2 0.494531 0.504687 0.032031 0.016406
2 0.404687 0.516406 0.032813 0.019531
2 0.220312 0.540625 0.048438 0.025000
2 0.329688 0.396094 0.030469 0.010156
2 0.360156 0.395313 0.028906 0.010937
2 0.442969 0.511719 0.031250 0.018750
1 0.552344 0.445312 0.017969 0.016406
1 0.257031 0.467969 0.013281 0.020313
2 0.524219 0.498437 0.025781 0.006250
2 0.525781 0.451562 0.032031 0.009375
1 0.493750 0.450000 0.002344 0.016406
1 0.486719 0.450781 0.010156 0.017969
1 0.474219 0.451562 0.014844 0.017969
1 0.460938 0.453125 0.010937 0.018750
1 0.450000 0.453906 0.010937 0.018750
1 0.435937 0.454688 0.014844 0.018750
1 0.295312 0.389062 0.017969 0.024219
1 0.282813 0.389062 0.007031 0.024219
1 0.256250 0.389062 0.008594 0.025000
1 0.254688 0.363281 0.008594 0.025000
1 0.242188 0.362500 0.017969 0.023438
1 0.225000 0.361719 0.019531 0.023438
1 0.207031 0.361719 0.019531 0.023438
1 0.292187 0.315625 0.017969 0.019531
1 0.280469 0.314063 0.006250 0.019531
1 0.252344 0.309375 0.007031 0.025781
1 0.239844 0.308594 0.018750 0.026562
1 0.222656 0.307031 0.019531 0.028125
1 0.203906 0.306250 0.020313 0.028125
1 0.185156 0.305469 0.020313 0.028125
1 0.412500 0.328125 0.013281 0.021875
1 0.399219 0.327344 0.013281 0.023438
1 0.371875 0.325781 0.014063 0.024219
1 0.385156 0.326562 0.013281 0.023438
1 0.357031 0.325781 0.014844 0.023438
1 0.342969 0.325000 0.014844 0.024219
1 0.328125 0.323437 0.015625 0.025000
2 0.994531 0.714063 0.009375 0.060937
2 0.650781 0.493750 0.032031 0.015625
