2 0.377344 0.797656 0.087500 0.093750
2 0.657031 0.485938 0.040625 0.013281
2 0.632812 0.487500 0.049219 0.014063
2 0.299219 0.699219 0.103125 0.084375
2 0.378125 0.667188 0.089063 0.065625
2 0.443750 0.646094 0.075781 0.055469
2 0.494531 0.501563 0.066406 0.023438
2 0.531250 0.498437 0.063281 0.020313
2 0.570312 0.496094 0.053906 0.017969
2 0.574219 0.686719 0.058594 0.046094
2 0.437500 0.762500 0.078906 0.076563
2 0.287500 0.519531 0.089844 0.039844
2 0.357031 0.514062 0.085938 0.033594
2 0.501563 0.728906 0.069531 0.063281
1 0.639844 0.568750 0.025000 0.033594
1 0.058594 0.756250 0.117188 0.125000
2 0.608594 0.671094 0.053906 0.031250
2 0.641406 0.657031 0.030469 0.028906
2 0.661719 0.644531 0.028906 0.025000
2 0.611719 0.588281 0.042969 0.021094
1 0.583594 0.588281 0.011719 0.040625
1 0.560937 0.592969 0.032031 0.041406
1 0.553906 0.596094 0.018750 0.046094
1 0.560937 0.557031 0.033594 0.041406
1 0.527344 0.564844 0.033594 0.046094
1 0.536719 0.605469 0.014844 0.042969
1 0.520312 0.610938 0.016406 0.044531
1 0.493750 0.612500 0.036719 0.054688
1 0.510938 0.568750 0.036719 0.048438
1 0.178906 0.507031 0.053906 0.075000
1 0.121094 0.510938 0.064844 0.080469
1 0.053125 0.515625 0.074219 0.085938
1 0.055469 0.428906 0.085156 0.085938
1 0.009375 0.516406 0.018750 0.086719
1 0.007812 0.428906 0.015625 0.086719
1 0.177344 0.282813 0.055469 0.082031
1 0.118750 0.269531 0.065625 0.090625
1 0.050000 0.253125 0.075781 0.099219
1 0.007031 0.244531 0.014063 0.089063
1 0.464844 0.368750 0.021875 0.048438
1 0.442188 0.364063 0.024219 0.051562
1 0.389844 0.353906 0.028906 0.056250
1 0.417187 0.359375 0.025781 0.053906
1 0.416406 0.309375 0.025781 0.057031
1 0.389062 0.301563 0.028906 0.060156
1 0.358594 0.292969 0.032031 0.064844
1 0.319531 0.282813 0.046875 0.069531
1 0.359375 0.348438 0.032031 0.059375
1 0.325781 0.341406 0.035156 0.063281
1 0.283594 0.334375 0.047656 0.068750
2 0.791406 0.633594 0.054688 0.032031
