2 0.162500 0.790625 0.052344 0.075781
2 0.075781 0.711719 0.132031 0.119531
2 0.058594 0.790625 0.117188 0.153125
2 0.027344 0.921094 0.054688 0.156250
2 0.193750 0.624219 0.019531 0.041406
2 0.136719 0.541406 0.054688 0.036719
2 0.116406 0.582031 0.082031 0.069531
2 0.151562 0.956250 0.034375 0.085156
1 0.164844 0.617969 0.017188 0.016406
1 0.160938 0.610938 0.021094 0.020313
1 0.172656 0.594531 0.019531 0.019531
1 0.171094 0.583594 0.018750 0.016406
1 0.176563 0.587500 0.018750 0.014063
2 0.136719 0.764062 0.056250 0.082031
1 0.092188 0.880469 0.046094 0.123438
1 0.090625 0.935937 0.071094 0.126562
1 0.124219 0.874219 0.017969 0.089063
1 0.128906 0.833594 0.021875 0.081250
1 0.111719 0.824219 0.024219 0.089063
1 0.048438 0.503906 0.086719 0.085938
1 0.064844 0.478906 0.085938 0.061719
1 0.114062 0.457031 0.014844 0.054688
1 0.107031 0.467969 0.016406 0.058594
1 0.064844 0.422656 0.082031 0.069531
1 0.076563 0.409375 0.074219 0.055469
1 0.085156 0.402344 0.068750 0.053125
1 0.092969 0.396094 0.064844 0.049219
1 0.121094 0.448437 0.013281 0.051562
1 0.126562 0.439063 0.012500 0.048438
1 0.131250 0.430469 0.012500 0.046094
1 0.131250 0.401562 0.020313 0.042969
1 0.134375 0.394531 0.028906 0.036719
1 0.135156 0.390625 0.032031 0.038281
1 0.136719 0.385937 0.035937 0.035156
1 0.136719 0.382031 0.041406 0.034375
1 0.140625 0.378906 0.039844 0.033594
1 0.142969 0.375000 0.038281 0.031250
1 0.137500 0.509375 0.039844 0.045312
1 0.149219 0.496875 0.030469 0.035156
1 0.164062 0.489844 0.005469 0.036719
1 0.150000 0.460938 0.025781 0.041406
1 0.166406 0.481250 0.006250 0.035156
1 0.168750 0.475000 0.006250 0.033594
1 0.171094 0.467969 0.006250 0.033594
1 0.172656 0.460938 0.006250 0.031250
1 0.150781 0.451562 0.028906 0.035937
1 0.151562 0.444531 0.031250 0.034375
1 0.161719 0.439844 0.014844 0.033594
2 0.504687 0.610938 0.042969 0.046094
2 0.925781 0.767969 0.147656 0.176563
2 0.814063 0.681250 0.127344 0.125000
2 0.435937 0.481250 0.028906 0.025000
2 0.481250 0.528906 0.041406 0.035937
2 0.503906 0.547656 0.044531 0.039844
2 0.525781 0.573438 0.050781 0.044531
2 0.564063 0.507812 0.059375 0.043750
2 0.596875 0.530469 0.066406 0.053906
2 0.640625 0.565625 0.072656 0.064062
2 0.632031 0.771875 0.071094 0.094531
2 0.526563 0.638281 0.047656 0.053906
2 0.439844 0.531250 0.031250 0.028906
2 0.479687 0.453125 0.044531 0.028906
2 0.496094 0.464844 0.047656 0.031250
2 0.559375 0.682031 0.054688 0.065625
1 0.798438 0.826562 0.076563 0.114844
1 0.450781 0.491406 0.016406 0.030469
2 0.696875 0.855469 0.087500 0.121094
2 0.765625 0.928906 0.105469 0.139844
2 0.817969 0.973437 0.037500 0.050781
2 0.714844 0.763281 0.092969 0.089844
1 0.640625 0.671094 0.038281 0.070312
1 0.623437 0.659375 0.039062 0.050781
1 0.596875 0.636719 0.018750 0.060156
1 0.625000 0.619531 0.039844 0.060156
1 0.585938 0.585938 0.035156 0.051562
1 0.585156 0.622656 0.034375 0.045312
1 0.561719 0.608594 0.014063 0.043750
1 0.549219 0.592187 0.013281 0.046875
1 0.569531 0.573438 0.027344 0.049219
1 0.465625 0.432031 0.023438 0.028125
1 0.458594 0.428906 0.022656 0.030469
1 0.444531 0.427344 0.006250 0.025000
1 0.452344 0.403125 0.022656 0.028125
1 0.439063 0.423438 0.005469 0.024219
1 0.433594 0.419531 0.005469 0.024219
1 0.428906 0.416406 0.004687 0.023438
1 0.424219 0.411719 0.004687 0.024219
1 0.446094 0.399219 0.019531 0.026562
1 0.440625 0.396875 0.019531 0.026562
1 0.435156 0.393750 0.018750 0.025781
1 0.464844 0.359375 0.024219 0.028906
1 0.456250 0.357031 0.019531 0.028125
1 0.448437 0.355469 0.014844 0.026562
1 0.444531 0.353906 0.019531 0.025781
1 0.439844 0.351562 0.021094 0.025000
1 0.434375 0.349219 0.019531 0.025000
1 0.428906 0.348438 0.017969 0.024219
1 0.539844 0.399219 0.032031 0.040625
1 0.528125 0.394531 0.029687 0.039062
1 0.498437 0.388281 0.008594 0.032031
1 0.507812 0.392969 0.010156 0.033594
1 0.517969 0.360156 0.028906 0.035156
1 0.507031 0.357031 0.027344 0.033594
1 0.498437 0.354687 0.027344 0.033594
1 0.489063 0.352344 0.025000 0.032031
1 0.489063 0.384375 0.008594 0.030469
1 0.481250 0.381250 0.007812 0.029687
1 0.472656 0.377344 0.007031 0.030469
