2 0.441406 0.760156 0.071094 0.044531
2 0.975781 0.486719 0.047656 0.034375
2 0.907813 0.490625 0.139063 0.038281
2 0.257031 0.640625 0.063281 0.019531
2 0.389062 0.646875 0.071094 0.024219
2 0.442188 0.649219 0.069531 0.025781
2 0.494531 0.653125 0.059375 0.028906
2 0.560156 0.514062 0.053906 0.021875
2 0.621094 0.510938 0.068750 0.023438
2 0.700781 0.506250 0.083594 0.024219
2 0.723437 0.803125 0.094531 0.064062
2 0.492969 0.767969 0.064844 0.046875
2 0.257812 0.732812 0.070312 0.032031
2 0.380469 0.524219 0.053125 0.019531
2 0.427344 0.521875 0.064844 0.021094
2 0.572656 0.781250 0.069531 0.053906
1 0.931250 0.657813 0.083594 0.067969
1 0.305469 0.632031 0.039844 0.039844
2 0.833594 0.819531 0.125000 0.071875
2 0.939063 0.838281 0.121094 0.070312
2 0.989062 0.825000 0.020313 0.024219
2 0.824219 0.668750 0.116406 0.034375
1 0.718750 0.647656 0.035937 0.056250
1 0.684375 0.646875 0.035937 0.054688
1 0.653906 0.645312 0.033594 0.053906
1 0.682813 0.596094 0.036719 0.050781
1 0.614062 0.596094 0.028906 0.048438
1 0.615625 0.645312 0.028906 0.050000
1 0.587500 0.643750 0.027344 0.049219
1 0.560937 0.641406 0.026562 0.050000
1 0.586719 0.596094 0.027344 0.046875
1 0.348438 0.517969 0.036719 0.036719
1 0.321875 0.518750 0.017969 0.036719
1 0.304688 0.519531 0.017969 0.035156
1 0.315625 0.484375 0.036719 0.035937
1 0.288281 0.521094 0.017188 0.034375
1 0.272656 0.521875 0.016406 0.034375
1 0.257031 0.523438 0.016406 0.033594
1 0.242188 0.524219 0.015625 0.033594
1 0.289844 0.485938 0.017188 0.035156
1 0.274219 0.488281 0.016406 0.035156
1 0.258594 0.489063 0.015625 0.034375
1 0.353125 0.408594 0.035156 0.041406
1 0.326562 0.408594 0.017969 0.034375
1 0.310156 0.410938 0.017188 0.033594
1 0.293750 0.414062 0.016406 0.033594
1 0.278125 0.417187 0.016406 0.032031
1 0.263281 0.419531 0.015625 0.031250
1 0.248438 0.421875 0.014844 0.031250
1 0.516406 0.392969 0.030469 0.041406
1 0.489063 0.396875 0.022656 0.039844
1 0.445312 0.403906 0.020313 0.039062
1 0.467187 0.400781 0.021094 0.039844
1 0.471875 0.362500 0.032031 0.041406
1 0.446094 0.366406 0.021094 0.040625
1 0.425781 0.371094 0.019531 0.039844
1 0.406250 0.374219 0.019531 0.039844
1 0.425000 0.407031 0.020313 0.036719
1 0.405469 0.410156 0.019531 0.036719
1 0.385937 0.413281 0.019531 0.036719
