3 0.325781 0.535937 0.035156 0.105469
2 0.121094 0.648438 0.082812 0.041406
2 0.197656 0.528906 0.044531 0.011719
2 0.139844 0.539844 0.067187 0.015625
2 0.121094 0.546094 0.077344 0.021094
2 0.107813 0.553906 0.052344 0.025781
2 0.077344 0.407813 0.067187 0.034375
2 0.034375 0.389062 0.067969 0.046094
2 0.198437 0.595313 0.046094 0.020313
2 0.173437 0.439063 0.014844 0.017188
2 0.136719 0.432812 0.058594 0.022656
2 0.051562 0.707031 0.082031 0.060937
1 0.021094 0.496875 0.042188 0.061719
1 0.021094 0.559375 0.041406 0.065625
1 0.052344 0.553906 0.021094 0.058594
1 0.072656 0.549219 0.017188 0.053906
1 0.052344 0.497656 0.021094 0.056250
1 0.076563 0.275781 0.065625 0.059375
1 0.117188 0.292969 0.012500 0.047656
1 0.139844 0.314844 0.009375 0.040625
1 0.128906 0.305469 0.010937 0.043750
1 0.106250 0.262500 0.055469 0.061719
1 0.139844 0.280469 0.009375 0.047656
1 0.149219 0.290625 0.009375 0.044531
1 0.158594 0.300000 0.008594 0.042188
1 0.150000 0.324219 0.008594 0.038281
1 0.158594 0.332813 0.008594 0.035156
1 0.166406 0.339062 0.007812 0.034375
1 0.175781 0.340625 0.019531 0.032813
1 0.189062 0.348438 0.005469 0.028906
1 0.194531 0.353906 0.005469 0.027344
1 0.200000 0.359375 0.003906 0.026562
1 0.205469 0.364063 0.003906 0.024219
1 0.209375 0.369531 0.003125 0.023438
1 0.213281 0.374219 0.003125 0.022656
1 0.168750 0.434375 0.037500 0.032031
1 0.189844 0.437500 0.005469 0.028906
1 0.195312 0.439844 0.005469 0.026562
1 0.181250 0.412500 0.032813 0.030469
1 0.200000 0.441406 0.003906 0.025781
1 0.205469 0.444531 0.003906 0.024219
1 0.209375 0.445312 0.003906 0.024219
1 0.214062 0.447656 0.003906 0.024219
1 0.200000 0.416406 0.003906 0.028906
1 0.205469 0.419531 0.003906 0.026562
1 0.209375 0.421094 0.003906 0.025781
2 0.011719 0.750781 0.023438 0.044531
2 0.489063 0.603906 0.041406 0.023438
2 0.814063 0.321094 0.156250 0.093750
2 0.705469 0.364063 0.107813 0.061719
2 0.509375 0.435937 0.021094 0.019531
2 0.539062 0.428906 0.038281 0.023438
2 0.580469 0.417187 0.067187 0.028906
2 0.447656 0.574219 0.028906 0.014844
2 0.462500 0.453125 0.023438 0.012500
2 0.478125 0.449219 0.037500 0.014063
2 0.521094 0.632812 0.044531 0.034375
1 0.805469 0.587500 0.114844 0.100781
1 0.460156 0.527344 0.003125 0.005469
1 0.454688 0.524219 0.007812 0.006250
2 0.630469 0.719531 0.079687 0.071094
2 0.562500 0.662500 0.067969 0.041406
2 0.705469 0.774219 0.122656 0.100781
2 0.824219 0.859375 0.194531 0.169531
2 0.492188 0.535937 0.032813 0.017188
1 0.700000 0.564844 0.067969 0.074219
1 0.652344 0.559375 0.026562 0.065625
1 0.627344 0.553906 0.021094 0.061719
1 0.670312 0.496875 0.061719 0.064062
1 0.543750 0.496875 0.035937 0.038281
1 0.544531 0.535156 0.035937 0.038281
1 0.521094 0.533594 0.008594 0.037500
1 0.512500 0.531250 0.008594 0.035156
1 0.521094 0.496875 0.008594 0.035937
1 0.510156 0.346875 0.028906 0.032031
1 0.491406 0.353125 0.006250 0.029687
1 0.480469 0.364063 0.005469 0.027344
1 0.485938 0.359375 0.005469 0.028906
1 0.496094 0.332031 0.026562 0.034375
1 0.480469 0.338281 0.005469 0.032031
1 0.474219 0.344531 0.003906 0.029687
1 0.469531 0.350000 0.003906 0.029687
1 0.474219 0.369531 0.003906 0.026562
1 0.469531 0.373437 0.003906 0.025781
1 0.464844 0.377344 0.003906 0.023438
1 0.460156 0.377344 0.011719 0.022656
1 0.451562 0.380469 0.003125 0.021094
1 0.448437 0.384375 0.003125 0.020313
1 0.445312 0.387500 0.003125 0.019531
1 0.442188 0.390625 0.003125 0.017969
1 0.439063 0.393750 0.002344 0.019531
1 0.437500 0.396094 0.002344 0.017188
1 0.464062 0.449219 0.021094 0.023438
1 0.451562 0.450781 0.003125 0.021094
1 0.448437 0.451562 0.003125 0.020313
1 0.456250 0.430469 0.019531 0.022656
1 0.444531 0.453125 0.002344 0.019531
1 0.441406 0.453906 0.002344 0.019531
1 0.439063 0.455469 0.003125 0.019531
1 0.435937 0.456250 0.002344 0.019531
1 0.445312 0.432812 0.003125 0.022656
1 0.441406 0.434375 0.002344 0.020313
1 0.439063 0.436719 0.003125 0.020313
2 0.985156 0.424219 0.029687 0.023438
2 0.607031 0.517188 0.024219 0.007812
2 0.705469 0.523438 0.009375 0.006250
2 0.721094 0.525781 0.037500 0.011719
2 0.746094 0.452344 0.030469 0.012500
2 0.782813 0.449219 0.044531 0.014844
2 0.835938 0.442969 0.059375 0.017969
2 0.867969 0.617969 0.019531 0.017188
2 0.737500 0.584375 0.003906 0.005469
2 0.605469 0.560156 0.020313 0.009375
2 0.656250 0.462500 0.025781 0.009375
2 0.681250 0.459375 0.039062 0.010937
2 0.744531 0.592187 0.017969 0.011719
1 0.985156 0.537500 0.029687 0.040625
1 0.622656 0.514062 0.008594 0.017969
2 0.910156 0.631250 0.069531 0.026562
2 0.971094 0.652344 0.057813 0.029687
2 0.912500 0.544531 0.064062 0.017969
1 0.846094 0.527344 0.034375 0.032031
1 0.817969 0.526563 0.019531 0.029687
1 0.799219 0.524219 0.017969 0.027344
1 0.825000 0.496875 0.032813 0.029687
1 0.782813 0.497656 0.029687 0.026562
1 0.782813 0.524219 0.029687 0.026562
1 0.760938 0.523438 0.014063 0.025781
1 0.746094 0.521875 0.014063 0.024219
1 0.760938 0.496094 0.014063 0.026562
1 0.645312 0.458594 0.017969 0.019531
1 0.624219 0.460156 0.005469 0.015625
1 0.629687 0.446094 0.017188 0.012500
1 0.617188 0.460938 0.006250 0.015625
1 0.610938 0.462500 0.006250 0.015625
1 0.603906 0.463281 0.006250 0.015625
1 0.598437 0.463281 0.005469 0.015625
1 0.617188 0.447656 0.006250 0.010937
1 0.610938 0.448437 0.006250 0.009375
1 0.603906 0.449219 0.006250 0.009375
1 0.645312 0.399219 0.017969 0.012500
1 0.624219 0.403125 0.005469 0.012500
1 0.617969 0.405469 0.006250 0.012500
1 0.610938 0.403906 0.005469 0.003906
1 0.604688 0.409375 0.005469 0.011719
2 0.203906 0.892188 0.243750 0.214062
