2 0.475000 0.763281 0.067969 0.034375
2 0.957031 0.405469 0.085156 0.060937
2 0.343750 0.656250 0.039844 0.010937
2 0.428125 0.655469 0.050781 0.016406
2 0.469531 0.655469 0.055469 0.017969
2 0.517969 0.655469 0.071094 0.019531
2 0.567187 0.509375 0.050781 0.031250
2 0.631250 0.494531 0.077344 0.035937
2 0.714063 0.473438 0.089844 0.042969
2 0.752344 0.825781 0.110156 0.071875
2 0.519531 0.772656 0.074219 0.039844
2 0.346875 0.735938 0.051562 0.021094
2 0.424219 0.545312 0.042969 0.021875
2 0.461719 0.537500 0.060937 0.025000
2 0.589844 0.789062 0.085156 0.049219
1 0.998437 0.605469 0.002344 0.035937
1 0.376563 0.646094 0.028906 0.031250
2 0.916406 0.860938 0.166406 0.098437
2 0.990625 0.853906 0.017188 0.031250
2 0.896094 0.653906 0.150000 0.029687
1 0.741406 0.634375 0.047656 0.064062
1 0.700781 0.635938 0.041406 0.060156
1 0.665625 0.636719 0.035937 0.057031
1 0.700000 0.577344 0.044531 0.060156
1 0.627344 0.586719 0.041406 0.054688
1 0.629687 0.638281 0.041406 0.053906
1 0.596094 0.639062 0.027344 0.050781
1 0.571094 0.640625 0.025000 0.049219
1 0.594531 0.589063 0.026562 0.050781
1 0.404687 0.544531 0.027344 0.032031
1 0.385937 0.548438 0.011719 0.031250
1 0.375000 0.550781 0.010937 0.029687
1 0.385156 0.521875 0.030469 0.031250
1 0.364844 0.553906 0.010156 0.028906
1 0.354687 0.556250 0.010156 0.028125
1 0.345313 0.559375 0.010156 0.028125
1 0.336719 0.561719 0.009375 0.026562
1 0.365625 0.525781 0.010937 0.031250
1 0.356250 0.528906 0.010156 0.030469
1 0.346875 0.532031 0.010156 0.029687
1 0.409375 0.450781 0.028125 0.031250
1 0.389844 0.455469 0.011719 0.029687
1 0.379688 0.460938 0.010937 0.028906
1 0.369531 0.465625 0.010156 0.028125
1 0.359375 0.471094 0.010156 0.026562
1 0.350781 0.475781 0.009375 0.026562
1 0.342187 0.479687 0.009375 0.025781
1 0.533594 0.410156 0.035156 0.051562
1 0.507031 0.412500 0.017969 0.039844
1 0.472656 0.428906 0.015625 0.036719
1 0.489063 0.421094 0.016406 0.038281
1 0.497656 0.388281 0.033594 0.042969
1 0.473438 0.396094 0.014844 0.040625
1 0.457813 0.404687 0.014844 0.039062
1 0.443750 0.412500 0.013281 0.038281
1 0.457813 0.435937 0.014844 0.035156
1 0.442969 0.442969 0.013281 0.033594
1 0.429688 0.448437 0.013281 0.033594
