2 0.390625 0.631250 0.088281 0.089844
2 0.596094 0.363281 0.110156 0.149219
2 0.712500 0.371094 0.148438 0.138281
2 0.851562 0.391406 0.179688 0.117969
2 0.093750 0.588281 0.117188 0.080469
2 0.209375 0.344531 0.157031 0.136719
2 0.304688 0.353125 0.144531 0.140625
2 0.574219 0.660156 0.085938 0.103906
1 0.212500 0.477344 0.027344 0.038281
1 0.171875 0.490625 0.030469 0.046875
1 0.161719 0.465625 0.032031 0.053125
1 0.109375 0.474219 0.040625 0.043750
1 0.143750 0.464062 0.037500 0.042969
2 0.853125 0.697656 0.128906 0.114062
2 0.688281 0.675781 0.103125 0.108594
2 0.951562 0.731250 0.096094 0.075000
2 0.997656 0.715625 0.003906 0.010937
2 0.466406 0.540625 0.089844 0.144531
1 0.996094 0.628906 0.007031 0.010156
1 0.971094 0.573438 0.057031 0.118750
1 0.924219 0.563281 0.114062 0.128125
1 0.971094 0.534375 0.056250 0.094531
1 0.668750 0.500000 0.057813 0.089063
1 0.657031 0.566406 0.052344 0.051562
1 0.614844 0.539062 0.049219 0.098437
1 0.573438 0.523438 0.046094 0.118750
1 0.621875 0.494531 0.058594 0.089844
1 0.496094 0.078125 0.073438 0.155469
1 0.428125 0.076563 0.080469 0.153125
1 0.295312 0.079687 0.085938 0.133594
1 0.359375 0.082031 0.080469 0.134375
1 0.359375 0.007812 0.085156 0.015625
1 0.284375 0.007031 0.068750 0.014063
1 0.217969 0.006250 0.067969 0.011719
1 0.153906 0.005469 0.064844 0.010156
1 0.232813 0.076563 0.091406 0.131250
1 0.172656 0.075000 0.096094 0.129688
1 0.113281 0.068750 0.101562 0.136719
1 0.039844 0.041406 0.079687 0.082812
1 0.114844 0.300781 0.122656 0.128906
1 0.057813 0.296875 0.100781 0.128125
1 0.022656 0.318750 0.045312 0.075000
1 0.033594 0.215625 0.067187 0.131250
1 0.002344 0.349219 0.003906 0.007031
2 0.473438 0.225000 0.039844 0.033594
2 0.821875 0.054688 0.067187 0.031250
2 0.771875 0.053125 0.066406 0.031250
2 0.527344 0.155469 0.003125 0.020313
2 0.567187 0.049219 0.032813 0.032031
2 0.607031 0.050781 0.047656 0.030469
2 0.657031 0.053125 0.053125 0.026562
2 0.636719 0.237500 0.044531 0.035937
2 0.508594 0.228125 0.033594 0.033594
2 0.324219 0.215625 0.047656 0.032031
2 0.562500 0.232813 0.033594 0.034375
2 0.686719 0.240625 0.047656 0.035937
2 0.729688 0.244531 0.044531 0.032031
2 0.770312 0.246094 0.047656 0.035937
1 0.637500 0.101562 0.023438 0.019531
1 0.596094 0.100000 0.019531 0.018750
1 0.578125 0.099219 0.019531 0.019531
2 0.923438 0.320312 0.086719 0.059375
