3 0.002344 0.700000 0.004687 0.087500
2 0.427344 0.672656 0.081250 0.060156
2 0.554688 0.391406 0.070312 0.030469
2 0.639062 0.385156 0.099219 0.035156
2 0.759375 0.375781 0.127344 0.039844
2 0.264062 0.618750 0.067969 0.038281
2 0.361719 0.407031 0.074219 0.023438
2 0.406250 0.403125 0.082812 0.025000
2 0.567969 0.721875 0.092188 0.085156
1 0.339062 0.536719 0.021094 0.014063
1 0.320312 0.535937 0.017188 0.015625
1 0.319531 0.528906 0.018750 0.021875
1 0.293750 0.531250 0.020313 0.014063
1 0.306250 0.531250 0.010156 0.013281
2 0.918750 0.836719 0.161719 0.148438
2 0.692187 0.763281 0.107813 0.109375
2 0.482031 0.561719 0.084375 0.045312
1 0.975781 0.603906 0.047656 0.107031
1 0.939844 0.600781 0.105469 0.110156
1 0.975781 0.518750 0.047656 0.093750
1 0.625000 0.500781 0.042969 0.066406
1 0.625000 0.563281 0.042969 0.071875
1 0.586719 0.560937 0.034375 0.064844
1 0.553125 0.553906 0.032031 0.068750
1 0.589844 0.499219 0.039844 0.063281
1 0.506250 0.236719 0.045312 0.075781
1 0.469531 0.236719 0.026562 0.058594
1 0.419531 0.251563 0.022656 0.053906
1 0.443750 0.244531 0.024219 0.055469
1 0.453906 0.193750 0.045312 0.060937
1 0.419531 0.202344 0.022656 0.058594
1 0.396875 0.210938 0.021094 0.056250
1 0.376563 0.218750 0.020313 0.054688
1 0.397656 0.258594 0.021094 0.050781
1 0.376563 0.265625 0.020313 0.049219
1 0.357031 0.270313 0.018750 0.048438
1 0.327344 0.268750 0.040625 0.050781
1 0.300000 0.271094 0.016406 0.041406
1 0.284375 0.275781 0.014844 0.040625
1 0.270313 0.281250 0.014063 0.039844
1 0.256250 0.285156 0.013281 0.039062
1 0.243750 0.289062 0.013281 0.038281
1 0.231250 0.293750 0.012500 0.036719
1 0.330469 0.398438 0.042969 0.042969
1 0.300781 0.400000 0.016406 0.040625
1 0.285938 0.401562 0.014844 0.039844
1 0.298438 0.361719 0.042188 0.041406
1 0.271875 0.403125 0.014063 0.039062
1 0.257812 0.404687 0.013281 0.036719
1 0.245312 0.406250 0.012500 0.035937
1 0.232813 0.407031 0.011719 0.035937
1 0.270313 0.364063 0.014063 0.039844
1 0.257031 0.367188 0.013281 0.039844
1 0.244531 0.368750 0.012500 0.038281
2 0.896094 0.423438 0.048438 0.009375
2 0.823438 0.425781 0.047656 0.008594
2 0.457813 0.493750 0.032813 0.010156
2 0.535937 0.498437 0.033594 0.011719
2 0.559375 0.499219 0.019531 0.011719
2 0.636719 0.431250 0.030469 0.008594
2 0.671875 0.430469 0.039062 0.008594
2 0.716406 0.428906 0.042969 0.008594
2 0.718750 0.577344 0.042969 0.023438
2 0.464844 0.541406 0.019531 0.009375
2 0.531250 0.433594 0.022656 0.006250
2 0.558594 0.433594 0.032813 0.007031
2 0.653125 0.568750 0.013281 0.018750
1 0.830469 0.506250 0.033594 0.031250
1 0.486719 0.490625 0.021094 0.021094
2 0.774219 0.584375 0.050781 0.025781
2 0.820312 0.589844 0.047656 0.025781
2 0.875000 0.600000 0.025781 0.018750
2 0.777344 0.511719 0.052344 0.015625
1 0.721094 0.500781 0.017969 0.028906
1 0.703906 0.500000 0.016406 0.028125
1 0.686719 0.499219 0.016406 0.028125
1 0.704688 0.474219 0.017188 0.025781
1 0.666406 0.473438 0.016406 0.025000
1 0.665625 0.498437 0.016406 0.025781
1 0.652344 0.498437 0.010937 0.024219
1 0.650781 0.473438 0.014844 0.024219
1 0.503906 0.434375 0.005469 0.006250
1 0.495312 0.435156 0.010156 0.005469
1 0.485156 0.435156 0.010156 0.005469
1 0.489063 0.403125 0.017188 0.011719
1 0.475000 0.435156 0.009375 0.005469
1 0.464844 0.435937 0.009375 0.005469
1 0.456250 0.435937 0.008594 0.005469
1 0.446875 0.435937 0.008594 0.005469
1 0.475000 0.403906 0.009375 0.011719
1 0.464844 0.404687 0.009375 0.010937
1 0.455469 0.405469 0.008594 0.010937
1 0.510938 0.362500 0.017188 0.021094
1 0.496094 0.363281 0.010156 0.021094
1 0.485938 0.364844 0.010156 0.020313
1 0.475781 0.366406 0.009375 0.019531
1 0.465625 0.367969 0.009375 0.020313
1 0.456250 0.368750 0.008594 0.020313
1 0.446875 0.369531 0.008594 0.019531
1 0.610156 0.359375 0.013281 0.024219
1 0.596094 0.360938 0.013281 0.024219
1 0.569531 0.364063 0.012500 0.023438
1 0.582812 0.362500 0.012500 0.023438
1 0.585156 0.339844 0.017188 0.024219
1 0.570312 0.341406 0.011719 0.023438
1 0.557813 0.342969 0.011719 0.023438
1 0.545312 0.344531 0.010937 0.023438
1 0.557031 0.365625 0.011719 0.021875
1 0.545312 0.366406 0.010937 0.021875
1 0.529687 0.367969 0.003125 0.021094
