3 0.324219 0.510938 0.035937 0.109375
2 0.121094 0.664844 0.082812 0.057813
2 0.194531 0.509375 0.046875 0.020313
2 0.132812 0.544531 0.073438 0.024219
2 0.110937 0.564063 0.087500 0.034375
2 0.097656 0.589844 0.060937 0.043750
2 0.044531 0.463281 0.088281 0.030469
2 0.019531 0.471875 0.039062 0.032813
2 0.198437 0.574219 0.046094 0.027344
2 0.135156 0.440625 0.070312 0.017969
2 0.111719 0.446094 0.082812 0.021094
2 0.046094 0.767969 0.092188 0.091406
1 0.011719 0.580469 0.023438 0.071094
1 0.014063 0.640625 0.027344 0.077344
1 0.037500 0.623437 0.027344 0.070312
1 0.058594 0.607812 0.025781 0.064844
1 0.022656 0.567187 0.045312 0.068750
1 0.040625 0.307031 0.078906 0.060937
1 0.085938 0.316406 0.019531 0.050000
1 0.114844 0.325781 0.014844 0.043750
1 0.100781 0.321094 0.017188 0.046875
1 0.073438 0.275000 0.065625 0.056250
1 0.111719 0.284375 0.014844 0.047656
1 0.124219 0.290625 0.014063 0.046094
1 0.135156 0.297656 0.012500 0.041406
1 0.126562 0.330469 0.012500 0.041406
1 0.137500 0.334375 0.012500 0.038281
1 0.146875 0.337500 0.010937 0.037500
1 0.155469 0.330469 0.029687 0.034375
1 0.172656 0.334375 0.008594 0.032031
1 0.178906 0.336719 0.008594 0.030469
1 0.185938 0.339844 0.007812 0.028906
1 0.190625 0.341406 0.007812 0.027344
1 0.196875 0.344531 0.006250 0.026562
1 0.200781 0.346094 0.006250 0.026562
1 0.156250 0.428125 0.040625 0.030469
1 0.178906 0.427344 0.008594 0.030469
1 0.185938 0.426563 0.007812 0.027344
1 0.169531 0.398438 0.037500 0.028906
1 0.191406 0.426563 0.006250 0.027344
1 0.196875 0.425000 0.006250 0.026562
1 0.200781 0.424219 0.006250 0.025781
1 0.205469 0.423438 0.005469 0.025781
1 0.189062 0.399219 0.006250 0.027344
1 0.194531 0.398438 0.006250 0.026562
1 0.200000 0.398438 0.006250 0.024219
2 0.011719 0.840625 0.023438 0.055469
2 0.489063 0.591406 0.041406 0.034375
2 0.853906 0.510156 0.194531 0.085938
2 0.737500 0.480469 0.153125 0.055469
2 0.526563 0.442969 0.055469 0.020313
2 0.552344 0.447656 0.064844 0.023438
2 0.584375 0.455469 0.072656 0.028906
2 0.448437 0.539844 0.028906 0.017969
2 0.471094 0.432812 0.041406 0.012500
2 0.482812 0.434375 0.046094 0.014063
2 0.521094 0.642188 0.043750 0.049219
1 0.819531 0.760938 0.124219 0.153125
1 0.462500 0.500000 0.008594 0.008594
1 0.464844 0.492969 0.010937 0.007812
1 0.456250 0.494531 0.010937 0.007812
1 0.462500 0.492969 0.007812 0.005469
2 0.628906 0.794531 0.079687 0.105469
2 0.562500 0.690625 0.069531 0.060937
2 0.709375 0.887500 0.135937 0.153125
2 0.762500 0.950781 0.077344 0.096094
2 0.492188 0.534375 0.032813 0.026562
1 0.707031 0.670312 0.075781 0.103906
1 0.674219 0.651563 0.065625 0.082031
1 0.630469 0.628906 0.025781 0.079687
1 0.677344 0.585938 0.067187 0.085156
1 0.545312 0.514844 0.037500 0.046875
1 0.545312 0.555469 0.037500 0.044531
1 0.521875 0.547656 0.009375 0.041406
1 0.512500 0.539844 0.008594 0.041406
1 0.534375 0.509375 0.035156 0.043750
1 0.510938 0.339844 0.032031 0.035156
1 0.491406 0.342187 0.006250 0.034375
1 0.478906 0.349219 0.005469 0.029687
1 0.484375 0.345313 0.005469 0.030469
1 0.496094 0.314844 0.028906 0.034375
1 0.478906 0.317969 0.005469 0.032031
1 0.474219 0.321875 0.005469 0.030469
1 0.468750 0.325781 0.005469 0.029687
1 0.474219 0.350781 0.005469 0.028906
1 0.468750 0.352344 0.005469 0.027344
1 0.464062 0.354687 0.003906 0.026562
1 0.459375 0.347656 0.012500 0.025781
1 0.450781 0.350000 0.003125 0.023438
1 0.447656 0.351562 0.003125 0.022656
1 0.444531 0.353125 0.003125 0.021094
1 0.440625 0.354687 0.003125 0.020313
1 0.437500 0.355469 0.003125 0.020313
1 0.435156 0.357031 0.002344 0.020313
1 0.464062 0.419531 0.021094 0.014844
1 0.451562 0.422656 0.003125 0.022656
1 0.447656 0.422656 0.003125 0.022656
1 0.455469 0.399219 0.020313 0.022656
1 0.444531 0.422656 0.003125 0.021094
1 0.441406 0.421875 0.002344 0.020313
1 0.438281 0.421094 0.002344 0.020313
1 0.435937 0.419531 0.003125 0.020313
1 0.444531 0.400000 0.003125 0.021094
1 0.440625 0.400000 0.003125 0.021094
1 0.438281 0.400781 0.002344 0.020313
2 0.694531 0.545312 0.041406 0.011719
2 0.993750 0.444531 0.012500 0.020313
2 0.763281 0.432812 0.043750 0.012500
2 0.805469 0.435156 0.062500 0.014844
2 0.853906 0.439063 0.065625 0.015625
2 0.849219 0.615625 0.070312 0.040625
2 0.724219 0.562500 0.040625 0.024219
2 0.613281 0.517188 0.028906 0.014063
2 0.669531 0.426563 0.037500 0.008594
2 0.689844 0.428125 0.041406 0.009375
2 0.761719 0.579688 0.053125 0.029687
2 0.908594 0.644531 0.053125 0.044531
2 0.973437 0.678125 0.014844 0.014063
1 0.653125 0.419531 0.014844 0.017969
1 0.629687 0.418750 0.006250 0.015625
1 0.635938 0.400781 0.019531 0.017969
1 0.622656 0.418750 0.007812 0.015625
1 0.615625 0.418750 0.006250 0.015625
1 0.609375 0.417187 0.006250 0.015625
1 0.603125 0.417187 0.006250 0.015625
1 0.623437 0.400781 0.006250 0.017969
1 0.616406 0.400781 0.007812 0.017969
1 0.610156 0.400781 0.005469 0.017188
1 0.654687 0.359375 0.017969 0.020313
1 0.632812 0.362500 0.007812 0.017969
1 0.625000 0.362500 0.007812 0.019531
1 0.617969 0.364063 0.006250 0.017969
1 0.611719 0.364844 0.006250 0.017188
1 0.605469 0.365625 0.006250 0.017188
1 0.742188 0.357031 0.027344 0.026562
1 0.722656 0.358594 0.012500 0.025781
1 0.698438 0.361719 0.011719 0.023438
1 0.710938 0.360156 0.012500 0.024219
1 0.717187 0.341406 0.025781 0.014844
1 0.699219 0.344531 0.011719 0.012500
1 0.688281 0.346094 0.010937 0.011719
1 0.677344 0.348438 0.010937 0.011719
1 0.687500 0.363281 0.010937 0.022656
1 0.677344 0.364063 0.009375 0.022656
1 0.667188 0.365625 0.009375 0.021094
2 0.271094 0.987500 0.020313 0.022656
