2 0.018750 0.814844 0.036719 0.066406
2 0.013281 0.394531 0.026562 0.060937
2 0.060156 0.723437 0.077344 0.038281
2 0.074219 0.478906 0.014844 0.031250
2 0.042188 0.460938 0.050781 0.043750
1 0.050781 0.632031 0.024219 0.015625
1 0.067187 0.623437 0.027344 0.023438
1 0.083594 0.626563 0.007031 0.011719
2 0.010156 0.651563 0.019531 0.035156
1 0.007812 0.173437 0.015625 0.053906
1 0.032813 0.224219 0.012500 0.059375
1 0.052344 0.271875 0.011719 0.053125
1 0.042969 0.248438 0.013281 0.057031
1 0.027344 0.191406 0.054688 0.104688
1 0.056250 0.228125 0.013281 0.075000
1 0.064844 0.250781 0.011719 0.070312
1 0.071875 0.271875 0.010156 0.064062
1 0.060937 0.292187 0.010156 0.046875
1 0.068750 0.309375 0.008594 0.043750
1 0.075000 0.325781 0.007812 0.040625
1 0.082812 0.340625 0.010937 0.041406
1 0.095312 0.354687 0.002344 0.024219
1 0.098437 0.362500 0.005469 0.028906
1 0.102344 0.372656 0.004687 0.026562
1 0.105469 0.381250 0.003906 0.024219
1 0.108594 0.389062 0.003906 0.023438
1 0.111719 0.397656 0.003906 0.023438
1 0.068750 0.460156 0.017969 0.018750
1 0.085156 0.482031 0.004687 0.035156
1 0.088281 0.485938 0.006250 0.035937
1 0.067187 0.445312 0.054688 0.051562
1 0.092969 0.490625 0.005469 0.034375
1 0.096875 0.494531 0.005469 0.032031
1 0.100781 0.498437 0.005469 0.030469
1 0.103906 0.502344 0.004687 0.028906
1 0.095312 0.456250 0.007031 0.040625
1 0.099219 0.461719 0.006250 0.039062
1 0.103125 0.467969 0.005469 0.036719
2 0.498437 0.702344 0.053125 0.028906
2 0.985156 0.398438 0.028125 0.050000
2 0.898438 0.417969 0.146875 0.070312
2 0.409375 0.610938 0.027344 0.010156
2 0.469531 0.615625 0.047656 0.014844
2 0.497656 0.617969 0.052344 0.016406
2 0.523438 0.620313 0.053906 0.018750
2 0.561719 0.503906 0.048438 0.023438
2 0.600781 0.494531 0.053125 0.028125
2 0.667188 0.479687 0.078906 0.033594
2 0.685937 0.772656 0.096094 0.064062
2 0.528906 0.713281 0.059375 0.033594
2 0.414844 0.671875 0.037500 0.017969
2 0.455469 0.526563 0.022656 0.016406
2 0.488281 0.521875 0.052344 0.017969
2 0.575000 0.731250 0.070312 0.041406
1 0.929688 0.634375 0.114844 0.084375
1 0.431250 0.604688 0.020313 0.025781
2 0.795312 0.814063 0.123438 0.089844
2 0.921875 0.861719 0.154688 0.121875
2 0.794531 0.646094 0.119531 0.034375
1 0.685156 0.618750 0.047656 0.053125
1 0.648438 0.617969 0.027344 0.050000
1 0.624219 0.616406 0.024219 0.046875
1 0.656250 0.567969 0.044531 0.048438
1 0.603906 0.570312 0.039844 0.042969
1 0.598437 0.614062 0.027344 0.043750
1 0.576562 0.613281 0.017969 0.041406
1 0.558594 0.612500 0.016406 0.039844
1 0.575781 0.571094 0.017969 0.040625
1 0.450781 0.524219 0.025000 0.025781
1 0.434375 0.525781 0.007031 0.025781
1 0.427344 0.528125 0.007031 0.024219
1 0.435156 0.503906 0.021094 0.025000
1 0.421094 0.529687 0.006250 0.024219
1 0.414062 0.531250 0.005469 0.021875
1 0.408594 0.533594 0.005469 0.021875
1 0.403125 0.534375 0.005469 0.021875
1 0.421094 0.506250 0.006250 0.024219
1 0.414844 0.509375 0.005469 0.024219
1 0.408594 0.510938 0.005469 0.023438
1 0.449219 0.444531 0.017969 0.025000
1 0.435937 0.449219 0.007031 0.025781
1 0.428906 0.453125 0.007031 0.024219
1 0.422656 0.457031 0.006250 0.023438
1 0.416406 0.460156 0.006250 0.021875
1 0.410156 0.464062 0.005469 0.021875
1 0.404687 0.467187 0.005469 0.021094
1 0.538281 0.410156 0.032031 0.035156
1 0.515625 0.416406 0.012500 0.035156
1 0.492188 0.429688 0.010156 0.031250
1 0.503125 0.423438 0.010937 0.033594
1 0.512500 0.393750 0.028906 0.035937
1 0.492188 0.400781 0.010156 0.035156
1 0.482031 0.407031 0.009375 0.033594
1 0.471875 0.413281 0.008594 0.032031
1 0.481250 0.434375 0.010156 0.030469
1 0.471875 0.439844 0.009375 0.029687
1 0.462500 0.444531 0.008594 0.028906
