3 0.110156 0.590625 0.143750 0.234375
2 0.449219 0.580469 0.060937 0.070312
2 0.940625 0.585938 0.117188 0.130469
2 0.552344 0.434375 0.076563 0.073438
2 0.611719 0.457813 0.087500 0.079687
2 0.693750 0.494531 0.091406 0.087500
2 0.321875 0.492969 0.052344 0.047656
2 0.390625 0.377344 0.067969 0.050000
2 0.425000 0.390625 0.069531 0.055469
2 0.547656 0.653125 0.067969 0.091406
1 0.982031 0.787500 0.035937 0.111719
1 0.375781 0.453906 0.017188 0.017969
1 0.360938 0.452344 0.012500 0.019531
1 0.358594 0.439063 0.012500 0.021094
1 0.339062 0.435937 0.015625 0.017969
1 0.352344 0.437500 0.015625 0.017188
2 0.763281 0.802344 0.090625 0.144531
2 0.625000 0.706250 0.075781 0.108594
2 0.861719 0.869531 0.112500 0.165625
2 0.953906 0.925000 0.090625 0.147656
2 0.487500 0.529687 0.067187 0.076563
1 0.888281 0.731250 0.065625 0.114062
1 0.839063 0.700781 0.059375 0.117969
1 0.796094 0.678906 0.053125 0.110937
1 0.853125 0.659375 0.067969 0.109375
1 0.595313 0.532813 0.039062 0.073438
1 0.592187 0.575000 0.038281 0.069531
1 0.561719 0.569531 0.025781 0.050781
1 0.539062 0.543750 0.024219 0.074219
1 0.569531 0.520312 0.035937 0.070312
1 0.507031 0.282813 0.043750 0.064062
1 0.482812 0.278125 0.042188 0.062500
1 0.430469 0.273438 0.021094 0.050781
1 0.451562 0.277344 0.022656 0.050781
1 0.460156 0.225781 0.043750 0.058594
1 0.439063 0.223438 0.043750 0.055469
1 0.419531 0.220312 0.042188 0.053125
1 0.399219 0.217969 0.038281 0.053125
1 0.411719 0.269531 0.021094 0.047656
1 0.392969 0.265625 0.020313 0.046875
1 0.375781 0.259375 0.020313 0.050781
1 0.349219 0.235156 0.041406 0.049219
1 0.332813 0.232813 0.037500 0.046875
1 0.319531 0.230469 0.035937 0.046094
1 0.306250 0.227344 0.035937 0.044531
1 0.294531 0.226562 0.037500 0.042188
1 0.282031 0.224219 0.034375 0.042188
1 0.271094 0.222656 0.034375 0.040625
1 0.360938 0.350000 0.038281 0.050781
1 0.345313 0.345313 0.035156 0.050000
1 0.322656 0.344531 0.015625 0.038281
1 0.328906 0.305469 0.039062 0.047656
1 0.310156 0.339844 0.015625 0.037500
1 0.298438 0.335938 0.015625 0.035937
1 0.287500 0.330469 0.014844 0.034375
1 0.276562 0.324219 0.014844 0.038281
1 0.314063 0.302344 0.035156 0.044531
1 0.303125 0.299219 0.034375 0.044531
1 0.291406 0.295312 0.034375 0.043750
2 0.579688 0.399219 0.034375 0.027344
2 0.903125 0.330469 0.065625 0.034375
2 0.846094 0.321094 0.058594 0.032031
2 0.608594 0.365625 0.023438 0.006250
2 0.655469 0.290625 0.037500 0.024219
2 0.689063 0.296094 0.042188 0.026562
2 0.732031 0.305469 0.042188 0.025781
2 0.714063 0.445312 0.039062 0.037500
2 0.605469 0.407813 0.032813 0.029687
2 0.481250 0.365625 0.030469 0.021094
2 0.554688 0.273438 0.030469 0.019531
2 0.577344 0.278125 0.035156 0.020313
2 0.646094 0.421875 0.037500 0.032813
2 0.764062 0.460938 0.042188 0.040625
2 0.809375 0.475781 0.047656 0.043750
2 0.855469 0.490625 0.053906 0.047656
1 0.716406 0.335938 0.017969 0.014844
1 0.679688 0.328125 0.017188 0.014063
1 0.664844 0.325781 0.017188 0.012500
1 0.525781 0.262500 0.011719 0.026562
1 0.522656 0.249219 0.010937 0.005469
1 0.509375 0.237500 0.017969 0.023438
1 0.497656 0.235937 0.014844 0.023438
1 0.490625 0.234375 0.014844 0.024219
1 0.528125 0.193750 0.011719 0.025781
1 0.521875 0.192188 0.011719 0.025781
1 0.509375 0.191406 0.017188 0.023438
1 0.498437 0.190625 0.014063 0.024219
1 0.489063 0.190625 0.015625 0.023438
1 0.479687 0.187500 0.017188 0.019531
1 0.469531 0.186719 0.014063 0.020313
1 0.635938 0.212500 0.020313 0.029687
1 0.621094 0.210938 0.020313 0.029687
1 0.592187 0.209375 0.014063 0.026562
1 0.604688 0.210156 0.014063 0.026562
1 0.609375 0.184375 0.020313 0.027344
1 0.595313 0.183594 0.017969 0.026562
1 0.582031 0.182812 0.017188 0.026562
1 0.570312 0.181250 0.017188 0.026562
1 0.578906 0.208594 0.012500 0.025781
1 0.565625 0.207031 0.012500 0.024219
1 0.553906 0.205469 0.012500 0.026562
