3 0.200000 0.499219 0.400000 0.998437
2 0.432812 0.654687 0.067187 0.033594
2 0.645312 0.478125 0.024219 0.014844
2 0.623437 0.472656 0.038281 0.015625
2 0.521094 0.439063 0.047656 0.023438
2 0.552344 0.449219 0.035156 0.019531
2 0.578125 0.457813 0.034375 0.017969
2 0.373437 0.386719 0.077344 0.041406
2 0.428125 0.403906 0.057031 0.035156
2 0.523438 0.637500 0.058594 0.025000
1 0.642188 0.544531 0.020313 0.023438
1 0.242969 0.528125 0.014063 0.024219
1 0.226562 0.533594 0.007812 0.016406
2 0.606250 0.622656 0.045312 0.015625
2 0.564063 0.630469 0.052344 0.018750
2 0.633594 0.618750 0.025000 0.014063
2 0.649219 0.615625 0.024219 0.013281
2 0.481250 0.542969 0.064062 0.018750
1 0.628906 0.542969 0.007031 0.025000
1 0.621094 0.542969 0.007812 0.025781
1 0.603906 0.542188 0.025781 0.026562
1 0.611719 0.516406 0.025781 0.025781
1 0.550781 0.504687 0.011719 0.033594
1 0.551562 0.536719 0.010937 0.033594
1 0.539062 0.535937 0.011719 0.033594
1 0.516406 0.535156 0.032031 0.035156
1 0.530469 0.502344 0.028906 0.034375
1 0.499219 0.324219 0.014844 0.038281
1 0.483594 0.315625 0.015625 0.039844
1 0.447656 0.294531 0.018750 0.044531
1 0.466406 0.305469 0.017188 0.041406
1 0.466406 0.270313 0.017188 0.048438
1 0.448437 0.257812 0.018750 0.049219
1 0.428125 0.244531 0.020313 0.053125
1 0.399219 0.230469 0.038281 0.055469
1 0.428125 0.282031 0.021094 0.046094
1 0.406250 0.269531 0.022656 0.049219
1 0.375781 0.255469 0.039844 0.051562
1 0.317188 0.193750 0.032813 0.055469
1 0.287500 0.181250 0.029687 0.053125
1 0.011719 0.020313 0.014844 0.040625
1 0.301563 0.349219 0.016406 0.053906
1 0.281250 0.340625 0.027344 0.060156
1 0.234375 0.323437 0.036719 0.064844
1 0.235937 0.267969 0.035156 0.071094
1 0.192969 0.308594 0.049219 0.073438
1 0.142187 0.290625 0.055469 0.079687
1 0.085156 0.269531 0.064844 0.085938
1 0.028125 0.249219 0.056250 0.089063
1 0.195312 0.250000 0.049219 0.079687
1 0.146094 0.228125 0.055469 0.086719
1 0.089063 0.202344 0.064844 0.095312
2 0.486719 0.506250 0.021094 0.008594
2 0.465625 0.503125 0.028906 0.010156
2 0.367188 0.490625 0.032031 0.010937
2 0.396094 0.493750 0.024219 0.010156
2 0.420312 0.497656 0.024219 0.010156
2 0.418750 0.605469 0.032813 0.010156
2 0.262500 0.474219 0.035937 0.015625
2 0.294531 0.478906 0.028906 0.014063
1 0.467187 0.546094 0.013281 0.005469
2 0.446094 0.603125 0.030469 0.008594
2 0.467969 0.601562 0.022656 0.008594
2 0.485938 0.600000 0.021094 0.007031
1 0.182031 0.455469 0.019531 0.028125
1 0.184375 0.428906 0.021094 0.029687
1 0.161719 0.453125 0.022656 0.029687
1 0.139063 0.449219 0.024219 0.030469
1 0.115625 0.446094 0.025000 0.032031
1 0.090625 0.441406 0.027344 0.033594
1 0.163281 0.425781 0.022656 0.030469
1 0.140625 0.421094 0.024219 0.032031
1 0.117188 0.416406 0.025000 0.033594
1 0.353125 0.432031 0.003906 0.008594
1 0.337500 0.428125 0.008594 0.010156
1 0.306250 0.421094 0.005469 0.010156
1 0.296094 0.417969 0.014063 0.011719
1 0.281250 0.414062 0.014844 0.011719
1 0.270313 0.411719 0.006250 0.010937
2 0.821094 0.611719 0.071094 0.020313
2 0.553906 0.586719 0.027344 0.006250
