3 0.174219 0.460156 0.107813 0.207813
2 0.462500 0.564844 0.057813 0.074219
2 0.559375 0.447656 0.106250 0.106250
2 0.624219 0.508594 0.125781 0.140625
2 0.723437 0.615625 0.155469 0.191406
2 0.374219 0.422656 0.035156 0.042188
2 0.419531 0.324219 0.071094 0.056250
2 0.445312 0.348438 0.077344 0.064844
2 0.545312 0.701562 0.079687 0.120313
1 0.414844 0.399219 0.017188 0.020313
1 0.403906 0.392188 0.014063 0.017969
1 0.407813 0.377344 0.012500 0.019531
1 0.387500 0.369531 0.012500 0.017969
1 0.400781 0.371875 0.015625 0.011719
2 0.749219 0.976562 0.039062 0.044531
2 0.621094 0.825781 0.097656 0.164062
2 0.496094 0.527344 0.080469 0.093750
1 0.911719 0.967969 0.012500 0.061719
1 0.859375 0.930469 0.112500 0.137500
1 0.944531 0.965625 0.076563 0.067187
1 0.596875 0.594531 0.057813 0.091406
1 0.595313 0.644531 0.060937 0.080469
1 0.554688 0.614062 0.024219 0.072656
1 0.538281 0.571875 0.032031 0.094531
1 0.562500 0.564063 0.035937 0.084375
1 0.516406 0.241406 0.060937 0.085156
1 0.494531 0.230469 0.056250 0.079687
1 0.441406 0.216406 0.017188 0.062500
1 0.457813 0.225000 0.019531 0.067187
1 0.472656 0.160938 0.053906 0.073438
1 0.455469 0.155469 0.050781 0.069531
1 0.439844 0.150781 0.050000 0.065625
1 0.424219 0.146094 0.046094 0.062500
1 0.425781 0.209375 0.015625 0.060937
1 0.412500 0.202344 0.014844 0.057813
1 0.400781 0.193750 0.014063 0.057813
1 0.385937 0.160938 0.035937 0.053906
1 0.378125 0.157812 0.037500 0.050781
1 0.367969 0.153125 0.035937 0.049219
1 0.355469 0.150781 0.025781 0.047656
1 0.352344 0.146875 0.032031 0.044531
1 0.346094 0.144531 0.032031 0.043750
1 0.339062 0.140625 0.030469 0.041406
1 0.399219 0.285938 0.038281 0.050000
1 0.389062 0.278906 0.035156 0.050781
1 0.368750 0.275781 0.011719 0.041406
1 0.377344 0.235156 0.038281 0.049219
1 0.361719 0.267188 0.010937 0.041406
1 0.353906 0.260937 0.010937 0.039062
1 0.347656 0.253906 0.009375 0.035937
1 0.340625 0.247656 0.009375 0.037500
1 0.364844 0.228906 0.027344 0.047656
1 0.359375 0.223438 0.029687 0.044531
1 0.352344 0.218750 0.028906 0.043750
2 0.575781 0.267188 0.032031 0.024219
2 0.653906 0.307812 0.046094 0.032813
2 0.687500 0.323437 0.050000 0.035937
2 0.725781 0.342187 0.050781 0.037500
2 0.796094 0.270313 0.062500 0.038281
2 0.846875 0.287500 0.074219 0.044531
2 0.914062 0.310937 0.077344 0.049219
2 0.875781 0.509375 0.015625 0.032813
2 0.659375 0.227344 0.046875 0.026562
2 0.689063 0.237500 0.050000 0.029687
1 0.600781 0.275000 0.022656 0.030469
2 0.909375 0.529687 0.014063 0.035937
2 0.968750 0.462500 0.062500 0.065625
1 0.894531 0.412500 0.043750 0.058594
1 0.867188 0.405469 0.041406 0.043750
1 0.842187 0.387500 0.037500 0.053125
1 0.878125 0.365625 0.043750 0.055469
1 0.821875 0.342969 0.039062 0.050000
1 0.813281 0.378906 0.037500 0.040625
1 0.789062 0.368750 0.026562 0.039062
1 0.770312 0.354687 0.027344 0.046094
1 0.800781 0.333594 0.037500 0.047656
1 0.632812 0.209375 0.025781 0.032813
1 0.621094 0.205469 0.024219 0.032031
1 0.603906 0.203906 0.011719 0.027344
1 0.612500 0.176563 0.024219 0.029687
1 0.592969 0.200781 0.011719 0.026562
1 0.582812 0.197656 0.010937 0.026562
1 0.574219 0.194531 0.009375 0.025781
1 0.565625 0.190625 0.007812 0.027344
1 0.600000 0.173437 0.021094 0.029687
1 0.590625 0.171094 0.023438 0.029687
1 0.580469 0.169531 0.020313 0.028906
1 0.642188 0.124219 0.027344 0.032813
1 0.628125 0.122656 0.024219 0.032031
1 0.615625 0.121094 0.022656 0.030469
1 0.605469 0.119531 0.024219 0.029687
1 0.594531 0.117969 0.023438 0.029687
1 0.584375 0.116406 0.021094 0.028906
1 0.575781 0.114844 0.017188 0.027344
1 0.776563 0.156250 0.038281 0.042188
1 0.756250 0.153906 0.035937 0.041406
1 0.714063 0.150000 0.021094 0.035937
1 0.732031 0.151562 0.023438 0.037500
1 0.742969 0.115625 0.035156 0.038281
1 0.723437 0.114062 0.032031 0.037500
1 0.707812 0.112500 0.032813 0.037500
1 0.690625 0.110937 0.030469 0.035937
1 0.697656 0.146875 0.020313 0.034375
1 0.681250 0.144531 0.017969 0.034375
1 0.667188 0.140625 0.017969 0.035156
