1 0.660937 0.642969 0.283594 0.285938
1 0.828125 0.589844 0.089063 0.128125
1 0.957812 0.549219 0.035937 0.149219
1 0.979688 0.508594 0.035937 0.230469
1 0.241406 0.664844 0.170313 0.278125
1 0.441406 0.619531 0.136719 0.221875
1 0.053125 0.657813 0.100781 0.666406
1 0.200781 0.389062 0.142187 0.128125
1 0.325781 0.365625 0.117969 0.209375
1 0.421875 0.397656 0.064844 0.162500
1 0.479687 0.380469 0.089063 0.221875
1 0.571094 0.416406 0.074219 0.166406
1 0.567187 0.198437 0.096094 0.243750
1 0.658594 0.278125 0.086719 0.205469
1 0.480469 0.142969 0.096094 0.260937
1 0.365625 0.104688 0.125000 0.200781
1 0.247656 0.055469 0.110937 0.102344
1 0.796875 0.421094 0.127344 0.132812
1 0.714844 0.461719 0.035937 0.102344
1 0.653906 0.450781 0.086719 0.124219
