2 0.448437 0.778906 0.076563 0.053125
2 0.960156 0.480469 0.078906 0.043750
2 0.273438 0.643750 0.057031 0.021094
2 0.396094 0.656250 0.074219 0.028906
2 0.449219 0.660156 0.075000 0.031250
2 0.503906 0.666406 0.072656 0.035156
2 0.571094 0.514062 0.060937 0.025781
2 0.642188 0.508594 0.081250 0.028906
2 0.739062 0.501563 0.101562 0.030469
2 0.768750 0.859375 0.117188 0.095312
2 0.503906 0.792969 0.078906 0.059375
2 0.276562 0.736719 0.067969 0.035156
2 0.392969 0.528125 0.068750 0.020313
2 0.433594 0.524219 0.071094 0.023438
2 0.587500 0.816406 0.082812 0.071094
1 0.996875 0.664844 0.004687 0.035156
1 0.317969 0.638281 0.038281 0.040625
2 0.914844 0.896094 0.168750 0.117969
2 0.989844 0.895312 0.019531 0.036719
2 0.910156 0.703125 0.149219 0.054688
1 0.760938 0.670312 0.046094 0.071875
1 0.717969 0.667969 0.043750 0.068750
1 0.681250 0.664844 0.038281 0.066406
1 0.716406 0.608594 0.042969 0.060937
1 0.633594 0.607031 0.035156 0.056250
1 0.635938 0.661719 0.035937 0.061719
1 0.602344 0.660937 0.031250 0.057031
1 0.572656 0.656250 0.029687 0.059375
1 0.601562 0.606250 0.031250 0.053906
1 0.357812 0.521094 0.038281 0.038281
1 0.331250 0.521875 0.017188 0.036719
1 0.315625 0.523438 0.015625 0.035937
1 0.327344 0.488281 0.037500 0.036719
1 0.300781 0.525000 0.014844 0.035156
1 0.286719 0.526563 0.014844 0.034375
1 0.273438 0.528125 0.014063 0.033594
1 0.260156 0.528906 0.013281 0.033594
1 0.301563 0.490625 0.014844 0.035937
1 0.288281 0.492969 0.014844 0.035156
1 0.274219 0.493750 0.013281 0.034375
1 0.361719 0.408594 0.037500 0.043750
1 0.335938 0.409375 0.016406 0.035156
1 0.320312 0.413281 0.015625 0.034375
1 0.305469 0.417187 0.014844 0.034375
1 0.291406 0.420312 0.014844 0.033594
1 0.278906 0.423438 0.013281 0.032031
1 0.265625 0.426563 0.013281 0.031250
1 0.525000 0.388281 0.035937 0.059375
1 0.495312 0.386719 0.023438 0.045312
1 0.450000 0.396875 0.021094 0.042969
1 0.471875 0.392188 0.021875 0.043750
1 0.478906 0.351562 0.036719 0.046875
1 0.450781 0.357812 0.021094 0.045312
1 0.429688 0.364063 0.020313 0.044531
1 0.410938 0.368750 0.019531 0.043750
1 0.429688 0.402344 0.020313 0.041406
1 0.410156 0.407031 0.018750 0.039844
1 0.391406 0.410938 0.017969 0.039844
