3 0.294531 0.459375 0.052344 0.135156
2 0.105469 0.735156 0.068750 0.094531
2 0.141406 0.480469 0.052344 0.044531
2 0.081250 0.596875 0.085938 0.073438
2 0.062500 0.652344 0.099219 0.093750
2 0.045312 0.721094 0.089844 0.098437
2 0.010156 0.645312 0.020313 0.056250
2 0.160938 0.548438 0.044531 0.050000
2 0.057031 0.475781 0.092969 0.048438
2 0.042969 0.518750 0.085938 0.071875
2 0.044531 0.933594 0.089063 0.131250
1 0.000781 0.900781 0.001563 0.010937
1 0.010937 0.853125 0.021094 0.094531
1 0.019531 0.803906 0.038281 0.085938
1 0.000781 0.804688 0.001563 0.009375
1 0.010937 0.392188 0.021094 0.064062
1 0.002344 0.418750 0.004687 0.021875
1 0.003125 0.352344 0.005469 0.021094
1 0.010937 0.328125 0.021094 0.060937
1 0.017969 0.318750 0.035156 0.057031
1 0.021094 0.378906 0.029687 0.060156
1 0.035156 0.367188 0.027344 0.056250
1 0.046875 0.355469 0.026562 0.053906
1 0.051562 0.320312 0.053906 0.050000
1 0.057031 0.311719 0.061719 0.045312
1 0.065625 0.305469 0.058594 0.042969
1 0.075000 0.300000 0.055469 0.040625
1 0.086719 0.294531 0.046094 0.039062
1 0.091406 0.289062 0.049219 0.038281
1 0.096875 0.284375 0.047656 0.035937
1 0.079687 0.435937 0.058594 0.049219
1 0.088281 0.421875 0.055469 0.043750
1 0.115625 0.411719 0.014063 0.040625
1 0.089844 0.382031 0.049219 0.048438
1 0.121094 0.403125 0.013281 0.039062
1 0.127344 0.393750 0.012500 0.036719
1 0.132031 0.385937 0.011719 0.035937
1 0.136719 0.378125 0.011719 0.035156
1 0.094531 0.369531 0.050781 0.039844
1 0.105469 0.362500 0.041406 0.038281
1 0.111719 0.355469 0.038281 0.035937
2 0.482812 0.559375 0.042969 0.048438
2 0.914844 0.885938 0.169531 0.226562
2 0.797656 0.758594 0.169531 0.210938
2 0.535156 0.459375 0.067969 0.056250
2 0.565625 0.494531 0.074219 0.071875
2 0.607031 0.548438 0.083594 0.091406
2 0.428125 0.458594 0.027344 0.029687
2 0.458594 0.382031 0.048438 0.034375
2 0.471875 0.398438 0.050781 0.039062
2 0.528125 0.650000 0.055469 0.074219
1 0.834375 0.975000 0.077344 0.048438
1 0.454688 0.438281 0.011719 0.011719
1 0.449219 0.434375 0.007812 0.011719
1 0.450000 0.425000 0.010156 0.013281
1 0.439063 0.418750 0.010937 0.010937
1 0.448437 0.418750 0.007031 0.004687
2 0.651563 0.889062 0.091406 0.153906
2 0.569531 0.732031 0.067187 0.089844
2 0.684375 0.956250 0.046875 0.085156
2 0.497656 0.523438 0.051562 0.055469
1 0.739062 0.864844 0.078125 0.136719
1 0.703906 0.828125 0.069531 0.091406
1 0.667188 0.768750 0.047656 0.110156
1 0.708594 0.778906 0.064844 0.103906
1 0.553906 0.556250 0.039062 0.057031
1 0.553125 0.593750 0.039844 0.053125
1 0.528125 0.574219 0.011719 0.049219
1 0.517188 0.553906 0.010937 0.051562
1 0.532813 0.538281 0.020313 0.054688
1 0.511719 0.328906 0.036719 0.050000
1 0.500781 0.321875 0.035156 0.048438
1 0.470313 0.311719 0.008594 0.039844
1 0.478906 0.317969 0.008594 0.040625
1 0.491406 0.278906 0.034375 0.043750
1 0.481250 0.274219 0.032031 0.041406
1 0.473438 0.270313 0.031250 0.040625
1 0.465625 0.266406 0.028906 0.039062
1 0.462500 0.306250 0.007812 0.038281
1 0.455469 0.300781 0.007031 0.035156
1 0.448437 0.294531 0.007031 0.035937
1 0.441406 0.272656 0.019531 0.034375
1 0.438281 0.269531 0.024219 0.033594
1 0.433594 0.266406 0.023438 0.032031
1 0.428906 0.264062 0.021875 0.029687
1 0.415625 0.267188 0.004687 0.017969
1 0.411719 0.265625 0.003906 0.013281
1 0.407813 0.264062 0.003906 0.010937
1 0.447656 0.355469 0.025781 0.032031
1 0.441406 0.350781 0.023438 0.033594
1 0.427344 0.346875 0.005469 0.028125
1 0.435937 0.321094 0.024219 0.032031
1 0.423438 0.342969 0.005469 0.028125
1 0.418750 0.337500 0.004687 0.026562
1 0.414844 0.332813 0.003906 0.025000
1 0.411719 0.328125 0.003906 0.025781
1 0.431250 0.316406 0.022656 0.030469
1 0.423438 0.311719 0.016406 0.029687
1 0.419531 0.308594 0.016406 0.028125
2 0.988281 0.460938 0.021875 0.038281
2 0.597656 0.357031 0.027344 0.019531
2 0.660156 0.394531 0.039844 0.026562
2 0.687500 0.407031 0.042969 0.025000
2 0.716406 0.426563 0.044531 0.032031
2 0.768750 0.369531 0.054688 0.030469
2 0.807031 0.385937 0.063281 0.035937
2 0.858594 0.408594 0.068750 0.040625
2 0.605469 0.396094 0.007031 0.004687
2 0.661719 0.328906 0.035156 0.021094
2 0.679688 0.338281 0.030469 0.024219
1 0.982031 0.578125 0.034375 0.061719
1 0.619531 0.364063 0.018750 0.025000
2 0.919531 0.546094 0.081250 0.055469
1 0.847656 0.491406 0.039062 0.046875
1 0.827344 0.483594 0.037500 0.038281
1 0.803906 0.469531 0.025781 0.042969
1 0.833594 0.452344 0.038281 0.045312
1 0.789844 0.430469 0.033594 0.039844
1 0.785156 0.459375 0.033594 0.034375
1 0.762500 0.450000 0.019531 0.033594
1 0.748437 0.439063 0.020313 0.036719
1 0.773438 0.421875 0.031250 0.039062
1 0.641406 0.313281 0.016406 0.025781
1 0.635156 0.309375 0.019531 0.025000
1 0.621094 0.307031 0.009375 0.021875
1 0.628906 0.285938 0.021094 0.024219
1 0.613281 0.303906 0.008594 0.021094
1 0.605469 0.301563 0.008594 0.021094
1 0.598437 0.298438 0.007812 0.020313
1 0.592187 0.294531 0.007812 0.021094
1 0.620313 0.283594 0.019531 0.023438
1 0.612500 0.281250 0.017969 0.023438
1 0.604688 0.278906 0.017969 0.021875
1 0.646094 0.247656 0.012500 0.025000
1 0.640625 0.246094 0.019531 0.025000
1 0.630469 0.243750 0.017188 0.024219
1 0.623437 0.242188 0.018750 0.023438
1 0.614844 0.240625 0.017188 0.023438
1 0.607031 0.239063 0.016406 0.021875
1 0.599219 0.237500 0.015625 0.021094
1 0.750000 0.279687 0.032031 0.033594
1 0.735156 0.276562 0.029687 0.032031
1 0.699219 0.269531 0.008594 0.025000
1 0.717969 0.275000 0.010156 0.028125
1 0.728125 0.246875 0.022656 0.030469
1 0.710938 0.243750 0.025781 0.026562
1 0.695312 0.242969 0.017969 0.028125
1 0.682813 0.240625 0.016406 0.026562
1 0.689844 0.267969 0.014844 0.026562
1 0.678125 0.265625 0.013281 0.025781
1 0.670312 0.261719 0.007812 0.028125
