2 0.362500 0.815625 0.127344 0.208594
2 0.810937 0.265625 0.082031 0.032031
2 0.779687 0.274219 0.091406 0.037500
2 0.553906 0.332813 0.123438 0.074219
2 0.617188 0.315625 0.117969 0.059375
2 0.682813 0.302344 0.096094 0.049219
2 0.094531 0.453906 0.188281 0.172656
2 0.263281 0.417187 0.175781 0.150000
2 0.553906 0.670312 0.103125 0.132031
1 0.791406 0.389844 0.046875 0.053906
1 0.002344 0.816406 0.004687 0.026562
2 0.707812 0.555469 0.082812 0.059375
2 0.628906 0.622656 0.092188 0.076563
2 0.757812 0.530469 0.044531 0.050000
2 0.784375 0.505469 0.041406 0.043750
2 0.462500 0.595313 0.122656 0.153906
1 0.768750 0.409375 0.020313 0.055469
1 0.740625 0.415625 0.049219 0.060937
1 0.722656 0.419531 0.056250 0.069531
1 0.744531 0.367188 0.058594 0.062500
1 0.603906 0.429688 0.061719 0.093750
1 0.616406 0.499219 0.028906 0.070312
1 0.575000 0.505469 0.060937 0.089063
1 0.546094 0.514844 0.062500 0.108594
1 0.577344 0.440625 0.064844 0.099219
1 0.495312 0.055469 0.053125 0.110937
1 0.440625 0.053125 0.061719 0.106250
1 0.300781 0.046094 0.091406 0.092188
1 0.376563 0.050000 0.074219 0.100000
1 0.209375 0.041406 0.110937 0.082812
1 0.099219 0.036719 0.135156 0.073438
1 0.022656 0.029687 0.045312 0.059375
2 0.537500 0.226562 0.039062 0.012500
2 0.510938 0.228906 0.032031 0.014844
2 0.027344 0.391406 0.053906 0.032031
2 0.220312 0.355469 0.057813 0.023438
2 0.274219 0.348438 0.050781 0.026562
2 0.324219 0.340625 0.043750 0.026562
2 0.362500 0.242188 0.038281 0.020313
2 0.397656 0.239063 0.046094 0.017188
2 0.436719 0.237500 0.043750 0.017188
2 0.193750 0.255469 0.055469 0.025781
2 0.244531 0.252344 0.049219 0.023438
1 0.514844 0.294531 0.021094 0.019531
1 0.096094 0.371094 0.059375 0.046094
2 0.471094 0.312500 0.017969 0.017188
1 0.448437 0.310156 0.014063 0.030469
1 0.430469 0.313281 0.021094 0.030469
1 0.417187 0.314844 0.020313 0.034375
1 0.428906 0.285938 0.022656 0.032813
1 0.396094 0.290625 0.022656 0.034375
1 0.400781 0.321094 0.015625 0.029687
1 0.382812 0.322656 0.022656 0.034375
1 0.367188 0.323437 0.023438 0.035937
1 0.379688 0.292969 0.023438 0.035156
1 0.130469 0.246875 0.042188 0.044531
1 0.099219 0.248438 0.040625 0.046094
1 0.065625 0.252344 0.042188 0.044531
1 0.060156 0.207031 0.053906 0.046094
1 0.032813 0.253906 0.046094 0.044531
1 0.010937 0.255469 0.021094 0.046875
1 0.021875 0.207813 0.043750 0.047656
1 0.003906 0.215625 0.007812 0.031250
1 0.319531 0.155469 0.021094 0.010937
1 0.298438 0.154688 0.022656 0.011719
1 0.253906 0.153125 0.024219 0.012500
1 0.276562 0.153906 0.023438 0.011719
1 0.229687 0.152344 0.025781 0.012500
1 0.204687 0.151562 0.026562 0.011719
1 0.178906 0.150781 0.029687 0.012500
2 0.642188 0.364844 0.021094 0.008594
