2 0.014063 0.953125 0.028125 0.091406
2 0.056250 0.722656 0.042969 0.061719
2 0.003125 0.557031 0.006250 0.026562
1 0.009375 0.699219 0.018750 0.026562
1 0.007812 0.682813 0.015625 0.015625
1 0.021875 0.667969 0.036719 0.030469
1 0.022656 0.653125 0.033594 0.021094
1 0.035156 0.658594 0.024219 0.020313
1 0.001563 0.377344 0.003125 0.025000
1 0.005469 0.365625 0.010156 0.048438
1 0.010937 0.365625 0.011719 0.046094
1 0.017188 0.366406 0.010937 0.043750
1 0.023438 0.367188 0.010156 0.041406
1 0.009375 0.528125 0.011719 0.039062
1 0.016406 0.513281 0.010937 0.051562
1 0.007812 0.465625 0.015625 0.050000
1 0.022656 0.506250 0.011719 0.049219
1 0.028125 0.499219 0.010156 0.045312
1 0.033594 0.493750 0.009375 0.043750
1 0.038281 0.489063 0.009375 0.042969
1 0.010937 0.460156 0.021875 0.048438
1 0.014063 0.456250 0.028125 0.046875
1 0.017188 0.453125 0.033594 0.043750
2 0.494531 0.657031 0.053906 0.050781
2 0.940625 0.615625 0.117969 0.098437
2 0.397656 0.523438 0.028906 0.024219
2 0.462500 0.563281 0.050781 0.036719
2 0.493750 0.578125 0.054688 0.041406
2 0.525000 0.599219 0.060937 0.049219
2 0.575781 0.505469 0.070312 0.039062
2 0.623437 0.520312 0.082031 0.046094
2 0.690625 0.543750 0.091406 0.056250
2 0.679688 0.819531 0.083594 0.115625
2 0.525781 0.682813 0.058594 0.060156
2 0.405469 0.583594 0.038281 0.029687
2 0.459375 0.471875 0.052344 0.025000
2 0.482031 0.478906 0.056250 0.026562
2 0.573438 0.726562 0.068750 0.075000
1 0.947656 0.835156 0.103906 0.151562
1 0.421094 0.529687 0.021875 0.033594
2 0.789062 0.910156 0.114844 0.160938
2 0.907031 0.950781 0.142187 0.096875
2 0.807813 0.772656 0.119531 0.110156
1 0.695312 0.681250 0.048438 0.085156
1 0.665625 0.671875 0.045312 0.064062
1 0.632031 0.650781 0.027344 0.073438
1 0.668750 0.618750 0.046094 0.075000
1 0.610938 0.591406 0.041406 0.063281
1 0.609375 0.638281 0.040625 0.055469
1 0.579688 0.628125 0.019531 0.050000
1 0.560937 0.611719 0.017969 0.058594
1 0.589844 0.582031 0.038281 0.060156
1 0.439844 0.455469 0.027344 0.031250
1 0.431250 0.453906 0.025781 0.031250
1 0.414062 0.453125 0.007812 0.028125
1 0.422656 0.425781 0.025000 0.028906
1 0.407031 0.450781 0.007031 0.026562
1 0.400000 0.448437 0.007031 0.025781
1 0.392969 0.446094 0.007031 0.025000
1 0.386719 0.443750 0.006250 0.025000
1 0.414062 0.424219 0.023438 0.028125
1 0.407813 0.422656 0.023438 0.026562
1 0.400781 0.421094 0.022656 0.025781
1 0.439063 0.369531 0.027344 0.029687
1 0.421094 0.368750 0.008594 0.028906
1 0.413281 0.369531 0.007812 0.028125
1 0.405469 0.369531 0.007812 0.026562
1 0.398438 0.369531 0.007031 0.025781
1 0.391406 0.369531 0.007031 0.025000
1 0.385156 0.369531 0.006250 0.025000
1 0.541406 0.383594 0.036719 0.040625
1 0.515625 0.382812 0.014844 0.038281
1 0.487500 0.382031 0.012500 0.035156
1 0.500781 0.382812 0.013281 0.035937
1 0.510938 0.345313 0.033594 0.036719
1 0.487500 0.346875 0.012500 0.035937
1 0.475000 0.347656 0.011719 0.034375
1 0.463281 0.348438 0.010937 0.034375
1 0.475000 0.382031 0.011719 0.033594
1 0.463281 0.382031 0.010937 0.032031
1 0.453125 0.381250 0.010156 0.031250
