3 0.646094 0.764062 0.195312 0.470313
2 0.953125 0.769531 0.092969 0.092969
2 0.806250 0.442188 0.036719 0.010156
2 0.816406 0.441406 0.040625 0.011719
2 0.987500 0.639844 0.024219 0.042969
2 0.957031 0.614844 0.085156 0.055469
2 0.936719 0.586719 0.113281 0.036719
2 0.892188 0.439063 0.086719 0.019531
2 0.875000 0.441406 0.076563 0.015625
2 0.832031 0.442969 0.008594 0.013281
2 0.990625 0.432031 0.017188 0.030469
2 0.959375 0.432812 0.047656 0.028906
2 0.890625 0.675781 0.082812 0.055469
1 0.802344 0.510938 0.010156 0.025781
1 0.804688 0.516406 0.004687 0.028125
1 0.821094 0.518750 0.028125 0.028906
1 0.828906 0.523438 0.034375 0.031250
1 0.824219 0.492969 0.033594 0.029687
1 0.873437 0.507031 0.044531 0.039844
1 0.853906 0.544531 0.009375 0.040625
1 0.863281 0.549219 0.010156 0.043750
1 0.896094 0.553125 0.058594 0.043750
1 0.886719 0.510938 0.053906 0.044531
1 0.905469 0.294531 0.015625 0.053125
1 0.920312 0.283594 0.017188 0.057031
1 0.957812 0.257031 0.023438 0.067969
1 0.937500 0.271094 0.019531 0.060937
1 0.939844 0.218750 0.020313 0.070312
1 0.960156 0.199219 0.024219 0.078906
1 0.983594 0.177344 0.028125 0.088281
1 0.996875 0.167187 0.004687 0.069531
1 0.980469 0.240625 0.027344 0.075000
1 0.995313 0.230469 0.007812 0.064062
2 0.790625 0.580469 0.008594 0.018750
2 0.799219 0.591406 0.010156 0.021094
2 0.861719 0.638281 0.071094 0.036719
2 0.817969 0.604688 0.028906 0.025781
2 0.457813 0.640625 0.057813 0.042969
2 0.571875 0.444531 0.014844 0.007031
2 0.559375 0.443750 0.026562 0.008594
2 0.505469 0.442969 0.040625 0.011719
2 0.532031 0.443750 0.010156 0.010156
2 0.542969 0.444531 0.011719 0.010156
2 0.246094 0.817969 0.136719 0.133594
2 0.435156 0.439063 0.054688 0.017969
2 0.471875 0.440625 0.027344 0.016406
2 0.507031 0.602344 0.043750 0.028906
1 0.568750 0.499219 0.014063 0.020313
1 0.378125 0.580469 0.023438 0.018750
1 0.370312 0.587500 0.025000 0.021094
1 0.347656 0.585938 0.025781 0.033594
1 0.313281 0.609375 0.029687 0.025000
1 0.328906 0.597656 0.027344 0.023438
2 0.551562 0.568750 0.025781 0.016406
2 0.528906 0.586719 0.035156 0.021094
2 0.565625 0.560937 0.014063 0.015625
2 0.572656 0.553906 0.013281 0.014063
2 0.485938 0.539844 0.053125 0.024219
1 0.563281 0.502344 0.003125 0.021094
1 0.559375 0.503906 0.003125 0.021875
1 0.547656 0.505469 0.019531 0.023438
1 0.551562 0.482031 0.019531 0.021875
1 0.517188 0.490625 0.022656 0.028125
1 0.525781 0.517969 0.005469 0.028125
1 0.520312 0.519531 0.005469 0.028906
1 0.503125 0.521094 0.026562 0.030469
1 0.510156 0.492188 0.025781 0.028906
1 0.500000 0.349219 0.007812 0.033594
1 0.491406 0.344531 0.008594 0.035156
1 0.472656 0.333594 0.010156 0.038281
1 0.482812 0.339062 0.008594 0.035937
1 0.482812 0.306250 0.008594 0.039844
1 0.472656 0.299219 0.010156 0.042969
1 0.461719 0.291406 0.010937 0.044531
1 0.440625 0.282031 0.030469 0.048438
1 0.461719 0.328125 0.010937 0.039844
1 0.450000 0.321094 0.011719 0.042969
1 0.423438 0.314063 0.039844 0.046094
1 0.397656 0.273438 0.019531 0.055469
1 0.377344 0.260937 0.021094 0.060156
1 0.353906 0.246094 0.025000 0.065625
1 0.327344 0.229687 0.029687 0.071875
1 0.295312 0.209375 0.035156 0.080469
1 0.257812 0.186719 0.042188 0.091406
1 0.196094 0.158594 0.084375 0.103906
1 0.397656 0.423438 0.018750 0.050000
1 0.378125 0.421094 0.021094 0.053906
1 0.354687 0.418750 0.024219 0.056250
1 0.353906 0.364063 0.025000 0.060937
1 0.328125 0.416406 0.029687 0.060937
1 0.295312 0.413281 0.038281 0.067969
1 0.260937 0.409375 0.041406 0.074219
1 0.200000 0.404687 0.083594 0.083594
1 0.327344 0.356250 0.029687 0.066406
1 0.296094 0.348438 0.034375 0.074219
1 0.242188 0.338281 0.074219 0.080469
2 0.242969 0.585156 0.050781 0.024219
2 0.028125 0.555469 0.056250 0.028125
2 0.211719 0.527344 0.043750 0.019531
2 0.242969 0.521094 0.051562 0.017969
2 0.278906 0.515625 0.043750 0.014844
2 0.358594 0.550781 0.033594 0.014844
2 0.276562 0.575781 0.045312 0.021094
2 0.032031 0.651563 0.063281 0.043750
2 0.314063 0.564844 0.039844 0.018750
1 0.400000 0.491406 0.016406 0.016406
1 0.101562 0.533594 0.042969 0.038281
2 0.381250 0.544531 0.030469 0.011719
2 0.401562 0.539844 0.020313 0.010937
2 0.413281 0.535937 0.012500 0.010156
2 0.381250 0.499219 0.027344 0.008594
1 0.362500 0.496875 0.007812 0.018750
1 0.350000 0.498437 0.016406 0.019531
1 0.343750 0.499219 0.011719 0.021094
1 0.349219 0.478906 0.018750 0.019531
1 0.332813 0.481250 0.010156 0.020313
1 0.333594 0.501563 0.009375 0.020313
1 0.323437 0.503125 0.010156 0.021094
1 0.307812 0.503906 0.021875 0.023438
1 0.317969 0.482031 0.021094 0.021094
1 0.147656 0.431250 0.007812 0.025781
1 0.121875 0.432812 0.008594 0.032031
1 0.105469 0.432031 0.026562 0.033594
1 0.103906 0.398438 0.026562 0.034375
1 0.078125 0.431250 0.029687 0.035156
1 0.047656 0.430469 0.032031 0.036719
1 0.016406 0.428125 0.032813 0.037500
1 0.076563 0.396094 0.029687 0.036719
1 0.046094 0.393750 0.032031 0.039062
1 0.015625 0.390625 0.031250 0.040625
1 0.151562 0.339062 0.022656 0.034375
1 0.118750 0.332813 0.007031 0.032031
1 0.103125 0.328906 0.027344 0.038281
1 0.075000 0.323437 0.029687 0.039844
1 0.045312 0.316406 0.032813 0.042969
1 0.014844 0.310937 0.029687 0.043750
1 0.200781 0.335156 0.010156 0.025781
1 0.195312 0.355469 0.021875 0.019531
2 0.478906 0.520312 0.021875 0.009375
