2 0.389844 0.760938 0.076563 0.091406
2 0.680469 0.447656 0.050781 0.019531
2 0.655469 0.451562 0.053906 0.021875
2 0.018750 0.789844 0.037500 0.094531
2 0.315625 0.682813 0.087500 0.089844
2 0.388281 0.648438 0.078906 0.073438
2 0.450781 0.626563 0.068750 0.065625
2 0.502344 0.483594 0.064844 0.035937
2 0.541406 0.475781 0.064844 0.031250
2 0.584375 0.468750 0.055469 0.026562
2 0.585156 0.653906 0.058594 0.053125
2 0.446875 0.728125 0.071094 0.078906
2 0.032813 0.942969 0.064844 0.111719
2 0.297656 0.527344 0.078906 0.060156
2 0.364063 0.514062 0.076563 0.051562
2 0.510156 0.696094 0.065625 0.066406
1 0.659375 0.534375 0.028906 0.036719
1 0.114844 0.736719 0.096094 0.104688
2 0.623437 0.638281 0.054688 0.035156
2 0.658594 0.623437 0.033594 0.031250
2 0.682031 0.609375 0.032031 0.028125
2 0.626563 0.556250 0.047656 0.028125
1 0.596094 0.560156 0.014844 0.044531
1 0.573438 0.566406 0.032031 0.043750
1 0.564063 0.569531 0.020313 0.050000
1 0.573438 0.530469 0.033594 0.046875
1 0.536719 0.541406 0.033594 0.050781
1 0.545312 0.582812 0.016406 0.041406
1 0.524219 0.589063 0.024219 0.043750
1 0.501563 0.590625 0.035156 0.058594
1 0.519531 0.546875 0.035156 0.053125
1 0.201563 0.524219 0.052344 0.081250
1 0.151562 0.532031 0.058594 0.088281
1 0.096875 0.548438 0.064062 0.078125
1 0.095312 0.474219 0.078906 0.084375
1 0.035937 0.558594 0.071875 0.082812
1 0.004687 0.568750 0.008594 0.068750
1 0.037500 0.480469 0.075000 0.089063
1 0.008594 0.442188 0.016406 0.004687
1 0.189062 0.328125 0.057031 0.071094
1 0.135156 0.325781 0.063281 0.075781
1 0.076563 0.322656 0.070312 0.080469
1 0.025781 0.321094 0.051562 0.084375
1 0.469531 0.360938 0.023438 0.048438
1 0.445312 0.360938 0.025000 0.049219
1 0.390625 0.360156 0.030469 0.053906
1 0.419531 0.360938 0.027344 0.050781
1 0.417969 0.309375 0.028125 0.053906
1 0.389844 0.306250 0.031250 0.055469
1 0.358594 0.303125 0.033594 0.058594
1 0.321875 0.300781 0.042969 0.061719
1 0.360156 0.359375 0.033594 0.054688
1 0.327344 0.359375 0.036719 0.057031
1 0.289844 0.357812 0.042969 0.061719
2 0.823438 0.610938 0.057813 0.043750
