1 0.752344 0.679688 0.485938 0.632812
1 0.450781 0.549219 0.117969 0.243750
1 0.377344 0.502344 0.042969 0.124219
1 0.075781 0.439844 0.146875 0.871875
1 0.185938 0.433594 0.113281 0.380469
1 0.225000 0.253906 0.175781 0.124219
1 0.272656 0.438281 0.069531 0.226562
1 0.477344 0.237500 0.055469 0.157812
1 0.542188 0.149219 0.093750 0.221875
1 0.627344 0.102344 0.076563 0.188281
1 0.852344 0.185938 0.156250 0.346094
1 0.722656 0.264844 0.093750 0.214062
1 0.610938 0.290625 0.110937 0.205469
1 0.531250 0.360938 0.062500 0.149219
