3 0.588281 0.733594 0.233594 0.530469
2 0.971094 0.772656 0.056250 0.085938
2 0.821875 0.446875 0.023438 0.011719
2 0.835156 0.442969 0.033594 0.015625
2 0.974219 0.599219 0.050000 0.049219
2 0.954688 0.578125 0.089063 0.035937
2 0.920312 0.421094 0.094531 0.029687
2 0.903125 0.430469 0.085156 0.023438
2 0.856250 0.436719 0.008594 0.014844
2 0.983594 0.393750 0.032031 0.038281
2 0.927344 0.685937 0.095312 0.058594
1 0.827344 0.519531 0.009375 0.026562
1 0.829688 0.523438 0.003906 0.028906
1 0.842187 0.525781 0.021094 0.030469
1 0.855469 0.528125 0.038281 0.033594
1 0.850781 0.496094 0.036719 0.029687
1 0.882812 0.501563 0.009375 0.041406
1 0.882031 0.542969 0.008594 0.042969
1 0.891406 0.546094 0.010156 0.045312
1 0.929688 0.548438 0.066406 0.046875
1 0.917188 0.503125 0.060937 0.045312
1 0.930469 0.257031 0.015625 0.058594
1 0.946875 0.240625 0.017969 0.064062
1 0.986719 0.198437 0.024219 0.076563
1 0.965625 0.221094 0.020313 0.069531
1 0.966406 0.164844 0.020313 0.083594
1 0.987500 0.138281 0.023438 0.091406
2 0.816406 0.594531 0.009375 0.018750
2 0.825000 0.603906 0.010156 0.021094
2 0.894531 0.647656 0.080469 0.035937
2 0.845313 0.616406 0.030469 0.025781
2 0.453125 0.641406 0.060937 0.040625
2 0.581250 0.454688 0.016406 0.009375
2 0.567969 0.453125 0.025781 0.010156
2 0.503906 0.443750 0.049219 0.014844
2 0.535156 0.446875 0.012500 0.013281
2 0.548438 0.449219 0.013281 0.011719
2 0.215625 0.794531 0.135937 0.124219
2 0.425000 0.425781 0.060156 0.024219
2 0.465625 0.432031 0.030469 0.021094
2 0.491406 0.608594 0.010156 0.018750
1 0.582031 0.510156 0.007031 0.018750
1 0.364844 0.567187 0.024219 0.017969
1 0.354687 0.571875 0.025781 0.020313
1 0.330469 0.568750 0.025781 0.031250
1 0.290625 0.586719 0.029687 0.023438
1 0.309375 0.578125 0.027344 0.021094
2 0.557813 0.580469 0.025781 0.016406
2 0.548438 0.593750 0.007031 0.016406
2 0.574219 0.571875 0.015625 0.010156
2 0.585156 0.567969 0.010156 0.014063
2 0.478125 0.539844 0.036719 0.020313
1 0.563281 0.510938 0.011719 0.015625
1 0.555469 0.510938 0.021094 0.015625
1 0.559375 0.495312 0.019531 0.014844
1 0.529687 0.494531 0.005469 0.026562
1 0.528906 0.513281 0.005469 0.009375
1 0.522656 0.513281 0.007031 0.007031
1 0.504687 0.518750 0.027344 0.018750
1 0.512500 0.495312 0.026562 0.028125
1 0.500000 0.345313 0.008594 0.033594
1 0.490625 0.339062 0.008594 0.035156
1 0.468750 0.325781 0.010937 0.039844
1 0.480469 0.332813 0.010156 0.038281
1 0.480469 0.299219 0.010156 0.041406
1 0.468750 0.290625 0.010937 0.044531
1 0.457031 0.281250 0.012500 0.046875
1 0.432031 0.270313 0.035156 0.050000
1 0.457031 0.317969 0.012500 0.041406
1 0.442969 0.309375 0.013281 0.044531
1 0.415625 0.299219 0.040625 0.048438
1 0.385156 0.251563 0.021094 0.057031
1 0.362500 0.235937 0.024219 0.061719
1 0.336719 0.217969 0.027344 0.068750
1 0.306250 0.196094 0.032813 0.075781
1 0.271094 0.171094 0.037500 0.085156
1 0.229687 0.142187 0.045312 0.095312
1 0.172656 0.107031 0.069531 0.108594
1 0.384375 0.403125 0.021094 0.053125
1 0.361719 0.397656 0.024219 0.056250
1 0.335938 0.391406 0.027344 0.060937
1 0.335156 0.335938 0.027344 0.065625
1 0.305469 0.384375 0.032813 0.065625
1 0.270313 0.375781 0.037500 0.071875
1 0.228906 0.365625 0.045312 0.079687
1 0.174219 0.353125 0.064844 0.091406
1 0.304688 0.324219 0.032813 0.071094
1 0.269531 0.310156 0.038281 0.079687
1 0.214062 0.294531 0.073438 0.089063
2 0.252344 0.590625 0.044531 0.021094
2 0.425781 0.460938 0.017969 0.006250
2 0.406250 0.459375 0.028906 0.007031
2 0.032031 0.546875 0.064062 0.023438
2 0.211719 0.529687 0.056250 0.016406
2 0.250781 0.525781 0.049219 0.014063
2 0.285938 0.521875 0.042969 0.013281
2 0.315625 0.454688 0.037500 0.009375
2 0.341406 0.456250 0.028906 0.008594
2 0.364063 0.457031 0.014844 0.007031
2 0.366406 0.560937 0.033594 0.008594
2 0.277344 0.582031 0.034375 0.018750
2 0.034375 0.641406 0.068750 0.039062
2 0.204687 0.446094 0.053125 0.013281
2 0.246875 0.448437 0.034375 0.011719
1 0.410156 0.506250 0.016406 0.015625
1 0.106250 0.530469 0.035156 0.034375
2 0.393750 0.558594 0.024219 0.010156
2 0.392969 0.513281 0.022656 0.007031
1 0.370312 0.509375 0.006250 0.018750
1 0.362500 0.510156 0.008594 0.018750
1 0.352344 0.510938 0.012500 0.019531
1 0.357812 0.490625 0.017969 0.018750
1 0.340625 0.491406 0.008594 0.019531
1 0.341406 0.511719 0.009375 0.019531
1 0.331250 0.512500 0.009375 0.021094
1 0.315625 0.513281 0.021094 0.021875
1 0.325781 0.491406 0.020313 0.020313
1 0.162500 0.439063 0.021875 0.021094
1 0.149219 0.439063 0.005469 0.020313
1 0.082812 0.428125 0.015625 0.034375
1 0.060156 0.425781 0.029687 0.036719
1 0.028906 0.423438 0.032813 0.039062
1 0.006250 0.421094 0.012500 0.039062
1 0.082031 0.393750 0.015625 0.035937
1 0.059375 0.390625 0.029687 0.039062
1 0.025000 0.385937 0.039844 0.040625
1 0.111719 0.329688 0.008594 0.031250
1 0.082031 0.323437 0.013281 0.035156
1 0.060937 0.317969 0.029687 0.040625
1 0.029687 0.309375 0.032813 0.043750
1 0.006250 0.303125 0.012500 0.040625
2 0.715625 0.572656 0.029687 0.011719
