2 0.383594 0.846094 0.089844 0.058594
2 0.903125 0.535937 0.085156 0.025000
2 0.829688 0.534375 0.107031 0.025781
2 0.061719 0.697656 0.123438 0.030469
2 0.307812 0.696094 0.102344 0.031250
2 0.389844 0.694531 0.085156 0.029687
2 0.469531 0.694531 0.065625 0.030469
2 0.549219 0.529687 0.062500 0.021875
2 0.614844 0.532031 0.067969 0.020313
2 0.685937 0.532813 0.074219 0.021094
2 0.707812 0.836719 0.103906 0.053906
2 0.463281 0.842969 0.080469 0.056250
2 0.057031 0.856250 0.114062 0.062500
2 0.300781 0.521875 0.072656 0.028906
2 0.372656 0.523438 0.076563 0.028125
2 0.563281 0.842187 0.086719 0.056250
1 0.853125 0.676562 0.067969 0.053125
1 0.156250 0.680469 0.075781 0.060156
2 0.794531 0.833594 0.114062 0.050781
2 0.875781 0.836719 0.092969 0.039844
2 0.942969 0.833594 0.096875 0.040625
2 0.778906 0.692969 0.104688 0.021875
1 0.706250 0.676562 0.032031 0.053906
1 0.677344 0.676562 0.032031 0.053906
1 0.643750 0.677344 0.041406 0.054688
1 0.666406 0.624219 0.047656 0.051562
1 0.607812 0.623437 0.029687 0.053125
1 0.609375 0.678125 0.030469 0.053906
1 0.580469 0.678125 0.030469 0.054688
1 0.547656 0.678125 0.036719 0.055469
1 0.574219 0.623437 0.038281 0.053125
1 0.244531 0.508594 0.057031 0.050781
1 0.201563 0.507812 0.037500 0.050781
1 0.168750 0.507031 0.038281 0.050781
1 0.187500 0.456250 0.064062 0.051562
1 0.135156 0.506250 0.039062 0.050781
1 0.101562 0.505469 0.039844 0.051562
1 0.067969 0.504687 0.040625 0.051562
1 0.033594 0.503125 0.041406 0.053125
1 0.141406 0.454688 0.038281 0.051562
1 0.108594 0.453906 0.039844 0.051562
1 0.075000 0.453125 0.039844 0.051562
1 0.259375 0.364063 0.052344 0.061719
1 0.218750 0.353125 0.035156 0.042969
1 0.187500 0.351562 0.035156 0.043750
1 0.156250 0.349219 0.035937 0.043750
1 0.124219 0.347656 0.036719 0.043750
1 0.092188 0.346094 0.037500 0.044531
1 0.060156 0.344531 0.038281 0.044531
1 0.492969 0.385937 0.028125 0.042969
1 0.464844 0.384375 0.028906 0.042969
1 0.407813 0.382031 0.029687 0.043750
1 0.436719 0.383594 0.028906 0.042969
1 0.438281 0.340625 0.030469 0.045312
1 0.408594 0.338281 0.028906 0.045312
1 0.380469 0.337500 0.030469 0.046875
1 0.351562 0.335156 0.030469 0.046094
1 0.378125 0.380469 0.030469 0.042969
1 0.349219 0.378906 0.031250 0.043750
1 0.319531 0.377344 0.032031 0.043750
