2 0.449219 0.750000 0.073438 0.060937
2 0.960938 0.507031 0.076563 0.031250
2 0.273438 0.608594 0.056250 0.028125
2 0.396094 0.631250 0.072656 0.039062
2 0.449219 0.638281 0.074219 0.041406
2 0.499219 0.650000 0.063281 0.050000
2 0.571094 0.510156 0.061719 0.021875
2 0.642969 0.510938 0.081250 0.024219
2 0.739844 0.511719 0.102344 0.025781
2 0.753125 0.846875 0.107031 0.106250
2 0.503125 0.766406 0.075000 0.067969
2 0.280469 0.696875 0.064844 0.040625
2 0.390625 0.507031 0.070312 0.018750
2 0.431250 0.507812 0.071094 0.019531
2 0.582812 0.794531 0.078906 0.080469
1 0.989062 0.707031 0.020313 0.085938
1 0.317969 0.606250 0.038281 0.045312
2 0.889844 0.889062 0.155469 0.130469
2 0.974219 0.918750 0.050781 0.093750
2 0.896875 0.713281 0.139844 0.076563
1 0.753906 0.671875 0.041406 0.081250
1 0.713281 0.665625 0.040625 0.078125
1 0.677344 0.659375 0.035156 0.075000
1 0.713281 0.609375 0.040625 0.070312
1 0.632031 0.601562 0.033594 0.064062
1 0.632812 0.655469 0.033594 0.067969
1 0.600000 0.653906 0.029687 0.056250
1 0.571094 0.643750 0.028125 0.065625
1 0.602344 0.598437 0.033594 0.061719
1 0.354687 0.494531 0.037500 0.039062
1 0.327344 0.494531 0.016406 0.038281
1 0.311719 0.494531 0.014844 0.035937
1 0.322656 0.457813 0.037500 0.035937
1 0.296875 0.494531 0.014063 0.035937
1 0.282031 0.495312 0.014063 0.035156
1 0.268750 0.494531 0.013281 0.034375
1 0.255469 0.494531 0.012500 0.034375
1 0.296875 0.458594 0.014063 0.035937
1 0.282031 0.459375 0.014063 0.035156
1 0.268750 0.460156 0.013281 0.035156
1 0.355469 0.377344 0.037500 0.043750
1 0.328125 0.378125 0.016406 0.039062
1 0.312500 0.380469 0.014844 0.036719
1 0.297656 0.382812 0.014063 0.035937
1 0.282813 0.385156 0.014063 0.035156
1 0.269531 0.387500 0.012500 0.034375
1 0.256250 0.389844 0.012500 0.033594
1 0.525000 0.365625 0.036719 0.049219
1 0.493750 0.368750 0.024219 0.048438
1 0.447656 0.375781 0.021094 0.044531
1 0.470313 0.371875 0.022656 0.046094
1 0.477344 0.328125 0.036719 0.049219
1 0.447656 0.332813 0.021094 0.046875
1 0.426563 0.336719 0.020313 0.046094
1 0.406250 0.340625 0.019531 0.044531
1 0.426563 0.378906 0.020313 0.043750
1 0.406250 0.382031 0.019531 0.041406
1 0.386719 0.384375 0.017969 0.041406
