3 0.235937 0.613281 0.471875 0.770312
2 0.946094 0.430469 0.008594 0.022656
2 0.961719 0.420312 0.025781 0.027344
2 0.993750 0.348438 0.012500 0.052344
2 0.989844 0.376563 0.017969 0.034375
2 0.982031 0.392969 0.002344 0.007812
1 0.962500 0.521875 0.003125 0.017969
1 0.965625 0.531250 0.003906 0.041406
1 0.988281 0.531250 0.023438 0.043750
1 0.983594 0.488281 0.032813 0.044531
2 0.955469 0.635938 0.008594 0.023438
2 0.964063 0.647656 0.010937 0.027344
2 0.995313 0.692187 0.009375 0.034375
2 0.982812 0.663281 0.030469 0.035156
2 0.467187 0.640625 0.008594 0.017969
2 0.631250 0.465625 0.022656 0.012500
2 0.611719 0.462500 0.034375 0.012500
2 0.515625 0.441406 0.050000 0.019531
2 0.547656 0.448437 0.030469 0.015625
2 0.569531 0.453906 0.032813 0.014844
2 0.081250 0.730469 0.043750 0.053125
2 0.388281 0.409375 0.065625 0.030469
2 0.436719 0.420312 0.052344 0.023438
2 0.521094 0.622656 0.053906 0.025781
1 0.628125 0.528906 0.017969 0.022656
1 0.321875 0.548438 0.020313 0.014063
1 0.303906 0.549219 0.022656 0.017188
1 0.279687 0.544531 0.021094 0.026562
1 0.219531 0.553125 0.009375 0.017188
1 0.258594 0.549219 0.014844 0.014844
2 0.594531 0.603906 0.040625 0.015625
2 0.555469 0.614062 0.047656 0.020313
2 0.619531 0.599219 0.022656 0.014844
2 0.634375 0.594531 0.021094 0.012500
2 0.484375 0.541406 0.057813 0.017188
1 0.614844 0.529687 0.006250 0.023438
1 0.608594 0.529687 0.006250 0.023438
1 0.592187 0.528906 0.023438 0.024219
1 0.600000 0.504687 0.023438 0.024219
1 0.546094 0.500000 0.010937 0.029687
1 0.546094 0.530469 0.010937 0.030469
1 0.535156 0.530469 0.010937 0.030469
1 0.514844 0.530469 0.029687 0.032813
1 0.527344 0.498437 0.025781 0.030469
1 0.500000 0.337500 0.012500 0.035937
1 0.485938 0.328906 0.014063 0.037500
1 0.453125 0.312500 0.017188 0.040625
1 0.469531 0.321094 0.015625 0.038281
1 0.470313 0.287500 0.014844 0.043750
1 0.453906 0.278125 0.015625 0.046094
1 0.435937 0.267188 0.017969 0.047656
1 0.408594 0.257031 0.035937 0.050000
1 0.435937 0.305469 0.017969 0.042188
1 0.417187 0.294531 0.019531 0.044531
1 0.389062 0.282031 0.035156 0.042188
1 0.337500 0.235156 0.027344 0.055469
1 0.307812 0.219531 0.030469 0.059375
1 0.275781 0.201563 0.034375 0.064844
1 0.239063 0.182031 0.039062 0.070312
1 0.197656 0.159375 0.043750 0.075781
1 0.150781 0.134375 0.050000 0.082812
1 0.097656 0.104688 0.058594 0.090625
1 0.334375 0.389844 0.028906 0.035156
1 0.303906 0.382812 0.030469 0.038281
1 0.271094 0.375781 0.035156 0.040625
1 0.246094 0.371094 0.014063 0.032813
1 0.178125 0.341406 0.020313 0.064062
1 0.142969 0.330469 0.052344 0.073438
1 0.087500 0.315625 0.060937 0.082812
1 0.224219 0.282813 0.021094 0.035937
1 0.191406 0.280469 0.044531 0.067969
1 0.144531 0.267188 0.052344 0.082031
2 0.302344 0.594531 0.040625 0.014844
2 0.475781 0.484375 0.015625 0.008594
2 0.459375 0.482031 0.027344 0.008594
2 0.269531 0.536719 0.041406 0.009375
2 0.307031 0.535937 0.032813 0.008594
2 0.329688 0.535156 0.021094 0.008594
2 0.370312 0.473438 0.023438 0.010937
2 0.392969 0.475781 0.022656 0.009375
2 0.414062 0.478906 0.017188 0.008594
2 0.411719 0.580469 0.023438 0.011719
2 0.321094 0.590625 0.014063 0.011719
2 0.114062 0.615625 0.050000 0.023438
2 0.266406 0.462500 0.035156 0.012500
2 0.297656 0.465625 0.029687 0.011719
2 0.383594 0.585938 0.007812 0.009375
1 0.462500 0.526563 0.014844 0.012500
1 0.175000 0.529687 0.011719 0.027344
2 0.447656 0.578906 0.017188 0.008594
2 0.462500 0.575781 0.021094 0.009375
2 0.476562 0.574219 0.014844 0.007812
1 0.419531 0.524219 0.006250 0.007812
1 0.411719 0.524219 0.008594 0.007812
1 0.407813 0.509375 0.015625 0.017188
1 0.389062 0.509375 0.009375 0.017969
1 0.378906 0.524219 0.010937 0.009375
1 0.365625 0.525781 0.014844 0.014063
1 0.377344 0.509375 0.014063 0.020313
1 0.227344 0.451562 0.017969 0.024219
1 0.190625 0.447656 0.019531 0.026562
1 0.198437 0.430469 0.003125 0.009375
1 0.169531 0.445312 0.021094 0.026562
1 0.147656 0.442188 0.021094 0.029687
1 0.125781 0.440625 0.023438 0.029687
1 0.100781 0.437500 0.025781 0.032031
1 0.169531 0.417969 0.020313 0.023438
1 0.148438 0.416406 0.022656 0.026562
1 0.125781 0.412500 0.023438 0.027344
2 0.785156 0.597656 0.059375 0.021094
2 0.544531 0.562500 0.025781 0.007812
