3 0.037500 0.696875 0.075000 0.210938
2 0.431250 0.579688 0.074219 0.090625
2 0.575000 0.420312 0.107031 0.131250
2 0.664844 0.461719 0.125000 0.148438
2 0.803125 0.531250 0.152344 0.161719
2 0.266406 0.454688 0.066406 0.060937
2 0.339844 0.318750 0.096875 0.085938
2 0.389062 0.342187 0.100781 0.095312
2 0.560937 0.680469 0.084375 0.125781
1 0.332813 0.410938 0.019531 0.029687
1 0.312500 0.410938 0.023438 0.025781
1 0.310156 0.390625 0.024219 0.029687
1 0.281250 0.384375 0.022656 0.025781
1 0.298438 0.385937 0.020313 0.026562
2 0.847656 0.890625 0.128125 0.203906
2 0.661719 0.756250 0.091406 0.151562
2 0.944531 0.959375 0.082812 0.079687
2 0.482031 0.528906 0.088281 0.121094
1 0.968750 0.806250 0.060937 0.175000
1 0.921094 0.771094 0.103906 0.163281
1 0.975781 0.764062 0.047656 0.128125
1 0.631250 0.561719 0.050781 0.093750
1 0.627344 0.603906 0.053125 0.096094
1 0.586719 0.596875 0.038281 0.063281
1 0.557031 0.553125 0.040625 0.107031
1 0.595313 0.540625 0.046875 0.089844
1 0.509375 0.189844 0.066406 0.113281
1 0.470313 0.181250 0.066406 0.108594
1 0.389062 0.173437 0.037500 0.083594
1 0.421875 0.181250 0.038281 0.085938
1 0.432031 0.092969 0.073438 0.103906
1 0.396094 0.087500 0.069531 0.099219
1 0.364063 0.082812 0.067969 0.095312
1 0.334375 0.078125 0.064844 0.091406
1 0.359375 0.164844 0.036719 0.079687
1 0.331250 0.157812 0.035937 0.076563
1 0.306250 0.146094 0.035156 0.083594
1 0.264062 0.105469 0.069531 0.080469
1 0.238281 0.101562 0.059375 0.076563
1 0.214844 0.096094 0.052344 0.075781
1 0.200000 0.092188 0.058594 0.073438
1 0.182812 0.088281 0.057031 0.071094
1 0.166406 0.085156 0.057031 0.068750
1 0.150781 0.082031 0.055469 0.067969
1 0.296875 0.275781 0.060156 0.078125
1 0.273438 0.267969 0.051562 0.075000
1 0.243750 0.268750 0.027344 0.054688
1 0.248438 0.210938 0.061719 0.074219
1 0.227344 0.260937 0.027344 0.053125
1 0.210938 0.253125 0.027344 0.050781
1 0.195312 0.246094 0.026562 0.050781
1 0.181250 0.236719 0.025781 0.054688
1 0.226562 0.203906 0.052344 0.071094
1 0.210156 0.198437 0.052344 0.069531
1 0.194531 0.192188 0.050781 0.067969
2 0.575781 0.309375 0.032031 0.016406
2 0.973437 0.215625 0.051562 0.043750
2 0.919531 0.205469 0.081250 0.044531
2 0.556250 0.216406 0.029687 0.010156
2 0.589063 0.224219 0.035156 0.011719
2 0.625781 0.233594 0.031250 0.011719
2 0.678906 0.164062 0.045312 0.034375
2 0.721094 0.171875 0.052344 0.035937
2 0.775781 0.183594 0.056250 0.035156
2 0.739062 0.367969 0.045312 0.023438
2 0.610156 0.321094 0.035156 0.017969
2 0.457031 0.266406 0.026562 0.013281
2 0.550000 0.140625 0.040625 0.025781
2 0.580469 0.146875 0.041406 0.029687
2 0.656250 0.339062 0.038281 0.020313
1 0.890625 0.296094 0.045312 0.029687
2 0.798438 0.389062 0.050781 0.025781
2 0.850000 0.407031 0.055469 0.028125
2 0.899219 0.425000 0.046875 0.024219
2 0.822656 0.285938 0.051562 0.019531
1 0.764062 0.261719 0.022656 0.025781
1 0.743750 0.257031 0.021094 0.025000
1 0.725000 0.251563 0.021094 0.024219
1 0.748437 0.236719 0.026562 0.046875
1 0.703906 0.226562 0.025000 0.045312
1 0.700781 0.247656 0.021094 0.019531
1 0.682031 0.246875 0.017969 0.011719
1 0.665625 0.236719 0.019531 0.021875
1 0.686719 0.221875 0.025000 0.044531
1 0.510938 0.121875 0.004687 0.023438
1 0.503906 0.119531 0.017969 0.028125
1 0.488281 0.119531 0.012500 0.021094
1 0.492969 0.092969 0.022656 0.035156
1 0.475781 0.117188 0.012500 0.021094
1 0.479687 0.090625 0.021094 0.035156
1 0.473438 0.089063 0.010937 0.033594
1 0.521875 0.031250 0.023438 0.034375
1 0.504687 0.030469 0.017969 0.035937
1 0.492188 0.028906 0.021094 0.035156
1 0.478906 0.028125 0.020313 0.035156
1 0.466406 0.026562 0.021094 0.035156
1 0.453906 0.025781 0.021875 0.033594
1 0.441406 0.024219 0.021875 0.032031
1 0.655469 0.056250 0.022656 0.042969
1 0.638281 0.054688 0.026562 0.042969
1 0.600781 0.053125 0.019531 0.035937
1 0.617969 0.055469 0.020313 0.038281
1 0.624219 0.017969 0.026562 0.035937
1 0.603125 0.017969 0.019531 0.035156
1 0.585938 0.017188 0.018750 0.034375
1 0.571875 0.016406 0.013281 0.032031
1 0.583594 0.051562 0.017969 0.035937
1 0.569531 0.050781 0.012500 0.035156
1 0.547656 0.046875 0.007812 0.036719
