3 0.335938 0.760156 0.282031 0.477344
2 0.907031 0.873437 0.017969 0.117188
2 0.970313 0.744531 0.059375 0.126562
2 0.954688 0.682813 0.088281 0.084375
2 0.951562 0.640625 0.096875 0.069531
2 0.934375 0.434375 0.085156 0.027344
2 0.938281 0.437500 0.072656 0.020313
2 0.950781 0.414844 0.053125 0.053125
2 0.946875 0.424219 0.059375 0.041406
2 0.909375 0.744531 0.009375 0.061719
1 0.903906 0.544531 0.002344 0.037500
1 0.917188 0.505469 0.025781 0.037500
1 0.946875 0.525781 0.065625 0.053125
1 0.914062 0.562500 0.002344 0.017188
1 0.952344 0.589844 0.075781 0.062500
1 0.950000 0.534375 0.072656 0.064844
1 0.945312 0.116406 0.003125 0.047656
1 0.984375 0.082812 0.030469 0.056250
1 0.987500 0.349219 0.023438 0.155469
1 0.996094 0.346094 0.007812 0.152344
2 0.901563 0.693750 0.009375 0.038281
2 0.897656 0.659375 0.002344 0.019531
2 0.447656 0.628906 0.056250 0.037500
2 0.626563 0.446094 0.012500 0.008594
2 0.603125 0.445312 0.034375 0.009375
2 0.514062 0.444531 0.044531 0.012500
2 0.542969 0.445312 0.028906 0.011719
2 0.564063 0.446094 0.028906 0.010937
2 0.214062 0.728125 0.093750 0.071094
2 0.402344 0.441406 0.061719 0.017188
2 0.444531 0.442188 0.044531 0.014844
2 0.517969 0.601562 0.046875 0.028906
1 0.616406 0.503906 0.020313 0.021094
1 0.350000 0.563281 0.017188 0.014063
1 0.336719 0.567187 0.017969 0.017188
1 0.319531 0.566406 0.014063 0.022656
1 0.277344 0.578125 0.019531 0.020313
1 0.297656 0.571094 0.015625 0.017969
2 0.586719 0.575781 0.037500 0.015625
2 0.550000 0.590625 0.042188 0.021094
2 0.609375 0.569531 0.020313 0.015625
2 0.622656 0.562500 0.020313 0.014844
2 0.484375 0.537500 0.052344 0.023438
1 0.605469 0.507031 0.005469 0.022656
1 0.599219 0.509375 0.008594 0.022656
1 0.585938 0.509375 0.022656 0.024219
1 0.592187 0.485938 0.021094 0.023438
1 0.535937 0.491406 0.019531 0.027344
1 0.540625 0.520312 0.009375 0.027344
1 0.531250 0.521094 0.009375 0.027344
1 0.512500 0.522656 0.025781 0.032031
1 0.524219 0.492969 0.023438 0.028906
1 0.499219 0.353906 0.011719 0.032031
1 0.487500 0.350781 0.012500 0.034375
1 0.458594 0.344531 0.014844 0.035156
1 0.472656 0.346875 0.014063 0.034375
1 0.472656 0.315625 0.014063 0.037500
1 0.458594 0.309375 0.014844 0.038281
1 0.442969 0.304688 0.015625 0.041406
1 0.418750 0.298438 0.032813 0.041406
1 0.442188 0.339062 0.014844 0.037500
1 0.425781 0.334375 0.015625 0.037500
1 0.402344 0.329688 0.028906 0.040625
1 0.358594 0.300000 0.023438 0.046875
1 0.334375 0.292187 0.024219 0.049219
1 0.307812 0.285156 0.028906 0.050781
1 0.278906 0.275781 0.032031 0.055469
1 0.246094 0.266406 0.035156 0.058594
1 0.211719 0.255469 0.038281 0.062500
1 0.169531 0.243750 0.046094 0.065625
1 0.358594 0.427344 0.023438 0.042188
1 0.335156 0.426563 0.025781 0.044531
1 0.308594 0.425781 0.027344 0.044531
1 0.307812 0.379688 0.027344 0.049219
1 0.278906 0.424219 0.030469 0.047656
1 0.247656 0.423438 0.034375 0.050781
1 0.212500 0.420312 0.038281 0.053125
1 0.172656 0.418750 0.044531 0.058594
1 0.278906 0.376563 0.032031 0.050781
1 0.246875 0.372656 0.034375 0.053125
1 0.209375 0.367969 0.043750 0.057813
2 0.321094 0.560937 0.035937 0.014063
2 0.478906 0.447656 0.014063 0.003906
2 0.466406 0.447656 0.020313 0.003906
2 0.167187 0.525000 0.040625 0.015625
2 0.292187 0.513281 0.037500 0.014063
2 0.321094 0.509375 0.035937 0.012500
2 0.350000 0.507031 0.029687 0.011719
2 0.337500 0.556250 0.010937 0.006250
2 0.162500 0.592187 0.029687 0.023438
1 0.465625 0.490625 0.014844 0.015625
1 0.218750 0.512500 0.028906 0.025781
2 0.446094 0.498437 0.027344 0.007812
1 0.426563 0.494531 0.008594 0.017188
1 0.416406 0.496094 0.011719 0.017188
1 0.408594 0.496094 0.010937 0.017969
1 0.414844 0.478906 0.014844 0.017188
1 0.398438 0.479687 0.009375 0.019531
1 0.399219 0.497656 0.008594 0.017188
1 0.392188 0.498437 0.003125 0.015625
1 0.376563 0.498437 0.012500 0.020313
1 0.385937 0.480469 0.015625 0.017969
1 0.146875 0.435937 0.008594 0.023438
1 0.179688 0.359375 0.012500 0.026562
1 0.163281 0.356250 0.020313 0.027344
1 0.146875 0.355469 0.012500 0.027344
1 0.358594 0.390625 0.008594 0.020313
1 0.348438 0.389844 0.011719 0.020313
1 0.325781 0.387500 0.009375 0.020313
1 0.337500 0.389062 0.011719 0.020313
1 0.336719 0.368750 0.011719 0.020313
1 0.325000 0.366406 0.011719 0.022656
1 0.312500 0.357031 0.011719 0.005469
1 0.296875 0.353906 0.017188 0.006250
2 0.750781 0.579688 0.049219 0.023438
2 0.550000 0.521094 0.008594 0.005469
