2 0.981250 0.981250 0.035156 0.035156
2 0.978906 0.674219 0.014844 0.048438
2 0.975000 0.716406 0.008594 0.056250
2 0.982031 0.901563 0.032031 0.111719
2 0.982031 0.771875 0.025781 0.076563
2 0.438281 0.653125 0.062500 0.078125
2 0.653125 0.357031 0.041406 0.024219
2 0.635156 0.366406 0.042969 0.026562
2 0.519531 0.420312 0.055469 0.042969
2 0.547656 0.406250 0.055469 0.035937
2 0.580469 0.393750 0.045312 0.032031
2 0.173437 0.869531 0.100781 0.159375
2 0.371875 0.492969 0.075000 0.070312
2 0.419531 0.470313 0.070312 0.060937
2 0.522656 0.586719 0.053125 0.057031
1 0.646875 0.426563 0.025781 0.032031
1 0.317188 0.637500 0.020313 0.032031
1 0.300000 0.656250 0.021094 0.035937
1 0.278125 0.654687 0.021094 0.046094
1 0.228906 0.696875 0.021875 0.040625
1 0.254688 0.671094 0.021094 0.036719
2 0.604688 0.524219 0.043750 0.030469
2 0.561719 0.560937 0.048438 0.039062
2 0.632812 0.507812 0.025781 0.028906
2 0.648438 0.493750 0.026562 0.025781
2 0.482031 0.543750 0.059375 0.060937
1 0.633594 0.439844 0.009375 0.031250
1 0.620313 0.446094 0.019531 0.029687
1 0.608594 0.448437 0.027344 0.038281
1 0.618750 0.418750 0.027344 0.035156
1 0.545312 0.461719 0.026562 0.044531
1 0.551562 0.495312 0.012500 0.035156
1 0.531250 0.501563 0.029687 0.041406
1 0.517188 0.506250 0.030469 0.050781
1 0.531250 0.469531 0.030469 0.046094
1 0.489844 0.325000 0.034375 0.048438
1 0.480469 0.328906 0.018750 0.050781
1 0.440625 0.341406 0.022656 0.048438
1 0.461719 0.336719 0.020313 0.046094
1 0.451562 0.291406 0.038281 0.050781
1 0.430469 0.293750 0.040625 0.053125
1 0.408594 0.298438 0.041406 0.055469
1 0.383594 0.301563 0.044531 0.058594
1 0.418750 0.346875 0.024219 0.050000
1 0.394531 0.353125 0.027344 0.053125
1 0.360938 0.355469 0.045312 0.064062
1 0.287500 0.350000 0.050781 0.071875
1 0.250781 0.357031 0.053906 0.075781
1 0.210938 0.365625 0.057031 0.081250
1 0.166406 0.374219 0.061719 0.088281
1 0.114062 0.384375 0.070312 0.093750
1 0.054688 0.396094 0.082031 0.101562
1 0.017188 0.404687 0.034375 0.101562
1 0.303906 0.503125 0.046094 0.078906
1 0.273438 0.517969 0.044531 0.083594
1 0.239063 0.544531 0.046094 0.066406
1 0.228125 0.482031 0.053906 0.086719
1 0.199219 0.561719 0.052344 0.070312
1 0.153125 0.581250 0.058594 0.078906
1 0.103906 0.605469 0.067969 0.079687
1 0.046875 0.615625 0.078125 0.115625
1 0.187500 0.496875 0.056250 0.093750
1 0.140625 0.513281 0.062500 0.100781
1 0.087500 0.531250 0.071875 0.109375
2 0.325000 0.471875 0.025781 0.025000
2 0.140625 0.464844 0.050781 0.020313
2 0.281250 0.432812 0.042188 0.030469
2 0.314063 0.420312 0.037500 0.028125
2 0.353906 0.415625 0.021875 0.015625
2 0.431250 0.431250 0.030469 0.021094
2 0.350000 0.459375 0.035937 0.021875
2 0.384375 0.447656 0.033594 0.021094
1 0.478906 0.371875 0.013281 0.006250
1 0.200000 0.442188 0.032031 0.023438
2 0.457031 0.423438 0.028906 0.016406
2 0.477344 0.415625 0.017188 0.015625
2 0.496094 0.403906 0.021094 0.005469
2 0.457813 0.378906 0.025781 0.010937
1 0.433594 0.386719 0.008594 0.007031
1 0.424219 0.390625 0.008594 0.006250
1 0.412500 0.393750 0.013281 0.007031
1 0.401562 0.397656 0.010156 0.006250
1 0.390625 0.400781 0.010156 0.007031
1 0.378125 0.403906 0.014844 0.008594
1 0.182031 0.328125 0.021094 0.007031
1 0.161719 0.330469 0.021094 0.007031
1 0.139844 0.333594 0.022656 0.008594
1 0.117188 0.336719 0.023438 0.007031
1 0.214844 0.278906 0.025000 0.032031
1 0.195312 0.281250 0.025781 0.032031
1 0.175000 0.282813 0.026562 0.034375
1 0.153906 0.284375 0.027344 0.034375
1 0.131250 0.286719 0.028906 0.035937
1 0.107813 0.289062 0.030469 0.036719
1 0.082812 0.291406 0.032813 0.038281
1 0.344531 0.276562 0.019531 0.025781
1 0.334375 0.278125 0.014063 0.026562
1 0.306250 0.282813 0.017188 0.025000
1 0.317188 0.281250 0.005469 0.024219
1 0.312500 0.255469 0.008594 0.025781
1 0.300781 0.256250 0.018750 0.025781
1 0.286719 0.257031 0.019531 0.028125
1 0.270313 0.258594 0.023438 0.028906
1 0.291406 0.284375 0.017969 0.025781
1 0.275781 0.285938 0.018750 0.026562
1 0.257812 0.285938 0.023438 0.029687
2 0.800781 0.581250 0.060156 0.057031
