2 0.790625 0.965625 0.004687 0.014844
2 0.841406 0.486719 0.003906 0.015625
2 0.839844 0.503125 0.003125 0.025000
2 0.828906 0.610938 0.025000 0.054688
2 0.834375 0.571094 0.008594 0.028125
2 0.825781 0.834375 0.027344 0.135156
2 0.827344 0.732031 0.012500 0.066406
2 0.810156 0.828125 0.009375 0.038281
1 0.864844 0.491406 0.011719 0.063281
1 0.864844 0.501563 0.010156 0.067969
1 0.864062 0.507031 0.007812 0.055469
1 0.917969 0.444531 0.097656 0.063281
1 0.935937 0.428906 0.085156 0.017969
1 0.941406 0.439063 0.100000 0.021875
1 0.938281 0.500781 0.122656 0.128125
1 0.932031 0.594531 0.135156 0.116406
1 0.936719 0.633594 0.125781 0.155469
1 0.938281 0.684375 0.122656 0.185156
1 0.940625 0.753906 0.117969 0.229687
1 0.943750 0.853125 0.111719 0.291406
1 0.949219 0.906250 0.100000 0.185156
1 0.832812 0.953906 0.007812 0.090625
1 0.834375 0.991406 0.002344 0.014844
2 0.427344 0.678125 0.053125 0.057031
2 0.589844 0.436719 0.032031 0.016406
2 0.576562 0.442969 0.032031 0.019531
2 0.200000 0.755469 0.092969 0.105469
2 0.389844 0.632812 0.061719 0.058594
2 0.425781 0.604688 0.055469 0.050000
2 0.460938 0.583594 0.049219 0.042969
2 0.489063 0.483594 0.044531 0.028906
2 0.510156 0.472656 0.042969 0.025000
2 0.535156 0.464062 0.035156 0.021875
2 0.535937 0.588281 0.038281 0.034375
2 0.457813 0.651563 0.048438 0.050000
2 0.216406 0.855469 0.088281 0.119531
2 0.379688 0.535156 0.061719 0.046094
2 0.414062 0.519531 0.057031 0.040625
2 0.493750 0.624219 0.043750 0.043750
1 0.579688 0.499219 0.017188 0.025781
1 0.289062 0.684375 0.042969 0.069531
2 0.557813 0.573438 0.035156 0.024219
2 0.579688 0.559375 0.019531 0.021875
2 0.592969 0.548438 0.019531 0.020313
2 0.558594 0.518750 0.031250 0.018750
1 0.543750 0.525000 0.007812 0.029687
1 0.530469 0.532031 0.017969 0.026562
1 0.525781 0.534375 0.011719 0.032031
1 0.528125 0.506250 0.022656 0.032031
1 0.507812 0.517969 0.024219 0.035156
1 0.514844 0.544531 0.008594 0.028906
1 0.505469 0.551562 0.009375 0.030469
1 0.488281 0.555469 0.025000 0.038281
1 0.499219 0.523438 0.022656 0.036719
1 0.329688 0.542188 0.038281 0.056250
1 0.312500 0.552344 0.027344 0.060156
1 0.287500 0.569531 0.029687 0.051562
1 0.278125 0.521875 0.042188 0.060937
1 0.258594 0.581250 0.033594 0.053906
1 0.228125 0.595313 0.036719 0.057031
1 0.193750 0.610156 0.041406 0.060937
1 0.152344 0.617969 0.052344 0.085156
1 0.249219 0.532031 0.044531 0.064844
1 0.217969 0.543750 0.046875 0.070312
1 0.183594 0.555469 0.050000 0.074219
1 0.323437 0.424219 0.039062 0.050000
1 0.299219 0.428125 0.041406 0.053125
1 0.272656 0.433594 0.043750 0.055469
1 0.242969 0.439063 0.046094 0.058594
1 0.210156 0.445312 0.048438 0.063281
1 0.174219 0.453125 0.051562 0.066406
1 0.133594 0.460156 0.055469 0.071875
1 0.467187 0.408594 0.025781 0.035156
1 0.460938 0.411719 0.013281 0.035937
1 0.432031 0.419531 0.015625 0.035156
1 0.446875 0.416406 0.014063 0.034375
1 0.439063 0.382812 0.029687 0.035937
1 0.425000 0.384375 0.028125 0.038281
1 0.408594 0.386719 0.031250 0.039062
1 0.390625 0.389844 0.034375 0.040625
1 0.416406 0.423438 0.016406 0.036719
1 0.400000 0.426563 0.017969 0.039062
1 0.375781 0.428906 0.032031 0.044531
2 0.674219 0.535937 0.030469 0.023438
