2 0.421094 0.696094 0.074219 0.114062
2 0.732812 0.221094 0.062500 0.050781
2 0.704688 0.241406 0.069531 0.057813
2 0.532813 0.374219 0.084375 0.100000
2 0.575781 0.337500 0.084375 0.082812
2 0.625781 0.307812 0.067969 0.070312
2 0.107813 0.984375 0.035156 0.028906
2 0.289062 0.577344 0.117188 0.185938
2 0.370312 0.512500 0.108594 0.157812
2 0.533594 0.575781 0.067187 0.088281
1 0.712500 0.317188 0.037500 0.050000
1 0.234375 0.749219 0.029687 0.061719
1 0.206250 0.790625 0.032031 0.067187
1 0.175000 0.791406 0.032813 0.076563
1 0.099219 0.880469 0.034375 0.077344
1 0.140625 0.822656 0.032031 0.070312
2 0.645312 0.460938 0.056250 0.050000
2 0.585938 0.525781 0.061719 0.061719
2 0.681250 0.430469 0.035156 0.046875
2 0.704688 0.405469 0.032813 0.042188
2 0.475781 0.553906 0.082812 0.122656
1 0.692187 0.346094 0.017188 0.046094
1 0.671094 0.357031 0.035937 0.050000
1 0.656250 0.362500 0.040625 0.061719
1 0.675000 0.325000 0.041406 0.047656
1 0.575781 0.423438 0.024219 0.059375
1 0.575000 0.462500 0.020313 0.049219
1 0.546094 0.473438 0.041406 0.064062
1 0.527344 0.482812 0.042188 0.082812
1 0.548438 0.439063 0.043750 0.061719
1 0.484375 0.249219 0.061719 0.106250
1 0.464062 0.265625 0.038281 0.112500
1 0.389062 0.321094 0.049219 0.092188
1 0.428906 0.299219 0.041406 0.089063
1 0.410156 0.210938 0.073438 0.122656
1 0.367969 0.228125 0.078906 0.130469
1 0.321094 0.248438 0.085156 0.141406
1 0.269531 0.270313 0.092188 0.150781
1 0.346094 0.344531 0.057813 0.097656
1 0.296875 0.371094 0.067969 0.103906
1 0.235937 0.377344 0.091406 0.156250
1 0.062500 0.424219 0.124219 0.194531
1 0.021094 0.453125 0.042188 0.187500
1 0.165625 0.630469 0.087500 0.162500
1 0.102344 0.675781 0.100781 0.176563
1 0.046094 0.725781 0.091406 0.190625
1 0.028906 0.671094 0.057813 0.167969
1 0.010156 0.821094 0.020313 0.035937
2 0.503906 0.105469 0.034375 0.025781
2 0.482031 0.114062 0.040625 0.025781
2 0.221094 0.299219 0.049219 0.035937
2 0.339844 0.159375 0.043750 0.034375
2 0.373437 0.149219 0.046875 0.032031
2 0.410938 0.139063 0.043750 0.028906
2 0.190625 0.212500 0.053906 0.050000
2 0.234375 0.197656 0.050000 0.046094
1 0.487500 0.182812 0.021094 0.029687
1 0.112500 0.341406 0.044531 0.049219
2 0.460938 0.201563 0.028906 0.015625
1 0.132031 0.215625 0.038281 0.057813
1 0.110937 0.221094 0.029687 0.053125
1 0.078906 0.223438 0.003906 0.008594
1 0.067187 0.191406 0.021094 0.050781
1 0.045312 0.250000 0.039062 0.044531
1 0.021094 0.258594 0.042188 0.049219
1 0.005469 0.272656 0.010937 0.026562
1 0.026562 0.203906 0.042188 0.058594
1 0.012500 0.209375 0.024219 0.062500
1 0.089844 0.091406 0.046094 0.059375
1 0.064062 0.096094 0.037500 0.058594
1 0.031250 0.101562 0.024219 0.056250
1 0.004687 0.127344 0.009375 0.023438
1 0.291406 0.071094 0.032031 0.047656
1 0.273438 0.075000 0.027344 0.047656
1 0.231250 0.086719 0.030469 0.043750
1 0.253906 0.082812 0.028906 0.042188
1 0.242188 0.039062 0.035937 0.049219
1 0.220312 0.042969 0.035937 0.050000
1 0.197656 0.046094 0.037500 0.052344
1 0.172656 0.050000 0.039062 0.053125
1 0.209375 0.091406 0.032813 0.044531
1 0.185938 0.096094 0.035156 0.044531
1 0.159375 0.096875 0.038281 0.055469
2 0.915625 0.603906 0.091406 0.112500
