2 0.415625 0.685156 0.078906 0.068750
2 0.701562 0.420312 0.042969 0.013281
2 0.674219 0.419531 0.053906 0.013281
2 0.528125 0.419531 0.064844 0.017969
2 0.565625 0.420312 0.064062 0.016406
2 0.609375 0.421094 0.047656 0.014844
2 0.043750 0.823438 0.087500 0.115625
2 0.333594 0.414844 0.077344 0.025781
2 0.403906 0.416406 0.061719 0.023438
2 0.534375 0.642969 0.067969 0.050000
1 0.695312 0.501563 0.032031 0.030469
1 0.249219 0.593750 0.020313 0.028125
1 0.219531 0.602344 0.022656 0.030469
1 0.192969 0.595313 0.025000 0.044531
1 0.116406 0.620313 0.034375 0.035156
1 0.160156 0.606250 0.028906 0.031250
2 0.645312 0.603125 0.055469 0.028906
2 0.587500 0.626563 0.061719 0.033594
2 0.680469 0.593750 0.033594 0.024219
2 0.703125 0.584375 0.032031 0.023438
2 0.477344 0.553906 0.071094 0.041406
1 0.677344 0.506250 0.010937 0.032031
1 0.660937 0.508594 0.023438 0.033594
1 0.645312 0.509375 0.032031 0.035156
1 0.658594 0.476562 0.028906 0.033594
1 0.562500 0.487500 0.030469 0.041406
1 0.569531 0.526563 0.016406 0.039844
1 0.553125 0.529687 0.016406 0.040625
1 0.526563 0.530469 0.035937 0.048438
1 0.543750 0.489063 0.035937 0.042969
1 0.498437 0.284375 0.021875 0.048438
1 0.475781 0.278906 0.022656 0.050000
1 0.425000 0.266406 0.027344 0.055469
1 0.451562 0.273438 0.025000 0.051562
1 0.450781 0.224219 0.025000 0.057031
1 0.425000 0.215625 0.027344 0.059375
1 0.396094 0.206250 0.030469 0.063281
1 0.360156 0.196094 0.041406 0.066406
1 0.396875 0.259375 0.029687 0.057031
1 0.365625 0.252344 0.032813 0.060156
1 0.329688 0.243750 0.042188 0.064844
1 0.238281 0.192969 0.046875 0.075000
1 0.189844 0.179688 0.053125 0.079687
1 0.136719 0.164062 0.059375 0.085938
1 0.076563 0.148438 0.067187 0.092969
1 0.023438 0.132812 0.046875 0.090625
1 0.242188 0.394531 0.045312 0.066406
1 0.196094 0.392188 0.052344 0.069531
1 0.144531 0.390625 0.057813 0.073438
1 0.144531 0.318750 0.066406 0.078125
1 0.086719 0.388281 0.065625 0.078125
1 0.031250 0.385937 0.062500 0.081250
1 0.082031 0.311719 0.065625 0.082031
1 0.026562 0.305469 0.053125 0.085938
2 0.332031 0.554688 0.036719 0.020313
2 0.149219 0.510938 0.058594 0.020313
2 0.294531 0.499219 0.039844 0.016406
2 0.331250 0.495312 0.038281 0.014844
2 0.365625 0.492969 0.032813 0.014844
2 0.436719 0.424219 0.003906 0.006250
2 0.453125 0.425000 0.027344 0.005469
2 0.455469 0.533594 0.032031 0.011719
2 0.364844 0.548438 0.036719 0.017969
2 0.155469 0.583594 0.057031 0.029687
2 0.275781 0.423438 0.010156 0.008594
2 0.317969 0.423438 0.003125 0.008594
2 0.404687 0.543750 0.031250 0.016406
1 0.506250 0.475000 0.011719 0.018750
1 0.211719 0.497656 0.034375 0.028906
2 0.483594 0.530469 0.031250 0.009375
2 0.502344 0.528906 0.011719 0.009375
2 0.483594 0.482812 0.031250 0.008594
1 0.457813 0.478906 0.010156 0.020313
1 0.444531 0.480469 0.015625 0.021094
1 0.435156 0.480469 0.014844 0.021875
1 0.444531 0.460156 0.016406 0.020313
1 0.420312 0.461719 0.014844 0.021094
1 0.422656 0.482031 0.010937 0.020313
1 0.411719 0.483594 0.010937 0.020313
1 0.397656 0.483594 0.016406 0.021875
1 0.408594 0.461719 0.016406 0.021094
1 0.246094 0.335156 0.018750 0.028125
1 0.227344 0.332813 0.019531 0.028906
1 0.207813 0.330469 0.020313 0.029687
1 0.187500 0.328906 0.021094 0.029687
1 0.177344 0.327344 0.002344 0.028906
1 0.374219 0.358594 0.013281 0.023438
1 0.360938 0.357031 0.013281 0.024219
1 0.332813 0.354687 0.014844 0.024219
1 0.346875 0.356250 0.014063 0.023438
1 0.346875 0.332031 0.014063 0.024219
1 0.332031 0.331250 0.014844 0.025000
1 0.317188 0.328906 0.014844 0.025781
1 0.301563 0.326562 0.017188 0.025781
1 0.317969 0.353125 0.014844 0.025000
1 0.303125 0.351562 0.016406 0.025000
1 0.286719 0.350781 0.017969 0.025000
2 0.937500 0.652344 0.110937 0.064062
2 0.600781 0.516406 0.032031 0.013281
