2 0.446875 0.641406 0.063281 0.071875
2 0.986719 0.527344 0.025781 0.026562
2 0.935156 0.542969 0.128906 0.094531
2 0.260937 0.501563 0.067187 0.050000
2 0.390625 0.546875 0.069531 0.063281
2 0.443750 0.558594 0.068750 0.066406
2 0.495312 0.578125 0.058594 0.078906
2 0.568750 0.469531 0.065625 0.070312
2 0.632812 0.482031 0.076563 0.071094
2 0.719531 0.503125 0.092188 0.068750
2 0.692969 0.735156 0.075781 0.100000
2 0.493750 0.659375 0.057813 0.078125
2 0.276562 0.578125 0.064844 0.055469
2 0.376563 0.433594 0.072656 0.056250
2 0.421094 0.442969 0.071094 0.060156
2 0.564844 0.689063 0.063281 0.085938
1 0.914062 0.686719 0.082031 0.104688
1 0.306250 0.509375 0.039844 0.057031
2 0.783594 0.768750 0.094531 0.111719
2 0.873437 0.810937 0.098437 0.096875
2 0.952344 0.839844 0.093750 0.105469
2 0.808594 0.662500 0.106250 0.099219
1 0.712500 0.623437 0.038281 0.083594
1 0.681250 0.613281 0.035937 0.083594
1 0.650781 0.604688 0.033594 0.081250
1 0.685937 0.575781 0.039844 0.076563
1 0.616406 0.557031 0.031250 0.071875
1 0.613281 0.610156 0.030469 0.046094
1 0.585938 0.602344 0.028125 0.045312
1 0.560937 0.579688 0.028906 0.074219
1 0.589844 0.550781 0.031250 0.071094
1 0.334375 0.409375 0.042969 0.057031
1 0.313281 0.405469 0.039844 0.056250
1 0.285938 0.408594 0.022656 0.039844
1 0.292187 0.364063 0.046094 0.053906
1 0.268750 0.405469 0.022656 0.039844
1 0.251563 0.401562 0.022656 0.039062
1 0.234375 0.398438 0.021875 0.039062
1 0.217969 0.391406 0.021875 0.045312
1 0.271875 0.361719 0.041406 0.053125
1 0.253906 0.358594 0.041406 0.051562
1 0.237500 0.355469 0.041406 0.050000
1 0.321875 0.284375 0.047656 0.053906
1 0.297656 0.282031 0.041406 0.053125
1 0.279687 0.280469 0.042969 0.051562
1 0.259375 0.278125 0.042188 0.050781
1 0.242969 0.276562 0.045312 0.050000
1 0.225000 0.275781 0.042969 0.049219
1 0.207031 0.274219 0.042969 0.048438
1 0.520312 0.322656 0.037500 0.065625
1 0.492188 0.319531 0.038281 0.064062
1 0.434375 0.319531 0.026562 0.051562
1 0.460156 0.321875 0.027344 0.051562
1 0.465625 0.267188 0.041406 0.060156
1 0.439063 0.265625 0.041406 0.059375
1 0.414062 0.264062 0.042188 0.057031
1 0.389844 0.262500 0.041406 0.056250
1 0.409375 0.316406 0.026562 0.050000
1 0.385937 0.314063 0.025781 0.049219
1 0.363281 0.307031 0.025781 0.056250
