2 0.478125 0.719531 0.061719 0.043750
2 0.951562 0.482812 0.095312 0.041406
2 0.354687 0.601562 0.038281 0.017969
2 0.438281 0.618750 0.058594 0.025781
2 0.477344 0.624219 0.061719 0.028906
2 0.517969 0.633594 0.066406 0.033594
2 0.564844 0.508594 0.049219 0.020313
2 0.626563 0.505469 0.074219 0.023438
2 0.707812 0.500781 0.088281 0.025781
2 0.722656 0.821875 0.096094 0.093750
2 0.518750 0.735938 0.067969 0.050000
2 0.360156 0.672656 0.047656 0.026562
2 0.425781 0.514844 0.037500 0.014844
2 0.464844 0.513281 0.060156 0.015625
2 0.581250 0.764062 0.076563 0.063281
1 0.978125 0.696875 0.042188 0.090625
1 0.385156 0.598437 0.027344 0.032031
2 0.863281 0.876563 0.133594 0.126562
2 0.959375 0.912500 0.080469 0.115625
2 0.863281 0.696875 0.128906 0.068750
1 0.724219 0.653906 0.042188 0.071094
1 0.689063 0.650781 0.040625 0.061719
1 0.653906 0.643750 0.030469 0.063281
1 0.689063 0.596094 0.041406 0.059375
1 0.621094 0.589844 0.038281 0.051562
1 0.621094 0.638281 0.038281 0.054688
1 0.589844 0.635156 0.024219 0.050000
1 0.566406 0.628906 0.022656 0.053125
1 0.594531 0.588281 0.034375 0.050000
1 0.410938 0.507031 0.029687 0.031250
1 0.390625 0.507812 0.010156 0.030469
1 0.379688 0.509375 0.010156 0.029687
1 0.389844 0.479687 0.028906 0.029687
1 0.370312 0.509375 0.009375 0.028906
1 0.360938 0.510938 0.008594 0.026562
1 0.352344 0.511719 0.008594 0.026562
1 0.343750 0.511719 0.007812 0.026562
1 0.371094 0.481250 0.009375 0.028906
1 0.360938 0.482812 0.008594 0.028906
1 0.352344 0.484375 0.008594 0.028125
1 0.412500 0.413281 0.028906 0.032031
1 0.392188 0.415625 0.010156 0.029687
1 0.382031 0.418750 0.009375 0.028906
1 0.371875 0.421875 0.009375 0.028125
1 0.362500 0.425000 0.008594 0.028125
1 0.353906 0.428125 0.008594 0.026562
1 0.345313 0.430469 0.007812 0.025781
1 0.534375 0.390625 0.035156 0.041406
1 0.507812 0.395313 0.017969 0.040625
1 0.473438 0.405469 0.014844 0.038281
1 0.489844 0.400781 0.016406 0.039062
1 0.498437 0.364063 0.033594 0.041406
1 0.473438 0.370312 0.014844 0.040625
1 0.458594 0.375781 0.014844 0.039062
1 0.444531 0.380469 0.013281 0.036719
1 0.458594 0.409375 0.014063 0.035937
1 0.444531 0.413281 0.013281 0.034375
1 0.431250 0.417187 0.012500 0.034375
