3 0.620313 0.525781 0.161719 0.497656
2 0.941406 0.664062 0.117188 0.049219
2 0.776563 0.467969 0.008594 0.014844
2 0.789062 0.459375 0.021094 0.017188
2 0.963281 0.507812 0.073438 0.034375
2 0.903906 0.517188 0.047656 0.027344
2 0.865625 0.523438 0.027344 0.021094
2 0.839844 0.412500 0.041406 0.032813
2 0.817969 0.429688 0.014844 0.023438
2 0.807813 0.440625 0.006250 0.011719
2 0.953906 0.309375 0.082812 0.073438
2 0.898438 0.350781 0.032813 0.049219
2 0.871875 0.631250 0.075781 0.026562
1 0.786719 0.530469 0.005469 0.021094
1 0.790625 0.528906 0.003906 0.024219
1 0.794531 0.528906 0.003906 0.025781
1 0.812500 0.526563 0.032813 0.027344
1 0.807031 0.502344 0.030469 0.027344
1 0.830469 0.485156 0.007812 0.035937
1 0.831250 0.519531 0.007812 0.035156
1 0.838281 0.517188 0.008594 0.037500
1 0.866406 0.514062 0.050000 0.041406
1 0.857031 0.479687 0.047656 0.042188
1 0.853125 0.270313 0.010937 0.042188
1 0.863281 0.253906 0.011719 0.046094
1 0.885938 0.212500 0.014844 0.055469
1 0.873437 0.234375 0.012500 0.050000
1 0.872656 0.196875 0.012500 0.064062
1 0.884375 0.172656 0.014844 0.069531
1 0.897656 0.146094 0.017188 0.076563
1 0.941406 0.102344 0.074219 0.109375
1 0.900781 0.189062 0.015625 0.058594
1 0.917188 0.160938 0.019531 0.067187
1 0.961719 0.127344 0.076563 0.076563
1 0.987500 0.023438 0.022656 0.046875
1 0.996094 0.237500 0.007812 0.067969
2 0.782813 0.600000 0.007812 0.012500
2 0.789062 0.603906 0.008594 0.012500
2 0.846875 0.619531 0.065625 0.019531
2 0.804688 0.607812 0.022656 0.015625
2 0.459375 0.621094 0.055469 0.023438
2 0.552344 0.478125 0.012500 0.007812
2 0.510156 0.453125 0.028906 0.017188
2 0.529687 0.462500 0.010937 0.014063
2 0.540625 0.468750 0.010937 0.014063
2 0.287500 0.677344 0.080469 0.059375
2 0.441406 0.410938 0.049219 0.029687
2 0.468750 0.425000 0.035156 0.026562
2 0.505469 0.607812 0.039062 0.017188
1 0.396094 0.525781 0.006250 0.011719
1 0.382812 0.525000 0.020313 0.014063
1 0.360938 0.519531 0.022656 0.021094
1 0.330469 0.519531 0.026562 0.014063
1 0.350000 0.521094 0.012500 0.012500
2 0.492188 0.534375 0.039062 0.012500
1 0.546094 0.535937 0.014063 0.014844
1 0.546875 0.510938 0.012500 0.012500
1 0.525000 0.503906 0.005469 0.026562
1 0.525000 0.528906 0.005469 0.024219
1 0.518750 0.528906 0.005469 0.025781
1 0.503125 0.527344 0.025781 0.026562
1 0.509375 0.502344 0.023438 0.026562
1 0.500000 0.360938 0.006250 0.029687
1 0.492188 0.352344 0.007812 0.029687
1 0.475000 0.335156 0.009375 0.034375
1 0.484375 0.344531 0.008594 0.032031
1 0.484375 0.317188 0.008594 0.038281
1 0.475000 0.307031 0.009375 0.039062
1 0.465625 0.296094 0.010937 0.041406
1 0.444531 0.284375 0.034375 0.044531
1 0.465625 0.325781 0.009375 0.035937
1 0.455469 0.314063 0.010937 0.037500
1 0.432031 0.302344 0.035937 0.041406
1 0.411719 0.252344 0.014844 0.047656
1 0.396094 0.234375 0.017188 0.050781
1 0.376563 0.214062 0.019531 0.057813
1 0.355469 0.190625 0.022656 0.062500
1 0.331250 0.164062 0.026562 0.067969
1 0.303906 0.134375 0.030469 0.074219
1 0.256250 0.099219 0.065625 0.085156
1 0.409375 0.378906 0.015625 0.046875
1 0.392188 0.367188 0.017969 0.050000
1 0.372656 0.355469 0.020313 0.053125
1 0.374219 0.311719 0.020313 0.059375
1 0.350781 0.342187 0.023438 0.058594
1 0.325781 0.326562 0.026562 0.064062
1 0.297656 0.307812 0.032031 0.071094
1 0.261719 0.286719 0.040625 0.079687
1 0.352344 0.294531 0.023438 0.065625
1 0.327344 0.275781 0.026562 0.072656
1 0.284375 0.252344 0.060937 0.079687
2 0.253906 0.602344 0.043750 0.014844
2 0.417969 0.497656 0.017188 0.009375
2 0.400000 0.494531 0.027344 0.008594
2 0.041406 0.529687 0.082812 0.017188
2 0.317188 0.477344 0.035937 0.010937
2 0.337500 0.482812 0.035156 0.011719
2 0.365625 0.486719 0.020313 0.009375
2 0.360938 0.589844 0.032813 0.009375
2 0.282813 0.599219 0.042188 0.012500
2 0.042969 0.625000 0.077344 0.026562
2 0.218750 0.455469 0.046094 0.017969
2 0.254688 0.463281 0.030469 0.015625
2 0.317969 0.594531 0.038281 0.010937
1 0.124219 0.522656 0.039062 0.032813
2 0.382031 0.587500 0.019531 0.007812
2 0.406250 0.586719 0.014844 0.007812
2 0.414062 0.584375 0.022656 0.007812
1 0.354687 0.511719 0.017969 0.006250
1 0.339062 0.509375 0.008594 0.008594
1 0.325000 0.514062 0.020313 0.019531
1 0.174219 0.438281 0.014844 0.029687
1 0.157812 0.434375 0.021094 0.032031
1 0.135156 0.429688 0.023438 0.034375
1 0.137500 0.400781 0.023438 0.035156
1 0.111719 0.424219 0.025781 0.035156
1 0.085938 0.418750 0.028906 0.037500
1 0.057813 0.412500 0.030469 0.039062
1 0.023438 0.404687 0.040625 0.041406
1 0.112500 0.394531 0.025781 0.037500
1 0.087500 0.385937 0.027344 0.038281
1 0.053906 0.378125 0.040625 0.041406
1 0.178906 0.353125 0.012500 0.029687
1 0.162500 0.346875 0.021094 0.034375
1 0.140625 0.337500 0.022656 0.035156
1 0.117188 0.328906 0.024219 0.037500
1 0.092188 0.319531 0.027344 0.040625
1 0.065625 0.307812 0.029687 0.041406
1 0.030469 0.296875 0.040625 0.044531
1 0.302344 0.410938 0.011719 0.023438
1 0.291406 0.406250 0.012500 0.023438
1 0.267188 0.397656 0.012500 0.026562
1 0.279687 0.402344 0.012500 0.025781
1 0.279687 0.386719 0.012500 0.014063
1 0.267188 0.382031 0.012500 0.014844
1 0.253906 0.375781 0.014063 0.015625
1 0.233594 0.367188 0.026562 0.020313
1 0.252344 0.392188 0.014063 0.026562
1 0.242188 0.388281 0.007812 0.025781
1 0.214062 0.379688 0.017969 0.025781
2 0.701562 0.582031 0.011719 0.010937
2 0.478906 0.571875 0.022656 0.005469
