3 0.671875 0.855469 0.132031 0.288281
2 0.867188 0.772656 0.082812 0.095312
2 0.769531 0.408594 0.037500 0.014844
2 0.778906 0.417969 0.041406 0.020313
2 0.939844 0.741406 0.119531 0.113281
2 0.886719 0.668750 0.090625 0.076563
2 0.857812 0.621875 0.079687 0.058594
2 0.841406 0.481250 0.074219 0.038281
2 0.823438 0.460156 0.060937 0.025781
2 0.807813 0.443750 0.044531 0.018750
2 0.950781 0.590625 0.096875 0.071875
2 0.928906 0.546875 0.116406 0.050000
2 0.817969 0.658594 0.058594 0.058594
1 0.760156 0.469531 0.010937 0.025781
1 0.760938 0.483594 0.005469 0.025781
1 0.775781 0.489063 0.028906 0.028125
1 0.780469 0.496875 0.030469 0.033594
1 0.778125 0.467187 0.028125 0.030469
1 0.811719 0.517188 0.025000 0.038281
1 0.800781 0.547656 0.009375 0.038281
1 0.807031 0.557813 0.010156 0.039844
1 0.831250 0.573438 0.045312 0.050000
1 0.827344 0.529687 0.042969 0.046094
1 0.868750 0.381250 0.032031 0.044531
1 0.874219 0.385937 0.019531 0.048438
1 0.903906 0.396875 0.024219 0.053906
1 0.887500 0.391406 0.021094 0.050000
1 0.917969 0.344531 0.067969 0.049219
1 0.932813 0.347656 0.067969 0.053125
1 0.956250 0.351562 0.079687 0.056250
1 0.966406 0.355469 0.061719 0.061719
1 0.921094 0.403906 0.027344 0.058594
1 0.942187 0.411719 0.031250 0.063281
1 0.973437 0.421094 0.051562 0.069531
1 0.989844 0.624219 0.019531 0.080469
2 0.746875 0.528125 0.011719 0.021875
2 0.751563 0.543750 0.008594 0.025000
2 0.797656 0.613281 0.051562 0.046875
2 0.772656 0.564844 0.037500 0.031250
2 0.467187 0.641406 0.048438 0.053906
2 0.549219 0.392188 0.025000 0.014063
2 0.542188 0.396875 0.027344 0.014844
2 0.498437 0.438281 0.045312 0.023438
2 0.510156 0.425781 0.038281 0.019531
2 0.523438 0.417187 0.027344 0.019531
2 0.330469 0.896094 0.102344 0.144531
2 0.450000 0.494531 0.052344 0.042969
2 0.462500 0.475781 0.058594 0.035937
2 0.503906 0.578125 0.037500 0.036719
1 0.552344 0.443750 0.010937 0.023438
1 0.408594 0.634375 0.021094 0.019531
1 0.404687 0.653125 0.022656 0.025781
1 0.386719 0.658594 0.023438 0.035156
1 0.364844 0.701562 0.025781 0.031250
1 0.373437 0.678125 0.024219 0.028125
2 0.538281 0.520312 0.021094 0.021875
2 0.518750 0.550781 0.032813 0.028125
2 0.548438 0.507031 0.011719 0.019531
2 0.554688 0.494531 0.010937 0.017969
2 0.488281 0.539062 0.047656 0.036719
1 0.547656 0.453906 0.002344 0.021875
1 0.539844 0.458594 0.011719 0.021875
1 0.534375 0.461719 0.017969 0.025000
1 0.537500 0.438281 0.017969 0.023438
1 0.515625 0.471875 0.011719 0.030469
1 0.519531 0.496875 0.003906 0.028906
1 0.514844 0.503906 0.003906 0.029687
1 0.500000 0.508594 0.024219 0.035156
1 0.505469 0.478125 0.023438 0.031250
1 0.496875 0.360938 0.012500 0.033594
1 0.493750 0.363281 0.006250 0.034375
1 0.478906 0.369531 0.007031 0.036719
1 0.486719 0.366406 0.007031 0.035156
1 0.478125 0.332031 0.023438 0.035156
1 0.467969 0.334375 0.029687 0.036719
1 0.460938 0.335938 0.028906 0.039062
1 0.447656 0.338281 0.037500 0.040625
1 0.471094 0.373437 0.008594 0.039062
1 0.461719 0.376563 0.010156 0.040625
1 0.442969 0.379688 0.028125 0.046094
1 0.407813 0.372656 0.043750 0.053125
1 0.390625 0.377344 0.050000 0.056250
1 0.371875 0.382812 0.054688 0.060156
1 0.352344 0.389062 0.057813 0.065625
1 0.328125 0.396094 0.064062 0.071875
1 0.298438 0.404687 0.073438 0.079687
1 0.264062 0.414844 0.085156 0.089063
1 0.417187 0.506250 0.030469 0.059375
1 0.410938 0.521094 0.016406 0.060156
1 0.395313 0.538281 0.018750 0.060937
1 0.376563 0.487500 0.052344 0.065625
1 0.376563 0.554688 0.021875 0.066406
1 0.355469 0.575000 0.025781 0.071875
1 0.330469 0.597656 0.030469 0.080469
1 0.281250 0.618750 0.077344 0.101562
1 0.356250 0.500781 0.057813 0.071875
1 0.333594 0.516406 0.063281 0.079687
1 0.308594 0.534375 0.067969 0.088281
2 0.243750 0.566406 0.037500 0.035156
2 0.033594 0.611719 0.067187 0.058594
2 0.201563 0.525781 0.060156 0.033594
2 0.237500 0.505469 0.038281 0.029687
2 0.271875 0.491406 0.042188 0.018750
2 0.255469 0.546875 0.011719 0.010156
2 0.042969 0.698438 0.085938 0.071875
2 0.185156 0.444531 0.060937 0.026562
2 0.210156 0.434375 0.036719 0.024219
1 0.385156 0.435937 0.011719 0.005469
1 0.104688 0.561719 0.044531 0.050781
2 0.371094 0.444531 0.015625 0.010937
1 0.349219 0.455469 0.007031 0.005469
1 0.341406 0.459375 0.007031 0.005469
1 0.332031 0.463281 0.010937 0.006250
1 0.321875 0.468750 0.008594 0.006250
1 0.313281 0.474219 0.008594 0.007031
1 0.301563 0.478906 0.013281 0.007031
1 0.136719 0.449219 0.040625 0.039062
1 0.120313 0.455469 0.028906 0.040625
1 0.096875 0.464062 0.030469 0.039844
1 0.083594 0.428906 0.046094 0.041406
1 0.069531 0.471875 0.033594 0.042969
1 0.039844 0.480469 0.036719 0.044531
1 0.014063 0.489844 0.028125 0.046094
1 0.056250 0.435156 0.049219 0.044531
1 0.025781 0.442188 0.051562 0.046875
1 0.010156 0.447656 0.020313 0.045312
1 0.124219 0.351562 0.040625 0.035156
1 0.102344 0.353906 0.038281 0.038281
1 0.074219 0.357031 0.044531 0.039844
1 0.045312 0.359375 0.049219 0.041406
1 0.019531 0.362500 0.039062 0.043750
1 0.003125 0.366406 0.006250 0.035937
1 0.267969 0.348438 0.020313 0.025781
1 0.261719 0.349219 0.007812 0.025000
1 0.231250 0.353906 0.015625 0.028125
1 0.239063 0.353125 0.004687 0.025781
1 0.235937 0.325781 0.006250 0.026562
1 0.227344 0.326562 0.017969 0.026562
1 0.207813 0.327344 0.025781 0.028906
1 0.187500 0.328125 0.035156 0.028906
1 0.215625 0.356250 0.017969 0.028906
1 0.203906 0.357031 0.010156 0.028906
1 0.172656 0.358594 0.025781 0.032031
2 0.663281 0.510938 0.037500 0.019531
2 0.460938 0.449219 0.021094 0.010937
