3 0.220312 0.551562 0.063281 0.150781
2 0.009375 0.550781 0.017969 0.023438
2 0.010156 0.655469 0.020313 0.035937
1 0.001563 0.290625 0.003125 0.030469
1 0.003125 0.414062 0.005469 0.038281
2 0.465625 0.621094 0.054688 0.032031
2 0.979688 0.353125 0.039844 0.051562
2 0.887500 0.365625 0.153125 0.064062
2 0.532031 0.425781 0.050781 0.021094
2 0.573438 0.418750 0.056250 0.025000
2 0.642969 0.408594 0.082031 0.030469
2 0.380469 0.584375 0.039062 0.019531
2 0.419531 0.440625 0.024219 0.014844
2 0.454688 0.436719 0.055469 0.016406
2 0.542188 0.655469 0.069531 0.046094
1 0.978125 0.598437 0.042969 0.094531
1 0.420312 0.528906 0.010156 0.008594
1 0.409375 0.528125 0.011719 0.009375
1 0.410938 0.521094 0.013281 0.006250
1 0.395313 0.525781 0.009375 0.007031
1 0.402344 0.525781 0.003906 0.007031
2 0.753125 0.748437 0.114062 0.098437
2 0.610938 0.688281 0.083594 0.054688
2 0.875000 0.801562 0.149219 0.132031
2 0.971094 0.839063 0.056250 0.110937
2 0.491406 0.542969 0.055469 0.024219
1 0.852344 0.580469 0.059375 0.085938
1 0.801562 0.575781 0.055469 0.075000
1 0.752344 0.567187 0.042969 0.073438
1 0.802344 0.507031 0.055469 0.071094
1 0.574219 0.499219 0.039062 0.044531
1 0.574219 0.542969 0.039844 0.046094
1 0.545312 0.540625 0.017969 0.043750
1 0.527344 0.537500 0.016406 0.043750
1 0.545312 0.498437 0.017969 0.042969
1 0.508594 0.319531 0.034375 0.039062
1 0.483594 0.325781 0.013281 0.038281
1 0.458594 0.336719 0.010937 0.035156
1 0.470313 0.331250 0.011719 0.036719
1 0.480469 0.298438 0.032031 0.039844
1 0.458594 0.305469 0.010937 0.038281
1 0.447656 0.310937 0.010156 0.036719
1 0.436719 0.317188 0.010156 0.035937
1 0.447656 0.342969 0.010156 0.033594
1 0.436719 0.346875 0.009375 0.032031
1 0.427344 0.350781 0.009375 0.031250
1 0.413281 0.349219 0.021094 0.028906
1 0.398438 0.353125 0.007031 0.026562
1 0.390625 0.357031 0.007031 0.026562
1 0.383594 0.360938 0.006250 0.025000
1 0.377344 0.364063 0.006250 0.025000
1 0.370312 0.367969 0.005469 0.024219
1 0.364844 0.369531 0.005469 0.023438
1 0.415625 0.435937 0.026562 0.028125
1 0.398438 0.436719 0.007812 0.028125
1 0.390625 0.439063 0.007031 0.025781
1 0.398438 0.412500 0.022656 0.026562
1 0.383594 0.439844 0.007031 0.025781
1 0.376563 0.440625 0.005469 0.024219
1 0.370312 0.442188 0.005469 0.023438
1 0.364844 0.442969 0.005469 0.023438
1 0.383594 0.414844 0.006250 0.025781
1 0.376563 0.416406 0.005469 0.025781
1 0.370312 0.417969 0.005469 0.025000
2 0.630469 0.564844 0.029687 0.005469
2 0.961719 0.432031 0.075000 0.021094
2 0.893750 0.435937 0.062500 0.018750
2 0.529687 0.510938 0.012500 0.007031
2 0.605469 0.515625 0.021875 0.010156
2 0.628125 0.517188 0.035937 0.010156
2 0.655469 0.518750 0.035937 0.011719
2 0.687500 0.450781 0.028906 0.010937
2 0.722656 0.448437 0.041406 0.011719
2 0.767188 0.446094 0.046875 0.013281
2 0.657031 0.568750 0.033594 0.006250
2 0.595313 0.456250 0.025781 0.008594
2 0.619531 0.454688 0.033594 0.009375
2 0.691406 0.575000 0.025000 0.005469
1 0.898438 0.526563 0.046094 0.034375
2 0.907813 0.610156 0.021094 0.005469
2 0.926562 0.613281 0.014844 0.005469
2 0.846094 0.532031 0.032031 0.013281
1 0.768750 0.518750 0.011719 0.026562
1 0.753906 0.518750 0.017969 0.025781
1 0.736719 0.517188 0.016406 0.026562
1 0.756250 0.492969 0.021875 0.025781
1 0.721875 0.491406 0.014063 0.024219
1 0.721875 0.516406 0.014063 0.025000
1 0.699219 0.515625 0.010156 0.023438
1 0.682031 0.514062 0.003125 0.021875
1 0.700000 0.491406 0.010156 0.021875
1 0.578906 0.454688 0.016406 0.013281
1 0.565625 0.456250 0.007812 0.011719
1 0.557813 0.456250 0.007812 0.010937
1 0.549219 0.457031 0.007031 0.011719
1 0.542188 0.457031 0.007031 0.010937
1 0.536719 0.457813 0.002344 0.010156
1 0.525781 0.458594 0.003125 0.010937
1 0.579688 0.396094 0.016406 0.019531
1 0.566406 0.397656 0.008594 0.017969
1 0.557813 0.399219 0.007812 0.017969
1 0.550781 0.400781 0.007031 0.017969
1 0.542969 0.402344 0.007031 0.017969
1 0.537500 0.403125 0.002344 0.015625
1 0.526563 0.406250 0.003125 0.015625
1 0.666406 0.385937 0.019531 0.019531
1 0.650781 0.387500 0.011719 0.019531
1 0.627344 0.392188 0.010156 0.017969
1 0.639062 0.389844 0.010937 0.018750
1 0.642188 0.371094 0.017969 0.023438
1 0.627344 0.373437 0.010156 0.021875
1 0.617188 0.375781 0.010156 0.021875
1 0.606250 0.378125 0.010156 0.021094
1 0.616406 0.393750 0.010156 0.016406
1 0.606250 0.397656 0.010156 0.019531
1 0.596875 0.398438 0.008594 0.017969
