2 0.415625 0.696875 0.085156 0.072656
2 0.672656 0.428125 0.046875 0.014063
2 0.653906 0.427344 0.046875 0.014063
2 0.525000 0.419531 0.064844 0.019531
2 0.559375 0.422656 0.059375 0.017188
2 0.599219 0.425000 0.042188 0.015625
2 0.019531 0.870313 0.038281 0.114844
2 0.337500 0.403125 0.082812 0.032031
2 0.409375 0.409375 0.062500 0.028906
2 0.530469 0.646094 0.067969 0.050000
1 0.671094 0.505469 0.029687 0.028906
1 0.239063 0.600781 0.024219 0.029687
1 0.206250 0.610938 0.025781 0.032813
1 0.173437 0.604688 0.027344 0.050000
1 0.082812 0.634375 0.039062 0.039062
1 0.134375 0.618750 0.032031 0.035156
2 0.629687 0.604688 0.053125 0.026562
2 0.578125 0.627344 0.060937 0.034375
2 0.661719 0.594531 0.029687 0.023438
2 0.679688 0.585938 0.027344 0.021094
2 0.477344 0.555469 0.075781 0.039062
1 0.657813 0.509375 0.008594 0.029687
1 0.645312 0.511719 0.015625 0.029687
1 0.628906 0.512500 0.030469 0.034375
1 0.638281 0.480469 0.029687 0.029687
1 0.553906 0.489063 0.035156 0.040625
1 0.564063 0.528125 0.014844 0.039062
1 0.550000 0.531250 0.014844 0.041406
1 0.522656 0.532031 0.037500 0.046875
1 0.538281 0.490625 0.035937 0.041406
1 0.499219 0.280469 0.020313 0.050000
1 0.477344 0.272656 0.021094 0.052344
1 0.428906 0.255469 0.026562 0.058594
1 0.453906 0.264062 0.023438 0.053906
1 0.453906 0.215625 0.023438 0.061719
1 0.428125 0.203906 0.026562 0.064844
1 0.400000 0.190625 0.029687 0.070312
1 0.361719 0.177344 0.046875 0.073438
1 0.400781 0.244531 0.028906 0.061719
1 0.369531 0.234375 0.032813 0.065625
1 0.329688 0.221094 0.049219 0.071094
1 0.234375 0.154688 0.050781 0.085938
1 0.180469 0.132031 0.058594 0.096094
1 0.118750 0.107031 0.069531 0.105469
1 0.046094 0.077344 0.082031 0.115625
1 0.004687 0.061719 0.009375 0.091406
1 0.236719 0.376563 0.050000 0.074219
1 0.184375 0.370312 0.057813 0.080469
1 0.124219 0.364844 0.067187 0.087500
1 0.122656 0.282813 0.070312 0.094531
1 0.053906 0.357812 0.079687 0.094531
1 0.009375 0.354687 0.017969 0.092188
1 0.049219 0.268750 0.079687 0.103125
1 0.007031 0.261719 0.014063 0.096094
2 0.302344 0.569531 0.032031 0.020313
2 0.086719 0.526563 0.071094 0.023438
2 0.255469 0.512500 0.038281 0.015625
2 0.310156 0.507812 0.022656 0.014844
2 0.337500 0.505469 0.035937 0.014063
2 0.428125 0.547656 0.024219 0.012500
2 0.330469 0.559375 0.032031 0.007812
2 0.093750 0.609375 0.067969 0.034375
2 0.378906 0.558594 0.025781 0.019531
1 0.478906 0.487500 0.009375 0.019531
1 0.162500 0.510938 0.040625 0.030469
2 0.497656 0.537500 0.011719 0.008594
2 0.457813 0.494531 0.032031 0.008594
1 0.432812 0.490625 0.010937 0.020313
1 0.420312 0.492188 0.014844 0.020313
1 0.410156 0.492969 0.014063 0.022656
1 0.418750 0.471875 0.017969 0.020313
1 0.396875 0.473438 0.010937 0.021094
1 0.397656 0.494531 0.011719 0.021094
1 0.385156 0.494531 0.012500 0.021094
1 0.371094 0.495312 0.017969 0.024219
1 0.382031 0.474219 0.017188 0.022656
1 0.205469 0.329688 0.021094 0.023438
1 0.183594 0.324219 0.022656 0.022656
1 0.164844 0.321094 0.014844 0.021094
1 0.347656 0.364063 0.014063 0.024219
1 0.332813 0.362500 0.014063 0.025781
1 0.302344 0.358594 0.014063 0.025781
1 0.317188 0.360156 0.014063 0.026562
1 0.317188 0.335938 0.014844 0.026562
1 0.302344 0.333594 0.014844 0.026562
1 0.282031 0.329688 0.002344 0.025781
1 0.263281 0.326562 0.014063 0.027344
1 0.265625 0.353906 0.010937 0.026562
1 0.250781 0.340625 0.020313 0.009375
2 0.898438 0.630469 0.099219 0.050000
2 0.580469 0.526563 0.017969 0.010937
