2 0.439063 0.650781 0.063281 0.069531
2 0.962500 0.516406 0.074219 0.071875
2 0.906250 0.509375 0.135937 0.076563
2 0.234375 0.525000 0.074219 0.051562
2 0.379688 0.559375 0.071094 0.061719
2 0.435156 0.566406 0.067969 0.064062
2 0.490625 0.581250 0.058594 0.075000
2 0.561719 0.466406 0.060156 0.065625
2 0.626563 0.474219 0.073438 0.063281
2 0.705469 0.488281 0.088281 0.057031
2 0.683594 0.714063 0.074219 0.086719
2 0.489063 0.663281 0.060156 0.071875
2 0.252344 0.603906 0.070312 0.058594
2 0.364063 0.444531 0.073438 0.055469
2 0.410938 0.450781 0.070312 0.058594
2 0.560156 0.684375 0.059375 0.078125
1 0.879687 0.642969 0.072656 0.089063
1 0.286719 0.528125 0.042969 0.060156
2 0.767188 0.733594 0.089844 0.093750
2 0.847656 0.763281 0.086719 0.075000
2 0.925000 0.778906 0.099219 0.086719
2 0.787500 0.631250 0.099219 0.082031
1 0.702344 0.603906 0.035156 0.075781
1 0.671875 0.597656 0.034375 0.076563
1 0.642969 0.592187 0.034375 0.075000
1 0.675000 0.559375 0.039844 0.071875
1 0.610156 0.548438 0.030469 0.069531
1 0.607812 0.600781 0.029687 0.043750
1 0.581250 0.595313 0.027344 0.042969
1 0.556250 0.575781 0.027344 0.071094
1 0.583594 0.543750 0.028125 0.068750
1 0.317188 0.421875 0.044531 0.058594
1 0.293750 0.418750 0.041406 0.058594
1 0.265625 0.424219 0.025781 0.040625
1 0.270313 0.377344 0.049219 0.054688
1 0.245312 0.421094 0.025781 0.040625
1 0.225000 0.418750 0.025781 0.039844
1 0.206250 0.416406 0.025781 0.039844
1 0.187500 0.409375 0.025781 0.048438
1 0.247656 0.375781 0.044531 0.054688
1 0.227344 0.373437 0.044531 0.053906
1 0.207813 0.371094 0.045312 0.053906
1 0.303906 0.292969 0.050000 0.055469
1 0.278125 0.291406 0.046094 0.054688
1 0.256250 0.289844 0.046094 0.053906
1 0.235156 0.288281 0.047656 0.053125
1 0.214844 0.288281 0.049219 0.051562
1 0.194531 0.286719 0.049219 0.050781
1 0.173437 0.285938 0.047656 0.050781
1 0.510156 0.324219 0.028906 0.064062
1 0.484375 0.322656 0.035937 0.061719
1 0.425781 0.323437 0.028125 0.050781
1 0.453125 0.325781 0.028125 0.051562
1 0.457031 0.271094 0.039844 0.059375
1 0.429688 0.270313 0.039844 0.057031
1 0.402344 0.269531 0.039844 0.057031
1 0.377344 0.267969 0.041406 0.056250
1 0.400000 0.321875 0.028125 0.050000
1 0.375000 0.321094 0.028125 0.049219
1 0.350000 0.314063 0.027344 0.057031
