3 0.046094 0.607812 0.091406 0.256250
2 0.441406 0.748437 0.097656 0.061719
2 0.553125 0.321094 0.082812 0.086719
2 0.671094 0.244531 0.153906 0.131250
2 0.878125 0.101562 0.242969 0.203125
2 0.328125 0.689063 0.056250 0.028906
2 0.379688 0.440625 0.046094 0.039062
2 0.412500 0.420312 0.063281 0.046094
2 0.596094 0.839063 0.162500 0.135937
1 0.375000 0.596094 0.010156 0.011719
1 0.365625 0.595313 0.019531 0.013281
1 0.372656 0.585156 0.013281 0.007031
1 0.348438 0.596875 0.013281 0.010156
2 0.821094 0.918750 0.269531 0.160938
2 0.485156 0.586719 0.108594 0.032031
1 0.665625 0.443750 0.091406 0.119531
1 0.669531 0.546875 0.093750 0.113281
1 0.600781 0.553125 0.047656 0.100000
1 0.558594 0.557031 0.039062 0.090625
1 0.598437 0.459375 0.046094 0.105469
1 0.514844 0.190625 0.061719 0.089844
1 0.473438 0.203125 0.022656 0.066406
1 0.434375 0.251563 0.017188 0.056250
1 0.452344 0.228906 0.019531 0.060937
1 0.464062 0.182812 0.041406 0.076563
1 0.434375 0.207813 0.017188 0.071094
1 0.418750 0.230469 0.015625 0.066406
1 0.404687 0.250781 0.014063 0.061719
1 0.417969 0.271094 0.014844 0.051562
1 0.403906 0.289062 0.013281 0.048438
1 0.390625 0.304688 0.011719 0.044531
1 0.372656 0.321875 0.024219 0.035937
1 0.356250 0.332813 0.008594 0.035937
1 0.347656 0.343750 0.008594 0.034375
1 0.339844 0.355469 0.007812 0.032031
1 0.332813 0.364063 0.007031 0.030469
1 0.326562 0.372656 0.007031 0.028906
1 0.319531 0.381250 0.006250 0.028125
1 0.365625 0.449219 0.018750 0.035937
1 0.351562 0.453906 0.010156 0.039844
1 0.342969 0.460156 0.008594 0.036719
1 0.359375 0.425781 0.038281 0.042969
1 0.335156 0.466406 0.008594 0.035937
1 0.328125 0.471875 0.007031 0.032031
1 0.321875 0.476562 0.007031 0.031250
1 0.315625 0.481250 0.007031 0.030469
1 0.336719 0.433594 0.008594 0.040625
1 0.329688 0.439844 0.007812 0.039062
1 0.322656 0.446094 0.007031 0.038281
2 0.687500 0.673438 0.052344 0.020313
2 0.733594 0.595313 0.034375 0.013281
2 0.777344 0.491406 0.048438 0.021094
2 0.836719 0.481250 0.071875 0.025000
2 0.917969 0.466406 0.083594 0.029687
2 0.950781 0.708594 0.094531 0.038281
2 0.729688 0.678906 0.052344 0.023438
2 0.558594 0.655469 0.038281 0.011719
2 0.800000 0.689063 0.067969 0.028125
1 0.939844 0.580469 0.039844 0.042969
1 0.903906 0.581250 0.036719 0.040625
1 0.871875 0.582031 0.033594 0.039062
1 0.900781 0.540625 0.036719 0.042969
1 0.832031 0.546875 0.032813 0.038281
1 0.835156 0.583594 0.033594 0.036719
1 0.807031 0.584375 0.027344 0.035156
1 0.782031 0.584375 0.025000 0.034375
1 0.803906 0.548438 0.025781 0.035937
1 0.542969 0.527344 0.008594 0.021094
1 0.571875 0.499219 0.008594 0.023438
1 0.550781 0.505469 0.007031 0.021094
1 0.571094 0.454688 0.009375 0.021875
1 0.550781 0.461719 0.006250 0.020313
1 0.542969 0.464062 0.008594 0.019531
1 0.735156 0.410156 0.027344 0.033594
1 0.712500 0.415625 0.019531 0.031250
1 0.697656 0.392969 0.025781 0.026562
1 0.682031 0.389062 0.005469 0.005469
