3 0.037500 0.696875 0.074219 0.210938
2 0.430469 0.579688 0.074219 0.091406
2 0.575000 0.420312 0.107813 0.132031
2 0.664844 0.462500 0.125781 0.147656
2 0.803125 0.530469 0.153125 0.161719
2 0.267188 0.454688 0.065625 0.060937
2 0.339844 0.319531 0.096875 0.085938
2 0.389062 0.342187 0.100000 0.094531
2 0.560937 0.680469 0.084375 0.126562
1 0.332813 0.411719 0.019531 0.029687
1 0.312500 0.410938 0.023438 0.026562
1 0.310156 0.391406 0.024219 0.029687
1 0.281250 0.384375 0.022656 0.025781
1 0.299219 0.385937 0.020313 0.026562
2 0.847656 0.890625 0.127344 0.203125
2 0.661719 0.756250 0.091406 0.150781
2 0.944531 0.959375 0.082812 0.079687
2 0.482031 0.529687 0.087500 0.121094
1 0.968750 0.804688 0.062500 0.175000
1 0.921094 0.771875 0.103906 0.162500
1 0.975781 0.764062 0.047656 0.127344
1 0.631250 0.561719 0.050000 0.093750
1 0.627344 0.603906 0.053125 0.096875
1 0.586719 0.597656 0.037500 0.062500
1 0.557813 0.552344 0.040625 0.107813
1 0.596094 0.540625 0.046875 0.089063
1 0.509375 0.190625 0.065625 0.112500
1 0.470313 0.180469 0.065625 0.108594
1 0.389062 0.173437 0.037500 0.082812
1 0.421875 0.181250 0.037500 0.085938
1 0.432812 0.092188 0.073438 0.103906
1 0.396094 0.087500 0.069531 0.099219
1 0.364063 0.082812 0.067969 0.096094
1 0.334375 0.078906 0.064844 0.091406
1 0.359375 0.165625 0.037500 0.079687
1 0.332031 0.158594 0.035937 0.076563
1 0.305469 0.146094 0.035156 0.084375
1 0.264062 0.105469 0.069531 0.080469
1 0.238281 0.102344 0.059375 0.076563
1 0.215625 0.096094 0.052344 0.075781
1 0.200781 0.092188 0.058594 0.073438
1 0.182812 0.089063 0.057813 0.071094
1 0.167187 0.085156 0.057813 0.067969
1 0.150781 0.082031 0.055469 0.067969
1 0.296875 0.275781 0.059375 0.077344
1 0.274219 0.267969 0.052344 0.074219
1 0.244531 0.269531 0.027344 0.055469
1 0.249219 0.210938 0.061719 0.073438
1 0.227344 0.260937 0.026562 0.053125
1 0.210938 0.253125 0.026562 0.050781
1 0.196094 0.246094 0.026562 0.050781
1 0.181250 0.236719 0.026562 0.053906
1 0.226562 0.204687 0.053125 0.071094
1 0.210938 0.198437 0.052344 0.069531
1 0.194531 0.192188 0.050781 0.067187
2 0.575781 0.309375 0.032813 0.015625
2 0.973437 0.215625 0.053125 0.043750
2 0.919531 0.205469 0.082031 0.044531
2 0.556250 0.215625 0.029687 0.010937
2 0.589063 0.224219 0.035156 0.012500
2 0.625781 0.234375 0.032031 0.012500
2 0.678906 0.164844 0.044531 0.034375
2 0.721094 0.172656 0.052344 0.035937
2 0.775781 0.183594 0.056250 0.035156
2 0.739062 0.367969 0.044531 0.023438
2 0.610156 0.321094 0.035156 0.017969
2 0.457031 0.267188 0.026562 0.012500
2 0.550000 0.140625 0.040625 0.026562
2 0.580469 0.147656 0.041406 0.029687
2 0.656250 0.339062 0.038281 0.020313
1 0.890625 0.296875 0.046094 0.029687
2 0.799219 0.389062 0.050781 0.026562
2 0.850000 0.407813 0.055469 0.027344
2 0.899219 0.425000 0.046875 0.024219
2 0.822656 0.285938 0.052344 0.020313
1 0.764062 0.262500 0.022656 0.026562
1 0.743750 0.257031 0.021094 0.024219
1 0.725781 0.251563 0.021094 0.024219
1 0.749219 0.236719 0.026562 0.047656
1 0.703906 0.226562 0.025781 0.044531
1 0.700781 0.247656 0.021094 0.019531
1 0.682813 0.246875 0.017969 0.012500
1 0.665625 0.237500 0.019531 0.022656
1 0.686719 0.222656 0.024219 0.044531
1 0.510938 0.122656 0.003906 0.023438
1 0.503906 0.120313 0.017188 0.027344
1 0.488281 0.120313 0.012500 0.021094
1 0.492969 0.092969 0.022656 0.035156
1 0.476562 0.117188 0.012500 0.021094
1 0.479687 0.090625 0.021094 0.035156
1 0.473438 0.089063 0.010937 0.032813
1 0.522656 0.030469 0.023438 0.034375
1 0.504687 0.030469 0.017969 0.035937
1 0.492188 0.028906 0.021094 0.035156
1 0.478906 0.028125 0.020313 0.035156
1 0.467187 0.027344 0.021094 0.035156
1 0.453906 0.025781 0.021094 0.032813
1 0.441406 0.024219 0.021094 0.032031
1 0.655469 0.056250 0.023438 0.042188
1 0.639062 0.055469 0.026562 0.042188
1 0.600781 0.053125 0.019531 0.035937
1 0.618750 0.055469 0.020313 0.038281
1 0.625000 0.017969 0.026562 0.035937
1 0.602344 0.017188 0.020313 0.034375
1 0.585938 0.017188 0.019531 0.034375
1 0.570312 0.015625 0.012500 0.031250
1 0.583594 0.052344 0.017969 0.035937
1 0.570312 0.051562 0.012500 0.035156
1 0.547656 0.047656 0.008594 0.037500
