3 0.650781 0.878125 0.184375 0.242969
2 0.953906 0.878125 0.091406 0.139063
2 0.831250 0.414062 0.048438 0.015625
2 0.842969 0.424219 0.053906 0.021875
2 0.997656 0.783594 0.003125 0.021875
2 0.966406 0.732812 0.066406 0.103125
2 0.948438 0.667969 0.102344 0.074219
2 0.931250 0.488281 0.110156 0.048438
2 0.905469 0.464062 0.087500 0.029687
2 0.880469 0.447656 0.059375 0.021094
2 0.988281 0.553125 0.022656 0.043750
2 0.898438 0.719531 0.085938 0.084375
1 0.818750 0.486719 0.013281 0.029687
1 0.820312 0.501563 0.007031 0.031250
1 0.838281 0.508594 0.035156 0.033594
1 0.845313 0.517969 0.039062 0.040625
1 0.842969 0.482031 0.037500 0.036719
1 0.893750 0.536719 0.046094 0.046875
1 0.871875 0.574219 0.013281 0.048438
1 0.880469 0.587500 0.014844 0.050781
1 0.916406 0.607031 0.066406 0.066406
1 0.910156 0.553125 0.062500 0.060937
1 0.959375 0.348438 0.027344 0.057031
1 0.979688 0.349219 0.030469 0.061719
1 0.992188 0.351562 0.014844 0.064062
1 0.997656 0.305469 0.003906 0.025781
2 0.802344 0.556250 0.014844 0.025000
2 0.807813 0.574219 0.010937 0.028906
2 0.869531 0.660156 0.071875 0.063281
2 0.836719 0.599219 0.050000 0.039844
2 0.456250 0.656250 0.058594 0.061719
2 0.573438 0.396094 0.024219 0.013281
2 0.562500 0.400781 0.032031 0.014063
2 0.502344 0.432031 0.050781 0.024219
2 0.517969 0.423438 0.043750 0.020313
2 0.536719 0.416406 0.032031 0.018750
2 0.247656 0.922656 0.126562 0.153125
2 0.428125 0.480469 0.060937 0.042969
2 0.451562 0.464062 0.063281 0.036719
2 0.507812 0.591406 0.044531 0.041406
1 0.572656 0.453906 0.014844 0.024219
1 0.371875 0.639062 0.025000 0.025781
1 0.363281 0.657031 0.025781 0.030469
1 0.339062 0.660937 0.027344 0.043750
1 0.302344 0.708594 0.031250 0.038281
1 0.319531 0.682031 0.028906 0.034375
2 0.553906 0.534375 0.027344 0.024219
2 0.529687 0.564844 0.036719 0.029687
2 0.567187 0.521094 0.017969 0.021094
2 0.575781 0.509375 0.014844 0.018750
2 0.485156 0.543750 0.055469 0.040625
1 0.567187 0.461719 0.003906 0.024219
1 0.558594 0.466406 0.013281 0.023438
1 0.550781 0.468750 0.021094 0.028125
1 0.555469 0.443750 0.020313 0.025781
1 0.518750 0.473438 0.024219 0.033594
1 0.527344 0.501563 0.005469 0.031250
1 0.521094 0.507812 0.006250 0.032031
1 0.503906 0.512500 0.027344 0.038281
1 0.510938 0.478125 0.027344 0.035937
1 0.500000 0.342969 0.008594 0.035156
1 0.490625 0.342969 0.009375 0.036719
1 0.468750 0.344531 0.011719 0.040625
1 0.480469 0.343750 0.010156 0.039062
1 0.480469 0.303906 0.010156 0.039844
1 0.468750 0.302344 0.011719 0.041406
1 0.456250 0.300781 0.013281 0.044531
1 0.431250 0.299219 0.036719 0.046875
1 0.456250 0.344531 0.013281 0.041406
1 0.442969 0.346094 0.014844 0.045312
1 0.414844 0.346094 0.042969 0.049219
1 0.381250 0.325781 0.024219 0.058594
1 0.357031 0.325000 0.028906 0.063281
1 0.328906 0.324219 0.033594 0.068750
1 0.295312 0.323437 0.041406 0.075000
1 0.255469 0.322656 0.049219 0.082031
1 0.207031 0.321094 0.061719 0.092969
1 0.138281 0.319531 0.096094 0.104688
1 0.374219 0.485938 0.047656 0.065625
1 0.363281 0.496875 0.027344 0.070312
1 0.337500 0.514062 0.030469 0.070312
1 0.318750 0.453125 0.064062 0.071875
1 0.307031 0.528906 0.036719 0.076563
1 0.271094 0.546875 0.043750 0.085156
1 0.228125 0.568750 0.053906 0.095312
1 0.167969 0.588281 0.082031 0.124219
1 0.286719 0.463281 0.070312 0.080469
1 0.249219 0.475781 0.078125 0.089844
1 0.203906 0.490625 0.089844 0.100781
2 0.392969 0.388281 0.027344 0.007031
2 0.023438 0.575781 0.046875 0.042969
2 0.300000 0.406250 0.040625 0.015625
2 0.324219 0.401562 0.038281 0.014063
2 0.350000 0.396875 0.033594 0.013281
2 0.032813 0.669531 0.064844 0.060937
2 0.182812 0.428906 0.058594 0.021875
2 0.220312 0.421875 0.053906 0.019531
1 0.399219 0.434375 0.016406 0.020313
1 0.095312 0.538281 0.019531 0.041406
2 0.379688 0.446875 0.028906 0.011719
1 0.360938 0.446094 0.008594 0.018750
1 0.353125 0.450000 0.007812 0.016406
1 0.351562 0.432031 0.007812 0.021094
1 0.131250 0.428125 0.036719 0.038281
1 0.119531 0.431250 0.011719 0.035937
1 0.081250 0.439063 0.017969 0.035937
1 0.075000 0.410938 0.010156 0.021094
1 0.045312 0.444531 0.016406 0.038281
1 0.022656 0.449219 0.039062 0.042969
1 0.004687 0.452344 0.009375 0.039844
1 0.034375 0.406250 0.025781 0.040625
1 0.017969 0.409375 0.035937 0.043750
1 0.001563 0.424219 0.002344 0.015625
1 0.064062 0.328125 0.021094 0.036719
1 0.039062 0.327344 0.038281 0.039844
1 0.012500 0.326562 0.025000 0.040625
2 0.699219 0.530469 0.043750 0.024219
