2 0.405469 0.753125 0.063281 0.054688
2 0.804688 0.503906 0.058594 0.014844
2 0.751563 0.503906 0.075781 0.015625
2 0.110937 0.657031 0.119531 0.044531
2 0.339062 0.646094 0.075781 0.040625
2 0.406250 0.640625 0.064062 0.038281
2 0.471875 0.638281 0.053125 0.039844
2 0.535937 0.508594 0.050781 0.018750
2 0.588281 0.508594 0.053906 0.016406
2 0.642969 0.508594 0.056250 0.016406
2 0.646094 0.729688 0.071875 0.046094
2 0.467969 0.746875 0.060937 0.053125
2 0.115625 0.783594 0.117969 0.066406
2 0.327344 0.508594 0.060156 0.019531
2 0.386719 0.508594 0.058594 0.019531
2 0.542969 0.741406 0.063281 0.050781
1 0.759375 0.609375 0.045312 0.042969
1 0.205469 0.639062 0.062500 0.058594
2 0.706250 0.725000 0.074219 0.040625
2 0.760938 0.724219 0.060156 0.029687
2 0.806250 0.717969 0.058594 0.031250
2 0.704688 0.623437 0.073438 0.025781
1 0.652344 0.614062 0.021094 0.046875
1 0.624219 0.615625 0.035156 0.048438
1 0.605469 0.616406 0.028906 0.049219
1 0.624219 0.575781 0.035156 0.044531
1 0.575000 0.578125 0.031250 0.045312
1 0.580469 0.621875 0.021875 0.041406
1 0.557813 0.623437 0.022656 0.042969
1 0.531250 0.620313 0.029687 0.050000
1 0.553125 0.578906 0.031250 0.046094
1 0.270313 0.494531 0.039844 0.046875
1 0.234375 0.494531 0.030469 0.048438
1 0.203125 0.494531 0.030469 0.048438
1 0.212500 0.446094 0.049219 0.048438
1 0.171875 0.494531 0.031250 0.048438
1 0.139844 0.494531 0.032031 0.049219
1 0.107031 0.494531 0.032813 0.050000
1 0.073438 0.493750 0.033594 0.050781
1 0.171875 0.445312 0.032031 0.048438
1 0.139844 0.444531 0.032031 0.049219
1 0.107031 0.444531 0.032813 0.050000
1 0.271094 0.350000 0.038281 0.046094
1 0.236719 0.347656 0.030469 0.046875
1 0.206250 0.346094 0.030469 0.046875
1 0.175000 0.344531 0.031250 0.048438
1 0.142969 0.342187 0.032031 0.049219
1 0.110156 0.339844 0.032031 0.050000
1 0.076563 0.338281 0.033594 0.050000
1 0.489844 0.381250 0.024219 0.041406
1 0.464844 0.379688 0.024219 0.042969
1 0.414062 0.377344 0.025000 0.043750
1 0.439844 0.378906 0.025000 0.042969
1 0.439844 0.335156 0.025000 0.044531
1 0.414062 0.333594 0.025000 0.045312
1 0.387500 0.332031 0.026562 0.046094
1 0.360938 0.329688 0.025781 0.046094
1 0.387500 0.375781 0.026562 0.043750
1 0.360938 0.374219 0.025781 0.044531
1 0.333594 0.372656 0.027344 0.045312
