2 0.382031 0.785156 0.084375 0.098437
2 0.651563 0.460156 0.044531 0.016406
2 0.630469 0.464062 0.049219 0.018750
2 0.305469 0.703125 0.100781 0.096094
2 0.380469 0.663281 0.087500 0.075000
2 0.444531 0.636719 0.074219 0.063281
2 0.493750 0.491406 0.065625 0.030469
2 0.528906 0.483594 0.064844 0.026562
2 0.567969 0.478125 0.053125 0.023438
2 0.570312 0.663281 0.057031 0.049219
2 0.439063 0.746094 0.075781 0.081250
2 0.289844 0.531250 0.089844 0.057031
2 0.358594 0.517969 0.086719 0.046875
2 0.500781 0.709375 0.066406 0.066406
1 0.635938 0.543750 0.024219 0.035156
1 0.071094 0.776563 0.119531 0.129688
2 0.603906 0.645312 0.052344 0.033594
2 0.636719 0.629687 0.030469 0.029687
2 0.655469 0.615625 0.028125 0.025781
2 0.607812 0.566406 0.041406 0.023438
1 0.580469 0.568750 0.012500 0.041406
1 0.560156 0.575000 0.028906 0.040625
1 0.552344 0.578125 0.018750 0.046875
1 0.558594 0.538281 0.032813 0.043750
1 0.525781 0.549219 0.034375 0.049219
1 0.535156 0.590625 0.014844 0.042969
1 0.519531 0.596875 0.016406 0.044531
1 0.492969 0.599219 0.036719 0.056250
1 0.509375 0.555469 0.035937 0.050781
1 0.182812 0.527344 0.056250 0.085938
1 0.125000 0.535937 0.066406 0.093750
1 0.058594 0.550781 0.077344 0.090625
1 0.056250 0.468750 0.088281 0.089063
1 0.013281 0.558594 0.026562 0.089063
1 0.011719 0.468750 0.023438 0.090625
1 0.172656 0.305469 0.059375 0.082031
1 0.112500 0.296875 0.071094 0.089063
1 0.041406 0.287500 0.082812 0.096875
1 0.003906 0.285156 0.007812 0.089063
1 0.464062 0.363281 0.022656 0.049219
1 0.441406 0.361719 0.024219 0.050781
1 0.388281 0.357031 0.030469 0.056250
1 0.416406 0.359375 0.026562 0.053906
1 0.415625 0.307031 0.026562 0.056250
1 0.387500 0.301563 0.030469 0.059375
1 0.356250 0.296094 0.033594 0.064062
1 0.316406 0.289062 0.049219 0.067969
1 0.357812 0.353906 0.033594 0.059375
1 0.323437 0.350781 0.036719 0.063281
1 0.281250 0.346875 0.050781 0.067969
2 0.782031 0.606250 0.052344 0.035156
