1 0.764062 0.746094 0.144531 0.389062
1 0.919531 0.758594 0.156250 0.389062
1 0.383594 0.589844 0.339062 0.555469
1 0.111719 0.621875 0.218750 0.721875
1 0.074219 0.203125 0.062500 0.217969
1 0.021875 0.192188 0.042969 0.239063
1 0.154688 0.246094 0.098437 0.183594
1 0.235937 0.305469 0.053125 0.149219
1 0.288281 0.328906 0.042969 0.110937
1 0.336719 0.342187 0.053125 0.076563
1 0.571094 0.598437 0.055469 0.282031
1 0.615625 0.598437 0.053125 0.188281
1 0.640625 0.489063 0.089063 0.072656
1 0.657813 0.628125 0.055469 0.060156
1 0.871094 0.500000 0.064844 0.128125
1 0.925781 0.461719 0.033594 0.205469
1 0.968750 0.438281 0.053125 0.260937
1 0.921875 0.224219 0.084375 0.235156
1 0.850781 0.320312 0.062500 0.196875
1 0.806250 0.421094 0.079687 0.124219
