3 0.303125 0.485156 0.050781 0.123438
2 0.171094 0.729688 0.040625 0.065625
2 0.169531 0.514844 0.025781 0.038281
2 0.156250 0.612500 0.025781 0.053906
2 0.153906 0.655469 0.034375 0.065625
2 0.150000 0.711719 0.040625 0.072656
2 0.105469 0.674219 0.085156 0.108594
2 0.066406 0.757031 0.132812 0.156250
2 0.046875 0.892188 0.093750 0.205469
2 0.186719 0.574219 0.015625 0.040625
2 0.133594 0.509375 0.043750 0.037500
2 0.124219 0.547656 0.053906 0.064062
2 0.172656 0.887500 0.023438 0.106250
1 0.125781 0.810156 0.025781 0.092188
1 0.127344 0.859375 0.043750 0.106250
1 0.145313 0.805469 0.014063 0.070312
1 0.145313 0.772656 0.020313 0.065625
1 0.132812 0.767188 0.017188 0.072656
1 0.053906 0.496094 0.079687 0.084375
1 0.064844 0.467187 0.078906 0.057813
1 0.105469 0.440625 0.014063 0.053125
1 0.100781 0.453906 0.015625 0.055469
1 0.059375 0.415625 0.076563 0.071094
1 0.067187 0.397656 0.071094 0.053906
1 0.074219 0.387500 0.067187 0.050781
1 0.082031 0.377344 0.059375 0.049219
1 0.110937 0.428906 0.012500 0.050000
1 0.114844 0.417969 0.012500 0.046875
1 0.117188 0.407813 0.012500 0.046875
1 0.114062 0.375781 0.021094 0.042188
1 0.107813 0.365625 0.046875 0.034375
1 0.109375 0.359375 0.046875 0.038281
1 0.112500 0.353906 0.044531 0.037500
1 0.115625 0.347656 0.042188 0.034375
1 0.119531 0.342187 0.040625 0.034375
1 0.121875 0.337500 0.039062 0.032031
1 0.132812 0.476562 0.029687 0.044531
1 0.140625 0.460938 0.022656 0.035156
1 0.150000 0.453906 0.008594 0.035937
1 0.135156 0.425781 0.025781 0.041406
1 0.151562 0.445312 0.007812 0.035156
1 0.153125 0.437500 0.006250 0.034375
1 0.154688 0.428906 0.007812 0.032031
1 0.155469 0.421094 0.008594 0.032031
1 0.135156 0.416406 0.027344 0.035156
1 0.144531 0.409375 0.012500 0.034375
1 0.146875 0.401562 0.012500 0.032813
2 0.176563 0.978906 0.010937 0.040625
2 0.478906 0.553906 0.039062 0.043750
2 0.804688 0.695312 0.120313 0.139063
2 0.723437 0.625781 0.097656 0.107813
2 0.530469 0.463281 0.053906 0.046094
2 0.557813 0.487500 0.058594 0.053125
2 0.593750 0.521094 0.061719 0.061719
2 0.421094 0.475000 0.030469 0.028906
2 0.453906 0.405469 0.042188 0.029687
2 0.470313 0.417969 0.044531 0.034375
2 0.526563 0.617969 0.049219 0.059375
1 0.764062 0.799219 0.067187 0.105469
1 0.448437 0.454688 0.011719 0.011719
1 0.440625 0.451562 0.010937 0.011719
1 0.441406 0.442188 0.010937 0.010937
1 0.430469 0.438281 0.009375 0.010937
1 0.438281 0.441406 0.010937 0.008594
2 0.635938 0.766406 0.069531 0.094531
2 0.565625 0.674219 0.056250 0.061719
2 0.685937 0.833594 0.082031 0.115625
2 0.747656 0.912500 0.096094 0.155469
2 0.497656 0.520312 0.046875 0.044531
1 0.692969 0.718750 0.047656 0.084375
1 0.670312 0.703906 0.044531 0.058594
1 0.641406 0.669531 0.027344 0.073438
1 0.674219 0.662500 0.043750 0.067969
1 0.549219 0.537500 0.030469 0.046875
1 0.549219 0.567969 0.030469 0.040625
1 0.527344 0.555469 0.010937 0.037500
1 0.517188 0.540625 0.010937 0.043750
1 0.532813 0.525781 0.019531 0.044531
1 0.508594 0.360938 0.029687 0.041406
1 0.498437 0.355469 0.028906 0.037500
1 0.470313 0.347656 0.008594 0.030469
1 0.478906 0.352344 0.008594 0.032031
1 0.484375 0.321875 0.020313 0.037500
1 0.478125 0.316406 0.024219 0.035156
1 0.470313 0.313281 0.025781 0.035156
1 0.462500 0.309375 0.024219 0.032813
1 0.462500 0.342187 0.008594 0.032031
1 0.454688 0.338281 0.007812 0.029687
1 0.447656 0.332813 0.007812 0.029687
1 0.438281 0.315625 0.021094 0.023438
1 0.425781 0.310937 0.006250 0.026562
1 0.421875 0.307812 0.011719 0.027344
1 0.419531 0.303906 0.017188 0.027344
1 0.415625 0.300781 0.020313 0.027344
1 0.410938 0.298438 0.019531 0.026562
1 0.405469 0.296094 0.017969 0.025781
1 0.441406 0.383594 0.023438 0.028906
1 0.435156 0.378906 0.021094 0.030469
1 0.422656 0.376563 0.006250 0.023438
1 0.428906 0.353906 0.022656 0.028906
1 0.417187 0.372656 0.006250 0.023438
1 0.411719 0.367969 0.006250 0.023438
1 0.407031 0.364063 0.005469 0.022656
1 0.402344 0.359375 0.003906 0.024219
1 0.421875 0.349219 0.017969 0.027344
1 0.416406 0.346094 0.017969 0.026562
1 0.412500 0.341406 0.017969 0.025781
2 0.632031 0.459375 0.014844 0.009375
2 0.931250 0.465625 0.071094 0.049219
2 0.874219 0.443750 0.062500 0.040625
2 0.562500 0.375000 0.024219 0.015625
2 0.615625 0.403906 0.032031 0.021094
2 0.642188 0.414844 0.028906 0.023438
2 0.662500 0.427344 0.035156 0.025781
2 0.700781 0.378906 0.039062 0.024219
2 0.728906 0.390625 0.044531 0.027344
2 0.764844 0.405469 0.046875 0.028906
2 0.617969 0.349219 0.032031 0.019531
2 0.635938 0.355469 0.034375 0.020313
1 0.860938 0.521094 0.041406 0.044531
1 0.581250 0.380469 0.015625 0.022656
2 0.899219 0.632812 0.032813 0.029687
2 0.809375 0.504687 0.053125 0.035156
1 0.760938 0.469531 0.026562 0.035156
1 0.746875 0.465625 0.025781 0.027344
1 0.728906 0.455469 0.017969 0.034375
1 0.750000 0.440625 0.025781 0.034375
1 0.717969 0.425781 0.023438 0.030469
1 0.715625 0.449219 0.023438 0.026562
1 0.699219 0.444531 0.012500 0.024219
1 0.687500 0.435156 0.014063 0.029687
1 0.705469 0.419531 0.022656 0.030469
1 0.600781 0.336719 0.017188 0.022656
1 0.592969 0.333594 0.015625 0.022656
1 0.581250 0.331250 0.007812 0.017969
1 0.587500 0.314063 0.017188 0.020313
1 0.575000 0.328906 0.007812 0.017969
1 0.567187 0.326562 0.007812 0.017188
1 0.560937 0.324219 0.007812 0.015625
1 0.555469 0.321094 0.006250 0.019531
1 0.580469 0.310937 0.015625 0.020313
1 0.573438 0.309375 0.014844 0.020313
1 0.565625 0.307031 0.014063 0.020313
1 0.684375 0.308594 0.022656 0.025781
1 0.674219 0.305469 0.019531 0.025781
1 0.647656 0.303906 0.011719 0.017969
1 0.653906 0.305469 0.006250 0.019531
1 0.664844 0.285938 0.019531 0.014844
1 0.639844 0.303125 0.005469 0.014844
2 0.970313 0.751563 0.059375 0.090625
