3 0.582812 0.832812 0.117969 0.332031
2 0.837500 0.769531 0.071094 0.084375
2 0.779687 0.424219 0.035937 0.014844
2 0.786719 0.434375 0.039062 0.019531
2 0.898438 0.739062 0.114062 0.112500
2 0.860938 0.674219 0.089063 0.080469
2 0.837500 0.627344 0.072656 0.055469
2 0.827344 0.490625 0.067969 0.037500
2 0.815625 0.471094 0.053906 0.022656
2 0.808594 0.459375 0.044531 0.022656
2 0.902344 0.584375 0.093750 0.062500
2 0.886719 0.547656 0.100781 0.044531
2 0.800781 0.667188 0.038281 0.053906
1 0.768750 0.485938 0.007812 0.024219
1 0.768750 0.498437 0.005469 0.026562
1 0.782813 0.505469 0.028906 0.025781
1 0.785937 0.512500 0.028906 0.032031
1 0.784375 0.482812 0.025781 0.029687
1 0.800781 0.528906 0.014063 0.037500
1 0.792969 0.559375 0.007812 0.037500
1 0.796875 0.567187 0.006250 0.039062
1 0.819531 0.583594 0.042188 0.047656
1 0.816406 0.540625 0.037500 0.046094
1 0.842187 0.390625 0.020313 0.043750
1 0.846094 0.394531 0.012500 0.044531
1 0.864062 0.403906 0.015625 0.050781
1 0.853906 0.399219 0.014844 0.047656
1 0.860938 0.354687 0.014844 0.046094
1 0.887500 0.357031 0.050781 0.050000
1 0.910937 0.359375 0.076563 0.052344
1 0.927344 0.362500 0.087500 0.058594
1 0.875000 0.409375 0.017969 0.055469
1 0.887500 0.415625 0.019531 0.058594
1 0.915625 0.421875 0.050781 0.062500
1 0.966406 0.415625 0.064844 0.078906
1 0.978125 0.425781 0.041406 0.087500
1 0.992188 0.432031 0.014063 0.087500
1 0.935937 0.615625 0.060937 0.085156
1 0.942969 0.644531 0.037500 0.094531
1 0.967187 0.677344 0.040625 0.105469
1 0.979688 0.603906 0.040625 0.103125
1 0.986719 0.713281 0.026562 0.111719
1 0.993750 0.633594 0.012500 0.073438
2 0.755469 0.545312 0.006250 0.020313
2 0.759375 0.560156 0.006250 0.024219
2 0.787500 0.625000 0.032813 0.041406
2 0.772656 0.578906 0.024219 0.028906
2 0.465625 0.626563 0.046875 0.049219
2 0.563281 0.405469 0.022656 0.012500
2 0.553125 0.410938 0.027344 0.012500
2 0.502344 0.443750 0.042188 0.021094
2 0.515625 0.434375 0.035937 0.017188
2 0.530469 0.426563 0.027344 0.017188
2 0.325000 0.812500 0.088281 0.112500
2 0.446875 0.487500 0.044531 0.035937
2 0.464062 0.472656 0.046875 0.030469
2 0.507031 0.575781 0.037500 0.034375
1 0.562500 0.455469 0.012500 0.022656
1 0.403906 0.609375 0.017969 0.017969
1 0.399219 0.622656 0.019531 0.021094
1 0.382812 0.624219 0.020313 0.029687
1 0.359375 0.656250 0.021094 0.025781
1 0.367969 0.638281 0.021094 0.023438
2 0.546094 0.528125 0.023438 0.020313
2 0.525000 0.553906 0.030469 0.026562
2 0.557813 0.515625 0.015625 0.019531
2 0.565625 0.505469 0.012500 0.017188
2 0.487500 0.535937 0.046094 0.032813
1 0.557813 0.464844 0.003125 0.021094
1 0.548438 0.467187 0.014063 0.020313
1 0.542969 0.470313 0.017969 0.023438
1 0.547656 0.448437 0.017969 0.022656
1 0.517188 0.477344 0.014063 0.028906
1 0.522656 0.500000 0.005469 0.025781
1 0.517188 0.505469 0.005469 0.027344
1 0.503125 0.509375 0.023438 0.030469
1 0.509375 0.482031 0.022656 0.029687
1 0.496094 0.371094 0.014063 0.030469
1 0.492188 0.372656 0.006250 0.030469
1 0.475781 0.377344 0.008594 0.032813
1 0.484375 0.375000 0.007812 0.030469
1 0.485156 0.344531 0.008594 0.032031
1 0.466406 0.344531 0.028906 0.032031
1 0.466406 0.346094 0.009375 0.032813
1 0.444531 0.347656 0.034375 0.035156
1 0.466406 0.379688 0.009375 0.034375
1 0.457813 0.382031 0.010937 0.035937
1 0.437500 0.384375 0.029687 0.040625
1 0.404687 0.375781 0.035156 0.043750
1 0.388281 0.378125 0.038281 0.047656
1 0.371094 0.381250 0.041406 0.050000
1 0.349219 0.384375 0.047656 0.052344
1 0.328125 0.389062 0.050000 0.057813
1 0.301563 0.393750 0.056250 0.061719
1 0.271094 0.399219 0.064062 0.065625
1 0.409375 0.492969 0.030469 0.050000
1 0.402344 0.502344 0.017188 0.052344
1 0.385937 0.515625 0.019531 0.050781
1 0.371875 0.471094 0.043750 0.053906
1 0.367969 0.526563 0.021094 0.055469
1 0.346875 0.539844 0.023438 0.058594
1 0.324219 0.553906 0.027344 0.062500
1 0.282813 0.565625 0.059375 0.077344
1 0.352344 0.478906 0.047656 0.058594
1 0.330469 0.489844 0.052344 0.062500
1 0.307031 0.500781 0.056250 0.067969
2 0.097656 0.569531 0.070312 0.043750
2 0.240625 0.509375 0.046094 0.025781
2 0.265625 0.495312 0.029687 0.020313
2 0.110156 0.642188 0.069531 0.050781
2 0.228125 0.440625 0.043750 0.014063
1 0.407813 0.437500 0.014844 0.017188
1 0.162500 0.534375 0.034375 0.039062
2 0.396094 0.449219 0.007812 0.008594
1 0.360938 0.437500 0.017969 0.019531
1 0.346094 0.442188 0.012500 0.017188
1 0.321875 0.459375 0.011719 0.005469
1 0.334375 0.446094 0.019531 0.020313
1 0.190625 0.440625 0.030469 0.032813
1 0.177344 0.445312 0.021094 0.032813
1 0.159375 0.451562 0.022656 0.032813
1 0.150000 0.422656 0.034375 0.034375
1 0.138281 0.456250 0.025781 0.034375
1 0.114844 0.462500 0.027344 0.035156
1 0.090625 0.467187 0.028906 0.037500
1 0.061719 0.472656 0.038281 0.042188
1 0.128125 0.425781 0.037500 0.035156
1 0.105469 0.430469 0.037500 0.037500
1 0.080469 0.434375 0.040625 0.038281
1 0.185938 0.359375 0.026562 0.029687
1 0.164844 0.360938 0.032031 0.029687
1 0.142969 0.362500 0.035156 0.030469
1 0.121875 0.363281 0.037500 0.032813
1 0.097656 0.365625 0.038281 0.035156
1 0.074219 0.367188 0.039062 0.035937
1 0.046094 0.369531 0.042188 0.038281
1 0.302344 0.355469 0.015625 0.014063
1 0.294531 0.355469 0.011719 0.014063
1 0.269531 0.358594 0.014063 0.014844
1 0.282813 0.357812 0.012500 0.012500
1 0.280469 0.339062 0.012500 0.022656
1 0.267969 0.339062 0.014844 0.023438
1 0.261719 0.339062 0.002344 0.023438
1 0.235156 0.340625 0.027344 0.025781
1 0.242188 0.365625 0.014844 0.024219
1 0.224219 0.366406 0.026562 0.026562
2 0.671094 0.524219 0.035937 0.020313
