3 0.314063 0.516406 0.039844 0.109375
2 0.138281 0.681250 0.071094 0.061719
2 0.175781 0.521094 0.044531 0.023438
2 0.137500 0.557813 0.064844 0.026562
2 0.135156 0.577344 0.059375 0.034375
2 0.130469 0.603906 0.046094 0.042969
2 0.072656 0.483594 0.128906 0.031250
2 0.060156 0.500000 0.102344 0.044531
2 0.024219 0.525781 0.048438 0.059375
2 0.181250 0.587500 0.042969 0.030469
2 0.136719 0.455469 0.067969 0.020313
2 0.123438 0.460938 0.075781 0.021094
2 0.104688 0.773438 0.069531 0.080469
1 0.053125 0.606250 0.087500 0.086719
1 0.057031 0.663281 0.088281 0.089844
1 0.104688 0.637500 0.014844 0.065625
1 0.114062 0.621875 0.014063 0.060937
1 0.072656 0.584375 0.070312 0.064062
1 0.076563 0.328125 0.064062 0.053906
1 0.119531 0.335938 0.009375 0.046094
1 0.133594 0.342969 0.009375 0.040625
1 0.126562 0.339062 0.010156 0.043750
1 0.097656 0.292969 0.061719 0.054688
1 0.130469 0.302344 0.009375 0.045312
1 0.136719 0.307031 0.008594 0.043750
1 0.142969 0.310937 0.007812 0.040625
1 0.139844 0.345313 0.008594 0.039062
1 0.145313 0.348438 0.007031 0.036719
1 0.150781 0.350000 0.007031 0.035156
1 0.153125 0.341406 0.013281 0.034375
1 0.165625 0.344531 0.003906 0.029687
1 0.167969 0.346094 0.005469 0.028906
1 0.171875 0.348438 0.004687 0.028125
1 0.175000 0.349219 0.003906 0.026562
1 0.177344 0.350781 0.003906 0.025781
1 0.180469 0.353125 0.003906 0.024219
1 0.148438 0.435156 0.035156 0.021875
1 0.156250 0.438281 0.035156 0.030469
1 0.175000 0.437500 0.004687 0.028906
1 0.157031 0.408594 0.036719 0.029687
1 0.178125 0.435937 0.003906 0.028125
1 0.180469 0.434375 0.003906 0.026562
1 0.183594 0.433594 0.003906 0.026562
1 0.185938 0.432031 0.003906 0.025781
1 0.175781 0.408594 0.003906 0.028125
1 0.178906 0.407813 0.003906 0.026562
1 0.182031 0.407031 0.003906 0.025781
2 0.053906 0.889062 0.107813 0.150000
2 0.480469 0.583594 0.035937 0.029687
2 0.801562 0.499219 0.119531 0.054688
2 0.719531 0.482031 0.106250 0.041406
2 0.527344 0.450000 0.050781 0.018750
2 0.554688 0.454688 0.057813 0.021875
2 0.587500 0.461719 0.061719 0.025781
2 0.430469 0.538281 0.028906 0.018750
2 0.460156 0.438281 0.037500 0.013281
2 0.475000 0.440625 0.042969 0.014063
2 0.525000 0.622656 0.047656 0.041406
1 0.780469 0.667969 0.078906 0.094531
1 0.453906 0.501563 0.007812 0.008594
1 0.448437 0.500000 0.010156 0.007031
1 0.450000 0.493750 0.010156 0.007031
1 0.439844 0.494531 0.009375 0.007031
1 0.446094 0.494531 0.008594 0.006250
2 0.636719 0.725781 0.069531 0.071094
2 0.565625 0.659375 0.060156 0.046094
2 0.700781 0.778125 0.097656 0.092969
2 0.775781 0.843750 0.113281 0.139063
2 0.492969 0.529687 0.035156 0.025781
1 0.698438 0.621094 0.052344 0.074219
1 0.671094 0.612500 0.047656 0.058594
1 0.637500 0.596094 0.023438 0.061719
1 0.674219 0.561719 0.049219 0.064062
1 0.546875 0.510938 0.032031 0.040625
1 0.546875 0.546094 0.032031 0.038281
1 0.525781 0.540625 0.010156 0.035937
1 0.515625 0.533594 0.009375 0.035937
1 0.535937 0.507031 0.029687 0.038281
1 0.508594 0.358594 0.028125 0.031250
1 0.489844 0.360156 0.007812 0.029687
1 0.475000 0.363281 0.007031 0.028125
1 0.482031 0.361719 0.007031 0.028906
1 0.491406 0.333594 0.025781 0.029687
1 0.474219 0.335938 0.007031 0.028906
1 0.467187 0.338281 0.007031 0.028125
1 0.460938 0.339844 0.006250 0.025781
1 0.467969 0.364063 0.006250 0.025781
1 0.460938 0.365625 0.005469 0.025000
1 0.455469 0.366406 0.005469 0.025000
1 0.449219 0.359375 0.017969 0.021875
1 0.437500 0.360156 0.004687 0.021875
1 0.432812 0.361719 0.004687 0.021094
1 0.428125 0.362500 0.003906 0.021094
1 0.424219 0.363281 0.003906 0.020313
1 0.420312 0.364063 0.003906 0.019531
1 0.415625 0.365625 0.003906 0.019531
1 0.450781 0.428125 0.021094 0.021094
1 0.445312 0.428125 0.019531 0.021875
1 0.432812 0.427344 0.004687 0.021094
1 0.440625 0.406250 0.019531 0.021094
1 0.428906 0.426563 0.003906 0.020313
1 0.424219 0.426563 0.003906 0.019531
1 0.420312 0.425781 0.003906 0.019531
1 0.417187 0.424219 0.003906 0.019531
1 0.428125 0.406250 0.003906 0.019531
1 0.424219 0.406250 0.003906 0.019531
1 0.420312 0.405469 0.003906 0.018750
2 0.649219 0.535937 0.025000 0.017969
2 0.960156 0.451562 0.078906 0.021094
2 0.893750 0.446875 0.067969 0.017969
2 0.706250 0.434375 0.035156 0.011719
2 0.738281 0.436719 0.046094 0.013281
2 0.775781 0.440625 0.047656 0.014063
2 0.771875 0.580469 0.050781 0.029687
2 0.575781 0.509375 0.024219 0.011719
2 0.625781 0.428906 0.030469 0.009375
2 0.644531 0.429688 0.033594 0.009375
2 0.712500 0.557031 0.028906 0.023438
1 0.906250 0.535937 0.017969 0.035156
2 0.824219 0.599219 0.056250 0.034375
2 0.876563 0.618750 0.066406 0.038281
2 0.936719 0.640625 0.073438 0.046875
1 0.614062 0.421875 0.008594 0.017969
1 0.597656 0.421094 0.006250 0.016406
1 0.591406 0.421094 0.006250 0.015625
1 0.595313 0.405469 0.014063 0.015625
1 0.584375 0.421094 0.006250 0.015625
1 0.578125 0.420312 0.006250 0.014844
1 0.571875 0.420312 0.005469 0.014844
1 0.566406 0.419531 0.005469 0.014844
1 0.585156 0.404687 0.006250 0.014844
1 0.578906 0.404687 0.006250 0.014844
1 0.572656 0.404687 0.005469 0.014844
1 0.687500 0.378125 0.020313 0.006250
1 0.671875 0.378906 0.010156 0.006250
1 0.651563 0.380469 0.008594 0.004687
1 0.661719 0.379688 0.010156 0.005469
1 0.667969 0.348438 0.019531 0.014063
1 0.653125 0.350000 0.010156 0.013281
1 0.644531 0.350781 0.006250 0.013281
1 0.632031 0.352344 0.003906 0.011719
1 0.644531 0.380469 0.005469 0.005469
1 0.631250 0.381250 0.002344 0.004687
1 0.626563 0.381250 0.005469 0.005469
2 0.407031 0.957812 0.161719 0.082031
