2 0.087500 0.926562 0.077344 0.144531
2 0.024219 0.864844 0.047656 0.151562
2 0.005469 0.954688 0.010937 0.078125
2 0.107031 0.681250 0.055469 0.074219
2 0.037500 0.600781 0.074219 0.061719
2 0.032813 0.655469 0.065625 0.094531
1 0.082031 0.684375 0.025000 0.028125
1 0.076563 0.674219 0.027344 0.031250
1 0.091406 0.649219 0.027344 0.025781
1 0.089063 0.632031 0.025781 0.025781
1 0.096094 0.636719 0.025781 0.019531
2 0.046875 0.921875 0.087500 0.151562
1 0.031250 0.990625 0.030469 0.017969
1 0.007031 0.994531 0.010156 0.009375
1 0.000781 0.522656 0.001563 0.014063
1 0.002344 0.429688 0.004687 0.028125
1 0.005469 0.492969 0.010937 0.060937
1 0.010156 0.471094 0.019531 0.068750
1 0.014844 0.456250 0.024219 0.064844
1 0.015625 0.413281 0.030469 0.059375
1 0.021094 0.402344 0.042188 0.049219
1 0.023438 0.393750 0.046875 0.050781
1 0.025781 0.386719 0.051562 0.048438
1 0.028125 0.380469 0.055469 0.045312
1 0.029687 0.374219 0.059375 0.043750
1 0.032813 0.368750 0.058594 0.041406
1 0.035937 0.555469 0.057031 0.068750
1 0.051562 0.531250 0.042969 0.050000
1 0.071094 0.519531 0.012500 0.049219
1 0.046094 0.484375 0.042969 0.057031
1 0.074219 0.507031 0.011719 0.046094
1 0.077344 0.496094 0.010937 0.044531
1 0.079687 0.486719 0.010156 0.041406
1 0.082031 0.476562 0.011719 0.040625
1 0.046875 0.469531 0.048438 0.046875
1 0.062500 0.460156 0.023438 0.044531
1 0.066406 0.451562 0.021875 0.043750
2 0.496875 0.611719 0.048438 0.055469
2 0.974219 0.758594 0.050781 0.123438
2 0.886719 0.705469 0.139063 0.153125
2 0.410156 0.468750 0.035156 0.029687
2 0.467969 0.523438 0.046875 0.043750
2 0.496094 0.544531 0.050781 0.049219
2 0.523438 0.572656 0.057031 0.056250
2 0.571094 0.503125 0.065625 0.054688
2 0.612500 0.529687 0.074219 0.066406
2 0.669531 0.570312 0.082031 0.078125
2 0.653906 0.788281 0.077344 0.110156
2 0.524219 0.641406 0.052344 0.063281
2 0.415625 0.523438 0.035937 0.034375
2 0.464062 0.440625 0.050000 0.035156
2 0.485156 0.453906 0.053125 0.039844
2 0.564844 0.690625 0.060156 0.076563
1 0.863281 0.856250 0.091406 0.132031
1 0.428906 0.481250 0.021094 0.035937
2 0.732812 0.875781 0.092969 0.145313
2 0.816406 0.936719 0.111719 0.124219
2 0.882812 0.983594 0.030469 0.031250
2 0.756250 0.783594 0.100000 0.108594
1 0.668750 0.682031 0.044531 0.081250
1 0.644531 0.671094 0.042188 0.057031
1 0.615625 0.643750 0.025781 0.071094
1 0.647656 0.628906 0.042188 0.068750
1 0.599219 0.590625 0.037500 0.060156
1 0.597656 0.628906 0.038281 0.051562
1 0.571094 0.614844 0.017188 0.046094
1 0.555469 0.593750 0.017188 0.058594
1 0.578125 0.576562 0.029687 0.056250
1 0.445312 0.417187 0.026562 0.034375
1 0.436719 0.413281 0.025000 0.035156
1 0.421094 0.410938 0.007812 0.028906
1 0.428125 0.383594 0.023438 0.033594
1 0.414062 0.406250 0.007812 0.028125
1 0.407031 0.401562 0.007031 0.025781
1 0.400781 0.398438 0.007031 0.025781
1 0.394531 0.392969 0.007031 0.026562
1 0.420312 0.379688 0.022656 0.031250
1 0.414062 0.375781 0.023438 0.031250
1 0.406250 0.371875 0.021094 0.029687
1 0.443750 0.335156 0.027344 0.033594
1 0.434375 0.332813 0.025000 0.032031
1 0.425000 0.329688 0.021094 0.031250
1 0.418750 0.327344 0.023438 0.030469
1 0.411719 0.325000 0.022656 0.029687
1 0.404687 0.322656 0.022656 0.028906
1 0.398438 0.320312 0.021875 0.028125
1 0.541406 0.382031 0.035156 0.046875
1 0.521875 0.376563 0.025781 0.046094
1 0.489844 0.369531 0.011719 0.036719
1 0.502344 0.374219 0.012500 0.039062
1 0.512500 0.336719 0.033594 0.042969
1 0.499219 0.333594 0.031250 0.040625
1 0.487500 0.330469 0.030469 0.039062
1 0.475781 0.327344 0.028906 0.038281
1 0.477344 0.364844 0.011719 0.035156
1 0.466406 0.360938 0.010156 0.034375
1 0.456250 0.355469 0.010156 0.035156
