2 0.371875 0.820312 0.083594 0.098437
2 0.753125 0.492969 0.061719 0.015625
2 0.717187 0.493750 0.070312 0.017969
2 0.274219 0.701562 0.105469 0.081250
2 0.372656 0.678906 0.085156 0.067969
2 0.450781 0.664844 0.075000 0.063281
2 0.517969 0.504687 0.072656 0.024219
2 0.569531 0.503125 0.074219 0.021875
2 0.625000 0.500781 0.063281 0.020313
2 0.627344 0.733594 0.075000 0.060156
2 0.445312 0.794531 0.082031 0.085938
2 0.260156 0.514062 0.096094 0.035937
2 0.345313 0.511719 0.077344 0.032031
2 0.527344 0.769531 0.079687 0.074219
1 0.724219 0.596094 0.039844 0.042969
1 0.053125 0.721875 0.106250 0.100000
2 0.679688 0.719531 0.072656 0.044531
2 0.727344 0.709375 0.046875 0.035156
2 0.759375 0.696875 0.045312 0.031250
2 0.680469 0.616406 0.064844 0.029687
1 0.638281 0.613281 0.018750 0.051562
1 0.608594 0.617188 0.039844 0.053125
1 0.595313 0.619531 0.027344 0.057031
1 0.608594 0.574219 0.040625 0.051562
1 0.560937 0.580469 0.039844 0.055469
1 0.570312 0.630469 0.021875 0.049219
1 0.547656 0.634375 0.022656 0.050000
1 0.517969 0.632812 0.035937 0.064062
1 0.539062 0.583594 0.039844 0.057031
1 0.161719 0.496094 0.069531 0.071875
1 0.099219 0.496875 0.059375 0.075781
1 0.039062 0.499219 0.063281 0.078125
1 0.053125 0.419531 0.096094 0.078906
1 0.004687 0.499219 0.009375 0.078906
1 0.003125 0.418750 0.006250 0.078125
1 0.161719 0.278125 0.068750 0.078125
1 0.098437 0.267969 0.058594 0.080469
1 0.038281 0.257812 0.063281 0.084375
1 0.003906 0.253125 0.007031 0.078125
1 0.473438 0.350781 0.028906 0.054688
1 0.444531 0.346875 0.030469 0.056250
1 0.379688 0.338281 0.034375 0.059375
1 0.413281 0.342969 0.032031 0.057031
1 0.412500 0.286719 0.032031 0.060937
1 0.379688 0.281250 0.035156 0.064062
1 0.343750 0.273438 0.036719 0.067969
1 0.305469 0.266406 0.039844 0.069531
1 0.343750 0.332813 0.036719 0.061719
1 0.305469 0.328125 0.039844 0.064844
1 0.264844 0.321094 0.042969 0.068750
2 0.962500 0.708594 0.073438 0.056250
