2 0.996875 0.445312 0.006250 0.037500
2 0.991406 0.991406 0.017188 0.014844
2 0.964063 0.960156 0.069531 0.077344
1 0.985156 0.548438 0.029687 0.046875
1 0.978125 0.590625 0.022656 0.050000
1 0.980469 0.610156 0.023438 0.052344
1 0.985156 0.639844 0.029687 0.071094
1 0.991406 0.577344 0.014844 0.057813
1 0.992188 0.822656 0.014844 0.064844
1 0.993750 0.867188 0.012500 0.061719
1 0.995313 0.914062 0.009375 0.056250
2 0.939063 0.625781 0.020313 0.047656
2 0.934375 0.669531 0.009375 0.056250
2 0.949219 0.865625 0.039062 0.125781
2 0.946094 0.732812 0.032031 0.087500
2 0.442188 0.659375 0.062500 0.087500
2 0.641406 0.317969 0.040625 0.029687
2 0.624219 0.330469 0.044531 0.032813
2 0.517188 0.412500 0.057813 0.053125
2 0.544531 0.390625 0.053906 0.046875
2 0.575000 0.371094 0.046094 0.040625
2 0.189062 0.928125 0.106250 0.141406
2 0.374219 0.528906 0.082812 0.096094
2 0.421094 0.492188 0.075781 0.082031
2 0.520312 0.573438 0.053125 0.065625
1 0.635156 0.387500 0.025781 0.034375
1 0.322656 0.680469 0.022656 0.039062
1 0.307031 0.706250 0.024219 0.042188
1 0.283594 0.708594 0.024219 0.050781
1 0.235937 0.767188 0.025781 0.049219
1 0.260156 0.732031 0.024219 0.044531
2 0.594531 0.492188 0.042188 0.035156
2 0.555469 0.539062 0.047656 0.043750
2 0.621094 0.471094 0.023438 0.032813
2 0.636719 0.452344 0.022656 0.028906
2 0.482031 0.545312 0.061719 0.073438
1 0.623437 0.405469 0.008594 0.032031
1 0.607812 0.412500 0.024219 0.032031
1 0.599219 0.416406 0.027344 0.041406
1 0.609375 0.387500 0.026562 0.035156
1 0.546094 0.449219 0.019531 0.043750
1 0.548438 0.481250 0.011719 0.037500
1 0.531250 0.492188 0.022656 0.037500
1 0.514844 0.497656 0.032031 0.053125
1 0.529687 0.460156 0.027344 0.046094
1 0.492188 0.326562 0.030469 0.055469
1 0.481250 0.334375 0.017969 0.058594
1 0.441406 0.359375 0.023438 0.055469
1 0.462500 0.348438 0.020313 0.053906
1 0.450000 0.297656 0.044531 0.064062
1 0.428125 0.306250 0.046094 0.065625
1 0.405469 0.316406 0.049219 0.071094
1 0.380469 0.326562 0.052344 0.074219
1 0.420312 0.371094 0.025781 0.058594
1 0.395313 0.383594 0.028906 0.060937
1 0.359375 0.392188 0.052344 0.075781
1 0.280469 0.403906 0.062500 0.096094
1 0.240625 0.422656 0.067969 0.103125
1 0.196094 0.442969 0.073438 0.111719
1 0.146875 0.465625 0.080469 0.121094
1 0.089063 0.493750 0.087500 0.134375
1 0.036719 0.523438 0.073438 0.146875
1 0.000781 0.595313 0.001563 0.006250
1 0.303906 0.557813 0.055469 0.094531
1 0.274219 0.582031 0.052344 0.102344
1 0.240625 0.625781 0.050000 0.075781
1 0.224219 0.562500 0.064844 0.107813
1 0.199219 0.657813 0.057813 0.080469
1 0.150781 0.691406 0.067187 0.091406
1 0.097656 0.734375 0.077344 0.092188
1 0.040625 0.757812 0.081250 0.143750
1 0.179688 0.590625 0.070312 0.115625
1 0.129688 0.623437 0.076563 0.127344
1 0.073438 0.659375 0.087500 0.140625
2 0.467187 0.255469 0.022656 0.014844
2 0.452344 0.261719 0.032031 0.014844
2 0.321875 0.384375 0.024219 0.029687
2 0.349219 0.297656 0.023438 0.021094
2 0.369531 0.286719 0.037500 0.014063
2 0.399219 0.278125 0.032031 0.011719
2 0.231250 0.342187 0.043750 0.035156
2 0.264062 0.330469 0.043750 0.032813
1 0.183594 0.346875 0.030469 0.042188
1 0.163281 0.353906 0.030469 0.043750
1 0.142187 0.365625 0.029687 0.035156
1 0.132812 0.330469 0.034375 0.044531
1 0.120313 0.372656 0.032031 0.037500
1 0.094531 0.379688 0.034375 0.040625
1 0.068750 0.389062 0.037500 0.040625
1 0.040625 0.393750 0.039062 0.050781
1 0.109375 0.337500 0.035937 0.046875
1 0.084375 0.344531 0.037500 0.049219
1 0.058594 0.351562 0.038281 0.050000
1 0.163281 0.254688 0.032813 0.041406
1 0.139844 0.259375 0.035156 0.042188
1 0.116406 0.264062 0.035156 0.044531
1 0.092188 0.269531 0.037500 0.044531
1 0.064062 0.274219 0.039062 0.047656
1 0.035937 0.280469 0.041406 0.049219
1 0.013281 0.285938 0.026562 0.050781
1 0.311719 0.235937 0.025781 0.030469
1 0.296875 0.239063 0.012500 0.032813
1 0.269531 0.248438 0.021094 0.030469
1 0.285938 0.246094 0.017969 0.026562
1 0.281250 0.217969 0.017969 0.027344
1 0.265625 0.221094 0.020313 0.028906
1 0.247656 0.224219 0.022656 0.029687
1 0.227344 0.227344 0.028906 0.030469
1 0.252344 0.251563 0.021094 0.030469
1 0.235156 0.255469 0.023438 0.032813
1 0.213281 0.257031 0.030469 0.037500
2 0.782813 0.546094 0.056250 0.057813
2 0.546094 0.351562 0.027344 0.015625
