3 0.332031 0.529687 0.034375 0.096094
2 0.171094 0.636719 0.061719 0.038281
2 0.002344 0.367969 0.004687 0.042969
2 0.210156 0.525000 0.038281 0.013281
2 0.182812 0.537500 0.042188 0.014063
2 0.180469 0.546094 0.037500 0.021094
2 0.175000 0.554688 0.026562 0.024219
2 0.170313 0.432812 0.022656 0.023438
2 0.138281 0.425000 0.046094 0.029687
2 0.057813 0.408594 0.115625 0.039062
2 0.210938 0.586719 0.038281 0.019531
2 0.192969 0.446875 0.030469 0.014063
2 0.188281 0.443750 0.025000 0.015625
2 0.153125 0.684375 0.033594 0.046875
1 0.008594 0.635156 0.017188 0.098437
1 0.031250 0.623437 0.030469 0.098437
1 0.007812 0.543750 0.015625 0.094531
1 0.116406 0.514062 0.056250 0.053125
1 0.117969 0.565625 0.055469 0.058594
1 0.149219 0.557031 0.008594 0.050000
1 0.157812 0.553125 0.007812 0.046094
1 0.125781 0.511719 0.054688 0.046875
1 0.149219 0.310156 0.033594 0.039062
1 0.175000 0.325781 0.003906 0.032031
1 0.184375 0.338281 0.004687 0.031250
1 0.179688 0.331250 0.005469 0.033594
1 0.159375 0.295312 0.044531 0.050000
1 0.184375 0.307031 0.004687 0.039062
1 0.189062 0.314844 0.003906 0.036719
1 0.192969 0.321875 0.003906 0.035937
1 0.189062 0.343750 0.004687 0.030469
1 0.193750 0.349219 0.003906 0.028906
1 0.197656 0.354687 0.003906 0.028125
1 0.200000 0.353906 0.008594 0.028125
1 0.209375 0.359375 0.001563 0.020313
1 0.211719 0.361719 0.002344 0.021875
1 0.214844 0.365625 0.002344 0.020313
1 0.217188 0.369531 0.002344 0.019531
1 0.219531 0.372656 0.002344 0.019531
1 0.221875 0.375781 0.001563 0.018750
1 0.192188 0.433594 0.026562 0.014844
1 0.213281 0.443750 0.002344 0.024219
1 0.200000 0.417187 0.028906 0.028906
1 0.215625 0.444531 0.002344 0.024219
1 0.217969 0.445312 0.002344 0.021875
1 0.220312 0.446094 0.001563 0.021875
1 0.222656 0.446875 0.001563 0.021875
1 0.215625 0.419531 0.002344 0.025000
1 0.217969 0.421875 0.002344 0.024219
1 0.220312 0.423438 0.002344 0.023438
2 0.005469 0.921875 0.010937 0.057031
2 0.091406 0.740625 0.101562 0.079687
2 0.038281 0.863281 0.076563 0.131250
2 0.485938 0.588281 0.037500 0.021094
2 0.752344 0.410156 0.116406 0.039062
2 0.678906 0.421875 0.087500 0.030469
2 0.514844 0.447656 0.028906 0.014063
2 0.538281 0.444531 0.034375 0.015625
2 0.574219 0.440625 0.055469 0.017969
2 0.439844 0.561719 0.025781 0.014063
2 0.455469 0.454688 0.012500 0.009375
2 0.478906 0.453125 0.038281 0.010156
2 0.521094 0.612500 0.041406 0.028906
1 0.733594 0.575000 0.067969 0.066406
1 0.459375 0.520312 0.003125 0.005469
1 0.454688 0.519531 0.005469 0.005469
1 0.448437 0.516406 0.007031 0.005469
2 0.615625 0.673438 0.060156 0.048438
2 0.555469 0.633594 0.051562 0.032031
2 0.669531 0.703906 0.082031 0.060937
2 0.742188 0.744531 0.113281 0.085156
2 0.492969 0.530469 0.031250 0.016406
1 0.667969 0.558594 0.046875 0.054688
1 0.633594 0.555469 0.019531 0.048438
1 0.614844 0.550000 0.017969 0.046094
1 0.646094 0.510156 0.043750 0.046094
1 0.540625 0.500000 0.029687 0.031250
1 0.540625 0.532031 0.029687 0.032031
1 0.521875 0.529687 0.008594 0.031250
1 0.513281 0.527344 0.007812 0.030469
1 0.521875 0.499219 0.008594 0.030469
1 0.507812 0.368750 0.025000 0.028906
1 0.491406 0.372656 0.007031 0.026562
1 0.478906 0.379688 0.005469 0.024219
1 0.485156 0.376563 0.006250 0.025781
1 0.493750 0.352344 0.023438 0.028906
1 0.478906 0.356250 0.005469 0.026562
1 0.472656 0.360156 0.005469 0.025781
1 0.467187 0.363281 0.004687 0.025000
1 0.472656 0.382812 0.005469 0.023438
1 0.467187 0.385937 0.004687 0.021875
1 0.462500 0.388281 0.003906 0.021875
1 0.457031 0.385937 0.014063 0.019531
1 0.447656 0.388281 0.003906 0.020313
1 0.443750 0.390625 0.003906 0.019531
1 0.439844 0.392969 0.003125 0.018750
1 0.435937 0.394531 0.003125 0.017969
1 0.432812 0.396875 0.002344 0.017969
1 0.429688 0.398438 0.002344 0.017969
1 0.459375 0.450000 0.019531 0.020313
1 0.446875 0.450781 0.003906 0.020313
1 0.442969 0.451562 0.003125 0.019531
1 0.450781 0.432031 0.017969 0.019531
1 0.439844 0.451562 0.003125 0.018750
1 0.435937 0.453125 0.003125 0.018750
1 0.432812 0.453125 0.002344 0.017969
1 0.429688 0.453906 0.002344 0.017969
1 0.439844 0.433594 0.003125 0.018750
1 0.435937 0.434375 0.003125 0.018750
1 0.432812 0.435156 0.002344 0.018750
2 0.940625 0.439844 0.073438 0.018750
2 0.878125 0.443750 0.063281 0.016406
2 0.581250 0.507031 0.022656 0.007031
2 0.621875 0.512500 0.003906 0.008594
2 0.681250 0.517188 0.025781 0.010156
2 0.700000 0.457031 0.024219 0.005469
2 0.728906 0.456250 0.033594 0.006250
2 0.762500 0.454688 0.032031 0.007031
2 0.781250 0.591406 0.032813 0.019531
2 0.583594 0.546094 0.025000 0.008594
2 0.627344 0.461719 0.016406 0.004687
2 0.646875 0.460156 0.032813 0.005469
2 0.696875 0.574219 0.011719 0.014063
1 0.883594 0.530469 0.044531 0.032031
1 0.599219 0.505469 0.014844 0.015625
2 0.824219 0.605469 0.057813 0.023438
2 0.874219 0.616406 0.066406 0.028906
2 0.932031 0.630469 0.069531 0.035156
2 0.830469 0.534375 0.057031 0.014844
1 0.771094 0.520312 0.017969 0.025781
1 0.755469 0.519531 0.014844 0.024219
1 0.741406 0.517969 0.013281 0.024219
1 0.760938 0.495312 0.024219 0.024219
1 0.728906 0.493750 0.022656 0.021875
1 0.728125 0.516406 0.022656 0.023438
1 0.711719 0.515625 0.011719 0.021094
1 0.700000 0.514062 0.010937 0.021875
1 0.714844 0.492969 0.017969 0.021094
1 0.605469 0.438281 0.007031 0.010156
1 0.615625 0.406250 0.015625 0.015625
1 0.603906 0.406250 0.006250 0.014844
1 0.597656 0.408594 0.005469 0.015625
1 0.591406 0.409375 0.005469 0.015625
1 0.579688 0.413281 0.004687 0.014844
1 0.574219 0.414062 0.004687 0.014844
1 0.685937 0.396875 0.019531 0.020313
1 0.671094 0.399219 0.009375 0.019531
1 0.652344 0.403906 0.008594 0.018750
1 0.660937 0.401562 0.008594 0.019531
1 0.666406 0.383594 0.018750 0.020313
1 0.652344 0.385156 0.008594 0.020313
1 0.643750 0.387500 0.008594 0.019531
1 0.635156 0.389844 0.007031 0.018750
1 0.643750 0.405469 0.007812 0.018750
1 0.635156 0.407031 0.007031 0.017969
1 0.627344 0.408594 0.007031 0.017969
2 0.383594 0.794531 0.137500 0.120313
