2 0.016406 0.747656 0.032813 0.064062
2 0.490625 0.653125 0.055469 0.058594
2 0.960938 0.640625 0.077344 0.103125
2 0.385156 0.507812 0.033594 0.028906
2 0.455469 0.554688 0.053125 0.042969
2 0.489063 0.572656 0.057813 0.049219
2 0.523438 0.598437 0.064062 0.057031
2 0.579688 0.503125 0.074219 0.049219
2 0.632812 0.523438 0.086719 0.059375
2 0.707812 0.554688 0.097656 0.070312
2 0.693750 0.835156 0.092188 0.129688
2 0.524219 0.682031 0.061719 0.067969
2 0.393750 0.569531 0.041406 0.034375
2 0.451562 0.458594 0.056250 0.030469
2 0.476562 0.468750 0.060156 0.033594
2 0.575781 0.731250 0.071875 0.085938
1 0.964063 0.865625 0.070312 0.148438
1 0.410156 0.515625 0.024219 0.036719
2 0.806250 0.921094 0.115625 0.155469
2 0.875000 0.960938 0.026562 0.075781
2 0.831250 0.791406 0.122656 0.146875
1 0.710156 0.696094 0.050000 0.094531
1 0.678125 0.684375 0.047656 0.070312
1 0.642969 0.659375 0.031250 0.081250
1 0.681250 0.629687 0.048438 0.083594
1 0.617969 0.596094 0.042969 0.071094
1 0.616406 0.644531 0.042188 0.061719
1 0.585156 0.633594 0.022656 0.053906
1 0.564844 0.612500 0.021094 0.065625
1 0.595313 0.584375 0.040625 0.066406
1 0.430469 0.439063 0.028906 0.035937
1 0.419531 0.436719 0.027344 0.034375
1 0.402344 0.435937 0.009375 0.030469
1 0.410156 0.406250 0.028125 0.032031
1 0.393750 0.432031 0.008594 0.029687
1 0.385937 0.429688 0.008594 0.028125
1 0.378125 0.426563 0.007812 0.028125
1 0.371094 0.423438 0.007031 0.028906
1 0.400781 0.403906 0.025000 0.031250
1 0.392188 0.401562 0.022656 0.030469
1 0.385937 0.400000 0.025000 0.029687
1 0.428125 0.347656 0.029687 0.032031
1 0.408594 0.346875 0.010156 0.031250
1 0.399219 0.346875 0.009375 0.030469
1 0.390625 0.346094 0.008594 0.029687
1 0.382812 0.346094 0.008594 0.028906
1 0.375000 0.345313 0.007812 0.028125
1 0.367969 0.344531 0.007031 0.026562
1 0.542969 0.370312 0.039062 0.044531
1 0.520312 0.368750 0.027344 0.043750
1 0.482812 0.366406 0.014844 0.039062
1 0.497656 0.368750 0.015625 0.040625
1 0.508594 0.328125 0.036719 0.040625
1 0.482812 0.328125 0.014063 0.039062
1 0.467969 0.328125 0.013281 0.038281
1 0.455469 0.328125 0.012500 0.035937
1 0.468750 0.365625 0.013281 0.036719
1 0.456250 0.364063 0.011719 0.035937
1 0.443750 0.363281 0.011719 0.035156
