2 0.407813 0.729688 0.072656 0.070312
2 0.930469 0.468750 0.126562 0.040625
2 0.860938 0.469531 0.119531 0.040625
2 0.112500 0.622656 0.111719 0.060156
2 0.332031 0.626563 0.088281 0.061719
2 0.403906 0.621094 0.077344 0.060156
2 0.474219 0.623437 0.060156 0.068750
2 0.554688 0.475781 0.063281 0.046875
2 0.617969 0.474219 0.083594 0.042969
2 0.694531 0.475781 0.091406 0.039062
2 0.684375 0.728906 0.086719 0.071094
2 0.471875 0.728906 0.066406 0.070312
2 0.138281 0.733594 0.110937 0.071875
2 0.313281 0.480469 0.089844 0.048438
2 0.375781 0.480469 0.078906 0.049219
2 0.557813 0.731250 0.071094 0.071875
1 0.852344 0.603906 0.067969 0.070312
1 0.199219 0.611719 0.063281 0.073438
2 0.763281 0.728125 0.096094 0.069531
2 0.838281 0.738281 0.078906 0.048438
2 0.900781 0.734375 0.084375 0.051562
2 0.773438 0.613281 0.100781 0.053906
1 0.701562 0.601562 0.032031 0.070312
1 0.666406 0.602344 0.042969 0.069531
1 0.639844 0.602344 0.038281 0.071094
1 0.668750 0.557031 0.046094 0.067969
1 0.604688 0.557813 0.037500 0.067969
1 0.607031 0.614844 0.028906 0.046094
1 0.575781 0.603906 0.034375 0.069531
1 0.548438 0.603125 0.032031 0.071094
1 0.576562 0.558594 0.035937 0.068750
1 0.249219 0.463281 0.057813 0.064844
1 0.216406 0.463281 0.057031 0.064844
1 0.175000 0.469531 0.037500 0.051562
1 0.183594 0.412500 0.067969 0.060156
1 0.143750 0.469531 0.037500 0.051562
1 0.112500 0.469531 0.038281 0.053125
1 0.081250 0.470313 0.039062 0.051562
1 0.050000 0.466406 0.039844 0.060156
1 0.149219 0.413281 0.063281 0.060937
1 0.117969 0.413281 0.067969 0.060937
1 0.087500 0.413281 0.070312 0.060937
1 0.235937 0.298438 0.063281 0.060156
1 0.189844 0.298438 0.039844 0.060156
1 0.156250 0.298438 0.039844 0.060156
1 0.123438 0.298438 0.041406 0.060156
1 0.089844 0.298438 0.042969 0.060156
1 0.056250 0.298438 0.042969 0.060156
1 0.022656 0.298438 0.043750 0.060156
1 0.496875 0.321875 0.032031 0.058594
1 0.464062 0.321875 0.032813 0.058594
1 0.399219 0.321875 0.033594 0.057031
1 0.431250 0.321875 0.033594 0.057031
1 0.432031 0.263281 0.038281 0.059375
1 0.396875 0.263281 0.034375 0.059375
1 0.364063 0.263281 0.035156 0.060156
1 0.331250 0.263281 0.035937 0.059375
1 0.367188 0.321875 0.035156 0.057031
1 0.334375 0.321875 0.035156 0.057031
1 0.302344 0.321875 0.035937 0.058594
