2 0.456250 0.740625 0.066406 0.041406
2 0.984375 0.478125 0.029687 0.035156
2 0.925781 0.480469 0.146875 0.042969
2 0.299219 0.625781 0.050781 0.016406
2 0.409375 0.635156 0.064062 0.024219
2 0.456250 0.638281 0.064844 0.024219
2 0.504687 0.642969 0.063281 0.028125
2 0.560937 0.510938 0.051562 0.021875
2 0.621875 0.507031 0.070312 0.023438
2 0.700781 0.501563 0.078906 0.025000
2 0.721875 0.798438 0.086719 0.068750
2 0.504687 0.750781 0.067969 0.045312
2 0.302344 0.707812 0.058594 0.028906
2 0.406250 0.522656 0.060156 0.017969
2 0.442188 0.519531 0.061719 0.019531
2 0.575000 0.767969 0.071094 0.053906
1 0.949219 0.659375 0.088281 0.074219
1 0.339844 0.619531 0.033594 0.035156
2 0.840625 0.822656 0.118750 0.080469
2 0.942187 0.843750 0.114844 0.085938
2 0.832031 0.667188 0.114062 0.039844
1 0.716406 0.642969 0.036719 0.058594
1 0.683594 0.642188 0.032813 0.053125
1 0.652344 0.639062 0.030469 0.053906
1 0.682031 0.591406 0.032031 0.050781
1 0.614844 0.590625 0.032031 0.046875
1 0.615625 0.636719 0.032031 0.050781
1 0.587500 0.636719 0.025781 0.046875
1 0.562500 0.633594 0.024219 0.048438
1 0.586719 0.589844 0.025781 0.046094
1 0.375000 0.516406 0.033594 0.034375
1 0.351562 0.517969 0.014844 0.033594
1 0.337500 0.518750 0.014063 0.032031
1 0.347656 0.486719 0.032813 0.033594
1 0.324219 0.520312 0.013281 0.031250
1 0.310937 0.521094 0.013281 0.031250
1 0.298438 0.521875 0.011719 0.029687
1 0.286719 0.523438 0.011719 0.029687
1 0.325000 0.489063 0.013281 0.031250
1 0.311719 0.490625 0.013281 0.031250
1 0.299219 0.492188 0.012500 0.030469
1 0.378125 0.416406 0.032031 0.038281
1 0.354687 0.417187 0.014844 0.032031
1 0.340625 0.420312 0.014063 0.031250
1 0.327344 0.423438 0.013281 0.030469
1 0.314844 0.426563 0.013281 0.030469
1 0.302344 0.429688 0.012500 0.029687
1 0.290625 0.432031 0.011719 0.028906
1 0.522656 0.401562 0.032031 0.050781
1 0.496094 0.400781 0.020313 0.039844
1 0.457031 0.408594 0.017969 0.036719
1 0.475781 0.404687 0.018750 0.039062
1 0.482812 0.368750 0.032031 0.040625
1 0.457031 0.373437 0.017969 0.039844
1 0.439063 0.378125 0.017969 0.039062
1 0.421875 0.382812 0.016406 0.038281
1 0.439063 0.412500 0.017188 0.035937
1 0.421094 0.416406 0.016406 0.035156
1 0.404687 0.419531 0.016406 0.035156
