3 0.058594 0.533594 0.117188 0.288281
2 0.444531 0.592969 0.077344 0.095312
2 0.581250 0.415625 0.130469 0.120313
2 0.680469 0.471875 0.163281 0.158594
2 0.858594 0.578125 0.228906 0.224219
2 0.321094 0.450781 0.057031 0.051562
2 0.375000 0.309375 0.091406 0.060937
2 0.411719 0.330469 0.099219 0.071094
2 0.564844 0.736719 0.103125 0.157031
1 0.368750 0.410156 0.021094 0.021875
1 0.353125 0.406250 0.021094 0.024219
1 0.354687 0.389062 0.021094 0.021875
1 0.332813 0.383594 0.019531 0.020313
1 0.347656 0.387500 0.019531 0.021094
2 0.858594 0.986719 0.013281 0.024219
2 0.679688 0.871094 0.128906 0.224219
2 0.488281 0.539844 0.099219 0.116406
1 0.991406 0.946875 0.016406 0.104688
1 0.641406 0.586719 0.071875 0.124219
1 0.635938 0.653125 0.071094 0.110937
1 0.585156 0.627344 0.039844 0.085938
1 0.553906 0.578125 0.037500 0.119531
1 0.598437 0.557031 0.058594 0.114062
1 0.516406 0.156250 0.075781 0.095312
1 0.463281 0.153125 0.032031 0.089844
1 0.409375 0.148438 0.027344 0.078125
1 0.434375 0.150781 0.029687 0.083594
1 0.450781 0.062500 0.072656 0.093750
1 0.403906 0.065625 0.028906 0.085938
1 0.381250 0.067969 0.027344 0.081250
1 0.360156 0.069531 0.025000 0.076563
1 0.386719 0.146094 0.025781 0.073438
1 0.366406 0.142969 0.024219 0.069531
1 0.348438 0.140625 0.022656 0.066406
1 0.326562 0.111719 0.053906 0.060937
1 0.296875 0.111719 0.020313 0.059375
1 0.284375 0.111719 0.018750 0.056250
1 0.273438 0.111719 0.017969 0.054688
1 0.262500 0.110937 0.017188 0.051562
1 0.253906 0.110937 0.016406 0.050000
1 0.244531 0.110156 0.015625 0.048438
1 0.345313 0.269531 0.050781 0.056250
1 0.329688 0.266406 0.045312 0.060156
1 0.304688 0.264062 0.016406 0.049219
1 0.314844 0.215625 0.050781 0.055469
1 0.293750 0.258594 0.016406 0.048438
1 0.283594 0.253125 0.015625 0.045312
1 0.274219 0.248438 0.014844 0.044531
1 0.265625 0.242188 0.014063 0.045312
1 0.300000 0.210938 0.041406 0.053906
1 0.289844 0.207031 0.040625 0.051562
1 0.279687 0.203906 0.039062 0.050000
2 0.644531 0.374219 0.046094 0.035937
2 0.532031 0.267969 0.025781 0.021875
2 0.614844 0.296875 0.046094 0.029687
2 0.651563 0.307031 0.048438 0.031250
2 0.689844 0.321094 0.046094 0.035156
2 0.763281 0.226562 0.047656 0.010156
2 0.814063 0.235156 0.060156 0.013281
2 0.882031 0.247656 0.069531 0.014063
2 0.833594 0.457031 0.063281 0.057031
2 0.678125 0.389844 0.045312 0.040625
2 0.532031 0.324219 0.027344 0.025781
2 0.623437 0.203906 0.033594 0.006250
2 0.654687 0.209375 0.035156 0.007031
2 0.732031 0.414062 0.053906 0.046094
1 0.557813 0.271094 0.022656 0.028906
2 0.914844 0.492188 0.075000 0.067969
2 0.973437 0.519531 0.051562 0.063281
2 0.950000 0.400781 0.085156 0.057031
1 0.861719 0.362500 0.036719 0.053125
1 0.835156 0.358594 0.033594 0.042969
1 0.811719 0.346875 0.033594 0.050000
1 0.840625 0.336719 0.027344 0.016406
1 0.784375 0.321094 0.025781 0.014844
1 0.782031 0.340625 0.032031 0.040625
1 0.758594 0.335938 0.025781 0.036719
1 0.739062 0.325781 0.025781 0.043750
1 0.761719 0.315625 0.021875 0.014063
1 0.589063 0.191406 0.024219 0.019531
1 0.578125 0.188281 0.017188 0.017969
1 0.554688 0.187500 0.003906 0.011719
1 0.564844 0.166406 0.023438 0.028125
1 0.554688 0.165625 0.005469 0.029687
1 0.595313 0.108594 0.025781 0.031250
1 0.578125 0.107813 0.010156 0.030469
1 0.557813 0.107031 0.003906 0.029687
1 0.550781 0.107031 0.011719 0.029687
1 0.539062 0.100781 0.011719 0.014063
1 0.527344 0.100781 0.010156 0.014063
1 0.735156 0.125000 0.033594 0.039062
1 0.711719 0.124219 0.025000 0.038281
1 0.673438 0.123438 0.021094 0.035156
1 0.691406 0.124219 0.022656 0.036719
1 0.700000 0.085938 0.032031 0.038281
1 0.677344 0.086719 0.021875 0.035937
1 0.658594 0.086719 0.021094 0.035156
1 0.642188 0.087500 0.019531 0.034375
1 0.655469 0.122656 0.020313 0.034375
1 0.639062 0.121875 0.017969 0.033594
1 0.623437 0.121875 0.017188 0.032031
