2 0.392188 0.778906 0.073438 0.073438
2 0.836719 0.491406 0.081250 0.020313
2 0.783594 0.492969 0.088281 0.020313
2 0.060937 0.680469 0.121875 0.064062
2 0.314844 0.664062 0.091406 0.057031
2 0.392188 0.653906 0.074219 0.053125
2 0.467969 0.650781 0.060156 0.055469
2 0.541406 0.501563 0.058594 0.025000
2 0.594531 0.500000 0.075000 0.024219
2 0.657031 0.499219 0.076563 0.023438
2 0.661719 0.744531 0.081250 0.060156
2 0.464062 0.769531 0.067969 0.069531
2 0.065625 0.822656 0.131250 0.089063
2 0.303125 0.507031 0.086719 0.030469
2 0.367969 0.505469 0.071094 0.029687
2 0.547656 0.760938 0.071094 0.066406
1 0.789062 0.609375 0.052344 0.050781
1 0.158594 0.659375 0.076563 0.071875
2 0.728125 0.738281 0.085156 0.051562
2 0.790625 0.737500 0.063281 0.035937
2 0.838281 0.728906 0.065625 0.038281
2 0.728125 0.625781 0.083594 0.035156
1 0.671875 0.617969 0.024219 0.057031
1 0.639844 0.619531 0.039844 0.056250
1 0.619531 0.621094 0.032813 0.059375
1 0.639844 0.575781 0.041406 0.053906
1 0.584375 0.578906 0.036719 0.056250
1 0.590625 0.630469 0.025000 0.046875
1 0.560937 0.628125 0.033594 0.057031
1 0.535156 0.627344 0.033594 0.061719
1 0.560156 0.580469 0.035937 0.057031
1 0.228906 0.492188 0.048438 0.056250
1 0.185938 0.492969 0.038281 0.057031
1 0.149219 0.493750 0.039062 0.057031
1 0.160938 0.435937 0.066406 0.056250
1 0.110937 0.493750 0.039844 0.058594
1 0.071875 0.494531 0.041406 0.059375
1 0.031250 0.495312 0.042969 0.059375
1 0.006250 0.494531 0.012500 0.060937
1 0.109375 0.435156 0.039844 0.057031
1 0.069531 0.435156 0.042188 0.059375
1 0.028906 0.434375 0.042969 0.060156
1 0.225781 0.319531 0.046875 0.057031
1 0.184375 0.317188 0.038281 0.058594
1 0.146094 0.314844 0.039844 0.059375
1 0.107813 0.312500 0.040625 0.060156
1 0.067969 0.310156 0.042188 0.060937
1 0.026562 0.307812 0.042969 0.061719
1 0.003906 0.307031 0.007031 0.060156
1 0.487500 0.355469 0.028906 0.050781
1 0.458594 0.353906 0.028906 0.051562
1 0.398438 0.350781 0.030469 0.051562
1 0.428906 0.352344 0.029687 0.050781
1 0.428906 0.300781 0.030469 0.053906
1 0.398438 0.298438 0.030469 0.054688
1 0.366406 0.296875 0.032031 0.056250
1 0.334375 0.294531 0.032813 0.055469
1 0.367188 0.349219 0.032031 0.053125
1 0.335156 0.348438 0.032031 0.053906
1 0.302344 0.346094 0.033594 0.055469
