2 0.405469 0.728125 0.066406 0.057031
2 0.653906 0.492969 0.039844 0.010937
2 0.630469 0.492969 0.045312 0.011719
2 0.066406 0.706250 0.132812 0.080469
2 0.350000 0.642969 0.071094 0.048438
2 0.406250 0.626563 0.066406 0.040625
2 0.457813 0.615625 0.058594 0.036719
2 0.500781 0.502344 0.053906 0.017969
2 0.532813 0.500781 0.053906 0.015625
2 0.568750 0.499219 0.046094 0.014844
2 0.572656 0.664062 0.050781 0.035156
2 0.453125 0.708594 0.061719 0.050781
2 0.071875 0.856250 0.136719 0.120313
2 0.342969 0.511719 0.060156 0.025000
2 0.391406 0.508594 0.062500 0.023438
2 0.507031 0.689844 0.057031 0.044531
1 0.635938 0.565625 0.025000 0.029687
1 0.198437 0.660937 0.067969 0.069531
2 0.606250 0.653125 0.047656 0.025000
2 0.636719 0.643750 0.031250 0.023438
2 0.658594 0.635156 0.028906 0.020313
2 0.607031 0.581250 0.041406 0.017969
1 0.580469 0.578906 0.011719 0.035156
1 0.560937 0.582031 0.025781 0.034375
1 0.552344 0.583594 0.017969 0.038281
1 0.560156 0.551562 0.028125 0.034375
1 0.529687 0.556250 0.028125 0.035937
1 0.536719 0.589844 0.013281 0.035156
1 0.522656 0.593750 0.014844 0.035156
1 0.500000 0.593750 0.029687 0.042969
1 0.514844 0.558594 0.028906 0.039062
1 0.272656 0.500781 0.033594 0.049219
1 0.238281 0.501563 0.035156 0.051562
1 0.201563 0.503906 0.039062 0.053906
1 0.201563 0.449219 0.039844 0.053906
1 0.160938 0.505469 0.042969 0.056250
1 0.116406 0.506250 0.047656 0.059375
1 0.067187 0.507812 0.052344 0.061719
1 0.021094 0.508594 0.042188 0.065625
1 0.160156 0.447656 0.042969 0.056250
1 0.114844 0.446094 0.047656 0.059375
1 0.065625 0.444531 0.052344 0.061719
1 0.272656 0.349219 0.033594 0.053125
1 0.238281 0.343750 0.035156 0.054688
1 0.201563 0.338281 0.039844 0.057031
1 0.160938 0.331250 0.042969 0.060937
1 0.116406 0.324219 0.047656 0.064844
1 0.066406 0.316406 0.052344 0.068750
1 0.021094 0.309375 0.041406 0.070312
1 0.475000 0.396875 0.017969 0.038281
1 0.456250 0.393750 0.017969 0.039844
1 0.415625 0.388281 0.021875 0.041406
1 0.436719 0.391406 0.020313 0.040625
1 0.436719 0.353125 0.020313 0.041406
1 0.415625 0.348438 0.021094 0.043750
1 0.392969 0.344531 0.022656 0.046094
1 0.364844 0.339062 0.033594 0.046875
1 0.392969 0.385937 0.022656 0.042969
1 0.368750 0.382031 0.024219 0.044531
1 0.339844 0.378906 0.033594 0.046875
2 0.778125 0.628125 0.046094 0.028906
