2 0.934375 0.417969 0.067187 0.031250
2 0.946875 0.439844 0.076563 0.044531
2 0.997656 0.911719 0.003906 0.025000
2 0.980469 0.836719 0.037500 0.115625
2 0.982031 0.578906 0.035156 0.071094
2 0.975781 0.532031 0.047656 0.053125
2 0.972656 0.500000 0.053906 0.050000
2 0.946094 0.855469 0.070312 0.132031
1 0.907031 0.505469 0.019531 0.039062
1 0.903906 0.531250 0.012500 0.040625
1 0.925781 0.543750 0.049219 0.042969
1 0.932813 0.564063 0.054688 0.054688
1 0.929688 0.516406 0.041406 0.054688
1 0.969531 0.628125 0.037500 0.064844
1 0.948438 0.671094 0.019531 0.064844
1 0.957031 0.696875 0.021094 0.069531
1 0.977344 0.732031 0.044531 0.089063
1 0.978906 0.658594 0.040625 0.085156
2 0.878125 0.583594 0.017188 0.036719
2 0.879687 0.614062 0.010937 0.042969
2 0.921875 0.751563 0.053906 0.092969
2 0.901563 0.657031 0.042969 0.064062
2 0.446875 0.661719 0.063281 0.076563
2 0.607812 0.360156 0.034375 0.020313
2 0.594531 0.367969 0.037500 0.021875
2 0.511719 0.421875 0.052344 0.036719
2 0.532031 0.407031 0.050781 0.031250
2 0.557031 0.394531 0.039062 0.028906
2 0.195312 0.928906 0.125781 0.139844
2 0.392188 0.503125 0.082031 0.068750
2 0.432812 0.475781 0.073438 0.057031
2 0.514844 0.585156 0.049219 0.053906
1 0.606250 0.423438 0.020313 0.029687
1 0.339062 0.664062 0.024219 0.034375
1 0.325000 0.685937 0.025781 0.036719
1 0.300781 0.689063 0.025781 0.049219
1 0.254688 0.744531 0.028906 0.045312
1 0.277344 0.711719 0.027344 0.040625
2 0.575781 0.515625 0.037500 0.029687
2 0.543750 0.553906 0.044531 0.035937
2 0.596094 0.499219 0.022656 0.025781
2 0.607812 0.484375 0.020313 0.024219
2 0.482812 0.545312 0.060156 0.055469
1 0.597656 0.435937 0.006250 0.028125
1 0.585156 0.442188 0.019531 0.026562
1 0.577344 0.445312 0.024219 0.033594
1 0.584375 0.417187 0.023438 0.030469
1 0.532813 0.461719 0.021094 0.039844
1 0.539062 0.492969 0.008594 0.035156
1 0.529687 0.501563 0.009375 0.035937
1 0.510156 0.506250 0.030469 0.046875
1 0.520312 0.468750 0.028906 0.041406
1 0.492188 0.331250 0.027344 0.045312
1 0.485938 0.335156 0.014063 0.046094
1 0.453906 0.346094 0.017969 0.048438
1 0.471094 0.341406 0.015625 0.045312
1 0.458594 0.297656 0.039844 0.046875
1 0.441406 0.300781 0.042188 0.050000
1 0.423438 0.303906 0.042969 0.053125
1 0.401562 0.307031 0.048438 0.055469
1 0.436719 0.352344 0.019531 0.050781
1 0.416406 0.358594 0.022656 0.053906
1 0.382031 0.361719 0.050000 0.063281
1 0.317188 0.357812 0.060156 0.073438
1 0.282813 0.366406 0.064844 0.078906
1 0.244531 0.376563 0.071094 0.085938
1 0.200000 0.386719 0.078906 0.094531
1 0.146875 0.400781 0.087500 0.104688
1 0.085156 0.416406 0.097656 0.115625
1 0.032813 0.432031 0.065625 0.126562
1 0.330469 0.519531 0.054688 0.080469
1 0.309375 0.538281 0.040625 0.089063
1 0.276562 0.568750 0.042969 0.075781
1 0.258594 0.503125 0.066406 0.093750
1 0.236719 0.592969 0.051562 0.083594
1 0.190625 0.621875 0.060156 0.091406
1 0.137500 0.655469 0.072656 0.100781
1 0.069531 0.676562 0.094531 0.146875
1 0.217969 0.523438 0.072656 0.101562
1 0.170313 0.546875 0.079687 0.114062
1 0.115625 0.573438 0.089063 0.126562
2 0.057813 0.536719 0.072656 0.053906
2 0.230469 0.464062 0.046094 0.025000
2 0.267969 0.450781 0.047656 0.025000
2 0.303125 0.439844 0.040625 0.028125
2 0.346094 0.360156 0.001563 0.009375
2 0.351562 0.354687 0.013281 0.018750
2 0.391406 0.453906 0.028906 0.024219
2 0.303906 0.489063 0.032031 0.018750
2 0.067187 0.606250 0.041406 0.030469
2 0.342187 0.474219 0.038281 0.021094
1 0.134375 0.496875 0.039844 0.031250
2 0.414062 0.442969 0.030469 0.016406
2 0.435156 0.433594 0.021094 0.016406
2 0.451562 0.425000 0.020313 0.014844
1 0.358594 0.415625 0.010937 0.018750
1 0.349219 0.418750 0.010156 0.021875
1 0.330469 0.424219 0.009375 0.020313
1 0.080469 0.360938 0.025781 0.004687
1 0.053125 0.365625 0.027344 0.004687
1 0.023438 0.370312 0.030469 0.005469
1 0.149219 0.301563 0.034375 0.035937
1 0.125781 0.303906 0.035156 0.036719
1 0.100781 0.306250 0.036719 0.039062
1 0.073438 0.309375 0.039844 0.040625
1 0.043750 0.311719 0.041406 0.042969
1 0.017188 0.314844 0.034375 0.044531
1 0.000781 0.333594 0.001563 0.008594
1 0.296875 0.296875 0.024219 0.028125
1 0.287500 0.299219 0.017188 0.028125
1 0.257031 0.303125 0.018750 0.028906
1 0.272656 0.301563 0.017969 0.026562
1 0.267969 0.274219 0.021094 0.028125
1 0.250781 0.275781 0.024219 0.028906
1 0.232031 0.276562 0.028906 0.029687
1 0.214844 0.278125 0.030469 0.031250
1 0.239844 0.305469 0.019531 0.028906
1 0.222656 0.307031 0.021094 0.029687
1 0.200000 0.308594 0.030469 0.033594
2 0.745313 0.535156 0.051562 0.039062
