3 0.574219 0.939063 0.126562 0.120313
2 0.878125 0.925781 0.066406 0.146875
2 0.843750 0.403906 0.047656 0.024219
2 0.851562 0.424219 0.052344 0.035156
2 0.953125 0.930469 0.092188 0.138281
2 0.926562 0.827344 0.104688 0.139844
2 0.901563 0.739062 0.089844 0.103125
2 0.908594 0.556250 0.097656 0.078906
2 0.892188 0.510938 0.077344 0.051562
2 0.876563 0.479687 0.053906 0.042969
2 0.974219 0.793750 0.050781 0.128125
2 0.959375 0.700781 0.080469 0.095312
2 0.846875 0.743750 0.042969 0.086719
1 0.826562 0.475781 0.017969 0.032031
1 0.821875 0.499219 0.008594 0.033594
1 0.834375 0.509375 0.027344 0.034375
1 0.840625 0.524219 0.035937 0.044531
1 0.837500 0.485938 0.024219 0.041406
1 0.862500 0.576562 0.020313 0.048438
1 0.850000 0.610156 0.011719 0.048438
1 0.865625 0.628906 0.033594 0.050000
1 0.881250 0.658594 0.055469 0.071875
1 0.875781 0.601562 0.037500 0.064844
1 0.950781 0.450781 0.047656 0.065625
1 0.955469 0.467187 0.032813 0.071094
1 0.983594 0.509375 0.031250 0.082031
1 0.968750 0.486719 0.032813 0.075781
1 0.984375 0.428125 0.030469 0.076563
1 0.992969 0.452344 0.013281 0.060156
1 0.992969 0.540625 0.013281 0.060937
2 0.803125 0.539844 0.013281 0.029687
2 0.804688 0.565625 0.007812 0.034375
2 0.832031 0.670312 0.033594 0.064844
2 0.818750 0.599219 0.028906 0.050000
2 0.458594 0.646875 0.053125 0.065625
2 0.580469 0.356250 0.030469 0.020313
2 0.570312 0.365625 0.032813 0.021875
2 0.504687 0.428906 0.050000 0.036719
2 0.521094 0.410938 0.043750 0.029687
2 0.541406 0.396875 0.033594 0.028125
2 0.282813 0.921875 0.097656 0.154688
2 0.419531 0.517969 0.071094 0.064844
2 0.448437 0.489063 0.064062 0.054688
2 0.509375 0.571875 0.042188 0.045312
1 0.580469 0.413281 0.016406 0.026562
1 0.378125 0.660937 0.021094 0.028125
1 0.370312 0.682031 0.022656 0.031250
1 0.350781 0.687500 0.023438 0.041406
1 0.320312 0.739062 0.025781 0.038281
1 0.333594 0.709375 0.024219 0.034375
2 0.556250 0.500000 0.032813 0.028125
2 0.532031 0.539062 0.037500 0.035156
2 0.574219 0.482812 0.015625 0.025000
2 0.582812 0.467969 0.014844 0.021875
2 0.485938 0.540625 0.052344 0.050781
1 0.573438 0.427344 0.004687 0.025000
1 0.562500 0.433594 0.017969 0.024219
1 0.557031 0.437500 0.021094 0.030469
1 0.562500 0.411719 0.020313 0.028125
1 0.525781 0.460938 0.014063 0.034375
1 0.528906 0.486719 0.006250 0.031250
1 0.522656 0.496094 0.007031 0.032031
1 0.505469 0.501563 0.026562 0.042969
1 0.513281 0.468750 0.025781 0.035937
1 0.494531 0.353906 0.019531 0.042969
1 0.489844 0.360938 0.010156 0.041406
1 0.466406 0.376563 0.012500 0.043750
1 0.478906 0.368750 0.011719 0.041406
1 0.466406 0.331250 0.035156 0.045312
1 0.453906 0.335938 0.036719 0.048438
1 0.439844 0.342969 0.039844 0.050781
1 0.425781 0.350000 0.041406 0.053906
1 0.453906 0.384375 0.014063 0.045312
1 0.439844 0.393750 0.015625 0.048438
1 0.410938 0.399219 0.042969 0.058594
1 0.364844 0.407031 0.052344 0.067969
1 0.341406 0.419531 0.056250 0.073438
1 0.314844 0.434375 0.060937 0.079687
1 0.284375 0.450781 0.067187 0.085938
1 0.250000 0.469531 0.073438 0.094531
1 0.210156 0.491406 0.081250 0.104688
1 0.164062 0.517188 0.089063 0.117969
1 0.374219 0.541406 0.047656 0.071094
1 0.364063 0.560937 0.028906 0.076563
1 0.342969 0.590625 0.028906 0.066406
1 0.325781 0.538281 0.053906 0.080469
1 0.316406 0.616406 0.033594 0.071094
1 0.286719 0.644531 0.038281 0.078906
1 0.252344 0.678125 0.044531 0.084375
1 0.202344 0.701562 0.074219 0.121875
1 0.298438 0.560937 0.059375 0.088281
1 0.266406 0.585938 0.064844 0.096094
1 0.229687 0.615625 0.074219 0.106250
2 0.418750 0.321094 0.017969 0.005469
2 0.402344 0.330469 0.019531 0.013281
2 0.063281 0.570312 0.069531 0.060937
2 0.315625 0.368750 0.038281 0.021875
2 0.338281 0.359375 0.037500 0.019531
2 0.363281 0.351562 0.032031 0.017969
2 0.383594 0.456250 0.007812 0.005469
2 0.085938 0.640625 0.062500 0.064844
2 0.209375 0.411719 0.052344 0.031250
2 0.242969 0.399219 0.049219 0.029687
2 0.339844 0.486719 0.021094 0.014844
1 0.164062 0.418750 0.035156 0.039844
1 0.146875 0.426563 0.028906 0.042969
1 0.125781 0.438281 0.028906 0.038281
1 0.115625 0.405469 0.035937 0.042969
1 0.102344 0.442969 0.031250 0.030469
1 0.065625 0.460938 0.014844 0.033594
1 0.047656 0.468750 0.037500 0.042969
1 0.019531 0.475000 0.038281 0.053906
1 0.091406 0.415625 0.038281 0.041406
1 0.061719 0.423438 0.042969 0.043750
1 0.034375 0.430469 0.046875 0.050000
1 0.146875 0.329688 0.036719 0.039062
1 0.125000 0.334375 0.038281 0.040625
1 0.101562 0.339062 0.039844 0.041406
1 0.075781 0.342969 0.041406 0.038281
1 0.046094 0.353125 0.046094 0.042969
1 0.020313 0.357031 0.040625 0.048438
1 0.004687 0.367188 0.008594 0.034375
1 0.286719 0.309375 0.024219 0.028906
1 0.278125 0.313281 0.016406 0.029687
1 0.250000 0.321094 0.017969 0.028906
1 0.264844 0.317969 0.016406 0.028125
1 0.255469 0.290625 0.028125 0.029687
1 0.242188 0.292969 0.027344 0.030469
1 0.225000 0.296094 0.030469 0.031250
1 0.208594 0.299219 0.032031 0.032031
1 0.234375 0.325000 0.019531 0.029687
1 0.217969 0.328125 0.021094 0.030469
1 0.195312 0.330469 0.032813 0.035156
2 0.700781 0.507812 0.041406 0.030469
2 0.494531 0.401562 0.020313 0.013281
