3 0.085938 0.481250 0.167969 0.260156
2 0.446875 0.546094 0.057813 0.085156
2 0.572656 0.452344 0.117969 0.150781
2 0.653125 0.529687 0.141406 0.189062
2 0.775000 0.660937 0.167187 0.236719
2 0.328906 0.380469 0.042188 0.051562
2 0.384375 0.285156 0.086719 0.085156
2 0.419531 0.319531 0.093750 0.096875
2 0.549219 0.693750 0.077344 0.126562
1 0.379688 0.359375 0.020313 0.026562
1 0.364844 0.351562 0.019531 0.021875
1 0.365625 0.334375 0.020313 0.024219
1 0.344531 0.321875 0.018750 0.024219
1 0.359375 0.328125 0.019531 0.024219
2 0.765625 0.950781 0.042188 0.096094
2 0.636719 0.817187 0.094531 0.161719
2 0.490625 0.518750 0.089063 0.124219
1 0.950781 0.976562 0.003125 0.044531
1 0.896875 0.937500 0.107031 0.123438
1 0.971094 0.978125 0.041406 0.042969
1 0.613281 0.614844 0.053906 0.090625
1 0.611719 0.656250 0.060937 0.081250
1 0.570312 0.624219 0.032031 0.070312
1 0.548438 0.573438 0.038281 0.103906
1 0.577344 0.578906 0.040625 0.086719
1 0.517188 0.209375 0.073438 0.118750
1 0.476562 0.192969 0.053125 0.115625
1 0.414062 0.171094 0.028125 0.084375
1 0.438281 0.186719 0.028906 0.088281
1 0.453906 0.100781 0.072656 0.110937
1 0.427344 0.089063 0.067969 0.103906
1 0.403125 0.078125 0.065625 0.099219
1 0.381250 0.067969 0.061719 0.093750
1 0.392188 0.156250 0.027344 0.079687
1 0.372656 0.143750 0.025781 0.075781
1 0.353906 0.128125 0.025000 0.078906
1 0.329688 0.076563 0.054688 0.078125
1 0.313281 0.069531 0.050781 0.075781
1 0.300000 0.063281 0.048438 0.070312
1 0.282813 0.055469 0.038281 0.070312
1 0.276562 0.049219 0.045312 0.066406
1 0.266406 0.043750 0.044531 0.064844
1 0.256250 0.037500 0.042969 0.061719
1 0.353906 0.232031 0.050781 0.070312
1 0.338281 0.221875 0.043750 0.071094
1 0.314063 0.217969 0.017969 0.053125
1 0.321094 0.167969 0.050781 0.065625
1 0.303125 0.207031 0.017969 0.051562
1 0.292187 0.196875 0.017969 0.049219
1 0.282031 0.186719 0.017188 0.048438
1 0.272656 0.175781 0.016406 0.050000
1 0.299219 0.159375 0.029687 0.060937
1 0.288281 0.150781 0.028906 0.060156
1 0.278125 0.142187 0.027344 0.058594
2 0.656250 0.286719 0.045312 0.034375
2 0.544531 0.155469 0.029687 0.021875
2 0.628906 0.207813 0.047656 0.039844
2 0.666406 0.224219 0.050781 0.043750
2 0.703906 0.245312 0.049219 0.048438
2 0.782031 0.165625 0.061719 0.048438
2 0.833594 0.184375 0.073438 0.053906
2 0.902344 0.210938 0.077344 0.056250
2 0.836719 0.396094 0.058594 0.053906
2 0.689063 0.308594 0.044531 0.039844
2 0.553906 0.221875 0.005469 0.017969
2 0.635938 0.115625 0.049219 0.035937
2 0.667969 0.126562 0.052344 0.039062
2 0.741406 0.339062 0.050781 0.043750
1 0.571094 0.169531 0.025000 0.036719
2 0.907031 0.439844 0.066406 0.063281
2 0.969531 0.478125 0.060156 0.060937
2 0.950781 0.365625 0.078906 0.075781
1 0.872656 0.314063 0.042969 0.060937
1 0.844531 0.307031 0.035156 0.049219
1 0.824219 0.290625 0.039062 0.057031
1 0.860156 0.267969 0.042969 0.060937
1 0.804688 0.243750 0.039062 0.055469
1 0.795312 0.281250 0.036719 0.045312
1 0.771094 0.273438 0.028125 0.040625
1 0.753125 0.257031 0.030469 0.051562
1 0.783594 0.234375 0.037500 0.053906
1 0.606250 0.092969 0.027344 0.041406
1 0.592187 0.088281 0.026562 0.040625
1 0.578906 0.089063 0.003125 0.029687
1 0.587500 0.053125 0.015625 0.039844
1 0.559375 0.082031 0.008594 0.030469
1 0.550000 0.078125 0.011719 0.032031
1 0.538281 0.073438 0.011719 0.030469
1 0.528125 0.068750 0.010937 0.035156
1 0.569531 0.049219 0.025000 0.035937
1 0.555469 0.046094 0.021875 0.036719
1 0.545312 0.042969 0.022656 0.036719
1 0.614844 0.005469 0.027344 0.010937
1 0.593750 0.003906 0.015625 0.007812
1 0.585156 0.002344 0.003906 0.004687
1 0.767188 0.035156 0.040625 0.053906
1 0.744531 0.030469 0.038281 0.051562
1 0.699219 0.025000 0.025000 0.044531
1 0.719531 0.028906 0.027344 0.045312
1 0.728125 0.004687 0.030469 0.009375
1 0.703125 0.003125 0.020313 0.005469
1 0.679688 0.021094 0.025000 0.042188
1 0.663281 0.019531 0.021875 0.039062
1 0.646094 0.017188 0.019531 0.034375
