3 0.226562 0.535937 0.065625 0.155469
2 0.015625 0.555469 0.030469 0.034375
2 0.021094 0.656250 0.042188 0.050000
1 0.003125 0.420312 0.006250 0.040625
2 0.467187 0.603906 0.053906 0.043750
2 0.989062 0.482812 0.020313 0.053125
2 0.902344 0.475000 0.166406 0.063281
2 0.540625 0.433594 0.067969 0.025000
2 0.585156 0.439844 0.078906 0.029687
2 0.645312 0.448437 0.085156 0.034375
2 0.385156 0.546875 0.038281 0.025000
2 0.432812 0.421094 0.051562 0.016406
2 0.454688 0.424219 0.056250 0.018750
2 0.540625 0.658594 0.067969 0.063281
1 0.975781 0.726562 0.046875 0.118750
1 0.422656 0.500781 0.011719 0.010937
1 0.412500 0.499219 0.013281 0.010937
1 0.413281 0.490625 0.013281 0.009375
1 0.399219 0.492188 0.012500 0.010156
1 0.407031 0.492969 0.008594 0.010156
2 0.741406 0.800781 0.111719 0.131250
2 0.606250 0.709375 0.082031 0.071875
2 0.851562 0.881250 0.139844 0.179688
2 0.960156 0.933594 0.078906 0.131250
2 0.491406 0.537500 0.055469 0.038281
1 0.849219 0.669531 0.066406 0.114844
1 0.798438 0.656250 0.061719 0.086719
1 0.750000 0.630469 0.046875 0.094531
1 0.803906 0.585156 0.062500 0.096094
1 0.574219 0.514062 0.041406 0.055469
1 0.573438 0.559375 0.039844 0.053125
1 0.544531 0.553125 0.017969 0.048438
1 0.527344 0.542969 0.016406 0.051562
1 0.555469 0.508594 0.038281 0.051562
1 0.508594 0.314063 0.036719 0.040625
1 0.483594 0.316406 0.013281 0.040625
1 0.457813 0.321875 0.011719 0.035937
1 0.469531 0.319531 0.012500 0.038281
1 0.480469 0.282031 0.033594 0.040625
1 0.457031 0.285938 0.011719 0.039062
1 0.446094 0.289844 0.011719 0.036719
1 0.435156 0.292969 0.010156 0.035937
1 0.446094 0.324219 0.010937 0.035156
1 0.435937 0.326562 0.010156 0.034375
1 0.425781 0.328125 0.009375 0.032031
1 0.414844 0.320312 0.028125 0.029687
1 0.396875 0.321875 0.008594 0.029687
1 0.389062 0.324219 0.007812 0.028125
1 0.382031 0.325781 0.007031 0.026562
1 0.375781 0.327344 0.007031 0.026562
1 0.369531 0.328906 0.006250 0.025781
1 0.363281 0.330469 0.005469 0.025000
1 0.415625 0.409375 0.027344 0.028906
1 0.398438 0.409375 0.008594 0.028125
1 0.391406 0.408594 0.007031 0.026562
1 0.397656 0.381250 0.022656 0.025781
1 0.384375 0.407813 0.007031 0.025000
1 0.377344 0.407031 0.007031 0.025000
1 0.371094 0.406250 0.006250 0.024219
1 0.365625 0.405469 0.005469 0.024219
1 0.383594 0.381250 0.007031 0.025781
1 0.376563 0.382031 0.007031 0.025000
1 0.370312 0.381250 0.006250 0.024219
2 0.630469 0.524219 0.035156 0.019531
2 0.972656 0.423438 0.053906 0.019531
2 0.912500 0.421094 0.067187 0.017969
2 0.600781 0.472656 0.024219 0.004687
2 0.654687 0.483594 0.025781 0.004687
2 0.696094 0.412500 0.031250 0.010156
2 0.735156 0.414844 0.047656 0.013281
2 0.778906 0.417187 0.049219 0.014063
2 0.762500 0.564063 0.027344 0.026562
2 0.658594 0.532031 0.038281 0.021875
2 0.532031 0.498437 0.007031 0.008594
2 0.603906 0.407813 0.032031 0.010156
2 0.625781 0.408594 0.035156 0.010156
2 0.697656 0.545312 0.042969 0.021875
2 0.846875 0.591406 0.030469 0.023438
2 0.890625 0.601562 0.063281 0.041406
2 0.959375 0.621094 0.075000 0.049219
1 0.764844 0.457813 0.024219 0.021094
1 0.728906 0.453906 0.017188 0.020313
1 0.710938 0.450781 0.020313 0.018750
1 0.584375 0.400781 0.017969 0.018750
1 0.571094 0.400781 0.008594 0.018750
1 0.562500 0.400781 0.007812 0.017969
1 0.567187 0.382031 0.016406 0.017969
1 0.554688 0.400781 0.007031 0.017969
1 0.546875 0.400000 0.007031 0.016406
1 0.540625 0.400000 0.005469 0.016406
1 0.554688 0.382031 0.007812 0.016406
1 0.547656 0.382031 0.007031 0.016406
1 0.539844 0.382031 0.007031 0.016406
1 0.585938 0.348438 0.017188 0.007031
1 0.572656 0.349219 0.008594 0.006250
1 0.564063 0.350781 0.007812 0.006250
1 0.556250 0.350781 0.007812 0.005469
1 0.547656 0.351562 0.007031 0.005469
1 0.540625 0.351562 0.007031 0.005469
1 0.677344 0.346094 0.021094 0.017969
1 0.660156 0.346875 0.013281 0.016406
1 0.635938 0.349219 0.011719 0.016406
1 0.647656 0.348438 0.011719 0.016406
1 0.625000 0.349219 0.010937 0.015625
1 0.614062 0.350781 0.010156 0.015625
1 0.603906 0.350781 0.010156 0.014844
