2 0.417187 0.666406 0.066406 0.046094
2 0.746875 0.438281 0.057031 0.017969
2 0.712500 0.435937 0.062500 0.018750
2 0.534375 0.424219 0.059375 0.019531
2 0.586719 0.428125 0.044531 0.017969
2 0.631250 0.431250 0.045312 0.016406
2 0.080469 0.716406 0.140625 0.070312
2 0.339844 0.407813 0.061719 0.026562
2 0.400781 0.412500 0.057031 0.025000
2 0.542188 0.649219 0.066406 0.038281
1 0.742969 0.528125 0.037500 0.031250
1 0.272656 0.559375 0.019531 0.016406
1 0.248438 0.561719 0.021094 0.019531
1 0.230469 0.555469 0.022656 0.028906
1 0.174219 0.564844 0.027344 0.018750
1 0.207031 0.560937 0.024219 0.018750
2 0.678125 0.630469 0.064062 0.028125
2 0.604688 0.642188 0.064844 0.030469
2 0.721875 0.626563 0.046094 0.021875
2 0.753906 0.621875 0.044531 0.021094
2 0.479687 0.550781 0.060937 0.025781
1 0.715625 0.529687 0.014063 0.033594
1 0.700000 0.530469 0.017188 0.034375
1 0.677344 0.530469 0.034375 0.035156
1 0.691406 0.496094 0.034375 0.033594
1 0.578125 0.496094 0.017969 0.038281
1 0.578125 0.534375 0.017969 0.038281
1 0.559375 0.535937 0.019531 0.039844
1 0.533594 0.535937 0.030469 0.041406
1 0.552344 0.496094 0.032813 0.039844
1 0.498437 0.298438 0.022656 0.042969
1 0.475000 0.293750 0.022656 0.043750
1 0.425781 0.284375 0.025781 0.045312
1 0.450781 0.289062 0.024219 0.043750
1 0.450781 0.247656 0.024219 0.046875
1 0.425781 0.242188 0.025781 0.049219
1 0.399219 0.235937 0.025781 0.050000
1 0.371875 0.229687 0.027344 0.051562
1 0.399219 0.279687 0.025781 0.046094
1 0.372656 0.274219 0.027344 0.046875
1 0.343750 0.268750 0.028906 0.049219
1 0.273438 0.234375 0.039844 0.054688
1 0.235156 0.226562 0.035156 0.053906
1 0.199219 0.219531 0.036719 0.055469
1 0.160938 0.211719 0.038281 0.058594
1 0.120313 0.203125 0.041406 0.060156
1 0.078125 0.193750 0.042969 0.061719
1 0.032813 0.184375 0.046094 0.064062
1 0.271094 0.390625 0.039844 0.053125
1 0.233594 0.386719 0.035156 0.053906
1 0.196875 0.384375 0.036719 0.053906
1 0.203125 0.331250 0.050000 0.057031
1 0.158594 0.381250 0.038281 0.056250
1 0.117969 0.378125 0.041406 0.057031
1 0.075000 0.374219 0.042969 0.059375
1 0.029687 0.369531 0.046094 0.063281
1 0.158594 0.326562 0.038281 0.058594
1 0.117969 0.321094 0.041406 0.060937
1 0.075000 0.316406 0.042969 0.063281
2 0.387500 0.583594 0.030469 0.004687
2 0.577344 0.465625 0.028906 0.008594
2 0.555469 0.464844 0.030469 0.009375
2 0.243750 0.528125 0.043750 0.010937
2 0.355469 0.525781 0.032031 0.010156
2 0.387500 0.524219 0.030469 0.010156
2 0.418750 0.523438 0.026562 0.010156
2 0.449219 0.462500 0.024219 0.008594
2 0.474219 0.463281 0.025781 0.008594
2 0.499219 0.464062 0.024219 0.007031
2 0.417187 0.581250 0.028906 0.004687
2 0.244531 0.593750 0.041406 0.006250
2 0.351562 0.458594 0.027344 0.010156
2 0.378906 0.459375 0.025781 0.009375
2 0.453125 0.578906 0.028906 0.004687
1 0.287500 0.519531 0.021875 0.023438
2 0.535156 0.572656 0.025000 0.004687
1 0.507031 0.516406 0.007031 0.019531
1 0.493750 0.516406 0.006250 0.018750
1 0.483594 0.516406 0.013281 0.018750
1 0.491406 0.496875 0.010937 0.018750
1 0.470313 0.496875 0.010156 0.018750
1 0.471094 0.517188 0.010156 0.019531
1 0.460156 0.517188 0.010156 0.019531
1 0.447656 0.517188 0.013281 0.019531
1 0.458594 0.496875 0.013281 0.018750
1 0.321094 0.452344 0.014844 0.019531
1 0.290625 0.451562 0.014063 0.019531
1 0.275781 0.450781 0.014844 0.020313
1 0.260937 0.450781 0.014844 0.021094
1 0.245312 0.449219 0.014844 0.021094
1 0.229687 0.449219 0.015625 0.021094
1 0.321875 0.383594 0.014844 0.021875
1 0.292187 0.380469 0.012500 0.021875
1 0.427344 0.401562 0.011719 0.020313
1 0.415625 0.398438 0.011719 0.014844
1 0.391406 0.396094 0.011719 0.016406
1 0.403906 0.397656 0.011719 0.015625
1 0.403906 0.378906 0.011719 0.021094
1 0.391406 0.378125 0.011719 0.021094
1 0.378906 0.376563 0.012500 0.021875
1 0.365625 0.375781 0.011719 0.021094
1 0.378906 0.396094 0.012500 0.017969
1 0.365625 0.396875 0.011719 0.021094
1 0.353125 0.392969 0.013281 0.016406
2 0.982812 0.675781 0.032813 0.048438
