3 0.239844 0.545312 0.055469 0.144531
2 0.029687 0.546094 0.058594 0.025000
2 0.033594 0.644531 0.059375 0.040625
1 0.001563 0.264844 0.003125 0.039062
1 0.007812 0.271094 0.010156 0.044531
1 0.017188 0.281250 0.009375 0.041406
1 0.025781 0.289844 0.008594 0.039062
1 0.032813 0.298438 0.007812 0.036719
1 0.039844 0.305469 0.007031 0.034375
1 0.004687 0.407031 0.009375 0.046094
1 0.013281 0.410156 0.010156 0.044531
1 0.008594 0.366406 0.017188 0.048438
1 0.022656 0.413281 0.009375 0.041406
1 0.030469 0.415625 0.008594 0.039844
1 0.037500 0.417969 0.007031 0.038281
1 0.043750 0.419531 0.007031 0.035937
1 0.021094 0.371875 0.009375 0.044531
1 0.028906 0.376563 0.008594 0.042969
1 0.035937 0.380469 0.007812 0.040625
2 0.470313 0.618750 0.053906 0.034375
2 0.995313 0.360938 0.008594 0.054688
2 0.901563 0.369531 0.177344 0.068750
2 0.530469 0.425781 0.050781 0.021094
2 0.568750 0.419531 0.053906 0.025000
2 0.636719 0.411719 0.082031 0.030469
2 0.394531 0.576562 0.036719 0.020313
2 0.423438 0.436719 0.017969 0.014844
2 0.459375 0.434375 0.055469 0.015625
2 0.540625 0.660937 0.071094 0.051562
1 0.989062 0.639062 0.020313 0.101562
1 0.427344 0.525000 0.008594 0.007031
1 0.419531 0.522656 0.011719 0.010156
1 0.421875 0.514844 0.013281 0.007031
1 0.407813 0.518750 0.010156 0.008594
1 0.414062 0.519531 0.003906 0.007031
2 0.751563 0.782031 0.127344 0.120313
2 0.607031 0.701562 0.087500 0.063281
2 0.878906 0.859375 0.167969 0.175781
2 0.981250 0.909375 0.036719 0.131250
2 0.490625 0.542969 0.052344 0.025781
1 0.860938 0.609375 0.073438 0.103906
1 0.804688 0.600781 0.067187 0.085156
1 0.749219 0.586719 0.046094 0.084375
1 0.806250 0.525000 0.067969 0.081250
1 0.571875 0.502344 0.041406 0.046875
1 0.571875 0.547656 0.042188 0.049219
1 0.542188 0.544531 0.016406 0.046094
1 0.525781 0.539062 0.015625 0.045312
1 0.549219 0.500781 0.031250 0.045312
1 0.509375 0.314844 0.035156 0.040625
1 0.485156 0.321094 0.012500 0.039062
1 0.461719 0.333594 0.010156 0.035156
1 0.472656 0.328125 0.010937 0.036719
1 0.483594 0.293750 0.032813 0.040625
1 0.461719 0.300781 0.010156 0.039844
1 0.451562 0.307031 0.009375 0.038281
1 0.442188 0.312500 0.008594 0.035937
1 0.451562 0.338281 0.009375 0.033594
1 0.442188 0.342969 0.008594 0.032031
1 0.433594 0.346875 0.007812 0.031250
1 0.421875 0.345313 0.020313 0.028125
1 0.407813 0.348438 0.007031 0.026562
1 0.401562 0.352344 0.006250 0.026562
1 0.395313 0.356250 0.005469 0.025000
1 0.389844 0.358594 0.005469 0.025000
1 0.384375 0.361719 0.004687 0.024219
1 0.378906 0.365625 0.004687 0.023438
1 0.425000 0.431250 0.025781 0.028125
1 0.407813 0.432031 0.007031 0.026562
1 0.401562 0.433594 0.006250 0.025781
1 0.410938 0.407813 0.025000 0.026562
1 0.395313 0.434375 0.005469 0.025000
1 0.389844 0.435156 0.005469 0.024219
1 0.384375 0.436719 0.004687 0.023438
1 0.378906 0.436719 0.004687 0.021875
1 0.395313 0.409375 0.005469 0.025781
1 0.389844 0.410938 0.005469 0.025781
1 0.384375 0.413281 0.004687 0.024219
2 0.647656 0.565625 0.037500 0.016406
2 0.991406 0.432031 0.016406 0.007031
2 0.943750 0.434375 0.074219 0.009375
2 0.620313 0.508594 0.035156 0.010937
2 0.647656 0.510938 0.038281 0.011719
2 0.675781 0.513281 0.036719 0.011719
2 0.710938 0.444531 0.031250 0.006250
2 0.749219 0.443750 0.045312 0.007031
2 0.799219 0.441406 0.053125 0.008594
2 0.676562 0.570312 0.041406 0.016406
2 0.614844 0.449219 0.027344 0.005469
2 0.639844 0.448437 0.035937 0.005469
2 0.710938 0.582031 0.032031 0.019531
1 0.948438 0.530469 0.055469 0.039844
2 0.899219 0.619531 0.003906 0.021094
2 0.934375 0.629687 0.073438 0.039062
2 0.978906 0.638281 0.014844 0.028906
2 0.874219 0.533594 0.064844 0.019531
1 0.764062 0.514062 0.017969 0.028906
1 0.785937 0.485156 0.025781 0.021875
1 0.744531 0.486719 0.024219 0.025781
1 0.744531 0.513281 0.023438 0.025781
1 0.725000 0.511719 0.014844 0.025000
1 0.710156 0.510156 0.014844 0.025781
1 0.725000 0.486719 0.014844 0.025000
1 0.585156 0.450781 0.008594 0.004687
1 0.599219 0.384375 0.017969 0.019531
1 0.585938 0.386719 0.008594 0.019531
1 0.577344 0.388281 0.007812 0.018750
1 0.569531 0.389844 0.007031 0.018750
1 0.561719 0.391406 0.007031 0.017969
1 0.554688 0.392969 0.007031 0.017969
1 0.547656 0.394531 0.006250 0.016406
1 0.695312 0.374219 0.010156 0.023438
1 0.671875 0.378125 0.011719 0.024219
1 0.648438 0.382031 0.010937 0.021875
1 0.660156 0.380469 0.011719 0.023438
1 0.664844 0.358594 0.021094 0.024219
1 0.648438 0.360938 0.011719 0.023438
1 0.637500 0.363281 0.010937 0.023438
1 0.626563 0.365625 0.010156 0.021875
1 0.636719 0.384375 0.010156 0.021094
1 0.626563 0.386719 0.010156 0.021094
1 0.616406 0.388281 0.009375 0.020313
