3 0.305469 0.487500 0.047656 0.121094
2 0.149219 0.722656 0.056250 0.078906
2 0.161719 0.510156 0.044531 0.040625
2 0.138281 0.599219 0.044531 0.059375
2 0.125000 0.638281 0.064844 0.069531
2 0.117969 0.687500 0.064844 0.071094
2 0.060156 0.631250 0.120313 0.100000
2 0.047656 0.690625 0.095312 0.116406
2 0.017188 0.796094 0.034375 0.129688
2 0.183594 0.571094 0.023438 0.039844
2 0.112500 0.487500 0.072656 0.035937
2 0.099219 0.521875 0.082031 0.060937
2 0.129688 0.874219 0.048438 0.110156
1 0.068750 0.778906 0.057031 0.109375
1 0.067187 0.833594 0.083594 0.123438
1 0.107031 0.775781 0.019531 0.075781
1 0.111719 0.742969 0.023438 0.069531
1 0.090625 0.731250 0.030469 0.076563
1 0.039062 0.443750 0.077344 0.076563
1 0.045312 0.424219 0.083594 0.059375
1 0.093750 0.404687 0.016406 0.051562
1 0.085938 0.413281 0.017969 0.054688
1 0.044531 0.369531 0.080469 0.064062
1 0.056250 0.359375 0.073438 0.051562
1 0.065625 0.353125 0.069531 0.050000
1 0.077344 0.346875 0.057813 0.046094
1 0.100781 0.396094 0.014844 0.049219
1 0.107813 0.389062 0.014063 0.046094
1 0.112500 0.381250 0.014063 0.043750
1 0.111719 0.353906 0.022656 0.040625
1 0.116406 0.348438 0.032031 0.035937
1 0.117969 0.343750 0.036719 0.035937
1 0.119531 0.339844 0.040625 0.035156
1 0.122656 0.335938 0.041406 0.033594
1 0.125781 0.332813 0.040625 0.032031
1 0.129688 0.329688 0.038281 0.031250
1 0.121875 0.457813 0.039844 0.039844
1 0.131250 0.448437 0.039844 0.035156
1 0.150000 0.439844 0.007812 0.035156
1 0.132031 0.412500 0.032031 0.041406
1 0.153125 0.432812 0.007812 0.032031
1 0.155469 0.425781 0.007031 0.033594
1 0.158594 0.419531 0.007031 0.032031
1 0.160156 0.413281 0.007031 0.030469
1 0.135156 0.403125 0.032813 0.034375
1 0.135937 0.397656 0.035937 0.032031
1 0.146094 0.392188 0.021094 0.032031
2 0.130469 0.972656 0.013281 0.053125
2 0.479687 0.560937 0.038281 0.042969
2 0.828125 0.686719 0.139844 0.146875
2 0.734375 0.614062 0.111719 0.107031
2 0.530469 0.459375 0.057031 0.040625
2 0.558594 0.480469 0.061719 0.049219
2 0.594531 0.511719 0.065625 0.057031
2 0.425781 0.485938 0.030469 0.026562
2 0.457031 0.407813 0.042969 0.026562
2 0.471875 0.419531 0.046094 0.029687
2 0.527344 0.625781 0.050781 0.059375
1 0.782813 0.813281 0.077344 0.118750
1 0.451562 0.463281 0.010937 0.010937
1 0.443750 0.459375 0.010937 0.010156
1 0.447656 0.451562 0.006250 0.010937
1 0.434375 0.446875 0.008594 0.009375
1 0.442188 0.449219 0.010156 0.008594
2 0.636719 0.782031 0.069531 0.100000
2 0.566406 0.683594 0.059375 0.064844
2 0.695312 0.857031 0.092188 0.125781
2 0.767188 0.928906 0.112500 0.139844
2 0.497656 0.523438 0.047656 0.042969
1 0.702344 0.722656 0.053906 0.091406
1 0.675781 0.705469 0.050000 0.064844
1 0.643750 0.671875 0.028906 0.078906
1 0.679688 0.659375 0.049219 0.076563
1 0.550000 0.534375 0.032813 0.048438
1 0.549219 0.568750 0.032813 0.042969
1 0.527344 0.556250 0.010937 0.039844
1 0.516406 0.541406 0.010156 0.042969
1 0.533594 0.523438 0.022656 0.046094
1 0.508594 0.353906 0.030469 0.039844
1 0.498437 0.350000 0.027344 0.036719
1 0.471875 0.343750 0.007812 0.032031
1 0.479687 0.347656 0.008594 0.032031
1 0.486719 0.315625 0.024219 0.035156
1 0.480469 0.313281 0.025781 0.033594
1 0.471094 0.310937 0.024219 0.032031
1 0.464062 0.308594 0.023438 0.031250
1 0.463281 0.340625 0.007031 0.030469
1 0.456250 0.336719 0.007031 0.029687
1 0.450000 0.333594 0.007031 0.029687
1 0.442188 0.316406 0.020313 0.028906
1 0.437500 0.314063 0.021094 0.028125
1 0.432031 0.311719 0.021094 0.025781
1 0.425000 0.310156 0.017188 0.025781
1 0.421094 0.307812 0.019531 0.025000
1 0.416406 0.306250 0.018750 0.024219
1 0.412500 0.304688 0.017969 0.024219
1 0.445312 0.387500 0.022656 0.026562
1 0.439063 0.385156 0.021094 0.029687
1 0.426563 0.382812 0.005469 0.025000
1 0.433594 0.359375 0.021875 0.026562
1 0.421094 0.379688 0.005469 0.024219
1 0.417187 0.375781 0.004687 0.021875
1 0.412500 0.371875 0.004687 0.021875
1 0.408594 0.368750 0.003906 0.023438
1 0.427344 0.356250 0.017969 0.026562
1 0.423438 0.353125 0.019531 0.025000
1 0.418750 0.350781 0.019531 0.025000
2 0.645312 0.480469 0.031250 0.023438
2 0.964844 0.471094 0.069531 0.046094
2 0.905469 0.450781 0.071875 0.039844
2 0.576562 0.390625 0.014844 0.006250
2 0.635156 0.416406 0.017188 0.008594
2 0.656250 0.426563 0.025000 0.011719
2 0.681250 0.437500 0.024219 0.011719
2 0.714844 0.391406 0.042188 0.023438
2 0.745313 0.400781 0.048438 0.025781
2 0.784375 0.414844 0.050781 0.028125
2 0.767188 0.551562 0.049219 0.039062
2 0.670312 0.492969 0.036719 0.026562
2 0.571875 0.435156 0.026562 0.016406
2 0.628906 0.363281 0.033594 0.014063
2 0.647656 0.371094 0.035156 0.017969
2 0.703125 0.513281 0.041406 0.030469
1 0.892969 0.526563 0.045312 0.029687
1 0.592187 0.394531 0.014844 0.011719
2 0.817969 0.582031 0.055469 0.046094
2 0.866406 0.610938 0.062500 0.053125
2 0.922656 0.644531 0.071875 0.061719
2 0.857031 0.515625 0.014844 0.010156
1 0.782031 0.476562 0.025781 0.021875
1 0.765625 0.471094 0.024219 0.011719
1 0.746875 0.461719 0.016406 0.017969
1 0.767969 0.453125 0.027344 0.034375
1 0.733594 0.439063 0.025000 0.031250
1 0.732031 0.457031 0.022656 0.014063
1 0.714844 0.450781 0.012500 0.010156
1 0.703125 0.442969 0.013281 0.014844
1 0.721094 0.433594 0.024219 0.030469
1 0.611719 0.353125 0.017969 0.021875
1 0.603125 0.350781 0.017188 0.021094
1 0.591406 0.349219 0.007031 0.018750
1 0.596875 0.331250 0.017188 0.019531
1 0.584375 0.346875 0.007031 0.017969
1 0.578125 0.344531 0.007031 0.017969
1 0.571094 0.342969 0.006250 0.017969
1 0.564844 0.340625 0.006250 0.017969
1 0.589844 0.328906 0.016406 0.019531
1 0.582812 0.327344 0.014844 0.019531
1 0.575781 0.325781 0.013281 0.018750
1 0.615625 0.296875 0.017969 0.020313
1 0.607031 0.295312 0.016406 0.020313
1 0.598437 0.294531 0.015625 0.020313
1 0.591406 0.292969 0.014844 0.019531
1 0.584375 0.292187 0.014063 0.019531
1 0.577344 0.290625 0.014063 0.018750
1 0.571094 0.290625 0.014844 0.017969
1 0.696875 0.318750 0.023438 0.025781
1 0.685156 0.317188 0.022656 0.025000
1 0.655469 0.313281 0.003906 0.019531
1 0.670312 0.315625 0.010156 0.021875
1 0.677344 0.292969 0.021094 0.023438
1 0.664062 0.290625 0.019531 0.019531
1 0.651563 0.290625 0.013281 0.021875
1 0.645312 0.289062 0.019531 0.021094
1 0.648438 0.311719 0.010156 0.021875
1 0.639062 0.310937 0.010156 0.021094
1 0.633594 0.307812 0.002344 0.021094
2 0.996094 0.752344 0.007031 0.032031
