2 0.386719 0.775781 0.075781 0.088281
2 0.816406 0.464062 0.086719 0.026562
2 0.771875 0.467187 0.086719 0.028906
2 0.039844 0.704688 0.079687 0.081250
2 0.300000 0.670312 0.097656 0.078125
2 0.384375 0.652344 0.078906 0.069531
2 0.462500 0.643750 0.065625 0.070312
2 0.533594 0.485938 0.069531 0.036719
2 0.589063 0.482031 0.079687 0.033594
2 0.652344 0.478906 0.077344 0.030469
2 0.650781 0.717969 0.078906 0.066406
2 0.458594 0.759375 0.071094 0.081250
2 0.050781 0.852344 0.100781 0.110156
2 0.281250 0.505469 0.094531 0.050000
2 0.353906 0.500781 0.075781 0.046875
2 0.543750 0.743750 0.070312 0.076563
1 0.772656 0.580469 0.050000 0.050781
1 0.122656 0.677344 0.088281 0.084375
2 0.712500 0.706250 0.080469 0.054688
2 0.770312 0.701562 0.057813 0.039062
2 0.812500 0.691406 0.057813 0.035937
2 0.716406 0.599219 0.080469 0.039844
1 0.664844 0.595313 0.024219 0.060937
1 0.633594 0.600000 0.040625 0.059375
1 0.614844 0.601562 0.032031 0.064062
1 0.634375 0.555469 0.042969 0.059375
1 0.579688 0.562500 0.039062 0.061719
1 0.585938 0.614844 0.024219 0.048438
1 0.555469 0.611719 0.037500 0.064062
1 0.530469 0.614062 0.036719 0.068750
1 0.555469 0.565625 0.038281 0.064062
1 0.196094 0.490625 0.059375 0.071875
1 0.155469 0.492969 0.067969 0.073438
1 0.100781 0.500781 0.050781 0.065625
1 0.110937 0.434375 0.083594 0.068750
1 0.054688 0.503125 0.054688 0.067969
1 0.017188 0.505469 0.033594 0.067969
1 0.053125 0.435937 0.066406 0.069531
1 0.024219 0.435937 0.048438 0.070312
1 0.183594 0.297656 0.060156 0.069531
1 0.132031 0.295312 0.051562 0.070312
1 0.084375 0.292969 0.053906 0.071875
1 0.035156 0.290625 0.057031 0.074219
1 0.007031 0.289062 0.014063 0.073438
1 0.482812 0.335156 0.030469 0.057031
1 0.450781 0.334375 0.032031 0.057031
1 0.385156 0.332031 0.035156 0.059375
1 0.418750 0.333594 0.033594 0.057031
1 0.417187 0.274219 0.033594 0.060156
1 0.383594 0.272656 0.035937 0.061719
1 0.347656 0.270313 0.038281 0.064844
1 0.310937 0.267969 0.039844 0.064844
1 0.350000 0.331250 0.037500 0.060156
1 0.314063 0.330469 0.039062 0.061719
1 0.275781 0.328125 0.041406 0.064844
