3 0.242188 0.495312 0.064062 0.157031
2 0.038281 0.514062 0.076563 0.046875
2 0.051562 0.605469 0.082031 0.060937
1 0.001563 0.275781 0.002344 0.014844
1 0.007812 0.262500 0.014844 0.043750
1 0.016406 0.264062 0.018750 0.042969
1 0.002344 0.411719 0.003906 0.023438
1 0.008594 0.397656 0.017188 0.046875
1 0.018750 0.392969 0.019531 0.044531
1 0.030469 0.388281 0.017188 0.042969
1 0.040625 0.383594 0.017188 0.040625
1 0.004687 0.353906 0.008594 0.044531
1 0.010156 0.351562 0.020313 0.043750
1 0.015625 0.347656 0.031250 0.042188
2 0.473438 0.596875 0.049219 0.058594
2 0.964063 0.634375 0.070312 0.143750
2 0.546875 0.432031 0.088281 0.046875
2 0.593750 0.453906 0.103906 0.061719
2 0.658594 0.493750 0.111719 0.085938
2 0.408594 0.505469 0.033594 0.030469
2 0.445312 0.386719 0.057031 0.025781
2 0.463281 0.396094 0.063281 0.030469
2 0.541406 0.693750 0.078125 0.095312
1 0.439844 0.468750 0.014063 0.013281
1 0.431250 0.464062 0.014063 0.011719
1 0.434375 0.455469 0.011719 0.013281
1 0.417969 0.453125 0.007031 0.010156
1 0.429688 0.454688 0.011719 0.009375
2 0.717969 0.941406 0.065625 0.114844
2 0.607812 0.796094 0.102344 0.124219
2 0.496875 0.538281 0.067969 0.056250
1 0.946094 0.915625 0.107031 0.167969
1 0.874219 0.900781 0.121875 0.165625
1 0.796094 0.809375 0.085156 0.179688
1 0.892969 0.790625 0.128906 0.206250
1 0.578125 0.542969 0.054688 0.079687
1 0.576562 0.600781 0.053125 0.069531
1 0.541406 0.581250 0.017969 0.064062
1 0.525000 0.561719 0.016406 0.065625
1 0.557031 0.527344 0.048438 0.073438
1 0.514062 0.275781 0.046094 0.051562
1 0.484375 0.277344 0.013281 0.049219
1 0.460938 0.278906 0.010156 0.043750
1 0.471875 0.278125 0.011719 0.045312
1 0.486719 0.232031 0.041406 0.049219
1 0.460156 0.235156 0.010156 0.046094
1 0.450781 0.238281 0.009375 0.043750
1 0.441406 0.241406 0.008594 0.041406
1 0.451562 0.280469 0.010156 0.040625
1 0.442188 0.281250 0.008594 0.039844
1 0.434375 0.281250 0.008594 0.036719
1 0.425781 0.269531 0.023438 0.035156
1 0.411719 0.270313 0.007031 0.033594
1 0.405469 0.271094 0.006250 0.031250
1 0.400000 0.271875 0.005469 0.031250
1 0.395313 0.273438 0.005469 0.029687
1 0.390625 0.273438 0.004687 0.028906
1 0.386719 0.275000 0.004687 0.028125
1 0.432031 0.364844 0.029687 0.025781
1 0.425000 0.366406 0.028125 0.033594
1 0.408594 0.365625 0.005469 0.030469
1 0.418750 0.335156 0.028125 0.031250
1 0.403906 0.362500 0.005469 0.028906
1 0.399219 0.360938 0.005469 0.028906
1 0.394531 0.358594 0.005469 0.028125
1 0.389844 0.356250 0.004687 0.026562
1 0.409375 0.333594 0.019531 0.029687
1 0.404687 0.332031 0.020313 0.029687
1 0.402344 0.331250 0.024219 0.028125
2 0.592187 0.406250 0.030469 0.015625
2 0.664844 0.430469 0.042969 0.021875
2 0.696094 0.439844 0.045312 0.024219
2 0.732031 0.453906 0.050000 0.024219
2 0.790625 0.378125 0.060156 0.020313
2 0.839063 0.384375 0.072656 0.025781
2 0.906250 0.395313 0.080469 0.029687
2 0.886719 0.578906 0.061719 0.030469
2 0.740625 0.512500 0.020313 0.011719
2 0.665625 0.358594 0.041406 0.015625
2 0.692187 0.363281 0.046094 0.016406
2 0.789844 0.534375 0.028906 0.015625
1 0.617188 0.408594 0.020313 0.024219
2 0.942969 0.603125 0.011719 0.005469
2 0.974219 0.532813 0.050781 0.041406
1 0.900781 0.494531 0.042969 0.049219
1 0.872656 0.489063 0.039844 0.040625
1 0.843750 0.478906 0.030469 0.044531
1 0.878125 0.452344 0.041406 0.045312
1 0.821875 0.438281 0.036719 0.039844
1 0.817969 0.471875 0.035937 0.035937
1 0.792188 0.465625 0.022656 0.034375
1 0.774219 0.457813 0.021094 0.035937
1 0.800781 0.433594 0.032813 0.039062
1 0.642969 0.348438 0.022656 0.024219
1 0.631250 0.346875 0.018750 0.023438
1 0.617969 0.346094 0.009375 0.021094
1 0.608594 0.344531 0.009375 0.021094
1 0.600000 0.343750 0.008594 0.020313
1 0.592187 0.342969 0.007812 0.020313
1 0.584375 0.340625 0.007031 0.020313
1 0.647656 0.278125 0.022656 0.024219
1 0.631250 0.278125 0.010937 0.023438
1 0.621875 0.278906 0.010156 0.021875
1 0.612500 0.278906 0.009375 0.021094
1 0.603125 0.280469 0.008594 0.021094
1 0.595313 0.280469 0.010156 0.021094
1 0.587500 0.280469 0.007812 0.020313
1 0.767188 0.284375 0.024219 0.031250
1 0.732031 0.284375 0.003906 0.028906
1 0.708594 0.285938 0.016406 0.026562
1 0.723437 0.285156 0.017969 0.028125
1 0.727344 0.256250 0.019531 0.029687
1 0.710156 0.257812 0.016406 0.028906
1 0.696094 0.259375 0.015625 0.028125
1 0.682813 0.259375 0.014844 0.026562
1 0.693750 0.285938 0.014844 0.025781
1 0.680469 0.285938 0.014844 0.025781
1 0.667969 0.286719 0.013281 0.025000
