2 0.378125 0.742188 0.098437 0.150781
2 0.879687 0.286719 0.103125 0.042969
2 0.837500 0.294531 0.105469 0.045312
2 0.560937 0.350781 0.110937 0.078125
2 0.631250 0.336719 0.116406 0.064062
2 0.707812 0.325781 0.103125 0.056250
2 0.158594 0.435937 0.184375 0.139844
2 0.295312 0.409375 0.130469 0.119531
2 0.559375 0.660937 0.095312 0.115625
1 0.847656 0.418750 0.062500 0.057031
1 0.101562 0.678906 0.044531 0.063281
1 0.051562 0.709375 0.060156 0.075781
1 0.026562 0.691406 0.053125 0.089844
1 0.004687 0.685937 0.008594 0.025000
2 0.738281 0.578906 0.090625 0.068750
2 0.642969 0.628125 0.093750 0.080469
2 0.794531 0.563281 0.063281 0.050000
2 0.834375 0.542969 0.060156 0.045312
2 0.467187 0.575781 0.098437 0.131250
1 0.814063 0.437500 0.027344 0.058594
1 0.786719 0.443750 0.044531 0.061719
1 0.758594 0.444531 0.062500 0.075000
1 0.787500 0.391406 0.066406 0.071875
1 0.615625 0.442969 0.057031 0.091406
1 0.621875 0.511719 0.032031 0.063281
1 0.582812 0.511719 0.052344 0.085938
1 0.555469 0.516406 0.047656 0.100000
1 0.584375 0.451562 0.058594 0.095312
1 0.496094 0.108594 0.050781 0.108594
1 0.443750 0.106250 0.057031 0.113281
1 0.325000 0.101562 0.076563 0.125000
1 0.386719 0.104688 0.065625 0.118750
1 0.382812 0.025000 0.064062 0.050000
1 0.316406 0.021875 0.070312 0.043750
1 0.245312 0.020313 0.081250 0.040625
1 0.164844 0.015625 0.089063 0.031250
1 0.255469 0.099219 0.090625 0.131250
1 0.178125 0.094531 0.104688 0.139844
1 0.092188 0.089063 0.124219 0.150781
1 0.039844 0.419531 0.079687 0.151562
2 0.596875 0.220312 0.039844 0.014844
2 0.567969 0.221875 0.041406 0.015625
2 0.148438 0.355469 0.058594 0.032031
2 0.300000 0.335938 0.046094 0.029687
2 0.344531 0.328906 0.041406 0.028125
2 0.385937 0.324219 0.035937 0.028125
2 0.423438 0.233594 0.034375 0.018750
2 0.455469 0.231250 0.041406 0.017969
2 0.492969 0.229687 0.040625 0.016406
2 0.281250 0.243750 0.042969 0.021875
2 0.321875 0.240625 0.039062 0.021875
1 0.569531 0.291406 0.021875 0.026562
1 0.207031 0.338281 0.041406 0.038281
2 0.535937 0.303125 0.039062 0.014844
1 0.506250 0.300781 0.002344 0.025781
1 0.484375 0.302344 0.017969 0.030469
1 0.471875 0.303125 0.018750 0.032031
1 0.484375 0.275781 0.018750 0.031250
1 0.452344 0.278906 0.018750 0.032031
1 0.455469 0.308594 0.014063 0.026562
1 0.439063 0.308594 0.019531 0.031250
1 0.425000 0.309375 0.019531 0.034375
1 0.438281 0.281250 0.019531 0.032031
1 0.235156 0.235937 0.030469 0.038281
1 0.210938 0.236719 0.028125 0.039062
1 0.188281 0.240625 0.028906 0.035937
1 0.186719 0.215625 0.032031 0.013281
1 0.164844 0.241406 0.030469 0.035937
1 0.140625 0.242969 0.032031 0.036719
1 0.116406 0.244531 0.033594 0.036719
1 0.099219 0.243750 0.016406 0.040625
1 0.160156 0.216406 0.025781 0.013281
1 0.135156 0.217969 0.027344 0.014063
1 0.110156 0.218750 0.028125 0.014063
