2 0.020313 0.921094 0.040625 0.154688
2 0.014063 0.994531 0.018750 0.009375
2 0.007031 0.799219 0.014063 0.060156
2 0.478125 0.637500 0.050781 0.049219
2 0.953906 0.599219 0.091406 0.078125
2 0.867969 0.575781 0.112500 0.078125
2 0.362500 0.515625 0.035156 0.028125
2 0.442969 0.553125 0.050000 0.038281
2 0.477344 0.565625 0.052344 0.042969
2 0.512500 0.583594 0.053906 0.048438
2 0.563281 0.496875 0.058594 0.040625
2 0.608594 0.509375 0.066406 0.045312
2 0.668750 0.528125 0.069531 0.048438
2 0.661719 0.746875 0.067969 0.085156
2 0.512500 0.657031 0.053906 0.055469
2 0.371094 0.575781 0.041406 0.033594
2 0.438281 0.466406 0.050781 0.028906
2 0.464844 0.473438 0.053125 0.031250
2 0.561719 0.689063 0.058594 0.064844
1 0.855469 0.718750 0.069531 0.094531
1 0.391406 0.521875 0.025000 0.035937
2 0.743750 0.794531 0.075781 0.103125
2 0.827344 0.841406 0.092969 0.121875
2 0.926562 0.898438 0.122656 0.146875
2 0.758594 0.686719 0.079687 0.083594
1 0.671875 0.637500 0.033594 0.067969
1 0.647656 0.632031 0.033594 0.054688
1 0.621094 0.617188 0.025000 0.061719
1 0.650000 0.589844 0.033594 0.063281
1 0.597656 0.571094 0.032031 0.056250
1 0.596875 0.609375 0.032031 0.051562
1 0.571875 0.605469 0.019531 0.041406
1 0.553125 0.589844 0.018750 0.053906
1 0.578125 0.563281 0.030469 0.054688
1 0.413281 0.449219 0.027344 0.034375
1 0.400000 0.446094 0.022656 0.033594
1 0.384375 0.446094 0.010937 0.028125
1 0.391406 0.417969 0.027344 0.031250
1 0.374219 0.443750 0.010156 0.028125
1 0.364844 0.441406 0.010156 0.026562
1 0.355469 0.439063 0.009375 0.025781
1 0.347656 0.435156 0.009375 0.028125
1 0.379688 0.415625 0.024219 0.029687
1 0.371094 0.414062 0.025781 0.029687
1 0.361719 0.411719 0.022656 0.029687
1 0.411719 0.363281 0.028125 0.030469
1 0.396875 0.363281 0.020313 0.029687
1 0.388281 0.361719 0.024219 0.029687
1 0.376563 0.361719 0.020313 0.028906
1 0.366406 0.360938 0.021094 0.028906
1 0.358594 0.359375 0.022656 0.026562
1 0.345313 0.359375 0.013281 0.025781
1 0.528906 0.386719 0.032031 0.039844
1 0.510156 0.385156 0.028125 0.039062
1 0.472656 0.382812 0.014844 0.034375
1 0.488281 0.384375 0.015625 0.035937
1 0.495312 0.350000 0.030469 0.035156
1 0.472656 0.349219 0.014844 0.033594
1 0.464844 0.348438 0.028125 0.033594
1 0.448437 0.347656 0.022656 0.032031
1 0.457813 0.381250 0.014063 0.033594
1 0.444531 0.380469 0.013281 0.032031
1 0.432031 0.378125 0.012500 0.032031
