2 0.371875 0.828125 0.085156 0.060156
2 0.745313 0.560937 0.060156 0.019531
2 0.709375 0.555469 0.067187 0.020313
2 0.011719 0.681250 0.023438 0.028125
2 0.288281 0.680469 0.097656 0.029687
2 0.379688 0.678906 0.080469 0.025781
2 0.454688 0.676562 0.071094 0.024219
2 0.518750 0.531250 0.064844 0.025000
2 0.575781 0.539062 0.048438 0.021875
2 0.625000 0.546094 0.049219 0.021094
2 0.633594 0.787500 0.077344 0.039844
2 0.446094 0.815625 0.081250 0.053906
2 0.001563 0.860938 0.003125 0.025000
2 0.290625 0.496094 0.078906 0.039062
2 0.364063 0.506250 0.067187 0.035156
2 0.529687 0.804688 0.080469 0.048438
1 0.723437 0.660156 0.041406 0.036719
1 0.089063 0.661719 0.102344 0.071875
2 0.687500 0.780469 0.075781 0.031250
2 0.735938 0.775781 0.053125 0.026562
2 0.771094 0.770312 0.049219 0.024219
2 0.680469 0.672656 0.066406 0.015625
1 0.637500 0.660156 0.020313 0.042969
1 0.617969 0.660937 0.021094 0.043750
1 0.594531 0.660156 0.028125 0.044531
1 0.607031 0.617969 0.039844 0.042969
1 0.568750 0.614844 0.021094 0.044531
1 0.569531 0.660937 0.021875 0.045312
1 0.547656 0.660937 0.022656 0.046875
1 0.518750 0.660937 0.035156 0.049219
1 0.539062 0.614062 0.038281 0.046094
1 0.209375 0.471875 0.057031 0.063281
1 0.160156 0.464844 0.050781 0.063281
1 0.114062 0.458594 0.054688 0.064844
1 0.131250 0.400781 0.072656 0.070312
1 0.064062 0.450781 0.060156 0.066406
1 0.021875 0.443750 0.042969 0.067969
1 0.073438 0.390625 0.058594 0.069531
1 0.026562 0.380469 0.053125 0.073438
1 0.228125 0.306250 0.050781 0.058594
1 0.184375 0.292969 0.046094 0.058594
1 0.140625 0.280469 0.049219 0.059375
1 0.095312 0.267969 0.053906 0.060937
1 0.046875 0.253125 0.058594 0.064062
1 0.013281 0.242969 0.025781 0.059375
1 0.478125 0.394531 0.024219 0.043750
1 0.453125 0.388281 0.025781 0.044531
1 0.399219 0.373437 0.029687 0.046875
1 0.427344 0.381250 0.027344 0.045312
1 0.428125 0.340625 0.027344 0.049219
1 0.400781 0.332031 0.028906 0.050781
1 0.371875 0.322656 0.030469 0.053125
1 0.341406 0.313281 0.033594 0.054688
1 0.369531 0.365625 0.031250 0.048438
1 0.339062 0.357031 0.032813 0.050000
1 0.307031 0.348438 0.035937 0.051562
2 0.969531 0.755469 0.060156 0.032031
