3 0.259375 0.518750 0.068750 0.145313
2 0.135937 0.857031 0.035937 0.103125
2 0.090625 0.575781 0.020313 0.044531
2 0.098437 0.701562 0.014844 0.059375
2 0.109375 0.756250 0.025000 0.073438
2 0.121875 0.838281 0.025000 0.099219
2 0.082812 0.796094 0.064844 0.135937
2 0.082031 0.907031 0.063281 0.183594
2 0.114844 0.649219 0.015625 0.048438
2 0.065625 0.576562 0.030469 0.049219
2 0.067187 0.625781 0.033594 0.076563
2 0.158594 0.994531 0.008594 0.008594
1 0.117969 0.981250 0.007031 0.035156
1 0.124219 0.989844 0.007031 0.018750
1 0.125000 0.964063 0.017969 0.069531
1 0.121094 0.928125 0.019531 0.085156
1 0.116406 0.949219 0.007812 0.057031
1 0.012500 0.564063 0.024219 0.100000
1 0.022656 0.508594 0.013281 0.042969
1 0.018750 0.517969 0.018750 0.056250
1 0.002344 0.428125 0.004687 0.018750
1 0.007031 0.426563 0.014063 0.056250
1 0.007812 0.410938 0.015625 0.061719
1 0.021875 0.477344 0.017188 0.065625
1 0.022656 0.462500 0.016406 0.061719
1 0.022656 0.448437 0.019531 0.060156
1 0.014844 0.405469 0.028125 0.056250
1 0.007031 0.374219 0.014063 0.009375
1 0.005469 0.366406 0.010937 0.007812
1 0.015625 0.378906 0.031250 0.044531
1 0.015625 0.371875 0.031250 0.043750
1 0.016406 0.364063 0.032031 0.043750
1 0.016406 0.358594 0.032813 0.040625
1 0.058594 0.533594 0.015625 0.053906
1 0.051562 0.501563 0.002344 0.010937
1 0.032813 0.453906 0.010937 0.013281
1 0.059375 0.494531 0.010156 0.041406
1 0.058594 0.478906 0.008594 0.031250
1 0.058594 0.474219 0.009375 0.039062
1 0.057813 0.464062 0.010937 0.039844
1 0.040625 0.460156 0.027344 0.035156
1 0.050000 0.451562 0.008594 0.039062
1 0.049219 0.442188 0.008594 0.035937
2 0.469531 0.560156 0.043750 0.048438
2 0.860938 0.637500 0.110156 0.119531
2 0.770312 0.586719 0.092188 0.096875
2 0.535156 0.457031 0.056250 0.046875
2 0.570312 0.476562 0.061719 0.054688
2 0.616406 0.505469 0.063281 0.059375
2 0.388281 0.486719 0.035156 0.032031
2 0.435937 0.406250 0.046094 0.034375
2 0.457031 0.417969 0.049219 0.036719
2 0.532813 0.619531 0.051562 0.063281
1 0.816406 0.746875 0.069531 0.100000
1 0.426563 0.460938 0.008594 0.013281
1 0.415625 0.459375 0.011719 0.011719
1 0.414844 0.449219 0.011719 0.011719
1 0.401562 0.446094 0.010937 0.011719
1 0.410156 0.447656 0.010937 0.011719
2 0.667969 0.741406 0.069531 0.099219
2 0.582031 0.668750 0.058594 0.064844
2 0.726562 0.793750 0.077344 0.115625
2 0.795312 0.857812 0.084375 0.139844
2 0.494531 0.521875 0.050000 0.050000
1 0.735156 0.683594 0.042969 0.084375
1 0.707812 0.673438 0.040625 0.060156
1 0.679688 0.646094 0.033594 0.075000
1 0.713281 0.632031 0.040625 0.071875
1 0.560156 0.529687 0.031250 0.050000
1 0.559375 0.561719 0.030469 0.044531
1 0.537500 0.553125 0.014844 0.038281
1 0.523438 0.536719 0.014063 0.049219
1 0.543750 0.519531 0.025781 0.048438
1 0.507031 0.350781 0.030469 0.042969
1 0.489844 0.346094 0.023438 0.042969
1 0.459375 0.340625 0.011719 0.034375
1 0.471875 0.344531 0.012500 0.035156
1 0.479687 0.310937 0.029687 0.039844
1 0.467187 0.307031 0.028125 0.038281
1 0.455469 0.303906 0.028125 0.036719
1 0.444531 0.300781 0.026562 0.035937
1 0.448437 0.335938 0.011719 0.033594
1 0.437500 0.332031 0.010937 0.031250
1 0.427344 0.326562 0.010156 0.033594
1 0.413281 0.307031 0.025781 0.033594
1 0.403125 0.304688 0.023438 0.031250
1 0.394531 0.301563 0.021875 0.031250
1 0.387500 0.299219 0.022656 0.030469
1 0.380469 0.296875 0.022656 0.029687
1 0.373437 0.294531 0.023438 0.029687
1 0.366406 0.292187 0.021875 0.028906
1 0.417187 0.384375 0.025781 0.034375
1 0.407813 0.380469 0.023438 0.033594
1 0.392969 0.379688 0.008594 0.025781
1 0.399219 0.353125 0.025781 0.032031
1 0.385156 0.375781 0.008594 0.026562
1 0.378125 0.371094 0.007812 0.025781
1 0.371094 0.367969 0.007812 0.024219
1 0.364063 0.362500 0.007812 0.026562
1 0.390625 0.349219 0.022656 0.031250
1 0.382812 0.346094 0.022656 0.030469
1 0.375781 0.342969 0.021094 0.029687
2 0.602344 0.442969 0.031250 0.025000
2 0.875000 0.413281 0.054688 0.035937
2 0.826562 0.399219 0.049219 0.032031
2 0.528906 0.363281 0.013281 0.008594
2 0.585938 0.385156 0.022656 0.009375
2 0.608594 0.392969 0.025000 0.011719
2 0.633594 0.401562 0.024219 0.010937
2 0.664062 0.357031 0.030469 0.021875
2 0.693750 0.365625 0.039844 0.021875
2 0.728906 0.375781 0.039844 0.024219
2 0.714844 0.496875 0.038281 0.034375
2 0.625000 0.453906 0.032813 0.025781
2 0.524219 0.406250 0.025781 0.017969
2 0.582031 0.335938 0.030469 0.017969
2 0.601562 0.341406 0.032031 0.018750
2 0.657031 0.469531 0.035156 0.029687
1 0.817187 0.464062 0.034375 0.024219
1 0.543750 0.366406 0.016406 0.013281
2 0.758594 0.516406 0.042969 0.038281
2 0.796875 0.534375 0.045312 0.042969
2 0.839063 0.553906 0.048438 0.046094
2 0.772656 0.453125 0.038281 0.015625
1 0.726562 0.430469 0.019531 0.020313
1 0.713281 0.427344 0.018750 0.014063
1 0.697656 0.419531 0.014844 0.017969
1 0.714844 0.410938 0.021094 0.030469
1 0.687500 0.400781 0.013281 0.028906
1 0.685937 0.417187 0.011719 0.014063
1 0.668750 0.413281 0.007812 0.008594
1 0.654687 0.405469 0.007031 0.014063
1 0.671094 0.396094 0.010156 0.028125
1 0.564063 0.325000 0.016406 0.021875
1 0.555469 0.322656 0.015625 0.021094
1 0.543750 0.321875 0.007812 0.017969
1 0.547656 0.307031 0.015625 0.014063
1 0.535937 0.319531 0.007031 0.017969
1 0.528906 0.317969 0.007031 0.017969
1 0.521094 0.316406 0.006250 0.017969
1 0.514844 0.313281 0.006250 0.018750
1 0.536719 0.305469 0.007031 0.014063
1 0.528906 0.303906 0.007031 0.013281
1 0.521875 0.301563 0.007031 0.013281
1 0.566406 0.269531 0.016406 0.018750
1 0.553906 0.267969 0.008594 0.016406
1 0.545312 0.266406 0.007812 0.016406
1 0.538281 0.264062 0.008594 0.014844
1 0.533594 0.263281 0.003906 0.014063
1 0.522656 0.261719 0.007031 0.014844
1 0.515625 0.261719 0.007031 0.015625
1 0.648438 0.291406 0.019531 0.025000
1 0.636719 0.289062 0.018750 0.025000
1 0.612500 0.286719 0.010937 0.021094
1 0.622656 0.288281 0.011719 0.021094
1 0.627344 0.273438 0.017969 0.010156
1 0.613281 0.271875 0.010156 0.010156
1 0.603125 0.270313 0.010156 0.009375
1 0.594531 0.269531 0.006250 0.009375
1 0.602344 0.285156 0.010156 0.020313
1 0.594531 0.278906 0.005469 0.009375
1 0.582031 0.275000 0.006250 0.010937
2 0.949219 0.659375 0.079687 0.076563
