2 0.389844 0.778125 0.117969 0.137500
2 0.700781 0.391406 0.015625 0.012500
2 0.664062 0.390625 0.055469 0.014063
2 0.527344 0.391406 0.085156 0.023438
2 0.579688 0.392969 0.049219 0.020313
2 0.612500 0.392969 0.047656 0.017969
2 0.254688 0.385156 0.147656 0.049219
2 0.375000 0.387500 0.094531 0.038281
2 0.533594 0.673438 0.084375 0.078906
1 0.681250 0.480469 0.030469 0.035156
1 0.097656 0.709375 0.046875 0.067187
1 0.030469 0.746094 0.060937 0.084375
1 0.000781 0.728906 0.001563 0.026562
2 0.637500 0.599219 0.059375 0.035156
2 0.585938 0.639062 0.070312 0.047656
2 0.671094 0.582812 0.030469 0.030469
2 0.688281 0.569531 0.027344 0.027344
2 0.471094 0.576562 0.100781 0.070312
1 0.669531 0.487500 0.008594 0.037500
1 0.650781 0.490625 0.030469 0.038281
1 0.638281 0.492188 0.035937 0.042188
1 0.649219 0.455469 0.035937 0.038281
1 0.561719 0.475781 0.042188 0.055469
1 0.575000 0.524219 0.015625 0.052344
1 0.557813 0.530469 0.017969 0.055469
1 0.525000 0.534375 0.047656 0.064844
1 0.546094 0.478906 0.041406 0.056250
1 0.498437 0.200781 0.026562 0.072656
1 0.470313 0.187500 0.029687 0.077344
1 0.400781 0.153906 0.040625 0.093750
1 0.438281 0.172656 0.034375 0.085156
1 0.437500 0.098437 0.035937 0.099219
1 0.400000 0.074219 0.042188 0.109375
1 0.355469 0.052344 0.048438 0.104688
1 0.294531 0.039844 0.078906 0.079687
1 0.357812 0.132812 0.047656 0.103125
1 0.307031 0.107813 0.058594 0.114844
1 0.239063 0.075781 0.082812 0.132812
1 0.081250 0.005469 0.022656 0.010937
1 0.059375 0.340625 0.118750 0.137500
1 0.006250 0.356250 0.012500 0.108594
2 0.245312 0.562500 0.053906 0.032031
2 0.478906 0.394531 0.030469 0.008594
2 0.457031 0.394531 0.035156 0.008594
2 0.187500 0.495312 0.060937 0.026562
2 0.242188 0.487500 0.053906 0.023438
2 0.289844 0.480469 0.046094 0.020313
2 0.402344 0.524219 0.039062 0.020313
2 0.289844 0.551562 0.050000 0.028906
2 0.005469 0.622656 0.010937 0.034375
2 0.151562 0.394531 0.007812 0.014063
2 0.225781 0.394531 0.005469 0.012500
2 0.339062 0.539844 0.044531 0.026562
1 0.460938 0.452344 0.020313 0.021094
1 0.051562 0.501563 0.060937 0.046094
2 0.434375 0.517188 0.037500 0.015625
2 0.462500 0.511719 0.026562 0.014844
2 0.482812 0.505469 0.024219 0.014063
2 0.433594 0.462500 0.037500 0.011719
1 0.405469 0.457813 0.011719 0.024219
1 0.390625 0.460156 0.017188 0.024219
1 0.378125 0.460938 0.017969 0.026562
1 0.388281 0.440625 0.021094 0.017188
1 0.362500 0.442188 0.012500 0.019531
1 0.362500 0.464062 0.012500 0.025781
1 0.349219 0.465625 0.014844 0.025781
1 0.330469 0.467187 0.023438 0.029687
1 0.345313 0.444531 0.022656 0.020313
1 0.121094 0.382812 0.010937 0.035937
1 0.102344 0.265625 0.034375 0.042188
1 0.069531 0.260937 0.037500 0.044531
1 0.034375 0.254688 0.039062 0.046094
1 0.009375 0.250781 0.017969 0.044531
1 0.297656 0.309375 0.017969 0.029687
1 0.278906 0.307812 0.020313 0.032031
1 0.239844 0.301563 0.022656 0.032813
1 0.260156 0.303906 0.020313 0.032031
1 0.258594 0.273438 0.021094 0.034375
1 0.237500 0.269531 0.023438 0.035156
1 0.215625 0.266406 0.024219 0.037500
1 0.190625 0.260937 0.027344 0.038281
1 0.217969 0.299219 0.023438 0.034375
1 0.194531 0.294531 0.024219 0.035937
1 0.178906 0.292969 0.009375 0.035156
2 0.947656 0.637500 0.103906 0.062500
