3 0.071094 0.683594 0.142187 0.268750
2 0.439063 0.571094 0.064062 0.076563
2 0.945312 0.581250 0.108594 0.139063
2 0.557031 0.432031 0.077344 0.099219
2 0.623437 0.457031 0.088281 0.103906
2 0.715625 0.496875 0.096094 0.101562
2 0.280469 0.481250 0.061719 0.056250
2 0.361719 0.363281 0.077344 0.075000
2 0.405469 0.381250 0.078906 0.080469
2 0.550000 0.637500 0.067187 0.096875
1 0.972656 0.750781 0.053906 0.118750
1 0.345313 0.437500 0.019531 0.021094
1 0.327344 0.439063 0.016406 0.025781
1 0.325000 0.422656 0.019531 0.028906
1 0.297656 0.418750 0.019531 0.023438
1 0.314844 0.419531 0.018750 0.024219
2 0.764062 0.756250 0.085156 0.130469
2 0.630469 0.682031 0.069531 0.109375
2 0.850000 0.817187 0.096094 0.114062
2 0.943750 0.867969 0.111719 0.133594
2 0.483594 0.524219 0.067187 0.095312
1 0.885938 0.701562 0.063281 0.100781
1 0.844531 0.674219 0.057031 0.111719
1 0.802344 0.657031 0.058594 0.108594
1 0.859375 0.649219 0.072656 0.092969
1 0.602344 0.535156 0.036719 0.068750
1 0.600000 0.566406 0.038281 0.075781
1 0.569531 0.567969 0.028906 0.046094
1 0.546094 0.535937 0.030469 0.083594
1 0.575000 0.522656 0.033594 0.067969
1 0.505469 0.268750 0.046875 0.086719
1 0.475000 0.260937 0.047656 0.085156
1 0.410938 0.257031 0.029687 0.060156
1 0.438281 0.264062 0.029687 0.060937
1 0.445312 0.197656 0.051562 0.082031
1 0.416406 0.192188 0.050000 0.080469
1 0.389844 0.186719 0.050000 0.078906
1 0.364844 0.181250 0.050000 0.075781
1 0.385937 0.250000 0.029687 0.059375
1 0.361719 0.243750 0.028906 0.057031
1 0.338281 0.230469 0.028906 0.069531
1 0.297656 0.196094 0.055469 0.069531
1 0.274219 0.190625 0.049219 0.068750
1 0.254688 0.185938 0.048438 0.066406
1 0.235937 0.181250 0.047656 0.064844
1 0.217969 0.177344 0.047656 0.064062
1 0.201563 0.173437 0.047656 0.061719
1 0.184375 0.169531 0.046094 0.060937
1 0.319531 0.328906 0.047656 0.067969
1 0.294531 0.322656 0.035156 0.065625
1 0.272656 0.325781 0.025000 0.044531
1 0.276562 0.278125 0.051562 0.063281
1 0.255469 0.318750 0.024219 0.043750
1 0.239063 0.313281 0.025000 0.042969
1 0.223438 0.307031 0.024219 0.041406
1 0.208594 0.296875 0.024219 0.049219
1 0.253906 0.271875 0.040625 0.061719
1 0.237500 0.266406 0.041406 0.060156
1 0.221094 0.260937 0.039844 0.059375
2 0.534375 0.257812 0.012500 0.025000
2 0.556250 0.262500 0.032813 0.030469
2 0.585156 0.271094 0.033594 0.033594
2 0.632031 0.200781 0.036719 0.031250
2 0.665625 0.207031 0.042188 0.031250
2 0.707031 0.216406 0.036719 0.028906
2 0.517969 0.183594 0.030469 0.025781
2 0.546875 0.188281 0.035937 0.028125
1 0.800781 0.315625 0.036719 0.044531
2 0.824219 0.406250 0.010156 0.017969
2 0.751563 0.309375 0.044531 0.036719
1 0.702344 0.290625 0.020313 0.039844
1 0.685937 0.286719 0.019531 0.036719
1 0.671094 0.282031 0.019531 0.039062
1 0.690625 0.260937 0.020313 0.039844
1 0.653906 0.253125 0.019531 0.039062
1 0.650781 0.280469 0.019531 0.033594
1 0.635156 0.280469 0.016406 0.026562
1 0.621875 0.271094 0.017969 0.036719
1 0.639844 0.249219 0.019531 0.038281
1 0.491406 0.168750 0.016406 0.033594
1 0.480469 0.166406 0.018750 0.032031
1 0.465625 0.167969 0.011719 0.025781
1 0.468750 0.139844 0.019531 0.031250
1 0.453125 0.155469 0.010937 0.005469
1 0.442188 0.153906 0.010937 0.005469
1 0.431250 0.151562 0.010156 0.005469
1 0.420312 0.146875 0.010156 0.010937
1 0.456250 0.138281 0.019531 0.031250
1 0.444531 0.135937 0.018750 0.031250
1 0.433594 0.134375 0.018750 0.030469
1 0.491406 0.088281 0.016406 0.033594
1 0.479687 0.086719 0.019531 0.032031
1 0.467969 0.085156 0.019531 0.033594
1 0.455469 0.083594 0.020313 0.032031
1 0.443750 0.082031 0.020313 0.031250
1 0.431250 0.081250 0.019531 0.031250
1 0.420312 0.080469 0.019531 0.030469
1 0.609375 0.113281 0.017969 0.036719
1 0.594531 0.110937 0.021094 0.035937
1 0.563281 0.109375 0.015625 0.030469
1 0.578125 0.111719 0.016406 0.030469
1 0.580469 0.093750 0.018750 0.005469
1 0.563281 0.092969 0.014844 0.005469
1 0.551562 0.091406 0.008594 0.004687
1 0.532031 0.089063 0.007031 0.004687
1 0.550000 0.108594 0.010937 0.029687
1 0.531250 0.106250 0.007812 0.028906
1 0.525781 0.103125 0.003906 0.033594
2 0.955469 0.505469 0.088281 0.065625
