2 0.464844 0.706250 0.066406 0.061719
2 0.969531 0.541406 0.060156 0.053906
2 0.314844 0.561719 0.046094 0.029687
2 0.417187 0.596875 0.064844 0.043750
2 0.463281 0.608594 0.067969 0.048438
2 0.510938 0.625781 0.069531 0.056250
2 0.579688 0.501563 0.073438 0.036719
2 0.642969 0.509375 0.085156 0.041406
2 0.737500 0.521875 0.098437 0.045312
2 0.734375 0.837500 0.096094 0.121094
2 0.510938 0.728125 0.070312 0.070312
2 0.324219 0.639062 0.054688 0.039062
2 0.411719 0.483594 0.066406 0.025781
2 0.446875 0.487500 0.067969 0.028906
2 0.581250 0.765625 0.077344 0.085938
1 0.990625 0.748437 0.017969 0.096094
1 0.351562 0.564844 0.032031 0.042969
2 0.871094 0.901563 0.135156 0.153906
2 0.963281 0.939844 0.072656 0.118750
2 0.884375 0.735938 0.143750 0.109375
1 0.742969 0.676562 0.042188 0.089844
1 0.703906 0.675000 0.038281 0.066406
1 0.668750 0.655469 0.035937 0.081250
1 0.706250 0.612500 0.038281 0.078906
1 0.629687 0.594531 0.038281 0.069531
1 0.628906 0.646875 0.037500 0.068750
1 0.596875 0.643750 0.028906 0.055469
1 0.569531 0.628125 0.025781 0.068750
1 0.601562 0.588281 0.036719 0.067969
1 0.380469 0.467969 0.035156 0.038281
1 0.363281 0.466406 0.028125 0.036719
1 0.342969 0.466406 0.013281 0.033594
1 0.353125 0.432031 0.035156 0.033594
1 0.330469 0.465625 0.012500 0.033594
1 0.318750 0.464062 0.012500 0.032031
1 0.307031 0.463281 0.011719 0.031250
1 0.296875 0.461719 0.011719 0.032031
1 0.329688 0.432031 0.012500 0.033594
1 0.317969 0.432031 0.012500 0.032031
1 0.306250 0.431250 0.011719 0.031250
1 0.378906 0.358594 0.035156 0.039062
1 0.354687 0.359375 0.014063 0.036719
1 0.341406 0.360938 0.013281 0.035156
1 0.328125 0.362500 0.013281 0.034375
1 0.316406 0.363281 0.011719 0.034375
1 0.304688 0.364844 0.011719 0.033594
1 0.293750 0.365625 0.010937 0.031250
1 0.532031 0.360938 0.038281 0.049219
1 0.501563 0.361719 0.022656 0.048438
1 0.458594 0.365625 0.019531 0.044531
1 0.478906 0.364063 0.021094 0.045312
1 0.487500 0.318750 0.038281 0.046875
1 0.458594 0.321875 0.019531 0.046094
1 0.439063 0.325000 0.017969 0.044531
1 0.421094 0.328125 0.017188 0.042969
1 0.439844 0.367969 0.018750 0.042969
1 0.421875 0.368750 0.017969 0.040625
1 0.404687 0.369531 0.016406 0.039844
