2 0.378125 0.742188 0.099219 0.150781
2 0.880469 0.287500 0.103125 0.042188
2 0.837500 0.294531 0.105469 0.044531
2 0.560937 0.351562 0.111719 0.077344
2 0.631250 0.337500 0.115625 0.064062
2 0.707812 0.325781 0.103125 0.056250
2 0.158594 0.435937 0.185156 0.139063
2 0.295312 0.409375 0.130469 0.119531
2 0.559375 0.660937 0.094531 0.115625
1 0.847656 0.419531 0.062500 0.057813
1 0.102344 0.678906 0.044531 0.062500
1 0.051562 0.709375 0.060937 0.075781
1 0.026562 0.690625 0.053125 0.090625
1 0.003906 0.684375 0.007812 0.025000
2 0.739062 0.578906 0.090625 0.067969
2 0.643750 0.628125 0.093750 0.079687
2 0.794531 0.563281 0.064062 0.050000
2 0.834375 0.542969 0.060937 0.046094
2 0.467187 0.575781 0.099219 0.130469
1 0.814844 0.437500 0.027344 0.058594
1 0.787500 0.444531 0.044531 0.062500
1 0.759375 0.444531 0.062500 0.074219
1 0.787500 0.391406 0.065625 0.072656
1 0.615625 0.443750 0.056250 0.091406
1 0.621875 0.512500 0.032813 0.062500
1 0.582812 0.512500 0.053125 0.085938
1 0.555469 0.517188 0.047656 0.100000
1 0.584375 0.451562 0.058594 0.094531
1 0.496094 0.109375 0.050781 0.108594
1 0.443750 0.106250 0.057813 0.112500
1 0.325781 0.101562 0.076563 0.124219
1 0.387500 0.104688 0.065625 0.117969
1 0.382812 0.025000 0.064062 0.050000
1 0.317188 0.022656 0.071094 0.044531
1 0.244531 0.020313 0.080469 0.040625
1 0.164844 0.015625 0.089063 0.031250
1 0.255469 0.099219 0.090625 0.132031
1 0.178125 0.094531 0.105469 0.140625
1 0.092969 0.089063 0.124219 0.150781
1 0.039844 0.419531 0.079687 0.152344
2 0.596875 0.220312 0.040625 0.014844
2 0.567969 0.221875 0.040625 0.015625
2 0.148438 0.355469 0.058594 0.032031
2 0.300000 0.335938 0.046875 0.029687
2 0.345313 0.328906 0.041406 0.027344
2 0.385937 0.324219 0.035937 0.027344
2 0.423438 0.233594 0.034375 0.017969
2 0.455469 0.230469 0.040625 0.017188
2 0.493750 0.229687 0.040625 0.017188
2 0.281250 0.244531 0.043750 0.022656
2 0.321875 0.240625 0.039062 0.022656
1 0.569531 0.290625 0.021094 0.026562
1 0.207031 0.338281 0.041406 0.038281
2 0.535937 0.303125 0.039062 0.014844
1 0.506250 0.300781 0.002344 0.025781
1 0.484375 0.302344 0.017969 0.029687
1 0.471875 0.303125 0.017969 0.032031
1 0.484375 0.275781 0.017969 0.030469
1 0.452344 0.278906 0.017969 0.032813
1 0.455469 0.309375 0.014063 0.026562
1 0.439063 0.308594 0.019531 0.032031
1 0.425781 0.309375 0.019531 0.034375
1 0.437500 0.280469 0.020313 0.032031
1 0.235937 0.235937 0.030469 0.037500
1 0.210938 0.237500 0.028906 0.038281
1 0.187500 0.240625 0.028906 0.035937
1 0.187500 0.215625 0.032031 0.012500
1 0.165625 0.241406 0.030469 0.035937
1 0.141406 0.242969 0.032031 0.037500
1 0.115625 0.245312 0.034375 0.037500
1 0.099219 0.243750 0.015625 0.040625
1 0.160156 0.217188 0.026562 0.012500
1 0.135937 0.218750 0.026562 0.014063
1 0.110937 0.219531 0.027344 0.014063
