2 0.419531 0.657031 0.060156 0.050000
2 0.790625 0.420312 0.053906 0.014844
2 0.742188 0.420312 0.071094 0.014844
2 0.539062 0.423438 0.057031 0.016406
2 0.592187 0.423438 0.050781 0.016406
2 0.643750 0.423438 0.052344 0.015625
2 0.134375 0.692969 0.113281 0.064062
2 0.339844 0.421875 0.060937 0.019531
2 0.397656 0.421875 0.054688 0.018750
2 0.547656 0.643750 0.058594 0.044531
1 0.775000 0.517969 0.042188 0.038281
1 0.287500 0.558594 0.019531 0.018750
1 0.264844 0.561719 0.021094 0.020313
1 0.250000 0.554688 0.021094 0.029687
1 0.202344 0.564844 0.025000 0.020313
1 0.230469 0.559375 0.022656 0.019531
2 0.694531 0.625781 0.067969 0.034375
2 0.611719 0.636719 0.065625 0.036719
2 0.743750 0.624219 0.053906 0.025781
2 0.782813 0.618750 0.052344 0.025781
2 0.480469 0.548438 0.054688 0.035937
1 0.740625 0.520312 0.017969 0.039062
1 0.714063 0.521094 0.035156 0.040625
1 0.699219 0.521875 0.031250 0.041406
1 0.714063 0.485938 0.038281 0.039062
1 0.578125 0.491406 0.030469 0.042969
1 0.582812 0.532031 0.021094 0.039844
1 0.561719 0.533594 0.021094 0.039844
1 0.535937 0.531250 0.030469 0.046094
1 0.557031 0.492188 0.031250 0.043750
1 0.497656 0.294531 0.024219 0.043750
1 0.473438 0.293750 0.024219 0.044531
1 0.422656 0.289062 0.025781 0.045312
1 0.448437 0.291406 0.025000 0.044531
1 0.448437 0.246875 0.025781 0.046875
1 0.422656 0.244531 0.025781 0.048438
1 0.396094 0.242188 0.027344 0.049219
1 0.367969 0.239063 0.028125 0.050000
1 0.396094 0.287500 0.027344 0.045312
1 0.369531 0.285156 0.027344 0.046094
1 0.341406 0.282813 0.028906 0.046875
1 0.276562 0.257031 0.041406 0.050000
1 0.239844 0.253906 0.033594 0.050781
1 0.207031 0.250781 0.034375 0.051562
1 0.174219 0.248438 0.035156 0.053125
1 0.139063 0.245312 0.036719 0.053906
1 0.103906 0.242188 0.038281 0.054688
1 0.067187 0.239063 0.039844 0.055469
1 0.279687 0.407031 0.041406 0.048438
1 0.243750 0.407031 0.032813 0.049219
1 0.211719 0.407031 0.033594 0.049219
1 0.217969 0.357031 0.050000 0.050000
1 0.178906 0.406250 0.035156 0.050000
1 0.145313 0.406250 0.036719 0.050000
1 0.110156 0.406250 0.037500 0.050781
1 0.075000 0.405469 0.039062 0.053125
1 0.176563 0.356250 0.035156 0.050781
1 0.142187 0.354687 0.036719 0.051562
1 0.107813 0.353906 0.038281 0.053906
2 0.408594 0.540625 0.007812 0.014063
2 0.285156 0.492969 0.037500 0.013281
2 0.385156 0.489063 0.030469 0.011719
2 0.415625 0.488281 0.028906 0.011719
2 0.445312 0.487500 0.024219 0.011719
2 0.475000 0.426563 0.023438 0.007031
2 0.498437 0.426563 0.022656 0.007031
2 0.519531 0.534375 0.001563 0.013281
2 0.446094 0.538281 0.021094 0.014844
2 0.287500 0.546875 0.035156 0.016406
2 0.389062 0.426563 0.007031 0.007031
2 0.410156 0.426563 0.009375 0.007031
2 0.477344 0.535156 0.025781 0.010937
1 0.588281 0.478125 0.016406 0.018750
1 0.325781 0.485156 0.024219 0.021875
2 0.596094 0.531250 0.006250 0.010156
2 0.608594 0.528906 0.027344 0.011719
1 0.532031 0.478906 0.010156 0.020313
1 0.522656 0.479687 0.007812 0.018750
1 0.510156 0.479687 0.003125 0.020313
1 0.522656 0.460938 0.008594 0.019531
1 0.495312 0.460938 0.011719 0.019531
1 0.496875 0.480469 0.010156 0.018750
1 0.485938 0.481250 0.010156 0.019531
1 0.474219 0.480469 0.012500 0.020313
1 0.484375 0.460938 0.013281 0.020313
1 0.352344 0.420312 0.014844 0.020313
1 0.327344 0.398438 0.013281 0.021094
1 0.311719 0.398438 0.003906 0.021094
1 0.300000 0.398438 0.001563 0.021094
1 0.351562 0.353906 0.014844 0.021094
1 0.337500 0.353906 0.013281 0.021094
1 0.325000 0.353125 0.010937 0.021094
1 0.310156 0.353125 0.003906 0.021094
1 0.295312 0.352344 0.010156 0.021094
1 0.282813 0.351562 0.014063 0.021875
1 0.268750 0.350781 0.014063 0.021875
1 0.453125 0.367188 0.011719 0.019531
1 0.441406 0.366406 0.011719 0.020313
1 0.417969 0.365625 0.011719 0.020313
1 0.429688 0.366406 0.011719 0.019531
1 0.428906 0.346875 0.011719 0.016406
1 0.417187 0.346875 0.011719 0.016406
1 0.404687 0.346094 0.011719 0.016406
1 0.392969 0.346094 0.011719 0.017969
1 0.405469 0.365625 0.011719 0.020313
1 0.392969 0.364844 0.012500 0.020313
1 0.380469 0.364063 0.012500 0.021094
2 0.673438 0.525781 0.006250 0.010937
