3 0.573438 0.871875 0.169531 0.254688
2 0.931250 0.876563 0.121094 0.135937
2 0.832812 0.418750 0.046094 0.017969
2 0.842187 0.430469 0.051562 0.025000
2 0.968750 0.839844 0.061719 0.139063
2 0.946875 0.748437 0.105469 0.113281
2 0.923438 0.677344 0.107813 0.073438
2 0.907031 0.504687 0.099219 0.051562
2 0.887500 0.475781 0.077344 0.029687
2 0.875000 0.457813 0.061719 0.021094
2 0.982812 0.629687 0.032813 0.063281
2 0.964844 0.588281 0.069531 0.068750
2 0.867969 0.720313 0.059375 0.075781
1 0.817969 0.490625 0.010156 0.029687
1 0.817969 0.506250 0.006250 0.031250
1 0.833594 0.513281 0.031250 0.032031
1 0.840625 0.524219 0.038281 0.039844
1 0.838281 0.488281 0.034375 0.038281
1 0.867188 0.546875 0.025000 0.046094
1 0.855469 0.583594 0.010156 0.046094
1 0.860938 0.596875 0.010937 0.049219
1 0.892969 0.620313 0.061719 0.064844
1 0.888281 0.564844 0.054688 0.060937
1 0.936719 0.375781 0.038281 0.056250
1 0.942969 0.379688 0.024219 0.060937
1 0.978906 0.390625 0.032031 0.070312
1 0.959375 0.384375 0.027344 0.064062
1 0.970313 0.321875 0.029687 0.064844
1 0.986719 0.322656 0.025781 0.069531
1 0.997656 0.346875 0.003906 0.024219
1 0.991406 0.396094 0.016406 0.074219
2 0.800000 0.558594 0.008594 0.025781
2 0.805469 0.578125 0.008594 0.029687
2 0.846875 0.660937 0.047656 0.054688
2 0.826562 0.602344 0.036719 0.038281
2 0.457031 0.644531 0.055469 0.058594
2 0.577344 0.394531 0.027344 0.014063
2 0.567187 0.400000 0.032031 0.014844
2 0.503906 0.435156 0.049219 0.024219
2 0.521094 0.425000 0.041406 0.020313
2 0.539062 0.417969 0.032031 0.018750
2 0.267188 0.884375 0.105469 0.156250
2 0.427344 0.485156 0.057813 0.042969
2 0.450000 0.468750 0.062500 0.036719
2 0.509375 0.584375 0.042969 0.040625
1 0.577344 0.450000 0.015625 0.024219
1 0.376563 0.628906 0.021875 0.025000
1 0.367969 0.644531 0.023438 0.028125
1 0.346875 0.646875 0.024219 0.039062
1 0.314063 0.689063 0.026562 0.033594
1 0.328906 0.665625 0.025000 0.029687
2 0.557031 0.530469 0.028125 0.023438
2 0.531250 0.559375 0.038281 0.029687
2 0.571094 0.516406 0.017969 0.020313
2 0.579688 0.505469 0.016406 0.019531
2 0.485938 0.540625 0.052344 0.039844
1 0.571094 0.459375 0.003906 0.023438
1 0.560937 0.463281 0.017188 0.023438
1 0.554688 0.466406 0.021094 0.028125
1 0.560156 0.441406 0.019531 0.025781
1 0.521875 0.473438 0.019531 0.033594
1 0.528906 0.500000 0.006250 0.029687
1 0.521875 0.506250 0.006250 0.030469
1 0.504687 0.510938 0.026562 0.038281
1 0.512500 0.478125 0.025781 0.034375
1 0.494531 0.352344 0.018750 0.034375
1 0.489844 0.353906 0.009375 0.035156
1 0.468750 0.357812 0.011719 0.038281
1 0.479687 0.356250 0.010156 0.035937
1 0.479687 0.319531 0.010937 0.036719
1 0.467969 0.319531 0.012500 0.039062
1 0.455469 0.319531 0.013281 0.039844
1 0.430469 0.320312 0.036719 0.042969
1 0.456250 0.359375 0.013281 0.039844
1 0.442188 0.361719 0.014063 0.042969
1 0.414844 0.364063 0.041406 0.046094
1 0.373437 0.350781 0.043750 0.051562
1 0.350000 0.353906 0.047656 0.055469
1 0.328906 0.356250 0.043750 0.060156
1 0.300000 0.359375 0.047656 0.064844
1 0.264062 0.363281 0.056250 0.070312
1 0.220312 0.367188 0.071094 0.076563
1 0.176563 0.371875 0.075000 0.085156
1 0.376563 0.492969 0.045312 0.060937
1 0.366406 0.503906 0.025000 0.064844
1 0.343750 0.520312 0.027344 0.063281
1 0.327344 0.466406 0.055469 0.067969
1 0.316406 0.534375 0.032813 0.067969
1 0.285156 0.551562 0.037500 0.073438
1 0.249219 0.571094 0.044531 0.080469
1 0.200781 0.585938 0.064844 0.104688
1 0.299219 0.476562 0.060156 0.074219
1 0.267188 0.489063 0.064844 0.080469
1 0.229687 0.503906 0.073438 0.089063
2 0.055469 0.565625 0.081250 0.049219
2 0.073438 0.643750 0.077344 0.058594
2 0.220312 0.433594 0.035156 0.008594
2 0.253906 0.425781 0.030469 0.007031
1 0.412500 0.428125 0.016406 0.018750
1 0.132031 0.528125 0.034375 0.041406
2 0.395313 0.440625 0.024219 0.011719
1 0.372656 0.442188 0.003906 0.021094
1 0.362500 0.446094 0.017969 0.020313
1 0.356250 0.447656 0.013281 0.023438
1 0.360938 0.426563 0.018750 0.021875
1 0.339844 0.428906 0.019531 0.015625
1 0.329688 0.429688 0.020313 0.010937
1 0.128125 0.442969 0.009375 0.019531
1 0.121875 0.398438 0.015625 0.021875
1 0.096875 0.442969 0.019531 0.034375
1 0.075781 0.447656 0.032031 0.038281
1 0.046875 0.453906 0.035156 0.039844
1 0.017188 0.457813 0.034375 0.046875
1 0.087500 0.408594 0.027344 0.038281
1 0.066406 0.413281 0.039844 0.040625
1 0.036719 0.417187 0.043750 0.041406
1 0.159375 0.325781 0.021875 0.008594
1 0.143750 0.325781 0.010937 0.007031
1 0.113281 0.339062 0.017969 0.033594
1 0.077344 0.340625 0.027344 0.035937
1 0.060156 0.341406 0.035156 0.038281
1 0.028906 0.342969 0.038281 0.039062
1 0.008594 0.342969 0.017188 0.039844
1 0.267969 0.316406 0.015625 0.021094
1 0.253906 0.316406 0.016406 0.021094
1 0.238281 0.316406 0.017969 0.021875
1 0.217188 0.316406 0.029687 0.024219
2 0.699219 0.530469 0.042188 0.025000
