3 0.706250 0.880469 0.139844 0.238281
2 0.858594 0.762500 0.085938 0.093750
2 0.753906 0.389062 0.033594 0.016406
2 0.765625 0.400781 0.040625 0.021875
2 0.928906 0.744531 0.113281 0.110156
2 0.881250 0.668750 0.095312 0.078906
2 0.846875 0.613281 0.075781 0.050781
2 0.832812 0.480469 0.071875 0.041406
2 0.814063 0.453906 0.060156 0.028906
2 0.798438 0.433594 0.047656 0.021875
2 0.949219 0.613281 0.100000 0.078906
2 0.911719 0.561719 0.091406 0.055469
2 0.805469 0.643750 0.056250 0.058594
1 0.746875 0.447656 0.012500 0.026562
1 0.748437 0.464062 0.007031 0.026562
1 0.760938 0.471094 0.025781 0.026562
1 0.766406 0.480469 0.028906 0.032031
1 0.764844 0.450781 0.027344 0.030469
1 0.802344 0.509375 0.025781 0.036719
1 0.789844 0.536719 0.010156 0.036719
1 0.796875 0.549219 0.011719 0.039062
1 0.820312 0.565625 0.043750 0.048438
1 0.815625 0.523438 0.039844 0.044531
1 0.866406 0.390625 0.035937 0.046094
1 0.871875 0.399219 0.022656 0.048438
1 0.903125 0.418750 0.026562 0.055469
1 0.885938 0.408594 0.023438 0.051562
1 0.918750 0.364063 0.071875 0.050781
1 0.937500 0.371875 0.078906 0.054688
1 0.957812 0.380469 0.082812 0.059375
1 0.968750 0.391406 0.061719 0.066406
1 0.921875 0.430469 0.030469 0.059375
1 0.942969 0.442969 0.034375 0.064062
1 0.974219 0.458594 0.050781 0.071875
1 0.987500 0.661719 0.023438 0.080469
2 0.731250 0.503906 0.011719 0.023438
2 0.737500 0.521875 0.010156 0.025781
2 0.783594 0.595313 0.049219 0.046094
2 0.758594 0.544531 0.037500 0.033594
2 0.471094 0.648438 0.046875 0.055469
2 0.539062 0.371094 0.025000 0.015625
2 0.533594 0.378906 0.027344 0.017969
2 0.496875 0.433594 0.045312 0.028906
2 0.506250 0.416406 0.038281 0.020313
2 0.520312 0.405469 0.022656 0.021875
2 0.356250 0.935937 0.097656 0.125781
2 0.452344 0.514062 0.061719 0.051562
2 0.467187 0.487500 0.058594 0.043750
2 0.506250 0.572656 0.027344 0.038281
1 0.542969 0.424219 0.009375 0.024219
1 0.419531 0.661719 0.021094 0.021094
1 0.417969 0.682031 0.022656 0.028125
1 0.400000 0.691406 0.023438 0.036719
1 0.382812 0.744531 0.025781 0.034375
1 0.388281 0.715625 0.025000 0.030469
2 0.531250 0.503906 0.017969 0.025000
2 0.518750 0.540625 0.021094 0.030469
2 0.540625 0.488281 0.010937 0.021875
2 0.544531 0.474219 0.010156 0.019531
2 0.488281 0.540625 0.047656 0.040625
1 0.539062 0.435937 0.002344 0.021875
1 0.531250 0.441406 0.014063 0.023438
1 0.526563 0.446094 0.017969 0.025000
1 0.531250 0.421094 0.014844 0.024219
1 0.514062 0.464844 0.007031 0.029687
1 0.516406 0.489063 0.003125 0.029687
1 0.512500 0.497656 0.003906 0.030469
1 0.498437 0.504687 0.024219 0.035156
1 0.505469 0.471875 0.017969 0.031250
1 0.497656 0.360938 0.010156 0.035937
1 0.494531 0.365625 0.005469 0.036719
1 0.482812 0.378125 0.007031 0.040625
1 0.489063 0.371875 0.005469 0.038281
1 0.475781 0.336719 0.032031 0.039844
1 0.469531 0.341406 0.032031 0.041406
1 0.460938 0.346094 0.035937 0.043750
1 0.452344 0.350781 0.038281 0.046094
1 0.475781 0.384375 0.007031 0.042969
1 0.467969 0.391406 0.008594 0.044531
1 0.447656 0.397656 0.032031 0.050781
1 0.416406 0.401562 0.047656 0.060156
1 0.402344 0.412500 0.051562 0.065625
1 0.385937 0.424219 0.057813 0.071094
1 0.366406 0.439063 0.063281 0.078125
1 0.344531 0.455469 0.070312 0.086719
1 0.324219 0.475781 0.068750 0.096875
1 0.286719 0.500781 0.091406 0.106250
1 0.430469 0.536719 0.027344 0.063281
1 0.425000 0.557813 0.014844 0.065625
1 0.411719 0.580469 0.016406 0.066406
1 0.399219 0.532031 0.038281 0.071094
1 0.396094 0.606250 0.019531 0.073438
1 0.378125 0.634375 0.022656 0.080469
1 0.357031 0.668750 0.027344 0.089063
1 0.307812 0.701562 0.080469 0.111719
1 0.381250 0.553125 0.042969 0.078906
1 0.361719 0.578906 0.049219 0.086719
1 0.335938 0.608594 0.060156 0.096094
2 0.227344 0.578906 0.053906 0.029687
2 0.374219 0.356250 0.028125 0.013281
2 0.360156 0.362500 0.030469 0.014063
2 0.021094 0.649219 0.042188 0.054688
2 0.181250 0.536719 0.061719 0.042969
2 0.217969 0.506250 0.055469 0.026562
2 0.236719 0.488281 0.014844 0.014063
2 0.273438 0.403125 0.042969 0.018750
2 0.298438 0.392188 0.034375 0.019531
2 0.319531 0.382812 0.033594 0.017969
2 0.034375 0.744531 0.067969 0.085156
2 0.161719 0.454688 0.067187 0.033594
2 0.197656 0.439063 0.060937 0.028906
1 0.080469 0.592187 0.051562 0.060156
1 0.317188 0.416406 0.021094 0.019531
1 0.296875 0.424219 0.022656 0.014063
1 0.292187 0.429688 0.014063 0.014844
1 0.108594 0.466406 0.046875 0.045312
1 0.092188 0.476562 0.035156 0.046875
1 0.066406 0.490625 0.035156 0.045312
1 0.048438 0.453125 0.055469 0.050000
1 0.036719 0.503125 0.039844 0.049219
1 0.013281 0.516406 0.025781 0.049219
1 0.024219 0.463281 0.047656 0.053125
1 0.007812 0.473438 0.015625 0.046875
1 0.089063 0.361719 0.050000 0.042969
1 0.062500 0.367969 0.053125 0.045312
1 0.032813 0.374219 0.057031 0.048438
1 0.015625 0.381250 0.031250 0.050781
1 0.242969 0.339844 0.028906 0.029687
1 0.235937 0.342969 0.017188 0.030469
1 0.208594 0.349219 0.015625 0.028906
1 0.222656 0.346875 0.017969 0.029687
1 0.211719 0.318750 0.032031 0.030469
1 0.204687 0.321094 0.016406 0.031250
1 0.171094 0.324219 0.020313 0.034375
1 0.159375 0.328125 0.041406 0.035156
1 0.183594 0.356250 0.006250 0.029687
1 0.173437 0.359375 0.022656 0.034375
1 0.147656 0.363281 0.037500 0.038281
2 0.653125 0.490625 0.036719 0.020313
