3 0.203125 0.453125 0.093750 0.192969
2 0.003125 0.502344 0.006250 0.035937
2 0.023438 0.607031 0.046094 0.080469
2 0.463281 0.555469 0.046094 0.068750
2 0.967187 0.901563 0.064062 0.195312
2 0.553125 0.455469 0.094531 0.100000
2 0.607812 0.513281 0.110156 0.128906
2 0.687500 0.610156 0.129688 0.166406
2 0.382812 0.417969 0.032031 0.040625
2 0.427344 0.332031 0.065625 0.056250
2 0.450781 0.357031 0.071875 0.064062
2 0.539844 0.682031 0.069531 0.107031
1 0.422656 0.398438 0.015625 0.018750
1 0.414844 0.392188 0.008594 0.017969
1 0.414844 0.378125 0.011719 0.017969
1 0.396875 0.369531 0.012500 0.016406
1 0.408594 0.372656 0.014844 0.014063
2 0.710938 0.953906 0.064844 0.089844
2 0.604688 0.796875 0.085156 0.135156
2 0.496094 0.524219 0.073438 0.085156
1 0.925000 0.991406 0.014844 0.014844
1 0.821094 0.942969 0.047656 0.111719
1 0.795312 0.910156 0.092969 0.171875
1 0.869531 0.943750 0.100781 0.110937
1 0.583594 0.589844 0.050000 0.079687
1 0.582812 0.633594 0.053906 0.069531
1 0.547656 0.603906 0.021094 0.064062
1 0.533594 0.565625 0.028125 0.085156
1 0.553906 0.561719 0.030469 0.075000
1 0.514844 0.269531 0.053906 0.080469
1 0.495312 0.259375 0.050781 0.074219
1 0.448437 0.257031 0.013281 0.028906
1 0.462500 0.255469 0.016406 0.055469
1 0.482031 0.194531 0.034375 0.070312
1 0.473438 0.157031 0.023438 0.009375
1 0.464844 0.151562 0.009375 0.004687
1 0.437500 0.255469 0.008594 0.009375
1 0.408594 0.293750 0.035937 0.049219
1 0.398438 0.285938 0.032813 0.050000
1 0.379688 0.282031 0.010156 0.039062
1 0.389844 0.253125 0.034375 0.030469
1 0.372656 0.274219 0.010156 0.038281
1 0.366406 0.267188 0.009375 0.035937
1 0.359375 0.260156 0.008594 0.035156
1 0.353906 0.253125 0.008594 0.036719
1 0.370312 0.246875 0.008594 0.028906
1 0.363281 0.239844 0.008594 0.028125
1 0.357031 0.235156 0.007031 0.024219
2 0.680469 0.378125 0.034375 0.023438
2 0.575781 0.265625 0.033594 0.024219
2 0.651563 0.309375 0.044531 0.034375
2 0.685156 0.325781 0.047656 0.036719
2 0.719531 0.346094 0.050000 0.040625
2 0.786719 0.280469 0.060156 0.039844
2 0.832812 0.298438 0.068750 0.046094
2 0.918750 0.332031 0.035156 0.038281
2 0.864062 0.497656 0.028125 0.025000
2 0.712500 0.399219 0.038281 0.028906
2 0.579688 0.313281 0.024219 0.018750
2 0.658594 0.232031 0.046094 0.028906
2 0.685937 0.242969 0.049219 0.030469
2 0.758594 0.430469 0.042969 0.031250
1 0.602344 0.275000 0.021875 0.031250
2 0.923438 0.538281 0.064062 0.049219
2 0.962500 0.563281 0.014844 0.015625
2 0.957031 0.474219 0.085156 0.073438
1 0.882031 0.421094 0.031250 0.051562
1 0.826562 0.393750 0.032031 0.050000
1 0.810156 0.350000 0.038281 0.048438
1 0.802344 0.384375 0.036719 0.039062
1 0.778125 0.374219 0.024219 0.036719
1 0.761719 0.359375 0.026562 0.045312
1 0.790625 0.340625 0.036719 0.046875
1 0.633594 0.213281 0.025000 0.033594
1 0.621875 0.208594 0.024219 0.031250
1 0.605469 0.206250 0.011719 0.028125
1 0.613281 0.180469 0.024219 0.030469
1 0.595313 0.203125 0.010937 0.025781
1 0.585938 0.199219 0.010156 0.025781
1 0.576562 0.196094 0.010156 0.025000
1 0.567969 0.190625 0.009375 0.028125
1 0.603125 0.176563 0.022656 0.029687
1 0.592969 0.173437 0.021875 0.028906
1 0.583594 0.171094 0.021094 0.028906
1 0.642969 0.131250 0.027344 0.032031
1 0.630469 0.128906 0.025781 0.031250
1 0.619531 0.126562 0.025000 0.030469
1 0.607812 0.124219 0.024219 0.030469
1 0.597656 0.121875 0.022656 0.029687
1 0.586719 0.119531 0.021094 0.028906
1 0.577344 0.118750 0.019531 0.028125
1 0.769531 0.170313 0.036719 0.042969
1 0.750000 0.166406 0.035156 0.041406
1 0.710156 0.160938 0.020313 0.034375
1 0.726562 0.164062 0.022656 0.035937
1 0.737500 0.133594 0.032813 0.031250
1 0.714844 0.130469 0.020313 0.030469
1 0.698438 0.128125 0.019531 0.029687
1 0.683594 0.124219 0.017969 0.028906
1 0.694531 0.157031 0.019531 0.034375
1 0.679688 0.153906 0.017969 0.033594
1 0.665625 0.149219 0.017188 0.035156
