2 0.403125 0.785937 0.082812 0.070312
2 0.952344 0.498437 0.094531 0.028906
2 0.897656 0.498437 0.135937 0.028906
2 0.111719 0.650000 0.113281 0.048438
2 0.327344 0.658594 0.095312 0.053125
2 0.402344 0.657031 0.085156 0.051562
2 0.475000 0.661719 0.064844 0.060156
2 0.560937 0.503125 0.064844 0.029687
2 0.628906 0.502344 0.086719 0.028906
2 0.710938 0.503125 0.098437 0.026562
2 0.716406 0.800000 0.103125 0.075781
2 0.472656 0.788281 0.074219 0.071094
2 0.123438 0.775000 0.117188 0.066406
2 0.316406 0.502344 0.092188 0.028906
2 0.378125 0.503125 0.082812 0.029687
2 0.569531 0.795312 0.078906 0.074219
1 0.903125 0.653125 0.080469 0.075000
1 0.196094 0.639844 0.064844 0.068750
2 0.810156 0.803906 0.118750 0.078125
2 0.903125 0.816406 0.100781 0.057031
2 0.963281 0.816406 0.072656 0.060937
2 0.811719 0.663281 0.117969 0.050781
1 0.726562 0.646875 0.033594 0.071094
1 0.686719 0.646094 0.047656 0.071094
1 0.657031 0.646094 0.042188 0.071094
1 0.686719 0.594531 0.049219 0.066406
1 0.615625 0.592969 0.039844 0.065625
1 0.620313 0.653906 0.032031 0.053906
1 0.586719 0.646094 0.035156 0.067969
1 0.556250 0.643750 0.033594 0.070312
1 0.585938 0.592969 0.036719 0.065625
1 0.256250 0.485938 0.054688 0.053906
1 0.214062 0.485938 0.030469 0.053906
1 0.184375 0.485938 0.030469 0.051562
1 0.198437 0.433594 0.060937 0.051562
1 0.155469 0.485938 0.030469 0.051562
1 0.125781 0.485938 0.030469 0.051562
1 0.097656 0.485938 0.030469 0.051562
1 0.068750 0.485938 0.030469 0.053125
1 0.153906 0.433594 0.030469 0.051562
1 0.124219 0.433594 0.030469 0.051562
1 0.095312 0.433594 0.030469 0.051562
1 0.254688 0.325000 0.056250 0.060937
1 0.211719 0.321094 0.031250 0.053125
1 0.181250 0.321094 0.030469 0.051562
1 0.152344 0.321875 0.030469 0.051562
1 0.122656 0.321875 0.030469 0.051562
1 0.092969 0.323437 0.030469 0.051562
1 0.064844 0.323437 0.030469 0.051562
1 0.500000 0.339062 0.031250 0.054688
1 0.467969 0.340625 0.032031 0.054688
1 0.405469 0.341406 0.030469 0.053125
1 0.436719 0.340625 0.031250 0.053906
1 0.439063 0.285938 0.037500 0.055469
1 0.404687 0.285938 0.031250 0.055469
1 0.374219 0.286719 0.031250 0.055469
1 0.342969 0.287500 0.030469 0.054688
1 0.374219 0.341406 0.031250 0.053906
1 0.343750 0.342187 0.030469 0.053125
1 0.313281 0.341406 0.030469 0.053906
