2 0.409375 0.722656 0.092188 0.103906
2 0.687500 0.385156 0.049219 0.014844
2 0.668750 0.387500 0.047656 0.015625
2 0.527344 0.404687 0.073438 0.026562
2 0.564063 0.400781 0.070312 0.023438
2 0.604688 0.397656 0.056250 0.020313
2 0.306250 0.430469 0.103906 0.050000
2 0.381250 0.421094 0.100781 0.041406
2 0.532813 0.644531 0.073438 0.067969
1 0.682031 0.469531 0.032031 0.034375
1 0.200781 0.659375 0.028906 0.046094
1 0.160938 0.682813 0.032031 0.053906
1 0.122656 0.677344 0.037500 0.071094
1 0.017188 0.733594 0.034375 0.060937
1 0.074219 0.700781 0.043750 0.057813
2 0.635938 0.581250 0.056250 0.032813
2 0.582812 0.617188 0.064062 0.043750
2 0.669531 0.565625 0.029687 0.029687
2 0.689063 0.552344 0.028906 0.026562
2 0.475000 0.564063 0.084375 0.064062
1 0.668750 0.478125 0.009375 0.035156
1 0.648438 0.480469 0.032813 0.037500
1 0.638281 0.483594 0.034375 0.041406
1 0.650000 0.447656 0.034375 0.038281
1 0.559375 0.473438 0.037500 0.050781
1 0.569531 0.517188 0.015625 0.044531
1 0.553906 0.523438 0.015625 0.049219
1 0.525000 0.525781 0.041406 0.058594
1 0.542188 0.477344 0.040625 0.052344
1 0.498437 0.249219 0.024219 0.059375
1 0.473438 0.242969 0.025781 0.062500
1 0.414062 0.228906 0.035156 0.071094
1 0.446094 0.235937 0.029687 0.065625
1 0.444531 0.174219 0.029687 0.073438
1 0.412500 0.162500 0.034375 0.078906
1 0.377344 0.149219 0.039062 0.085938
1 0.329688 0.135937 0.059375 0.092188
1 0.379688 0.220312 0.038281 0.076563
1 0.340625 0.210938 0.043750 0.082031
1 0.290625 0.199219 0.062500 0.090625
1 0.156250 0.127344 0.078906 0.115625
1 0.077344 0.103125 0.097656 0.129688
1 0.021094 0.088281 0.041406 0.121094
1 0.178125 0.416406 0.071094 0.092188
1 0.107813 0.421094 0.087500 0.100781
1 0.037500 0.426563 0.075000 0.106250
1 0.039062 0.319531 0.077344 0.108594
2 0.289062 0.534375 0.046094 0.029687
2 0.497656 0.376563 0.032031 0.008594
2 0.476562 0.376563 0.034375 0.008594
2 0.050000 0.513281 0.074219 0.014063
2 0.242188 0.482031 0.046875 0.010937
2 0.287500 0.474219 0.041406 0.007812
2 0.328906 0.467187 0.032813 0.007812
2 0.359375 0.383594 0.035937 0.011719
2 0.391406 0.382812 0.032031 0.011719
2 0.420312 0.380469 0.032031 0.010937
2 0.425781 0.499219 0.035937 0.020313
2 0.326562 0.524219 0.042188 0.026562
2 0.067187 0.589063 0.077344 0.046094
2 0.219531 0.389062 0.021094 0.014844
2 0.271094 0.386719 0.037500 0.014063
2 0.369531 0.514062 0.039062 0.023438
2 0.455469 0.493750 0.034375 0.014844
2 0.481250 0.487500 0.024219 0.014063
2 0.501563 0.482812 0.022656 0.012500
1 0.176563 0.367188 0.023438 0.003906
1 0.152344 0.367188 0.025781 0.005469
1 0.125000 0.347656 0.030469 0.034375
1 0.099219 0.367969 0.027344 0.003906
1 0.081250 0.367969 0.007812 0.003906
1 0.096875 0.347656 0.032031 0.035156
1 0.079687 0.347656 0.010937 0.035156
1 0.171094 0.280469 0.026562 0.035156
1 0.145313 0.278906 0.028906 0.035937
1 0.118750 0.275781 0.030469 0.038281
1 0.090625 0.273438 0.032813 0.038281
1 0.060156 0.269531 0.035156 0.039062
1 0.026562 0.257812 0.035937 0.023438
1 0.005469 0.254688 0.010937 0.021875
1 0.331250 0.307812 0.015625 0.026562
1 0.315625 0.306250 0.017188 0.027344
1 0.282031 0.303906 0.019531 0.029687
1 0.299219 0.305469 0.017188 0.028906
1 0.297656 0.287500 0.017188 0.008594
1 0.280469 0.285156 0.017969 0.008594
1 0.262500 0.283594 0.017969 0.009375
1 0.250000 0.282031 0.006250 0.008594
1 0.262500 0.302344 0.019531 0.029687
1 0.250781 0.301563 0.009375 0.028906
1 0.216406 0.298438 0.011719 0.030469
2 0.928906 0.634375 0.111719 0.069531
2 0.585938 0.474219 0.014063 0.012500
