2 0.475781 0.700000 0.056250 0.035156
2 0.967969 0.478906 0.063281 0.036719
2 0.893750 0.482812 0.128125 0.038281
2 0.357031 0.597656 0.036719 0.015625
2 0.439844 0.609375 0.053125 0.020313
2 0.475781 0.613281 0.056250 0.023438
2 0.513281 0.619531 0.058594 0.025781
2 0.556250 0.507031 0.042969 0.018750
2 0.609375 0.504687 0.062500 0.020313
2 0.677344 0.500781 0.071875 0.023438
2 0.689844 0.767969 0.078125 0.064844
2 0.514062 0.711719 0.060156 0.039844
2 0.361719 0.664844 0.044531 0.024219
2 0.434375 0.514844 0.047656 0.014844
2 0.464062 0.513281 0.053906 0.014844
2 0.570312 0.730469 0.066406 0.048438
1 0.907031 0.656250 0.083594 0.076563
1 0.386719 0.593750 0.025781 0.029687
2 0.795312 0.800000 0.097656 0.081250
2 0.903906 0.832031 0.132031 0.100000
2 0.974219 0.852344 0.050781 0.080469
2 0.795312 0.657031 0.094531 0.043750
1 0.690625 0.628906 0.035156 0.055469
1 0.661719 0.626563 0.032031 0.050000
1 0.632812 0.621875 0.025781 0.050000
1 0.661719 0.581250 0.034375 0.046875
1 0.604688 0.578125 0.033594 0.042969
1 0.604688 0.619531 0.032813 0.046094
1 0.578125 0.617969 0.021094 0.042969
1 0.557813 0.614062 0.019531 0.044531
1 0.579688 0.576562 0.024219 0.041406
1 0.412500 0.508594 0.027344 0.028906
1 0.393750 0.509375 0.010937 0.028125
1 0.382812 0.510938 0.010156 0.026562
1 0.392188 0.483594 0.026562 0.028125
1 0.373437 0.510938 0.009375 0.025781
1 0.364063 0.511719 0.008594 0.025781
1 0.354687 0.512500 0.008594 0.025000
1 0.346094 0.513281 0.008594 0.024219
1 0.373437 0.484375 0.009375 0.026562
1 0.364063 0.485938 0.008594 0.025781
1 0.355469 0.486719 0.008594 0.025781
1 0.414062 0.421875 0.027344 0.030469
1 0.395313 0.424219 0.010156 0.028125
1 0.384375 0.426563 0.010156 0.028125
1 0.375000 0.429688 0.009375 0.025781
1 0.365625 0.432031 0.009375 0.025781
1 0.357031 0.434375 0.008594 0.025000
1 0.348438 0.436719 0.008594 0.025000
1 0.528125 0.403906 0.030469 0.035937
1 0.504687 0.407813 0.016406 0.035937
1 0.473438 0.415625 0.014063 0.033594
1 0.488281 0.412500 0.014844 0.034375
1 0.496094 0.380469 0.029687 0.035937
1 0.473438 0.384375 0.014063 0.035156
1 0.459375 0.389062 0.013281 0.034375
1 0.446094 0.393750 0.012500 0.033594
1 0.459375 0.419531 0.013281 0.031250
1 0.446094 0.422656 0.012500 0.030469
1 0.432812 0.425781 0.011719 0.030469
