3 0.116406 0.617188 0.141406 0.232031
2 0.447656 0.593750 0.056250 0.055469
2 0.953125 0.517188 0.092969 0.075000
2 0.873437 0.500781 0.125000 0.076563
2 0.545312 0.434375 0.062500 0.048438
2 0.597656 0.445312 0.069531 0.051562
2 0.667969 0.461719 0.072656 0.051562
2 0.313281 0.534375 0.051562 0.040625
2 0.392969 0.404687 0.060937 0.036719
2 0.427344 0.412500 0.061719 0.039844
2 0.544531 0.639062 0.060156 0.069531
1 0.925781 0.664844 0.078125 0.100000
1 0.372656 0.485156 0.015625 0.014844
1 0.359375 0.485156 0.015625 0.016406
1 0.356250 0.475000 0.015625 0.020313
1 0.334375 0.474219 0.014844 0.014844
1 0.348438 0.474219 0.014844 0.014844
2 0.739062 0.723437 0.076563 0.096875
2 0.616406 0.671094 0.063281 0.079687
2 0.819531 0.758594 0.089844 0.106250
2 0.909375 0.798438 0.110937 0.120313
2 0.486719 0.532813 0.058594 0.056250
1 0.828125 0.629687 0.046094 0.083594
1 0.791406 0.615625 0.041406 0.083594
1 0.756250 0.605469 0.042188 0.080469
1 0.796875 0.571875 0.050781 0.081250
1 0.585156 0.511719 0.031250 0.063281
1 0.583594 0.553125 0.031250 0.057031
1 0.557813 0.551562 0.022656 0.042969
1 0.536719 0.535937 0.021875 0.060156
1 0.563281 0.506250 0.031250 0.060156
1 0.503906 0.307812 0.034375 0.049219
1 0.482812 0.306250 0.034375 0.046875
1 0.435937 0.305469 0.019531 0.041406
1 0.455469 0.306250 0.020313 0.042969
1 0.462500 0.263281 0.035937 0.043750
1 0.434375 0.263281 0.020313 0.042969
1 0.415625 0.262500 0.019531 0.041406
1 0.397656 0.261719 0.019531 0.040625
1 0.417187 0.303906 0.019531 0.040625
1 0.400000 0.301563 0.017969 0.039062
1 0.382812 0.299219 0.017969 0.041406
1 0.354687 0.282031 0.036719 0.039844
1 0.336719 0.281250 0.030469 0.038281
1 0.320312 0.280469 0.025781 0.038281
1 0.310156 0.278906 0.033594 0.035937
1 0.293750 0.278906 0.025781 0.035156
1 0.285156 0.278125 0.033594 0.035156
1 0.270313 0.277344 0.027344 0.034375
1 0.360938 0.385937 0.034375 0.042969
1 0.344531 0.382812 0.030469 0.041406
1 0.324219 0.383594 0.015625 0.034375
1 0.330469 0.348438 0.035156 0.039844
1 0.310937 0.381250 0.015625 0.032031
1 0.298438 0.378125 0.014844 0.032031
1 0.286719 0.375781 0.014844 0.031250
1 0.274219 0.371875 0.014844 0.034375
1 0.316406 0.346875 0.032031 0.038281
1 0.303125 0.344531 0.032031 0.038281
1 0.290625 0.342969 0.030469 0.036719
2 0.810937 0.350781 0.046094 0.007031
2 0.769531 0.346875 0.041406 0.007031
2 0.455469 0.378125 0.028906 0.014844
2 0.528125 0.390625 0.027344 0.018750
2 0.552344 0.394531 0.031250 0.018750
2 0.578906 0.399219 0.027344 0.021094
1 0.764062 0.423438 0.028906 0.032031
1 0.481250 0.377344 0.017969 0.023438
2 0.722656 0.421875 0.037500 0.024219
1 0.678906 0.408594 0.015625 0.029687
1 0.664844 0.409375 0.014844 0.021875
1 0.651563 0.403906 0.014844 0.028906
1 0.667188 0.384375 0.015625 0.028906
1 0.636719 0.380469 0.015625 0.028125
1 0.635156 0.402344 0.015625 0.025000
1 0.621875 0.401562 0.013281 0.021875
1 0.609375 0.397656 0.013281 0.026562
1 0.624219 0.378906 0.014844 0.025781
1 0.500781 0.263281 0.011719 0.020313
1 0.489063 0.262500 0.010156 0.021094
1 0.485156 0.261719 0.010156 0.020313
1 0.592969 0.274219 0.013281 0.023438
1 0.581250 0.273438 0.013281 0.023438
1 0.557031 0.273438 0.011719 0.021094
1 0.568750 0.274219 0.011719 0.021875
1 0.571875 0.251563 0.016406 0.021875
1 0.557813 0.251563 0.011719 0.021094
1 0.546094 0.251563 0.010937 0.021094
1 0.535937 0.251563 0.008594 0.021094
1 0.545312 0.273438 0.010937 0.020313
1 0.535156 0.272656 0.009375 0.021094
1 0.521094 0.271875 0.005469 0.021094
2 0.915625 0.565625 0.074219 0.029687
