2 0.005469 0.754687 0.010937 0.037500
1 0.000781 0.357812 0.001563 0.034375
1 0.005469 0.363281 0.007031 0.039062
1 0.003125 0.495312 0.005469 0.042969
2 0.492188 0.710938 0.060156 0.043750
2 0.964844 0.484375 0.069531 0.042969
2 0.389062 0.591406 0.030469 0.017969
2 0.458594 0.610938 0.053906 0.025000
2 0.491406 0.617969 0.059375 0.028906
2 0.525000 0.628906 0.064062 0.034375
2 0.565625 0.507031 0.045312 0.020313
2 0.623437 0.505469 0.069531 0.023438
2 0.707031 0.502344 0.099219 0.026562
2 0.717187 0.840625 0.102344 0.108594
2 0.528125 0.729688 0.066406 0.051562
2 0.396094 0.657813 0.041406 0.025000
2 0.439844 0.511719 0.021875 0.014063
2 0.480469 0.510938 0.058594 0.014844
2 0.583594 0.763281 0.078906 0.066406
1 0.989062 0.730469 0.020313 0.098437
1 0.414062 0.589063 0.023438 0.030469
2 0.862500 0.919531 0.146094 0.158594
2 0.966406 0.951562 0.065625 0.095312
2 0.866406 0.725000 0.143750 0.085156
1 0.722656 0.664062 0.051562 0.078125
1 0.686719 0.658594 0.047656 0.064844
1 0.648438 0.648438 0.028906 0.066406
1 0.687500 0.600781 0.049219 0.064062
1 0.621094 0.591406 0.042969 0.054688
1 0.621875 0.641406 0.042969 0.056250
1 0.589063 0.635938 0.022656 0.051562
1 0.567187 0.628125 0.019531 0.053906
1 0.596875 0.588281 0.038281 0.051562
1 0.435937 0.503906 0.028125 0.028906
1 0.417969 0.505469 0.008594 0.028906
1 0.409375 0.505469 0.008594 0.028125
1 0.417969 0.478125 0.025781 0.028125
1 0.401562 0.506250 0.007031 0.026562
1 0.393750 0.506250 0.007031 0.025781
1 0.386719 0.507031 0.006250 0.025000
1 0.380469 0.507031 0.005469 0.024219
1 0.401562 0.478906 0.007031 0.026562
1 0.393750 0.480469 0.007031 0.025781
1 0.386719 0.482031 0.006250 0.025000
1 0.435937 0.414062 0.025781 0.029687
1 0.418750 0.417187 0.008594 0.028906
1 0.410156 0.420312 0.007812 0.028125
1 0.402344 0.423438 0.007031 0.026562
1 0.395313 0.425781 0.007031 0.025781
1 0.388281 0.428906 0.006250 0.025000
1 0.381250 0.431250 0.005469 0.024219
1 0.541406 0.390625 0.036719 0.041406
1 0.514844 0.395313 0.015625 0.040625
1 0.485938 0.405469 0.013281 0.036719
1 0.500000 0.400781 0.013281 0.038281
1 0.510156 0.365625 0.033594 0.041406
1 0.485938 0.371094 0.013281 0.039062
1 0.473438 0.377344 0.011719 0.038281
1 0.461719 0.382031 0.010937 0.036719
1 0.473438 0.410156 0.011719 0.035156
1 0.461719 0.414062 0.010156 0.033594
1 0.450781 0.417969 0.010156 0.033594
