2 0.948438 0.497656 0.067187 0.023438
2 0.959375 0.514844 0.080469 0.039062
2 0.968750 0.616406 0.061719 0.074219
2 0.968750 0.573438 0.060937 0.036719
2 0.971094 0.551562 0.057031 0.033594
2 0.939063 0.949219 0.035156 0.100000
1 0.921875 0.593750 0.005469 0.015625
2 0.915625 0.760156 0.020313 0.059375
2 0.925000 0.855469 0.024219 0.088281
2 0.905469 0.720313 0.006250 0.044531
2 0.902344 0.691406 0.005469 0.038281
2 0.972656 0.917969 0.053125 0.139844
1 0.920312 0.619531 0.005469 0.042969
1 0.940625 0.646875 0.033594 0.059375
1 0.934375 0.599219 0.010937 0.040625
1 0.954688 0.689063 0.014063 0.073438
1 0.948438 0.746094 0.008594 0.075000
1 0.948438 0.785937 0.004687 0.023438
1 0.978906 0.810156 0.041406 0.109375
1 0.973437 0.717969 0.042188 0.096094
2 0.410938 0.716406 0.064844 0.067969
2 0.606250 0.455469 0.035937 0.014844
2 0.591406 0.460156 0.036719 0.016406
2 0.083594 0.794531 0.136719 0.138281
2 0.362500 0.653906 0.075781 0.065625
2 0.410938 0.625000 0.066406 0.053906
2 0.454688 0.603906 0.058594 0.046094
2 0.489063 0.489063 0.050781 0.026562
2 0.514062 0.482031 0.050781 0.023438
2 0.543750 0.475000 0.041406 0.020313
2 0.545312 0.621094 0.044531 0.036719
2 0.450781 0.687500 0.058594 0.056250
2 0.107813 0.925781 0.125781 0.146875
2 0.350781 0.530469 0.074219 0.045312
2 0.396094 0.517188 0.067969 0.038281
2 0.494531 0.658594 0.051562 0.048438
1 0.595313 0.524219 0.018750 0.028125
1 0.221875 0.707812 0.063281 0.085938
2 0.571094 0.606250 0.040625 0.025781
2 0.596094 0.592969 0.022656 0.023438
2 0.610938 0.581250 0.021875 0.020313
2 0.574219 0.542969 0.031250 0.019531
1 0.553906 0.546875 0.009375 0.032031
1 0.537500 0.553125 0.022656 0.031250
1 0.532813 0.555469 0.013281 0.036719
1 0.535937 0.523438 0.026562 0.034375
1 0.512500 0.533594 0.026562 0.038281
1 0.520312 0.565625 0.010156 0.033594
1 0.508594 0.571094 0.011719 0.035156
1 0.488281 0.574219 0.028906 0.042969
1 0.500781 0.538281 0.027344 0.039844
1 0.285156 0.531250 0.044531 0.064062
1 0.256250 0.539062 0.038281 0.068750
1 0.220312 0.553125 0.041406 0.064062
1 0.212500 0.494531 0.050781 0.067969
1 0.178125 0.564063 0.048438 0.068750
1 0.131250 0.576562 0.054688 0.073438
1 0.077344 0.589844 0.063281 0.079687
1 0.026562 0.596094 0.053125 0.098437
1 0.171875 0.501563 0.053906 0.071875
1 0.125781 0.509375 0.056250 0.078906
1 0.070312 0.518750 0.064844 0.085938
1 0.284375 0.379688 0.035156 0.053906
1 0.250000 0.378906 0.039062 0.057031
1 0.210938 0.378125 0.044531 0.060156
1 0.167187 0.378125 0.050781 0.064844
1 0.117188 0.376563 0.058594 0.070312
1 0.059375 0.375781 0.067969 0.075781
1 0.017188 0.376563 0.033594 0.078906
1 0.469531 0.396094 0.015625 0.035937
1 0.453906 0.396094 0.016406 0.036719
1 0.418750 0.397656 0.019531 0.039844
1 0.436719 0.396875 0.017969 0.039062
1 0.436719 0.357812 0.017969 0.039844
1 0.417969 0.356250 0.019531 0.040625
1 0.397656 0.355469 0.021875 0.043750
1 0.367188 0.353906 0.039844 0.046094
1 0.398438 0.398438 0.021094 0.041406
1 0.376563 0.398438 0.023438 0.043750
1 0.345313 0.399219 0.041406 0.046094
2 0.705469 0.568750 0.036719 0.024219
