3 0.214062 0.548438 0.080469 0.165625
2 0.024219 0.940625 0.028906 0.116406
2 0.002344 0.890625 0.004687 0.084375
2 0.010156 0.706250 0.019531 0.053906
2 0.461719 0.586719 0.050000 0.044531
2 0.935937 0.535156 0.127344 0.081250
2 0.826562 0.508594 0.104688 0.067969
2 0.539062 0.443750 0.060156 0.035156
2 0.581250 0.453906 0.067187 0.039062
2 0.637500 0.468750 0.069531 0.041406
2 0.364844 0.529687 0.039844 0.029687
2 0.423438 0.417969 0.050781 0.024219
2 0.447656 0.423438 0.053125 0.026562
2 0.538281 0.634375 0.058594 0.059375
1 0.892188 0.687500 0.082031 0.103125
1 0.408594 0.488281 0.013281 0.011719
1 0.396875 0.487500 0.010156 0.011719
1 0.396094 0.479687 0.009375 0.014844
1 0.381250 0.478125 0.012500 0.011719
1 0.391406 0.479687 0.012500 0.010937
2 0.707812 0.734375 0.077344 0.095312
2 0.599219 0.673438 0.064844 0.064062
2 0.784375 0.780469 0.088281 0.114062
2 0.882031 0.835938 0.112500 0.139844
2 0.492188 0.531250 0.054688 0.043750
1 0.786719 0.639844 0.041406 0.085156
1 0.750781 0.635156 0.037500 0.060937
1 0.720313 0.613281 0.036719 0.075781
1 0.757812 0.581250 0.041406 0.076563
1 0.571094 0.515625 0.032813 0.053125
1 0.570312 0.553906 0.032031 0.048438
1 0.545312 0.549219 0.017969 0.040625
1 0.528125 0.535937 0.017188 0.050000
1 0.552344 0.508594 0.031250 0.050781
1 0.506250 0.333594 0.032031 0.036719
1 0.482031 0.332813 0.015625 0.035937
1 0.453125 0.332031 0.014063 0.034375
1 0.467187 0.332813 0.014844 0.034375
1 0.475000 0.296875 0.032031 0.035156
1 0.452344 0.297656 0.013281 0.034375
1 0.439063 0.298438 0.013281 0.033594
1 0.426563 0.298438 0.012500 0.031250
1 0.439844 0.331250 0.013281 0.032031
1 0.427344 0.330469 0.012500 0.031250
1 0.415625 0.329688 0.011719 0.031250
1 0.398438 0.316406 0.028125 0.029687
1 0.379688 0.317188 0.010937 0.028906
1 0.370312 0.316406 0.010156 0.028125
1 0.361719 0.316406 0.009375 0.028125
1 0.352344 0.316406 0.009375 0.026562
1 0.344531 0.316406 0.008594 0.025781
1 0.336719 0.316406 0.008594 0.025000
1 0.401562 0.402344 0.027344 0.032031
1 0.388281 0.400000 0.019531 0.031250
1 0.373437 0.400000 0.010156 0.028125
1 0.381250 0.371875 0.027344 0.029687
1 0.364844 0.397656 0.009375 0.026562
1 0.356250 0.396094 0.008594 0.025781
1 0.348438 0.393750 0.008594 0.025000
1 0.340625 0.391406 0.008594 0.025781
1 0.371094 0.371094 0.024219 0.028906
1 0.361719 0.369531 0.022656 0.028125
1 0.353125 0.368750 0.021094 0.028125
2 0.585156 0.488281 0.023438 0.013281
2 0.863281 0.410938 0.053906 0.016406
2 0.813281 0.405469 0.046875 0.015625
2 0.503906 0.418750 0.027344 0.011719
2 0.566406 0.429688 0.029687 0.009375
2 0.590625 0.434375 0.032031 0.010937
2 0.616406 0.441406 0.030469 0.014844
2 0.649219 0.388281 0.028906 0.013281
2 0.671094 0.390625 0.021094 0.011719
2 0.717187 0.395313 0.032813 0.014844
2 0.708594 0.524219 0.034375 0.017969
2 0.610938 0.495312 0.027344 0.013281
2 0.503125 0.462500 0.022656 0.008594
2 0.563281 0.378125 0.025781 0.010937
2 0.585156 0.380469 0.030469 0.011719
2 0.645312 0.505469 0.032031 0.014844
1 0.809375 0.471094 0.032813 0.024219
1 0.526563 0.418750 0.016406 0.018750
2 0.753125 0.538281 0.039062 0.018750
2 0.793750 0.550781 0.042969 0.021094
2 0.839063 0.563281 0.048438 0.023438
2 0.761719 0.472656 0.040625 0.023438
1 0.715625 0.456250 0.018750 0.029687
1 0.703125 0.455469 0.014844 0.025000
1 0.688281 0.450000 0.003125 0.024219
1 0.704688 0.432031 0.014844 0.026562
1 0.671875 0.426563 0.017969 0.025781
1 0.670312 0.449219 0.017188 0.024219
1 0.656250 0.446094 0.012500 0.019531
1 0.644531 0.441406 0.012500 0.024219
1 0.659375 0.424219 0.016406 0.025000
1 0.545312 0.375000 0.014844 0.009375
1 0.533594 0.373437 0.007031 0.008594
1 0.522656 0.372656 0.002344 0.008594
1 0.529687 0.346094 0.014063 0.009375
1 0.517188 0.371875 0.007031 0.008594
1 0.511719 0.371094 0.002344 0.007031
1 0.500000 0.369531 0.003906 0.008594
1 0.494531 0.369531 0.007031 0.007031
1 0.546875 0.314844 0.016406 0.018750
1 0.535156 0.314063 0.008594 0.017969
1 0.523438 0.314063 0.002344 0.017969
1 0.517969 0.309375 0.007812 0.008594
1 0.511719 0.309375 0.003906 0.008594
1 0.500781 0.309375 0.003906 0.008594
1 0.495312 0.310156 0.007031 0.007031
1 0.631250 0.323437 0.017969 0.021094
1 0.617188 0.323437 0.011719 0.021094
1 0.594531 0.323437 0.010156 0.019531
1 0.605469 0.323437 0.010937 0.019531
1 0.609375 0.303125 0.017969 0.020313
1 0.595313 0.303125 0.010937 0.020313
1 0.585156 0.303125 0.010156 0.019531
1 0.575000 0.303125 0.010156 0.019531
1 0.584375 0.323437 0.010156 0.018750
1 0.574219 0.323437 0.009375 0.018750
1 0.564844 0.322656 0.009375 0.019531
2 0.961719 0.624219 0.075781 0.054688
