2 0.411719 0.662500 0.072656 0.056250
2 0.933594 0.403906 0.125781 0.025781
2 0.860156 0.403906 0.118750 0.025781
2 0.554688 0.407813 0.060156 0.026562
2 0.616406 0.407031 0.078906 0.025781
2 0.691406 0.408594 0.088281 0.024219
2 0.157812 0.657813 0.102344 0.054688
2 0.325781 0.407813 0.085156 0.026562
2 0.383594 0.408594 0.075781 0.028125
2 0.558594 0.667969 0.068750 0.058594
1 0.907813 0.542969 0.072656 0.064062
1 0.279687 0.544531 0.017969 0.020313
1 0.259375 0.546875 0.024219 0.021875
1 0.250000 0.537500 0.025000 0.030469
1 0.207031 0.545312 0.027344 0.020313
1 0.233594 0.540625 0.025000 0.020313
2 0.767969 0.671875 0.097656 0.058594
2 0.646094 0.669531 0.080469 0.058594
2 0.845313 0.681250 0.082031 0.043750
2 0.911719 0.679688 0.089844 0.048438
2 0.475781 0.553125 0.058594 0.049219
1 0.845313 0.540625 0.033594 0.059375
1 0.804688 0.539062 0.054688 0.061719
1 0.776563 0.539062 0.052344 0.061719
1 0.807031 0.492969 0.060156 0.059375
1 0.603906 0.491406 0.035156 0.058594
1 0.605469 0.544531 0.028906 0.046094
1 0.575781 0.536719 0.032813 0.060937
1 0.549219 0.536719 0.030469 0.060937
1 0.576562 0.491406 0.033594 0.058594
1 0.497656 0.251563 0.029687 0.054688
1 0.467187 0.251563 0.030469 0.053906
1 0.407031 0.252344 0.030469 0.053125
1 0.436719 0.251563 0.030469 0.053906
1 0.438281 0.196875 0.035937 0.056250
1 0.405469 0.196875 0.030469 0.055469
1 0.375000 0.197656 0.032031 0.056250
1 0.345313 0.197656 0.032031 0.056250
1 0.377344 0.252344 0.031250 0.053125
1 0.347656 0.253125 0.031250 0.053906
1 0.317969 0.253125 0.032031 0.053906
1 0.258594 0.234375 0.055469 0.060937
1 0.217969 0.231250 0.033594 0.053125
1 0.188281 0.231250 0.033594 0.053125
1 0.158594 0.231250 0.033594 0.053125
1 0.128906 0.232031 0.034375 0.053125
1 0.100000 0.232031 0.033594 0.053125
1 0.071094 0.232031 0.034375 0.053125
1 0.266406 0.392969 0.051562 0.050781
1 0.228125 0.392969 0.032031 0.050781
1 0.199219 0.393750 0.032031 0.050000
1 0.208594 0.342187 0.059375 0.050781
1 0.171094 0.392969 0.032031 0.049219
1 0.142969 0.392969 0.032031 0.049219
1 0.115625 0.392969 0.032031 0.049219
1 0.088281 0.392969 0.032031 0.050000
1 0.166406 0.342187 0.032031 0.050781
1 0.138281 0.342187 0.032813 0.050781
1 0.110156 0.342187 0.032813 0.050781
2 0.464062 0.502344 0.029687 0.015625
2 0.694531 0.382031 0.031250 0.009375
2 0.660156 0.382031 0.038281 0.009375
2 0.342187 0.447656 0.037500 0.011719
2 0.433594 0.449219 0.032031 0.013281
2 0.464062 0.448437 0.030469 0.013281
2 0.493750 0.449219 0.024219 0.014844
2 0.530469 0.384375 0.017969 0.009375
2 0.555469 0.384375 0.030469 0.009375
2 0.587500 0.384375 0.033594 0.009375
2 0.492969 0.502344 0.028906 0.015625
2 0.346094 0.500781 0.036719 0.015625
2 0.428125 0.384375 0.027344 0.009375
2 0.454688 0.384375 0.027344 0.009375
2 0.532813 0.503125 0.024219 0.015625
1 0.660937 0.446875 0.020313 0.016406
1 0.377344 0.446094 0.022656 0.015625
2 0.631250 0.506250 0.021094 0.010937
2 0.656250 0.503906 0.032031 0.015625
2 0.685156 0.503906 0.035156 0.015625
2 0.628125 0.449219 0.032813 0.011719
1 0.591406 0.446875 0.012500 0.015625
1 0.578906 0.446094 0.012500 0.016406
1 0.565625 0.446094 0.014063 0.016406
1 0.550781 0.446094 0.011719 0.016406
1 0.538281 0.446094 0.011719 0.016406
1 0.527344 0.446094 0.010156 0.015625
1 0.401562 0.377344 0.016406 0.021094
1 0.387500 0.377344 0.013281 0.021094
1 0.375000 0.378125 0.012500 0.020313
1 0.376563 0.356250 0.017969 0.021094
1 0.362500 0.378125 0.012500 0.020313
1 0.350781 0.378125 0.012500 0.020313
1 0.338281 0.378125 0.012500 0.020313
1 0.325781 0.377344 0.012500 0.021094
1 0.361719 0.356250 0.012500 0.021094
1 0.349219 0.356250 0.012500 0.021094
1 0.337500 0.356250 0.012500 0.021094
1 0.400781 0.314063 0.016406 0.013281
1 0.385937 0.314063 0.013281 0.013281
1 0.373437 0.314063 0.012500 0.013281
1 0.360938 0.314063 0.011719 0.013281
1 0.349219 0.314063 0.012500 0.013281
1 0.336719 0.314063 0.012500 0.013281
1 0.324219 0.314063 0.012500 0.013281
1 0.503906 0.318750 0.012500 0.021875
1 0.491406 0.318750 0.012500 0.021875
1 0.465625 0.318750 0.012500 0.021875
1 0.478125 0.318750 0.012500 0.021875
1 0.453125 0.318750 0.012500 0.021094
1 0.440625 0.318750 0.012500 0.021094
1 0.428125 0.318750 0.012500 0.021875
