3 0.238281 0.543750 0.067187 0.146094
2 0.056250 0.818750 0.013281 0.082031
2 0.036719 0.567969 0.021094 0.029687
2 0.019531 0.641406 0.024219 0.053906
2 0.021875 0.670312 0.039062 0.051562
2 0.024219 0.725781 0.040625 0.082031
2 0.021875 0.529687 0.043750 0.062500
2 0.013281 0.571094 0.026562 0.096875
2 0.054688 0.661719 0.008594 0.039062
2 0.014844 0.474219 0.029687 0.029687
2 0.014063 0.485938 0.027344 0.035156
2 0.052344 0.971875 0.008594 0.053906
1 0.003125 0.778906 0.005469 0.091406
1 0.008594 0.861719 0.017188 0.153125
1 0.013281 0.811719 0.013281 0.124219
1 0.014844 0.775781 0.015625 0.111719
1 0.004687 0.732031 0.009375 0.094531
1 0.000781 0.310937 0.001563 0.017969
1 0.001563 0.303125 0.003125 0.034375
1 0.002344 0.300781 0.004687 0.039844
1 0.009375 0.441406 0.003125 0.029687
1 0.009375 0.401562 0.013281 0.045312
2 0.465625 0.593750 0.047656 0.035156
2 0.904687 0.476562 0.127344 0.046094
2 0.794531 0.466406 0.094531 0.038281
2 0.535937 0.443750 0.057031 0.020313
2 0.574219 0.447656 0.063281 0.023438
2 0.625000 0.453125 0.066406 0.025000
2 0.377344 0.550781 0.037500 0.023438
2 0.432031 0.433594 0.047656 0.014844
2 0.453906 0.435156 0.049219 0.016406
2 0.536719 0.630469 0.056250 0.046875
1 0.867969 0.634375 0.078125 0.085938
1 0.420312 0.505469 0.008594 0.009375
1 0.407031 0.504687 0.008594 0.009375
1 0.406250 0.498437 0.008594 0.011719
1 0.392969 0.499219 0.011719 0.009375
1 0.403125 0.499219 0.011719 0.009375
2 0.697656 0.710156 0.077344 0.078125
2 0.593750 0.661719 0.064062 0.050781
2 0.771094 0.746875 0.086719 0.094531
2 0.868750 0.792969 0.110156 0.117969
2 0.492188 0.532813 0.050781 0.030469
1 0.767969 0.602344 0.040625 0.071094
1 0.735156 0.596875 0.039844 0.059375
1 0.703125 0.583594 0.032031 0.064062
1 0.738281 0.546875 0.039844 0.063281
1 0.565625 0.508594 0.032031 0.044531
1 0.565625 0.544531 0.032031 0.041406
1 0.541406 0.541406 0.016406 0.038281
1 0.525781 0.533594 0.014844 0.042969
1 0.548438 0.503906 0.029687 0.041406
1 0.506250 0.342969 0.029687 0.034375
1 0.484375 0.344531 0.013281 0.033594
1 0.458594 0.347656 0.011719 0.030469
1 0.471094 0.346094 0.011719 0.031250
1 0.478906 0.314844 0.028906 0.033594
1 0.458594 0.317188 0.011719 0.032031
1 0.446875 0.319531 0.011719 0.031250
1 0.435937 0.321094 0.010156 0.029687
1 0.447656 0.349219 0.011719 0.029687
1 0.436719 0.350781 0.010156 0.028906
1 0.426563 0.351562 0.010156 0.028906
1 0.411719 0.342969 0.025000 0.026562
1 0.395313 0.344531 0.008594 0.025781
1 0.386719 0.345313 0.008594 0.025781
1 0.378906 0.346875 0.007812 0.025000
1 0.371094 0.346875 0.007812 0.024219
1 0.364063 0.348438 0.007031 0.023438
1 0.357031 0.349219 0.007031 0.023438
1 0.413281 0.423438 0.025000 0.025781
1 0.403125 0.421875 0.023438 0.025781
1 0.387500 0.421875 0.007812 0.024219
1 0.395313 0.396875 0.024219 0.024219
1 0.379688 0.421094 0.007812 0.024219
1 0.372656 0.421094 0.007812 0.023438
1 0.365625 0.420312 0.007031 0.021875
1 0.358594 0.419531 0.007031 0.021875
1 0.379688 0.396875 0.007812 0.024219
1 0.371875 0.396875 0.007031 0.021875
1 0.364844 0.396875 0.007031 0.021875
2 0.596094 0.521094 0.030469 0.016406
2 0.862500 0.430469 0.053125 0.014844
2 0.813281 0.428125 0.046094 0.014063
2 0.515625 0.464062 0.013281 0.006250
2 0.569531 0.474219 0.022656 0.009375
2 0.593750 0.476562 0.024219 0.009375
2 0.621875 0.481250 0.030469 0.010156
2 0.653906 0.422656 0.032031 0.010156
2 0.683594 0.424219 0.032813 0.010937
2 0.716406 0.425781 0.037500 0.010937
2 0.707031 0.546875 0.024219 0.016406
2 0.620313 0.527344 0.032031 0.017969
2 0.517969 0.502344 0.021094 0.011719
2 0.571094 0.418750 0.025781 0.008594
2 0.590625 0.419531 0.029687 0.008594
2 0.652344 0.535156 0.032813 0.018750
1 0.811719 0.510156 0.030469 0.010937
1 0.535937 0.467969 0.014063 0.005469
2 0.767969 0.563281 0.025000 0.014844
2 0.800781 0.571094 0.042969 0.028906
2 0.847656 0.581250 0.049219 0.031250
2 0.765625 0.503125 0.041406 0.014063
1 0.718750 0.496094 0.017188 0.008594
1 0.703125 0.493750 0.013281 0.007031
1 0.689063 0.491406 0.013281 0.008594
1 0.707031 0.458594 0.017969 0.014844
1 0.675781 0.456250 0.017188 0.014063
1 0.674219 0.489063 0.016406 0.007031
1 0.660156 0.486719 0.011719 0.007031
1 0.648438 0.485156 0.010937 0.007031
1 0.668750 0.454688 0.006250 0.013281
1 0.553906 0.413281 0.014844 0.016406
1 0.542188 0.412500 0.007812 0.015625
1 0.534375 0.412500 0.007031 0.015625
1 0.538281 0.396094 0.014844 0.015625
1 0.526563 0.412500 0.007031 0.015625
1 0.519531 0.411719 0.007031 0.014844
1 0.512500 0.411719 0.007031 0.015625
1 0.529687 0.396094 0.001563 0.015625
1 0.519531 0.396094 0.007031 0.015625
1 0.512500 0.396094 0.007031 0.015625
1 0.554688 0.353906 0.014844 0.004687
1 0.542969 0.355469 0.007812 0.004687
1 0.535156 0.355469 0.007031 0.004687
1 0.633594 0.371094 0.016406 0.004687
1 0.620313 0.371875 0.010937 0.004687
1 0.609375 0.371875 0.010156 0.004687
1 0.613281 0.343750 0.016406 0.017969
1 0.600000 0.344531 0.009375 0.016406
1 0.589844 0.345313 0.009375 0.016406
1 0.580469 0.346094 0.009375 0.016406
1 0.589844 0.372656 0.009375 0.004687
2 0.662500 0.993750 0.019531 0.010937
2 0.964844 0.628125 0.068750 0.046875
