3 0.225000 0.563281 0.060156 0.156250
2 0.023438 0.553125 0.046094 0.017969
2 0.021875 0.657031 0.042969 0.031250
1 0.005469 0.275781 0.010937 0.044531
1 0.017188 0.288281 0.013281 0.044531
1 0.028906 0.300781 0.011719 0.041406
1 0.039844 0.310937 0.010937 0.039062
1 0.003906 0.408594 0.007031 0.041406
1 0.013281 0.414062 0.013281 0.042969
1 0.025781 0.419531 0.011719 0.039844
1 0.036719 0.425000 0.010937 0.039062
1 0.004687 0.367969 0.008594 0.046875
1 0.014844 0.375000 0.014063 0.046094
1 0.026562 0.382031 0.011719 0.044531
2 0.470313 0.653906 0.056250 0.035937
2 0.986719 0.146875 0.025781 0.088281
2 0.523438 0.397656 0.041406 0.039844
2 0.576562 0.371875 0.064062 0.051562
2 0.665625 0.329688 0.114844 0.075781
2 0.401562 0.614062 0.035937 0.019531
2 0.432031 0.444531 0.032031 0.021875
2 0.455469 0.435937 0.049219 0.025000
2 0.548438 0.701562 0.090625 0.061719
1 0.430469 0.549219 0.005469 0.008594
1 0.425781 0.549219 0.014063 0.009375
1 0.428906 0.541406 0.007812 0.004687
1 0.414062 0.548438 0.008594 0.007031
2 0.878125 0.896094 0.242969 0.206250
2 0.632812 0.756250 0.125781 0.089063
2 0.993750 0.965625 0.011719 0.066406
2 0.489063 0.555469 0.057813 0.021875
1 0.950781 0.558594 0.097656 0.145313
1 0.859375 0.555469 0.090625 0.125781
1 0.949219 0.416406 0.100781 0.150000
1 0.583594 0.483594 0.056250 0.063281
1 0.584375 0.544531 0.057031 0.063281
1 0.546094 0.543750 0.019531 0.056250
1 0.527344 0.542969 0.017188 0.053125
1 0.545312 0.486719 0.019531 0.058594
1 0.510156 0.278125 0.038281 0.049219
1 0.484375 0.291406 0.011719 0.046094
1 0.462500 0.316406 0.009375 0.039844
1 0.472656 0.304688 0.010156 0.042969
1 0.482812 0.268750 0.030469 0.051562
1 0.462500 0.282031 0.009375 0.046875
1 0.453125 0.293750 0.008594 0.044531
1 0.444531 0.304688 0.007812 0.042969
1 0.453125 0.326562 0.008594 0.038281
1 0.444531 0.335156 0.007812 0.035156
1 0.436719 0.343750 0.007031 0.034375
1 0.425000 0.348438 0.014844 0.028906
1 0.414062 0.356250 0.005469 0.028906
1 0.408594 0.362500 0.005469 0.026562
1 0.403125 0.368750 0.004687 0.025781
1 0.398438 0.373437 0.004687 0.025000
1 0.394531 0.378906 0.003906 0.024219
1 0.389844 0.384375 0.003906 0.021875
1 0.425781 0.443750 0.017969 0.029687
1 0.413281 0.446875 0.005469 0.029687
1 0.407813 0.450000 0.005469 0.028125
1 0.418750 0.423438 0.026562 0.031250
1 0.402344 0.453125 0.003906 0.026562
1 0.397656 0.456250 0.003906 0.025000
1 0.392969 0.458594 0.003906 0.025000
1 0.389062 0.460938 0.003906 0.023438
1 0.403125 0.427344 0.004687 0.028906
1 0.397656 0.431250 0.003906 0.028906
1 0.393750 0.434375 0.003906 0.028125
2 0.658594 0.544531 0.034375 0.010156
2 0.693750 0.546094 0.042969 0.010156
2 0.732812 0.546875 0.050781 0.011719
2 0.773438 0.455469 0.041406 0.016406
2 0.825781 0.449219 0.062500 0.020313
2 0.878906 0.440625 0.043750 0.020313
2 0.654687 0.474219 0.032031 0.013281
2 0.684375 0.470313 0.043750 0.013281
1 0.618750 0.537500 0.011719 0.019531
1 0.878906 0.489063 0.035156 0.008594
1 0.820312 0.507031 0.032031 0.032031
1 0.810156 0.539844 0.009375 0.031250
1 0.797656 0.539062 0.015625 0.030469
1 0.769531 0.538281 0.007031 0.028906
1 0.796875 0.507812 0.014844 0.030469
1 0.635156 0.471875 0.021094 0.021094
1 0.620313 0.473438 0.009375 0.021094
1 0.613281 0.474219 0.003125 0.019531
1 0.615625 0.454688 0.019531 0.020313
1 0.601562 0.451562 0.007812 0.008594
1 0.593750 0.451562 0.007812 0.004687
1 0.635938 0.413281 0.020313 0.008594
1 0.620313 0.418750 0.009375 0.005469
1 0.610938 0.421875 0.008594 0.004687
1 0.602344 0.424219 0.007812 0.004687
1 0.593750 0.427344 0.007812 0.004687
1 0.750781 0.382812 0.013281 0.017969
1 0.719531 0.392969 0.010937 0.016406
1 0.692969 0.400781 0.013281 0.016406
1 0.707031 0.396094 0.014844 0.016406
1 0.678906 0.404687 0.012500 0.016406
1 0.667188 0.408594 0.011719 0.014844
1 0.655469 0.411719 0.010937 0.014844
