2 0.385937 0.784375 0.074219 0.084375
2 0.749219 0.484375 0.062500 0.016406
2 0.714063 0.485938 0.067969 0.018750
2 0.025781 0.723437 0.051562 0.069531
2 0.300000 0.678125 0.089844 0.071094
2 0.385937 0.658594 0.075781 0.060937
2 0.457031 0.646875 0.067969 0.058594
2 0.519531 0.499219 0.067187 0.025781
2 0.567187 0.496094 0.071094 0.024219
2 0.619531 0.494531 0.065625 0.021875
2 0.623437 0.712500 0.070312 0.054688
2 0.451562 0.764062 0.073438 0.075781
2 0.032813 0.891406 0.065625 0.106250
2 0.285938 0.513281 0.082031 0.036719
2 0.360938 0.508594 0.068750 0.034375
2 0.527344 0.742969 0.072656 0.067969
1 0.719531 0.583594 0.039844 0.039844
1 0.109375 0.692969 0.095312 0.084375
2 0.674219 0.700000 0.067969 0.042969
2 0.721094 0.690625 0.046094 0.033594
2 0.753906 0.680469 0.044531 0.029687
2 0.675000 0.603125 0.064062 0.029687
1 0.633594 0.600000 0.017969 0.050000
1 0.606250 0.603906 0.036719 0.050000
1 0.592187 0.606250 0.026562 0.054688
1 0.606250 0.563281 0.038281 0.049219
1 0.560937 0.569531 0.035937 0.053125
1 0.567969 0.616406 0.021094 0.045312
1 0.541406 0.617969 0.032031 0.051562
1 0.518750 0.617969 0.033594 0.060156
1 0.539844 0.571875 0.036719 0.053906
1 0.200781 0.498437 0.058594 0.064844
1 0.153125 0.500781 0.058594 0.067969
1 0.100000 0.503125 0.052344 0.067969
1 0.109375 0.435937 0.077344 0.067969
1 0.048438 0.505469 0.057031 0.070312
1 0.010937 0.505469 0.021875 0.070312
1 0.044531 0.435156 0.057031 0.070312
1 0.009375 0.433594 0.018750 0.070312
1 0.198437 0.306250 0.058594 0.067969
1 0.145313 0.300781 0.050781 0.069531
1 0.095312 0.294531 0.053906 0.071875
1 0.042188 0.288281 0.057813 0.075000
1 0.007812 0.284375 0.015625 0.073438
1 0.477344 0.358594 0.026562 0.050781
1 0.450000 0.356250 0.027344 0.051562
1 0.390625 0.351562 0.032031 0.054688
1 0.421094 0.353906 0.029687 0.053125
1 0.420312 0.301563 0.029687 0.055469
1 0.389844 0.296875 0.032031 0.057031
1 0.357031 0.292969 0.033594 0.060156
1 0.323437 0.288281 0.035937 0.060937
1 0.358594 0.347656 0.033594 0.056250
1 0.324219 0.344531 0.035156 0.058594
1 0.287500 0.340625 0.038281 0.060937
2 0.957031 0.699219 0.084375 0.060937
