3 0.167187 0.544531 0.088281 0.193750
2 0.459375 0.610938 0.060937 0.056250
2 0.968750 0.502344 0.062500 0.076563
2 0.550781 0.425781 0.082812 0.038281
2 0.607812 0.436719 0.096875 0.046094
2 0.689844 0.455469 0.109375 0.055469
2 0.360938 0.535937 0.043750 0.032813
2 0.415625 0.400000 0.061719 0.023438
2 0.442188 0.405469 0.065625 0.026562
2 0.549219 0.684375 0.078906 0.085156
1 0.404687 0.489063 0.014063 0.014063
1 0.392188 0.487500 0.014844 0.012500
1 0.393750 0.475781 0.014844 0.012500
1 0.376563 0.476562 0.014844 0.012500
1 0.385156 0.477344 0.008594 0.010937
2 0.803906 0.884375 0.132031 0.192188
2 0.630469 0.751563 0.094531 0.103125
2 0.917188 0.933594 0.099219 0.130469
2 0.491406 0.541406 0.067969 0.053125
1 0.960938 0.753906 0.077344 0.159375
1 0.894531 0.717187 0.079687 0.146094
1 0.830469 0.688281 0.067969 0.129688
1 0.907031 0.642969 0.084375 0.137500
1 0.592187 0.523438 0.047656 0.072656
1 0.591406 0.577344 0.046875 0.065625
1 0.556250 0.567969 0.023438 0.057813
1 0.535156 0.550781 0.021094 0.065625
1 0.567969 0.514062 0.044531 0.067187
1 0.510156 0.278906 0.043750 0.050781
1 0.478906 0.280469 0.017969 0.050000
1 0.446875 0.285156 0.014844 0.044531
1 0.462500 0.283594 0.015625 0.046094
1 0.473438 0.237500 0.040625 0.049219
1 0.445312 0.240625 0.015625 0.047656
1 0.430469 0.246094 0.014844 0.044531
1 0.417969 0.248438 0.012500 0.043750
1 0.432031 0.287500 0.014844 0.041406
1 0.419531 0.289062 0.012500 0.040625
1 0.406250 0.290625 0.012500 0.039062
1 0.391406 0.280469 0.034375 0.035937
1 0.371094 0.281250 0.010937 0.035156
1 0.361719 0.283594 0.010937 0.032813
1 0.353906 0.284375 0.009375 0.032813
1 0.345313 0.285938 0.009375 0.032031
1 0.337500 0.287500 0.007812 0.029687
1 0.330469 0.289062 0.008594 0.029687
1 0.395313 0.384375 0.032813 0.035156
1 0.382812 0.382812 0.027344 0.034375
1 0.365625 0.382812 0.009375 0.030469
1 0.373437 0.350781 0.027344 0.032031
1 0.357812 0.380469 0.009375 0.029687
1 0.350000 0.379688 0.008594 0.029687
1 0.342187 0.378125 0.008594 0.028906
1 0.335156 0.377344 0.008594 0.028906
1 0.355469 0.350781 0.009375 0.030469
1 0.347656 0.350000 0.008594 0.029687
1 0.340625 0.349219 0.008594 0.028906
2 0.628125 0.499219 0.035156 0.023438
2 0.985938 0.400000 0.027344 0.021094
2 0.939063 0.396094 0.077344 0.024219
2 0.703906 0.382031 0.040625 0.014844
2 0.739844 0.384375 0.046094 0.017188
2 0.802344 0.389062 0.028906 0.015625
2 0.789062 0.549219 0.034375 0.034375
2 0.656250 0.507812 0.040625 0.024219
2 0.530469 0.468750 0.029687 0.015625
2 0.599219 0.373437 0.035156 0.012500
2 0.622656 0.375781 0.037500 0.012500
2 0.699219 0.521875 0.044531 0.028906
1 0.923438 0.488281 0.038281 0.032031
2 0.845313 0.567969 0.058594 0.042188
2 0.907813 0.580469 0.067969 0.035937
2 0.968750 0.605469 0.062500 0.050000
2 0.858594 0.484375 0.059375 0.019531
1 0.792969 0.463281 0.022656 0.026562
1 0.750000 0.455469 0.012500 0.023438
1 0.785937 0.435156 0.003125 0.027344
1 0.732031 0.426563 0.023438 0.025781
1 0.716406 0.424219 0.022656 0.024219
1 0.577344 0.365625 0.017969 0.021094
1 0.564063 0.365625 0.014063 0.020313
1 0.553125 0.364063 0.008594 0.020313
1 0.557813 0.344531 0.017969 0.019531
1 0.545312 0.364063 0.007812 0.019531
1 0.532813 0.363281 0.002344 0.017969
1 0.528125 0.362500 0.007812 0.019531
1 0.519531 0.362500 0.007812 0.017969
1 0.545312 0.344531 0.007812 0.019531
1 0.532813 0.344531 0.002344 0.019531
1 0.527344 0.344531 0.008594 0.017969
1 0.578906 0.295312 0.017969 0.007812
1 0.564844 0.294531 0.010937 0.006250
1 0.555469 0.296094 0.008594 0.006250
1 0.546875 0.296875 0.008594 0.006250
1 0.653125 0.280469 0.021094 0.024219
1 0.636719 0.282031 0.014063 0.023438
1 0.624219 0.283594 0.012500 0.022656
1 0.611719 0.284375 0.012500 0.022656
