1 0.698438 0.668750 0.113281 0.235156
1 0.542969 0.668750 0.192188 0.226562
1 0.366406 0.660156 0.185156 0.200781
1 0.031250 0.705469 0.062500 0.290625
1 0.636719 0.365625 0.115625 0.141406
1 0.855469 0.470313 0.091406 0.171094
1 0.933594 0.642969 0.084375 0.192188
1 0.857031 0.645312 0.084375 0.188281
1 0.781250 0.639062 0.076563 0.166406
1 0.774219 0.478906 0.071875 0.162500
1 0.718750 0.489063 0.062500 0.132812
1 0.632031 0.491406 0.120313 0.110937
1 0.757031 0.343750 0.048438 0.064062
1 0.954688 0.457031 0.086719 0.171094
0 0.973437 0.756250 0.042969 0.470313
