2 0.417187 0.650781 0.060937 0.064062
2 0.832812 0.396094 0.087500 0.029687
2 0.784375 0.397656 0.087500 0.029687
2 0.547656 0.412500 0.055469 0.037500
2 0.597656 0.409375 0.072656 0.032813
2 0.659375 0.407813 0.073438 0.030469
2 0.149219 0.684375 0.106250 0.074219
2 0.328906 0.425000 0.074219 0.043750
2 0.387500 0.422656 0.064062 0.042188
2 0.550000 0.637500 0.061719 0.059375
1 0.812500 0.503125 0.050781 0.049219
1 0.282813 0.556250 0.021094 0.023438
1 0.260937 0.562500 0.023438 0.025781
1 0.246875 0.552344 0.023438 0.035156
1 0.200781 0.565625 0.026562 0.025781
1 0.227344 0.557813 0.023438 0.025781
2 0.711719 0.617188 0.074219 0.049219
2 0.619531 0.629687 0.069531 0.050781
2 0.767969 0.617969 0.057813 0.034375
2 0.812500 0.610156 0.059375 0.035156
2 0.479687 0.547656 0.053125 0.057813
1 0.771875 0.507812 0.024219 0.050000
1 0.742188 0.508594 0.040625 0.050781
1 0.723437 0.509375 0.038281 0.053906
1 0.744531 0.470313 0.046875 0.050781
1 0.587500 0.482812 0.034375 0.056250
1 0.590625 0.530469 0.023438 0.041406
1 0.565625 0.528125 0.028906 0.050000
1 0.540625 0.525781 0.030469 0.059375
1 0.564063 0.484375 0.034375 0.056250
1 0.497656 0.275781 0.028906 0.052344
1 0.469531 0.275781 0.028906 0.053125
1 0.410938 0.275781 0.030469 0.053125
1 0.440625 0.275781 0.029687 0.052344
1 0.439063 0.221875 0.030469 0.053906
1 0.409375 0.221094 0.032031 0.055469
1 0.378906 0.221094 0.034375 0.056250
1 0.346875 0.219531 0.034375 0.056250
1 0.381250 0.275781 0.032813 0.053125
1 0.350781 0.275781 0.032813 0.053906
1 0.319531 0.275781 0.035156 0.055469
1 0.246094 0.251563 0.049219 0.058594
1 0.207031 0.251563 0.041406 0.058594
1 0.172656 0.250781 0.042188 0.059375
1 0.135937 0.250781 0.044531 0.060937
1 0.100000 0.250000 0.046875 0.061719
1 0.062500 0.249219 0.047656 0.062500
1 0.025000 0.249219 0.050000 0.062500
1 0.261719 0.411719 0.046875 0.059375
1 0.230469 0.412500 0.050000 0.061719
1 0.192188 0.419531 0.039062 0.050781
1 0.196094 0.364063 0.061719 0.058594
1 0.159375 0.420312 0.040625 0.050781
1 0.125000 0.421875 0.041406 0.052344
1 0.090625 0.423438 0.043750 0.053125
1 0.055469 0.421094 0.046094 0.062500
1 0.160938 0.364844 0.059375 0.059375
1 0.125781 0.365625 0.061719 0.059375
1 0.089844 0.367188 0.062500 0.059375
2 0.429688 0.464844 0.027344 0.019531
2 0.637500 0.341406 0.032813 0.010937
2 0.610938 0.342187 0.035156 0.010937
2 0.298438 0.415625 0.009375 0.010937
2 0.395313 0.414844 0.024219 0.008594
2 0.430469 0.411719 0.023438 0.012500
2 0.459375 0.410156 0.024219 0.014063
2 0.490625 0.346875 0.025781 0.012500
2 0.515625 0.346094 0.030469 0.011719
2 0.546875 0.346094 0.032031 0.011719
2 0.546094 0.458594 0.028906 0.019531
2 0.458594 0.462500 0.027344 0.019531
2 0.305469 0.472656 0.038281 0.020313
2 0.390625 0.349219 0.028906 0.014063
2 0.417187 0.349219 0.025781 0.012500
2 0.492188 0.462500 0.025781 0.017969
1 0.611719 0.392188 0.017188 0.007812
1 0.337500 0.405469 0.023438 0.014844
2 0.579688 0.452344 0.032031 0.009375
2 0.607812 0.455469 0.027344 0.014844
2 0.632031 0.453906 0.029687 0.015625
1 0.550781 0.396094 0.011719 0.012500
1 0.537500 0.393750 0.014063 0.006250
1 0.527344 0.397656 0.012500 0.014063
1 0.537500 0.381250 0.014063 0.024219
1 0.509375 0.382812 0.007812 0.024219
1 0.500000 0.403906 0.010937 0.021094
1 0.489063 0.403125 0.012500 0.023438
1 0.499219 0.382812 0.011719 0.023438
1 0.361719 0.343750 0.017188 0.023438
1 0.347656 0.343750 0.015625 0.023438
1 0.333594 0.345313 0.014063 0.022656
1 0.334375 0.327344 0.017969 0.010937
1 0.319531 0.345313 0.014063 0.022656
1 0.309375 0.345313 0.009375 0.022656
1 0.292187 0.345313 0.009375 0.022656
1 0.274219 0.345313 0.006250 0.024219
1 0.318750 0.327344 0.014063 0.010937
1 0.308594 0.327344 0.006250 0.010937
1 0.290625 0.327344 0.009375 0.010937
1 0.302344 0.273438 0.006250 0.023438
1 0.285156 0.271875 0.012500 0.020313
2 0.710156 0.465625 0.024219 0.020313
