2 0.366406 0.817187 0.093750 0.056250
2 0.687500 0.576562 0.035156 0.018750
2 0.654687 0.571094 0.054688 0.019531
2 0.292187 0.661719 0.100000 0.028906
2 0.379688 0.664062 0.078906 0.025000
2 0.451562 0.665625 0.064844 0.021875
2 0.504687 0.533594 0.060156 0.026562
2 0.547656 0.544531 0.051562 0.023438
2 0.587500 0.554688 0.049219 0.021875
2 0.596094 0.773438 0.067969 0.030469
2 0.436719 0.803906 0.084375 0.048438
2 0.296875 0.474219 0.079687 0.049219
2 0.367188 0.493750 0.069531 0.042969
2 0.510938 0.790625 0.077344 0.039844
1 0.666406 0.661719 0.033594 0.032031
1 0.060156 0.633594 0.119531 0.082031
2 0.639062 0.767188 0.061719 0.023438
2 0.670312 0.761719 0.052344 0.021094
2 0.701562 0.757031 0.035937 0.019531
2 0.635156 0.671094 0.050781 0.013281
1 0.601562 0.657813 0.016406 0.038281
1 0.586719 0.657031 0.016406 0.039062
1 0.567969 0.656250 0.022656 0.040625
1 0.575781 0.618750 0.035937 0.039062
1 0.546875 0.614062 0.017188 0.041406
1 0.547656 0.656250 0.017969 0.041406
1 0.529687 0.655469 0.018750 0.043750
1 0.500781 0.653906 0.038281 0.045312
1 0.520312 0.611719 0.036719 0.044531
1 0.201563 0.439063 0.052344 0.068750
1 0.152344 0.425000 0.059375 0.071875
1 0.097656 0.410938 0.066406 0.075781
1 0.112500 0.350000 0.074219 0.083594
1 0.037500 0.394531 0.075000 0.081250
1 0.006250 0.382031 0.011719 0.064844
1 0.049219 0.328906 0.072656 0.085938
1 0.012500 0.313281 0.025000 0.076563
1 0.225000 0.267969 0.046094 0.064844
1 0.180469 0.246094 0.052344 0.068750
1 0.132812 0.223438 0.057813 0.071875
1 0.078906 0.197656 0.064844 0.076563
1 0.028125 0.170313 0.056250 0.079687
1 0.471094 0.400781 0.021875 0.042969
1 0.449219 0.390625 0.022656 0.044531
1 0.400000 0.368750 0.027344 0.049219
1 0.425781 0.380469 0.025000 0.046094
1 0.426563 0.341406 0.025000 0.051562
1 0.401562 0.328906 0.027344 0.053906
1 0.374219 0.315625 0.028906 0.056250
1 0.342969 0.300000 0.038281 0.059375
1 0.372656 0.356250 0.030469 0.050781
1 0.342969 0.342969 0.032813 0.053125
1 0.309375 0.328125 0.038281 0.056250
2 0.857812 0.735156 0.069531 0.021875
