2 0.417969 0.738281 0.075000 0.070312
2 0.960156 0.494531 0.078125 0.041406
2 0.912500 0.493750 0.142969 0.043750
2 0.162500 0.607031 0.092969 0.048438
2 0.347656 0.625781 0.085156 0.056250
2 0.415625 0.626563 0.078906 0.056250
2 0.482031 0.633594 0.063281 0.065625
2 0.562500 0.488281 0.063281 0.042969
2 0.631250 0.489844 0.083594 0.040625
2 0.714063 0.493750 0.097656 0.036719
2 0.708594 0.771875 0.094531 0.082031
2 0.480469 0.744531 0.069531 0.071875
2 0.179688 0.712500 0.095312 0.061719
2 0.334375 0.483594 0.085938 0.039062
2 0.390625 0.485938 0.078906 0.039844
2 0.567969 0.757031 0.071094 0.078125
1 0.906250 0.647656 0.080469 0.082031
1 0.232813 0.601562 0.055469 0.064844
2 0.801562 0.781250 0.112500 0.085156
2 0.892969 0.801562 0.100000 0.065625
2 0.959375 0.805469 0.079687 0.070312
2 0.810156 0.650781 0.115625 0.063281
1 0.722656 0.631250 0.035156 0.075000
1 0.685156 0.628125 0.044531 0.075000
1 0.653906 0.626563 0.041406 0.074219
1 0.686719 0.580469 0.047656 0.071094
1 0.617188 0.576562 0.035937 0.069531
1 0.617969 0.635156 0.031250 0.050000
1 0.587500 0.633594 0.030469 0.050000
1 0.557813 0.620313 0.029687 0.071875
1 0.587500 0.575000 0.033594 0.068750
1 0.279687 0.465625 0.050781 0.055469
1 0.253125 0.465625 0.050781 0.054688
1 0.216406 0.467969 0.028906 0.046875
1 0.226562 0.418750 0.057031 0.050000
1 0.191406 0.467187 0.028125 0.046875
1 0.166406 0.466406 0.028906 0.046094
1 0.142187 0.465625 0.027344 0.046094
1 0.117969 0.463281 0.027344 0.050000
1 0.196094 0.418750 0.046094 0.050000
1 0.170313 0.417969 0.045312 0.049219
1 0.144531 0.417969 0.042969 0.049219
1 0.273438 0.315625 0.054688 0.055469
1 0.233594 0.314844 0.030469 0.051562
1 0.207031 0.314844 0.028906 0.051562
1 0.180469 0.315625 0.028906 0.051562
1 0.154688 0.316406 0.029687 0.050781
1 0.129688 0.316406 0.028906 0.050000
1 0.104688 0.316406 0.028906 0.050000
1 0.504687 0.332813 0.032031 0.056250
1 0.473438 0.332813 0.032031 0.056250
1 0.412500 0.333594 0.030469 0.054688
1 0.442188 0.333594 0.030469 0.054688
1 0.445312 0.278125 0.039062 0.055469
1 0.411719 0.278906 0.030469 0.055469
1 0.382031 0.279687 0.030469 0.055469
1 0.352344 0.280469 0.030469 0.055469
1 0.383594 0.334375 0.030469 0.053906
1 0.354687 0.334375 0.029687 0.053125
1 0.326562 0.334375 0.029687 0.053125
