2 0.079687 0.769531 0.102344 0.069531
2 0.128906 0.442969 0.028125 0.046094
2 0.098437 0.411719 0.052344 0.071875
2 0.043750 0.336719 0.046875 0.074219
2 0.124219 0.690625 0.057031 0.031250
2 0.146094 0.489063 0.003906 0.023438
2 0.136719 0.480469 0.015625 0.028125
2 0.078125 0.854688 0.039062 0.092969
1 0.132031 0.614062 0.011719 0.011719
1 0.133594 0.607031 0.021094 0.014844
1 0.146094 0.608594 0.003906 0.010156
2 0.035156 0.945312 0.060156 0.107031
2 0.112500 0.636719 0.030469 0.034375
1 0.044531 0.557813 0.088281 0.091406
1 0.041406 0.646094 0.082812 0.095312
1 0.085938 0.636719 0.012500 0.080469
1 0.093750 0.631250 0.010937 0.075000
1 0.090625 0.559375 0.011719 0.078125
1 0.125000 0.265625 0.006250 0.026562
1 0.136719 0.317969 0.002344 0.018750
1 0.128125 0.267969 0.019531 0.064844
1 0.138281 0.290625 0.004687 0.056250
1 0.140625 0.305469 0.004687 0.053125
1 0.142969 0.317969 0.003906 0.050781
1 0.139844 0.330469 0.002344 0.017969
1 0.142187 0.341406 0.002344 0.014844
1 0.144531 0.352344 0.002344 0.011719
1 0.147656 0.365625 0.004687 0.029687
1 0.136719 0.470313 0.016406 0.009375
1 0.143750 0.453906 0.004687 0.029687
1 0.150000 0.492969 0.001563 0.021094
1 0.151562 0.495312 0.002344 0.021875
1 0.153125 0.498437 0.001563 0.020313
1 0.151562 0.468750 0.001563 0.026562
1 0.152344 0.475781 0.002344 0.021094
2 0.498437 0.673438 0.046094 0.025000
2 0.924219 0.434375 0.139844 0.057031
2 0.808594 0.455469 0.105469 0.044531
2 0.417969 0.591406 0.024219 0.010156
2 0.472656 0.597656 0.042188 0.014063
2 0.497656 0.600000 0.045312 0.014844
2 0.520312 0.603125 0.046094 0.016406
2 0.553125 0.503906 0.041406 0.017969
2 0.585938 0.498437 0.042969 0.020313
2 0.637500 0.489844 0.060937 0.024219
2 0.652344 0.729688 0.077344 0.048438
2 0.525000 0.682031 0.051562 0.028125
2 0.423438 0.646875 0.033594 0.015625
2 0.460156 0.518750 0.021094 0.013281
2 0.489063 0.515625 0.046094 0.014063
2 0.564063 0.697656 0.058594 0.034375
1 0.826562 0.621094 0.078125 0.064062
1 0.438281 0.586719 0.018750 0.023438
2 0.732031 0.758594 0.094531 0.064062
2 0.819531 0.790625 0.114844 0.081250
2 0.933594 0.832031 0.132031 0.105469
2 0.734375 0.628125 0.092188 0.026562
1 0.652344 0.604688 0.038281 0.044531
1 0.622656 0.603125 0.021094 0.041406
1 0.603906 0.600781 0.018750 0.040625
1 0.630469 0.561719 0.037500 0.040625
1 0.588281 0.562500 0.033594 0.035937
1 0.589063 0.599219 0.032813 0.038281
1 0.564844 0.598437 0.014844 0.035156
1 0.550781 0.596875 0.013281 0.034375
1 0.564844 0.563281 0.014844 0.035156
1 0.456250 0.515625 0.022656 0.023438
1 0.441406 0.516406 0.006250 0.023438
1 0.434375 0.517969 0.006250 0.021875
1 0.441406 0.496094 0.019531 0.023438
1 0.428125 0.518750 0.005469 0.021094
1 0.422656 0.520312 0.005469 0.020313
1 0.416406 0.521094 0.005469 0.020313
1 0.411719 0.521875 0.005469 0.020313
1 0.428125 0.496875 0.005469 0.021875
1 0.422656 0.499219 0.005469 0.021875
1 0.417187 0.500781 0.005469 0.021094
1 0.454688 0.442969 0.017969 0.023438
1 0.442188 0.446094 0.006250 0.021875
1 0.435937 0.449219 0.005469 0.021875
1 0.429688 0.452344 0.005469 0.021094
1 0.423438 0.455469 0.005469 0.021094
1 0.417969 0.457813 0.005469 0.019531
1 0.412500 0.459375 0.004687 0.019531
1 0.533594 0.419531 0.028125 0.031250
1 0.514062 0.423438 0.010937 0.030469
1 0.492969 0.433594 0.008594 0.028125
1 0.503125 0.428906 0.010156 0.029687
1 0.510938 0.402344 0.026562 0.032031
1 0.492969 0.407031 0.009375 0.030469
1 0.483594 0.411719 0.008594 0.029687
1 0.475000 0.417187 0.008594 0.028906
1 0.483594 0.437500 0.008594 0.026562
1 0.475000 0.441406 0.007812 0.025000
1 0.466406 0.444531 0.007031 0.025781
