2 0.482812 0.686719 0.057031 0.044531
2 0.935156 0.526563 0.128906 0.042969
2 0.369531 0.568750 0.034375 0.020313
2 0.446094 0.592969 0.053125 0.029687
2 0.482031 0.601562 0.057031 0.032031
2 0.517969 0.614062 0.061719 0.038281
2 0.571094 0.506250 0.064844 0.021875
2 0.621875 0.510156 0.076563 0.025781
2 0.691406 0.515625 0.082031 0.029687
2 0.696094 0.797656 0.086719 0.091406
2 0.518750 0.705469 0.061719 0.050781
2 0.375781 0.633594 0.042969 0.028125
2 0.442969 0.498437 0.053906 0.016406
2 0.469531 0.499219 0.057031 0.017969
2 0.574219 0.735938 0.069531 0.064062
1 0.950000 0.725781 0.099219 0.110937
1 0.396875 0.568750 0.024219 0.032031
2 0.808594 0.853906 0.107031 0.121094
2 0.928906 0.914062 0.140625 0.153906
2 0.993750 0.914062 0.010937 0.039844
2 0.817187 0.701562 0.108594 0.079687
1 0.701562 0.651563 0.039844 0.070312
1 0.671094 0.646875 0.039062 0.060156
1 0.638281 0.635938 0.027344 0.063281
1 0.671875 0.596094 0.039062 0.060937
1 0.610938 0.584375 0.036719 0.053906
1 0.610938 0.628906 0.036719 0.053125
1 0.582031 0.624219 0.021094 0.046875
1 0.560937 0.614844 0.019531 0.053906
1 0.588281 0.579688 0.034375 0.051562
1 0.420312 0.487500 0.028125 0.028906
1 0.406250 0.486719 0.019531 0.028906
1 0.391406 0.486719 0.008594 0.026562
1 0.400000 0.458594 0.026562 0.026562
1 0.382031 0.485938 0.008594 0.025781
1 0.373437 0.485938 0.007812 0.025000
1 0.365625 0.485938 0.007031 0.025000
1 0.357812 0.484375 0.007031 0.025000
1 0.382031 0.458594 0.008594 0.026562
1 0.373437 0.459375 0.008594 0.025781
1 0.365625 0.459375 0.007812 0.025000
1 0.420312 0.397656 0.027344 0.030469
1 0.401562 0.399219 0.010156 0.029687
1 0.391406 0.400781 0.008594 0.028125
1 0.382031 0.403125 0.008594 0.028125
1 0.373437 0.403906 0.007812 0.026562
1 0.365625 0.405469 0.007812 0.025781
1 0.357812 0.407813 0.007031 0.025000
1 0.534375 0.390625 0.033594 0.039062
1 0.508594 0.393750 0.016406 0.039062
1 0.477344 0.398438 0.014063 0.035937
1 0.492188 0.396094 0.014844 0.036719
1 0.500781 0.360938 0.032031 0.038281
1 0.477344 0.364063 0.014063 0.036719
1 0.463281 0.367969 0.013281 0.035156
1 0.450000 0.371094 0.012500 0.034375
1 0.463281 0.400781 0.013281 0.033594
1 0.450000 0.403125 0.011719 0.033594
1 0.438281 0.405469 0.011719 0.032031
