2 0.421094 0.688281 0.080469 0.078125
2 0.668750 0.406250 0.043750 0.011719
2 0.650000 0.407031 0.045312 0.014063
2 0.523438 0.418750 0.064062 0.021094
2 0.557031 0.416406 0.058594 0.018750
2 0.592969 0.414062 0.046875 0.016406
2 0.043750 0.896094 0.087500 0.151562
2 0.339844 0.433594 0.090625 0.034375
2 0.402344 0.428906 0.083594 0.029687
2 0.528125 0.630469 0.064062 0.053906
1 0.665625 0.481250 0.028906 0.029687
1 0.257031 0.619531 0.024219 0.033594
1 0.228906 0.633594 0.025000 0.038281
1 0.199219 0.628906 0.024219 0.051562
1 0.117969 0.667969 0.033594 0.044531
1 0.163281 0.644531 0.026562 0.039844
2 0.622656 0.581250 0.050781 0.028125
2 0.574219 0.609375 0.057031 0.035156
2 0.653906 0.568750 0.028125 0.025000
2 0.671875 0.557813 0.026562 0.023438
2 0.478125 0.553906 0.071875 0.048438
1 0.651563 0.488281 0.008594 0.031250
1 0.637500 0.491406 0.019531 0.031250
1 0.623437 0.492969 0.029687 0.035156
1 0.633594 0.460938 0.030469 0.033594
1 0.551562 0.480469 0.033594 0.043750
1 0.560937 0.518750 0.013281 0.039062
1 0.546875 0.523438 0.014844 0.040625
1 0.521094 0.524219 0.035937 0.049219
1 0.536719 0.483594 0.035156 0.044531
1 0.498437 0.287500 0.019531 0.049219
1 0.478125 0.282813 0.021094 0.050781
1 0.430469 0.273438 0.026562 0.055469
1 0.455469 0.278906 0.023438 0.053906
1 0.454688 0.228125 0.024219 0.057031
1 0.429688 0.219531 0.027344 0.061719
1 0.401562 0.210938 0.029687 0.064844
1 0.364063 0.201563 0.048438 0.069531
1 0.403125 0.267969 0.028906 0.059375
1 0.373437 0.260937 0.032813 0.063281
1 0.333594 0.253125 0.049219 0.068750
1 0.241406 0.202344 0.052344 0.082031
1 0.189844 0.188281 0.059375 0.089844
1 0.130469 0.173437 0.069531 0.098437
1 0.061719 0.155469 0.082031 0.108594
1 0.014844 0.144531 0.028906 0.099219
1 0.250781 0.419531 0.050000 0.069531
1 0.201563 0.421875 0.055469 0.074219
1 0.146875 0.425781 0.064844 0.078906
1 0.139844 0.344531 0.066406 0.081250
1 0.082812 0.428906 0.075781 0.085156
1 0.026562 0.431250 0.053125 0.089844
1 0.074219 0.340625 0.078125 0.089063
1 0.021875 0.338281 0.043750 0.092188
2 0.303906 0.542188 0.041406 0.025000
2 0.502344 0.399219 0.017969 0.006250
2 0.477344 0.400000 0.030469 0.007031
2 0.096094 0.509375 0.067187 0.028906
2 0.262500 0.487500 0.045312 0.021094
2 0.301563 0.480469 0.042969 0.017969
2 0.338281 0.476562 0.035937 0.017969
2 0.369531 0.405469 0.034375 0.010156
2 0.398438 0.403906 0.028906 0.010156
2 0.424219 0.403125 0.032031 0.008594
2 0.428906 0.513281 0.033594 0.017969
2 0.337500 0.534375 0.039844 0.023438
2 0.107031 0.588281 0.064062 0.038281
2 0.289844 0.407813 0.033594 0.011719
2 0.377344 0.525781 0.036719 0.020313
1 0.478906 0.454688 0.011719 0.010937
1 0.168750 0.496875 0.038281 0.021875
2 0.457031 0.508594 0.031250 0.013281
2 0.481250 0.503906 0.022656 0.011719
2 0.501563 0.499219 0.019531 0.010937
2 0.456250 0.459375 0.031250 0.010156
1 0.432031 0.460938 0.010156 0.013281
1 0.421875 0.462500 0.010156 0.014063
1 0.409375 0.464062 0.014063 0.014063
1 0.396875 0.466406 0.010937 0.014063
1 0.385937 0.467969 0.010937 0.014844
1 0.371094 0.469531 0.017969 0.014844
1 0.173437 0.371094 0.003125 0.028125
1 0.203906 0.312500 0.022656 0.030469
1 0.182031 0.310156 0.023438 0.031250
1 0.159375 0.307812 0.025000 0.032031
1 0.135156 0.296875 0.025781 0.018750
1 0.109375 0.294531 0.027344 0.019531
1 0.082812 0.291406 0.028906 0.020313
1 0.053906 0.289062 0.030469 0.020313
1 0.345313 0.335938 0.014063 0.024219
1 0.330469 0.334375 0.014844 0.025000
1 0.305469 0.332813 0.006250 0.025000
1 0.316406 0.333594 0.015625 0.025000
1 0.315625 0.317969 0.014844 0.007031
1 0.305469 0.317188 0.003906 0.006250
1 0.282813 0.314063 0.014844 0.009375
1 0.264844 0.302344 0.021094 0.028906
1 0.283594 0.331250 0.014844 0.026562
1 0.267969 0.329688 0.017969 0.028125
1 0.249219 0.328125 0.021875 0.028906
2 0.872656 0.618750 0.088281 0.053906
2 0.576562 0.490625 0.017188 0.011719
