3 0.284375 0.535937 0.042969 0.125000
2 0.033594 0.706250 0.067187 0.060156
2 0.117188 0.531250 0.063281 0.018750
2 0.041406 0.558594 0.082031 0.028125
2 0.029687 0.574219 0.059375 0.035937
2 0.009375 0.589844 0.018750 0.031250
2 0.119531 0.612500 0.061719 0.032031
2 0.077344 0.426563 0.024219 0.021094
2 0.032813 0.419531 0.064844 0.026562
1 0.017969 0.258594 0.019531 0.060156
1 0.004687 0.249219 0.009375 0.053906
1 0.003906 0.196875 0.007031 0.059375
1 0.016406 0.208594 0.019531 0.069531
1 0.033594 0.225000 0.017969 0.064844
1 0.048438 0.239844 0.014844 0.059375
1 0.035156 0.271875 0.016406 0.053906
1 0.050000 0.283594 0.014844 0.050781
1 0.063281 0.293750 0.013281 0.046875
1 0.078125 0.296094 0.032031 0.044531
1 0.097656 0.306250 0.009375 0.038281
1 0.107031 0.314063 0.008594 0.035156
1 0.114062 0.321094 0.007812 0.034375
1 0.121875 0.326562 0.007031 0.032031
1 0.128125 0.332031 0.006250 0.030469
1 0.134375 0.337500 0.005469 0.028906
1 0.070312 0.417187 0.055469 0.041406
1 0.102344 0.421094 0.009375 0.036719
1 0.110156 0.423438 0.008594 0.035156
1 0.089063 0.386719 0.048438 0.040625
1 0.117969 0.425000 0.007812 0.033594
1 0.125000 0.426563 0.007031 0.031250
1 0.131250 0.428125 0.006250 0.030469
1 0.136719 0.429688 0.005469 0.029687
1 0.117188 0.392969 0.007812 0.035156
1 0.124219 0.395313 0.007031 0.033594
1 0.130469 0.398438 0.006250 0.031250
2 0.481250 0.613281 0.048438 0.031250
2 0.955469 0.348438 0.088281 0.074219
2 0.844531 0.368750 0.191406 0.071875
2 0.530469 0.428906 0.057813 0.020313
2 0.557813 0.423438 0.053906 0.024219
2 0.615625 0.414844 0.087500 0.029687
2 0.423438 0.570312 0.029687 0.018750
2 0.442188 0.439844 0.017188 0.013281
2 0.471875 0.436719 0.050781 0.014844
2 0.532031 0.656250 0.061719 0.050000
1 0.954688 0.676562 0.089063 0.148438
1 0.446875 0.521875 0.003906 0.006250
1 0.442188 0.519531 0.010156 0.008594
1 0.446875 0.512500 0.010156 0.006250
1 0.433594 0.516406 0.008594 0.007031
2 0.703906 0.796094 0.122656 0.118750
2 0.586719 0.700781 0.083594 0.061719
2 0.824219 0.891406 0.183594 0.185156
2 0.935937 0.941406 0.110937 0.115625
2 0.491406 0.540625 0.042969 0.024219
1 0.807031 0.621875 0.087500 0.110156
1 0.755469 0.608594 0.075781 0.089844
1 0.699219 0.592969 0.038281 0.085938
1 0.757812 0.531250 0.077344 0.085156
1 0.559375 0.503125 0.042188 0.046094
1 0.559375 0.548438 0.042188 0.048438
1 0.531250 0.543750 0.013281 0.044531
1 0.518750 0.539062 0.011719 0.044531
1 0.542969 0.501563 0.034375 0.043750
1 0.510156 0.321875 0.034375 0.039062
1 0.488281 0.328906 0.008594 0.036719
1 0.471094 0.340625 0.007031 0.032031
1 0.479687 0.334375 0.007812 0.034375
1 0.490625 0.303125 0.032031 0.039062
1 0.471094 0.309375 0.007812 0.036719
1 0.463281 0.315625 0.007031 0.035156
1 0.457031 0.321875 0.006250 0.034375
1 0.464062 0.345313 0.007031 0.031250
1 0.457031 0.350000 0.006250 0.029687
1 0.450000 0.353906 0.005469 0.028906
1 0.442969 0.352344 0.016406 0.025000
1 0.432031 0.356250 0.004687 0.025000
1 0.427344 0.359375 0.003906 0.025000
1 0.422656 0.363281 0.003906 0.023438
1 0.418750 0.366406 0.003906 0.023438
1 0.414844 0.368750 0.003125 0.021094
1 0.410938 0.371875 0.003125 0.021094
1 0.446875 0.434375 0.024219 0.025781
1 0.432031 0.434375 0.004687 0.025000
1 0.427344 0.435937 0.003906 0.024219
1 0.435937 0.411719 0.022656 0.025000
1 0.422656 0.437500 0.003906 0.023438
1 0.418750 0.438281 0.003906 0.021875
1 0.414844 0.439063 0.003125 0.021875
1 0.410938 0.439063 0.003125 0.021094
1 0.422656 0.414062 0.003906 0.024219
1 0.418750 0.415625 0.003906 0.023438
1 0.414844 0.416406 0.003125 0.021875
2 0.667969 0.567969 0.014844 0.014063
2 0.985156 0.432031 0.028906 0.007031
2 0.592187 0.502344 0.022656 0.008594
2 0.653125 0.510156 0.038281 0.010937
2 0.682031 0.513281 0.041406 0.013281
2 0.703906 0.517188 0.029687 0.014063
2 0.746094 0.443750 0.033594 0.006250
2 0.787500 0.442188 0.049219 0.008594
2 0.845313 0.439063 0.064844 0.010156
2 0.862500 0.617969 0.024219 0.026562
2 0.593750 0.546875 0.025781 0.011719
2 0.650781 0.448437 0.036719 0.005469
2 0.673438 0.447656 0.039844 0.006250
1 0.994531 0.539062 0.009375 0.039844
1 0.611719 0.499219 0.017969 0.019531
2 0.899219 0.630469 0.027344 0.028906
2 0.935156 0.544531 0.083594 0.023438
1 0.852344 0.524219 0.033594 0.035156
1 0.824219 0.521875 0.021875 0.031250
1 0.804688 0.519531 0.017188 0.031250
1 0.830469 0.491406 0.032031 0.031250
1 0.784375 0.489063 0.028906 0.028125
1 0.761719 0.482031 0.016406 0.014063
1 0.628125 0.382031 0.009375 0.020313
1 0.618750 0.384375 0.007812 0.019531
1 0.610938 0.386719 0.007812 0.019531
1 0.603125 0.388281 0.007031 0.019531
1 0.595313 0.390625 0.007031 0.017969
1 0.588281 0.392188 0.006250 0.017969
1 0.582031 0.393750 0.005469 0.016406
1 0.725781 0.370312 0.025000 0.025781
1 0.706250 0.373437 0.013281 0.025781
1 0.676562 0.380469 0.002344 0.021094
1 0.693750 0.375781 0.010937 0.024219
1 0.700000 0.352344 0.021094 0.025000
1 0.676562 0.357812 0.002344 0.021094
1 0.670312 0.359375 0.010937 0.024219
1 0.659375 0.360938 0.010156 0.020313
1 0.669531 0.381250 0.010156 0.023438
1 0.659375 0.385156 0.010156 0.018750
1 0.650781 0.384375 0.005469 0.019531
