3 0.178125 0.967969 0.111719 0.061719
2 0.431250 0.674219 0.073438 0.073438
2 0.646094 0.396875 0.040625 0.014844
2 0.630469 0.399219 0.040625 0.015625
2 0.519531 0.422656 0.059375 0.025781
2 0.547656 0.416406 0.056250 0.022656
2 0.578125 0.411719 0.046094 0.019531
2 0.074219 0.909375 0.147656 0.179688
2 0.360938 0.454688 0.085938 0.043750
2 0.414062 0.444531 0.078906 0.037500
2 0.524219 0.614062 0.058594 0.050781
1 0.643750 0.466406 0.025781 0.028906
1 0.289062 0.626563 0.023438 0.034375
1 0.267969 0.643750 0.025781 0.035937
1 0.239063 0.639844 0.025781 0.050000
1 0.173437 0.682031 0.027344 0.042188
1 0.209375 0.657813 0.025781 0.038281
2 0.605469 0.561719 0.046094 0.027344
2 0.562500 0.591406 0.050781 0.034375
2 0.632812 0.547656 0.024219 0.025781
2 0.648438 0.536719 0.024219 0.022656
2 0.480469 0.550000 0.067187 0.049219
1 0.631250 0.474219 0.007812 0.029687
1 0.619531 0.478125 0.019531 0.028906
1 0.606250 0.480469 0.027344 0.034375
1 0.615625 0.450000 0.026562 0.032031
1 0.544531 0.475781 0.030469 0.041406
1 0.552344 0.510938 0.011719 0.035937
1 0.540625 0.515625 0.012500 0.038281
1 0.517188 0.519531 0.034375 0.046094
1 0.532813 0.478906 0.030469 0.043750
1 0.499219 0.306250 0.017188 0.044531
1 0.480469 0.304688 0.019531 0.046094
1 0.439063 0.300781 0.023438 0.050781
1 0.460938 0.302344 0.020313 0.047656
1 0.460938 0.255469 0.021094 0.050781
1 0.439063 0.250781 0.023438 0.053125
1 0.414062 0.246094 0.026562 0.057813
1 0.378906 0.239844 0.047656 0.060937
1 0.415625 0.298438 0.025781 0.053906
1 0.390625 0.296094 0.028906 0.055469
1 0.353125 0.291406 0.049219 0.061719
1 0.276562 0.255469 0.044531 0.072656
1 0.232813 0.249219 0.052344 0.078906
1 0.182812 0.241406 0.060937 0.085156
1 0.124219 0.232813 0.071094 0.092188
1 0.053906 0.221094 0.085938 0.102344
1 0.011719 0.216406 0.023438 0.099219
1 0.282031 0.449219 0.053125 0.071094
1 0.246094 0.456250 0.049219 0.076563
1 0.200000 0.467187 0.055469 0.074219
1 0.190625 0.396875 0.060937 0.074219
1 0.146094 0.475781 0.064062 0.082031
1 0.084375 0.485156 0.076563 0.091406
1 0.028125 0.496094 0.056250 0.092188
1 0.137500 0.400781 0.067187 0.079687
1 0.072656 0.405469 0.079687 0.087500
1 0.022656 0.408594 0.044531 0.091406
2 0.293750 0.531250 0.035937 0.026562
2 0.482812 0.382031 0.026562 0.008594
2 0.462500 0.382812 0.029687 0.008594
2 0.359375 0.392969 0.035156 0.011719
2 0.384375 0.390625 0.035937 0.011719
2 0.412500 0.388281 0.032031 0.010937
2 0.418750 0.496094 0.032813 0.019531
2 0.330469 0.521094 0.039062 0.023438
2 0.103906 0.587500 0.061719 0.043750
2 0.246094 0.402344 0.039062 0.015625
2 0.278906 0.399219 0.040625 0.014844
2 0.367969 0.510938 0.035937 0.021094
1 0.466406 0.428125 0.015625 0.011719
2 0.445312 0.489844 0.030469 0.014063
2 0.467187 0.484375 0.023438 0.012500
2 0.485156 0.478125 0.021094 0.011719
1 0.406250 0.420312 0.017188 0.014844
1 0.383594 0.422656 0.015625 0.014844
1 0.371875 0.425000 0.017969 0.015625
1 0.153125 0.357031 0.023438 0.005469
1 0.128906 0.357812 0.024219 0.005469
1 0.103906 0.358594 0.025781 0.006250
1 0.077344 0.357812 0.028906 0.005469
1 0.196094 0.317969 0.021094 0.010937
1 0.174219 0.317188 0.022656 0.010937
1 0.150781 0.316406 0.024219 0.011719
1 0.126562 0.315625 0.025781 0.011719
1 0.100781 0.314063 0.027344 0.011719
1 0.073438 0.312500 0.029687 0.012500
1 0.043750 0.311719 0.032031 0.012500
1 0.329688 0.316406 0.002344 0.005469
1 0.290625 0.327344 0.014063 0.019531
1 0.310937 0.319531 0.006250 0.008594
1 0.309375 0.290625 0.005469 0.003906
1 0.275781 0.327344 0.017188 0.020313
1 0.259375 0.326562 0.017969 0.019531
1 0.239063 0.325781 0.023438 0.020313
2 0.819531 0.590625 0.070312 0.046094
2 0.563281 0.469531 0.007812 0.012500
