0 0.290625 0.630469 0.048438 0.209375
0 0.478125 0.639062 0.057813 0.226562
0 0.527344 0.692187 0.079687 0.333594
0 0.657813 0.666406 0.069531 0.316406
4 0.147656 0.630469 0.189844 0.705469
1 0.406250 0.604688 0.110937 0.149219
0 0.718750 0.607031 0.038281 0.179688
1 0.730469 0.551562 0.288281 0.264844
1 0.636719 0.378125 0.105469 0.124219
1 0.537500 0.607031 0.084375 0.179688
1 0.866406 0.459375 0.055469 0.132812
1 0.928125 0.448437 0.071875 0.145313
1 0.937500 0.604688 0.071875 0.157812
1 0.883594 0.600781 0.055469 0.141406
1 0.764062 0.337500 0.033594 0.076563
1 0.732812 0.386719 0.082031 0.072656
