2 0.404687 0.721094 0.065625 0.075781
2 0.842969 0.450000 0.092969 0.035156
2 0.791406 0.453125 0.091406 0.036719
2 0.091406 0.650781 0.127344 0.075000
2 0.329688 0.630469 0.082812 0.068750
2 0.400781 0.617969 0.069531 0.064062
2 0.471875 0.614062 0.055469 0.069531
2 0.542969 0.471875 0.058594 0.045312
2 0.596094 0.467969 0.075781 0.039844
2 0.660156 0.466406 0.077344 0.038281
2 0.653125 0.689063 0.074219 0.064844
2 0.468750 0.711719 0.061719 0.071875
2 0.117969 0.761719 0.117969 0.089063
2 0.309375 0.490625 0.082812 0.054688
2 0.372656 0.485938 0.070312 0.053906
2 0.545312 0.705469 0.065625 0.069531
1 0.785937 0.565625 0.052344 0.055469
1 0.187500 0.629687 0.067187 0.074219
2 0.717187 0.681250 0.078906 0.057031
2 0.775781 0.682813 0.060156 0.038281
2 0.823438 0.673438 0.061719 0.040625
2 0.724219 0.581250 0.081250 0.046094
1 0.667969 0.575781 0.025781 0.063281
1 0.637500 0.579688 0.038281 0.060937
1 0.617188 0.581250 0.032813 0.064062
1 0.639062 0.538281 0.041406 0.061719
1 0.585156 0.543750 0.035156 0.063281
1 0.588281 0.594531 0.025781 0.043750
1 0.560937 0.589844 0.032031 0.059375
1 0.535156 0.589063 0.032031 0.066406
1 0.560937 0.546094 0.035156 0.064062
1 0.237500 0.476562 0.049219 0.067969
1 0.205469 0.478125 0.056250 0.068750
1 0.163281 0.487500 0.041406 0.054688
1 0.167969 0.428125 0.068750 0.065625
1 0.127344 0.489844 0.043750 0.055469
1 0.091406 0.491406 0.045312 0.055469
1 0.054688 0.494531 0.046094 0.055469
1 0.020313 0.490625 0.040625 0.068750
1 0.130469 0.429688 0.067187 0.066406
1 0.094531 0.431250 0.072656 0.068750
1 0.058594 0.432812 0.077344 0.069531
1 0.220312 0.313281 0.051562 0.060156
1 0.178906 0.313281 0.044531 0.060156
1 0.141406 0.313281 0.046094 0.061719
1 0.103125 0.313281 0.047656 0.061719
1 0.063281 0.314063 0.050000 0.063281
1 0.025000 0.314063 0.049219 0.063281
1 0.004687 0.321094 0.009375 0.050781
1 0.488281 0.334375 0.030469 0.053906
1 0.458594 0.334375 0.030469 0.053906
1 0.396875 0.335938 0.032813 0.054688
1 0.428125 0.335156 0.032031 0.053906
1 0.426563 0.278906 0.032031 0.056250
1 0.394531 0.278906 0.034375 0.056250
1 0.362500 0.278906 0.035937 0.057031
1 0.328906 0.278125 0.036719 0.058594
1 0.364844 0.335938 0.034375 0.055469
1 0.332813 0.335938 0.035937 0.055469
1 0.299219 0.335938 0.037500 0.057031
