2 0.426563 0.668750 0.071094 0.101562
2 0.706250 0.298438 0.054688 0.039062
2 0.683594 0.311719 0.053906 0.041406
2 0.528125 0.398438 0.069531 0.070312
2 0.566406 0.375781 0.069531 0.058594
2 0.609375 0.356250 0.058594 0.050781
2 0.110156 0.918750 0.116406 0.160938
2 0.330469 0.518750 0.089844 0.118750
2 0.393750 0.482031 0.084375 0.103125
2 0.529687 0.583594 0.061719 0.079687
1 0.692969 0.381250 0.033594 0.040625
1 0.273438 0.676562 0.022656 0.045312
1 0.250000 0.703906 0.023438 0.050000
1 0.225000 0.700000 0.023438 0.059375
1 0.164062 0.758594 0.025781 0.055469
1 0.197656 0.721094 0.023438 0.050781
2 0.633594 0.501563 0.053125 0.041406
2 0.578125 0.550781 0.057813 0.050781
2 0.667969 0.478906 0.032031 0.038281
2 0.690625 0.459375 0.030469 0.034375
2 0.478125 0.548438 0.069531 0.090625
1 0.673438 0.401562 0.014063 0.039844
1 0.654687 0.408594 0.031250 0.042969
1 0.642188 0.413281 0.035156 0.051562
1 0.657031 0.379688 0.035156 0.042969
1 0.564063 0.445312 0.025781 0.053906
1 0.566406 0.483594 0.016406 0.041406
1 0.542188 0.490625 0.034375 0.053125
1 0.524219 0.496094 0.036719 0.066406
1 0.542969 0.456250 0.037500 0.055469
1 0.487500 0.286719 0.046094 0.075000
1 0.471875 0.295312 0.027344 0.078125
1 0.415625 0.324219 0.035156 0.066406
1 0.445312 0.313281 0.030469 0.064062
1 0.432812 0.249219 0.050781 0.080469
1 0.402344 0.257812 0.053906 0.084375
1 0.369531 0.266406 0.056250 0.089063
1 0.333594 0.276562 0.059375 0.094531
1 0.382812 0.336719 0.038281 0.069531
1 0.347656 0.349219 0.043750 0.071875
1 0.304688 0.351562 0.060156 0.100781
1 0.193750 0.360156 0.071875 0.116406
1 0.135156 0.378125 0.083594 0.125781
1 0.071094 0.396875 0.097656 0.135156
1 0.027344 0.416406 0.054688 0.139844
1 0.238281 0.542188 0.058594 0.114062
1 0.193750 0.565625 0.063281 0.121875
1 0.143750 0.615625 0.072656 0.082031
1 0.122656 0.536719 0.080469 0.132031
1 0.087500 0.646875 0.082812 0.085938
1 0.035937 0.680469 0.071875 0.092188
1 0.004687 0.721094 0.009375 0.023438
1 0.060937 0.563281 0.091406 0.141406
1 0.022656 0.588281 0.045312 0.141406
2 0.517188 0.212500 0.033594 0.017969
2 0.494531 0.217188 0.035156 0.019531
2 0.269531 0.360156 0.028906 0.031250
2 0.146875 0.474219 0.050781 0.034375
2 0.255469 0.281250 0.035156 0.033594
2 0.287500 0.273438 0.041406 0.033594
1 0.205469 0.282031 0.027344 0.041406
1 0.184375 0.286719 0.028125 0.042969
1 0.163281 0.293750 0.028906 0.041406
1 0.156250 0.272656 0.027344 0.023438
1 0.140625 0.303125 0.032031 0.035156
1 0.116406 0.308594 0.033594 0.036719
1 0.092188 0.314063 0.035156 0.035937
1 0.066406 0.315625 0.037500 0.048438
1 0.133594 0.277344 0.028125 0.023438
1 0.108594 0.283594 0.030469 0.024219
1 0.083594 0.288281 0.032031 0.025000
1 0.180469 0.167969 0.021875 0.006250
1 0.106250 0.180469 0.024219 0.010156
1 0.081250 0.181250 0.030469 0.013281
1 0.053906 0.184375 0.033594 0.014063
1 0.025000 0.188281 0.035937 0.014063
1 0.301563 0.146875 0.024219 0.025781
1 0.284375 0.148438 0.025000 0.026562
1 0.266406 0.150781 0.024219 0.028125
1 0.247656 0.152344 0.025781 0.026562
2 0.878125 0.621094 0.081250 0.095312
2 0.595313 0.325781 0.033594 0.020313
