2 0.402344 0.749219 0.067969 0.067969
2 0.836719 0.481250 0.090625 0.025000
2 0.785937 0.482031 0.089063 0.025781
2 0.093750 0.658594 0.128906 0.060156
2 0.329688 0.645312 0.083594 0.055469
2 0.401562 0.636719 0.070312 0.053125
2 0.471875 0.634375 0.055469 0.055469
2 0.542188 0.492969 0.057031 0.030469
2 0.593750 0.491406 0.073438 0.028906
2 0.657031 0.490625 0.075781 0.026562
2 0.657813 0.724219 0.077344 0.059375
2 0.467969 0.742969 0.063281 0.064844
2 0.108594 0.782031 0.122656 0.079687
2 0.316406 0.500781 0.080469 0.035156
2 0.377344 0.499219 0.067969 0.035156
2 0.546875 0.736719 0.067969 0.063281
1 0.787500 0.596875 0.050781 0.051562
1 0.189844 0.639844 0.066406 0.068750
2 0.724219 0.717969 0.081250 0.053125
2 0.785156 0.719531 0.063281 0.036719
2 0.833594 0.711719 0.064844 0.039062
2 0.725781 0.611719 0.082031 0.038281
1 0.668750 0.603906 0.024219 0.057031
1 0.638281 0.606250 0.038281 0.056250
1 0.617969 0.607031 0.032031 0.058594
1 0.639062 0.563281 0.039844 0.054688
1 0.584375 0.567187 0.035156 0.056250
1 0.589063 0.616406 0.024219 0.044531
1 0.564844 0.618750 0.025000 0.044531
1 0.535937 0.611719 0.032031 0.060937
1 0.560937 0.567969 0.033594 0.056250
1 0.248438 0.486719 0.044531 0.056250
1 0.217188 0.487500 0.050781 0.056250
1 0.176563 0.490625 0.035937 0.051562
1 0.185938 0.437500 0.060937 0.053125
1 0.142969 0.491406 0.036719 0.053906
1 0.108594 0.492969 0.038281 0.053906
1 0.073438 0.493750 0.039062 0.053906
1 0.037500 0.491406 0.039844 0.059375
1 0.139844 0.438281 0.037500 0.053906
1 0.104688 0.438281 0.038281 0.054688
1 0.068750 0.438281 0.039062 0.054688
1 0.242188 0.327344 0.043750 0.054688
1 0.203906 0.326562 0.036719 0.054688
1 0.169531 0.325000 0.036719 0.055469
1 0.134375 0.324219 0.038281 0.055469
1 0.099219 0.323437 0.039844 0.057031
1 0.062500 0.321875 0.039844 0.057031
1 0.025781 0.321094 0.041406 0.058594
1 0.489844 0.354687 0.028125 0.050000
1 0.461719 0.353906 0.028125 0.050000
1 0.404687 0.353125 0.029687 0.050781
1 0.433594 0.353906 0.028906 0.050000
1 0.432812 0.303125 0.028906 0.051562
1 0.403125 0.301563 0.029687 0.051562
1 0.373437 0.300781 0.031250 0.053125
1 0.342969 0.299219 0.031250 0.053906
1 0.375000 0.352344 0.030469 0.050781
1 0.344531 0.351562 0.031250 0.051562
1 0.313281 0.350781 0.032031 0.053125
