2 0.403906 0.724219 0.064844 0.075781
2 0.703906 0.446875 0.053906 0.021875
2 0.675000 0.451562 0.057031 0.024219
2 0.063281 0.728125 0.125781 0.103125
2 0.337500 0.650000 0.071094 0.071875
2 0.402344 0.625781 0.067969 0.063281
2 0.460156 0.610156 0.060156 0.059375
2 0.511719 0.481250 0.059375 0.035156
2 0.551562 0.474219 0.061719 0.031250
2 0.596094 0.468750 0.055469 0.028125
2 0.595313 0.646094 0.057031 0.050000
2 0.457031 0.702344 0.062500 0.067969
2 0.078906 0.857031 0.135156 0.131250
2 0.321094 0.516406 0.064844 0.053125
2 0.380469 0.506250 0.062500 0.048438
2 0.517969 0.678906 0.060156 0.060156
1 0.676562 0.533594 0.032031 0.035937
1 0.180469 0.678906 0.071094 0.075781
2 0.636719 0.633594 0.055469 0.036719
2 0.675000 0.621875 0.036719 0.029687
2 0.701562 0.610938 0.035937 0.026562
2 0.639844 0.553906 0.052344 0.028906
1 0.605469 0.555469 0.015625 0.044531
1 0.582812 0.560937 0.031250 0.044531
1 0.571875 0.563281 0.021875 0.049219
1 0.583594 0.526563 0.032031 0.046094
1 0.545312 0.536719 0.032031 0.049219
1 0.552344 0.576562 0.017188 0.038281
1 0.528125 0.578125 0.030469 0.048438
1 0.511719 0.580469 0.027344 0.054688
1 0.528125 0.540625 0.032031 0.050000
1 0.245312 0.510938 0.042969 0.068750
1 0.207031 0.516406 0.046094 0.071094
1 0.165625 0.528906 0.046094 0.060156
1 0.164844 0.469531 0.059375 0.068750
1 0.122656 0.535937 0.050781 0.063281
1 0.076563 0.542969 0.055469 0.065625
1 0.028125 0.550781 0.056250 0.067187
1 0.003125 0.567187 0.006250 0.038281
1 0.120313 0.474219 0.061719 0.071875
1 0.075000 0.478906 0.070312 0.075781
1 0.032813 0.483594 0.065625 0.078906
1 0.235156 0.351562 0.046875 0.057031
1 0.192188 0.352344 0.046875 0.060156
1 0.149219 0.352344 0.050000 0.061719
1 0.103906 0.351562 0.055469 0.064844
1 0.053906 0.352344 0.060156 0.067969
1 0.016406 0.352344 0.032813 0.069531
1 0.476562 0.369531 0.023438 0.044531
1 0.453906 0.369531 0.024219 0.045312
1 0.403125 0.371094 0.028125 0.046094
1 0.428906 0.371094 0.025781 0.045312
1 0.428125 0.324219 0.025781 0.046094
1 0.401562 0.323437 0.028125 0.048438
1 0.373437 0.321875 0.029687 0.050000
1 0.343750 0.321094 0.033594 0.051562
1 0.375781 0.371875 0.028906 0.048438
1 0.346875 0.372656 0.032031 0.049219
1 0.315625 0.373437 0.034375 0.051562
2 0.853125 0.625781 0.063281 0.050781
