2 0.398438 0.753906 0.067187 0.071094
2 0.782031 0.480469 0.074219 0.021094
2 0.742188 0.482031 0.074219 0.021094
2 0.064062 0.683594 0.128125 0.070312
2 0.323437 0.653906 0.082031 0.059375
2 0.397656 0.640625 0.068750 0.053906
2 0.465625 0.633594 0.058594 0.054688
2 0.528906 0.494531 0.061719 0.028906
2 0.578906 0.492969 0.069531 0.025781
2 0.634375 0.490625 0.067969 0.024219
2 0.636719 0.707812 0.071094 0.054688
2 0.461719 0.741406 0.065625 0.066406
2 0.071094 0.820312 0.140625 0.098437
2 0.310156 0.507031 0.075781 0.035937
2 0.373437 0.503906 0.061719 0.033594
2 0.539062 0.728906 0.063281 0.061719
1 0.745313 0.584375 0.043750 0.044531
1 0.169531 0.656250 0.074219 0.070312
2 0.692969 0.699219 0.071875 0.044531
2 0.745313 0.695312 0.052344 0.033594
2 0.784375 0.685937 0.052344 0.031250
2 0.693750 0.601562 0.071875 0.032031
1 0.646875 0.596094 0.021094 0.053125
1 0.618750 0.599219 0.035937 0.051562
1 0.601562 0.600781 0.028906 0.054688
1 0.618750 0.559375 0.036719 0.050000
1 0.571094 0.564063 0.033594 0.053125
1 0.576562 0.610938 0.021875 0.043750
1 0.551562 0.610938 0.027344 0.048438
1 0.526563 0.609375 0.032813 0.058594
1 0.548438 0.566406 0.033594 0.053125
1 0.239063 0.493750 0.049219 0.057031
1 0.203906 0.494531 0.053906 0.059375
1 0.158594 0.498437 0.040625 0.056250
1 0.167187 0.442969 0.062500 0.055469
1 0.120313 0.500000 0.042188 0.057031
1 0.079687 0.501563 0.044531 0.058594
1 0.037500 0.503125 0.046094 0.060156
1 0.009375 0.501563 0.018750 0.064844
1 0.116406 0.442969 0.042969 0.057031
1 0.075781 0.442969 0.045312 0.058594
1 0.033594 0.443750 0.046875 0.059375
1 0.233594 0.328125 0.049219 0.056250
1 0.191406 0.325781 0.039844 0.057031
1 0.152344 0.324219 0.041406 0.059375
1 0.112500 0.321094 0.042969 0.060937
1 0.071094 0.318750 0.046094 0.061719
1 0.027344 0.316406 0.047656 0.064062
1 0.003906 0.315625 0.007031 0.061719
1 0.484375 0.361719 0.025781 0.048438
1 0.457813 0.360938 0.026562 0.049219
1 0.401562 0.358594 0.028906 0.050000
1 0.429688 0.359375 0.027344 0.049219
1 0.429688 0.310937 0.028125 0.050781
1 0.400781 0.308594 0.029687 0.051562
1 0.371094 0.307031 0.031250 0.054688
1 0.339844 0.303906 0.032031 0.053906
1 0.371875 0.357031 0.030469 0.050781
1 0.340625 0.355469 0.032031 0.051562
1 0.309375 0.353906 0.033594 0.054688
2 0.983594 0.714844 0.031250 0.050000
