3 0.007812 0.988281 0.014844 0.021094
2 0.427344 0.635938 0.056250 0.073438
2 0.775000 0.368750 0.068750 0.036719
2 0.736719 0.375000 0.070312 0.039062
2 0.537500 0.413281 0.060156 0.053125
2 0.583594 0.404687 0.067187 0.046094
2 0.635938 0.397656 0.063281 0.041406
2 0.166406 0.715625 0.096094 0.096094
2 0.338281 0.454688 0.062500 0.068750
2 0.398438 0.444531 0.057031 0.064844
2 0.539844 0.603906 0.058594 0.064844
1 0.755469 0.458594 0.040625 0.041406
1 0.293750 0.575781 0.017188 0.029687
1 0.273438 0.588281 0.019531 0.031250
1 0.257031 0.578125 0.019531 0.039844
1 0.211719 0.599219 0.022656 0.032031
1 0.237500 0.584375 0.021094 0.030469
2 0.672656 0.565625 0.060156 0.046094
2 0.599219 0.589844 0.060156 0.050000
2 0.717969 0.558594 0.043750 0.034375
2 0.751563 0.548438 0.044531 0.030469
2 0.480469 0.540625 0.055469 0.070312
1 0.724219 0.468750 0.019531 0.045312
1 0.700781 0.471875 0.033594 0.048438
1 0.682813 0.474219 0.037500 0.051562
1 0.703125 0.439844 0.039062 0.050000
1 0.575000 0.469531 0.030469 0.056250
1 0.578125 0.512500 0.021094 0.038281
1 0.553125 0.508594 0.030469 0.054688
1 0.533594 0.511719 0.030469 0.060156
1 0.553906 0.474219 0.032031 0.057031
1 0.493750 0.296875 0.034375 0.059375
1 0.471094 0.299219 0.027344 0.060156
1 0.416406 0.310156 0.031250 0.051562
1 0.444531 0.307031 0.028906 0.050781
1 0.440625 0.253906 0.033594 0.059375
1 0.412500 0.255469 0.033594 0.060156
1 0.382812 0.257031 0.033594 0.061719
1 0.351562 0.259375 0.035937 0.063281
1 0.386719 0.313281 0.032031 0.051562
1 0.357031 0.315625 0.035156 0.053906
1 0.325781 0.313281 0.037500 0.066406
1 0.247656 0.298438 0.053906 0.069531
1 0.207031 0.301563 0.050781 0.071875
1 0.170313 0.304688 0.057031 0.074219
1 0.131250 0.307812 0.062500 0.075000
1 0.090625 0.310937 0.069531 0.078125
1 0.048438 0.314844 0.075781 0.079687
1 0.022656 0.317969 0.044531 0.079687
1 0.270313 0.448437 0.045312 0.073438
1 0.234375 0.453906 0.044531 0.075000
1 0.199219 0.471875 0.043750 0.051562
1 0.196094 0.413281 0.059375 0.075781
1 0.164844 0.478906 0.046875 0.053906
1 0.128125 0.484375 0.049219 0.054688
1 0.089844 0.492188 0.052344 0.054688
1 0.050000 0.486719 0.056250 0.079687
1 0.155469 0.418750 0.055469 0.078125
1 0.118750 0.423438 0.060937 0.080469
1 0.079687 0.428906 0.066406 0.082031
2 0.401562 0.414062 0.028906 0.025000
2 0.600000 0.276562 0.032031 0.014844
2 0.575781 0.278906 0.033594 0.015625
2 0.260156 0.380469 0.041406 0.025000
2 0.367188 0.369531 0.032031 0.019531
2 0.399219 0.365625 0.030469 0.017969
2 0.429688 0.361719 0.026562 0.018750
2 0.520312 0.285938 0.017969 0.014844
2 0.516406 0.396094 0.020313 0.021875
2 0.429688 0.409375 0.029687 0.024219
2 0.289844 0.426563 0.002344 0.010156
2 0.465625 0.405469 0.029687 0.023438
1 0.576562 0.339844 0.017188 0.010937
1 0.305469 0.375781 0.021094 0.014844
2 0.535937 0.392969 0.008594 0.018750
2 0.594531 0.383594 0.026562 0.013281
2 0.548438 0.344531 0.032031 0.013281
1 0.523438 0.346875 0.002344 0.010937
1 0.508594 0.349219 0.005469 0.010937
1 0.494531 0.350781 0.010156 0.010937
1 0.482812 0.352344 0.010937 0.011719
1 0.471875 0.353906 0.010937 0.011719
1 0.459375 0.355469 0.013281 0.013281
1 0.306250 0.296875 0.010937 0.029687
1 0.298438 0.300781 0.008594 0.024219
1 0.296875 0.274219 0.012500 0.028906
1 0.279687 0.301563 0.015625 0.021094
1 0.276562 0.275781 0.017188 0.028906
1 0.317188 0.221094 0.019531 0.028125
1 0.301563 0.221875 0.017969 0.028906
1 0.289062 0.221875 0.010937 0.028125
1 0.266406 0.221875 0.013281 0.028125
1 0.253906 0.224219 0.019531 0.029687
1 0.237500 0.224219 0.021094 0.029687
1 0.221094 0.225000 0.021094 0.029687
1 0.432031 0.218750 0.014844 0.010937
1 0.419531 0.219531 0.013281 0.010937
1 0.392969 0.221875 0.014063 0.008594
1 0.406250 0.221094 0.013281 0.008594
1 0.405469 0.203906 0.014844 0.025781
1 0.391406 0.203906 0.015625 0.025781
1 0.378125 0.203906 0.014844 0.026562
1 0.364063 0.203906 0.015625 0.026562
1 0.379688 0.221875 0.014063 0.008594
1 0.365625 0.222656 0.014063 0.008594
1 0.350781 0.221875 0.014844 0.011719
2 0.951562 0.791406 0.096094 0.144531
