2 0.048438 0.801562 0.096094 0.076563
2 0.042188 0.460938 0.057031 0.046875
2 0.012500 0.446875 0.025000 0.046875
2 0.115625 0.698438 0.062500 0.035937
2 0.096094 0.496875 0.052344 0.021875
2 0.084375 0.490625 0.050781 0.028906
2 0.010156 0.906250 0.020313 0.065625
1 0.101562 0.628125 0.022656 0.013281
1 0.100000 0.620313 0.025781 0.007031
1 0.115625 0.616406 0.025000 0.020313
1 0.130469 0.617969 0.005469 0.010937
2 0.045312 0.673438 0.061719 0.050000
1 0.008594 0.678125 0.016406 0.086719
1 0.030469 0.259375 0.046875 0.064844
1 0.070312 0.296094 0.010937 0.056250
1 0.089063 0.326562 0.010156 0.049219
1 0.079687 0.310937 0.010937 0.053906
1 0.046875 0.253125 0.081250 0.094531
1 0.091406 0.282813 0.010156 0.065625
1 0.099219 0.299219 0.008594 0.059375
1 0.106250 0.312500 0.007812 0.056250
1 0.097656 0.339844 0.008594 0.044531
1 0.104688 0.351562 0.007812 0.041406
1 0.110937 0.361719 0.007031 0.039062
1 0.117969 0.366406 0.011719 0.039844
1 0.130469 0.376563 0.002344 0.028125
1 0.133594 0.381250 0.003906 0.029687
1 0.137500 0.389062 0.003906 0.028125
1 0.141406 0.394531 0.003906 0.026562
1 0.144531 0.400781 0.003906 0.024219
1 0.147656 0.406250 0.003125 0.024219
1 0.095312 0.477344 0.046875 0.023438
1 0.126562 0.492969 0.003906 0.035156
1 0.129688 0.494531 0.004687 0.035156
1 0.110156 0.457031 0.046875 0.042969
1 0.134375 0.496875 0.004687 0.032031
1 0.137500 0.499219 0.003906 0.031250
1 0.141406 0.500781 0.003906 0.030469
1 0.144531 0.502344 0.003906 0.028906
1 0.135156 0.463281 0.004687 0.035937
1 0.139063 0.467187 0.003906 0.034375
1 0.142187 0.470313 0.003906 0.033594
2 0.503125 0.683594 0.050000 0.030469
2 0.968750 0.447656 0.061719 0.050781
2 0.873437 0.459375 0.147656 0.053906
2 0.423438 0.588281 0.024219 0.011719
2 0.476562 0.600000 0.045312 0.016406
2 0.502344 0.604688 0.049219 0.020313
2 0.523438 0.610938 0.049219 0.021875
2 0.559375 0.504687 0.046094 0.018750
2 0.594531 0.500000 0.047656 0.021875
2 0.653906 0.492969 0.071094 0.025781
2 0.669531 0.771875 0.091406 0.069531
2 0.529687 0.697656 0.055469 0.035937
2 0.428906 0.646094 0.034375 0.018750
2 0.460938 0.515625 0.017969 0.013281
2 0.493750 0.513281 0.049219 0.014063
2 0.571094 0.720313 0.065625 0.044531
1 0.892969 0.670312 0.108594 0.094531
1 0.442969 0.585938 0.018750 0.025000
2 0.766406 0.823438 0.117969 0.098437
2 0.881250 0.885156 0.153906 0.140625
2 0.975000 0.930469 0.049219 0.111719
2 0.771094 0.666406 0.116406 0.046094
1 0.669531 0.626563 0.044531 0.056250
1 0.635938 0.623437 0.023438 0.050000
1 0.614062 0.617969 0.020313 0.050000
1 0.645312 0.576562 0.042969 0.046875
1 0.597656 0.572656 0.038281 0.041406
1 0.598437 0.614062 0.038281 0.043750
1 0.571094 0.610938 0.016406 0.040625
1 0.555469 0.607031 0.014844 0.040625
1 0.571094 0.571875 0.015625 0.039844
1 0.460156 0.510938 0.023438 0.025000
1 0.444531 0.511719 0.006250 0.025000
1 0.439063 0.512500 0.005469 0.023438
1 0.445312 0.489063 0.018750 0.024219
1 0.432812 0.513281 0.005469 0.023438
1 0.427344 0.514062 0.005469 0.021094
1 0.421875 0.515625 0.004687 0.021094
1 0.416406 0.516406 0.003906 0.021094
1 0.432812 0.491406 0.005469 0.023438
1 0.427344 0.492969 0.005469 0.021875
1 0.421875 0.493750 0.005469 0.021875
1 0.459375 0.433594 0.019531 0.025000
1 0.446094 0.436719 0.006250 0.024219
1 0.439063 0.440625 0.005469 0.023438
1 0.433594 0.442969 0.005469 0.023438
1 0.428125 0.445312 0.005469 0.021875
1 0.422656 0.448437 0.004687 0.021094
1 0.417969 0.450781 0.003906 0.020313
1 0.539062 0.409375 0.032031 0.035156
1 0.517188 0.414062 0.010937 0.034375
1 0.496094 0.423438 0.009375 0.030469
1 0.506250 0.418750 0.010156 0.032031
1 0.515625 0.389844 0.028906 0.035156
1 0.496094 0.395313 0.009375 0.033594
1 0.486719 0.400781 0.008594 0.031250
1 0.478125 0.405469 0.008594 0.031250
1 0.486719 0.428125 0.008594 0.028906
1 0.478125 0.432031 0.007812 0.028125
1 0.469531 0.435937 0.007031 0.026562
