3 0.847656 0.783594 0.303906 0.430469
2 0.986719 0.775781 0.026562 0.052344
2 0.792188 0.434375 0.011719 0.010937
2 0.825000 0.433594 0.053906 0.011719
2 0.992188 0.616406 0.014063 0.030469
2 0.964844 0.597656 0.070312 0.044531
2 0.939844 0.434375 0.114062 0.020313
2 0.872656 0.435156 0.023438 0.017188
2 0.851562 0.435937 0.015625 0.014063
2 0.928906 0.689063 0.100781 0.059375
1 0.805469 0.505469 0.014844 0.026562
1 0.809375 0.512500 0.006250 0.028906
1 0.815625 0.514844 0.006250 0.029687
1 0.837500 0.519531 0.037500 0.034375
1 0.832031 0.486719 0.035937 0.030469
1 0.900781 0.505469 0.046094 0.042188
1 0.883594 0.546094 0.014063 0.044531
1 0.897656 0.551562 0.015625 0.047656
1 0.937500 0.559375 0.067969 0.052344
1 0.922656 0.510938 0.064062 0.047656
1 0.964063 0.275781 0.025781 0.061719
1 0.986719 0.263281 0.026562 0.064062
2 0.790625 0.571094 0.012500 0.009375
2 0.870313 0.659375 0.012500 0.005469
2 0.459375 0.665625 0.058594 0.053906
2 0.567187 0.435937 0.005469 0.007812
2 0.550000 0.435156 0.029687 0.008594
2 0.507812 0.435937 0.035937 0.014063
2 0.530469 0.436719 0.009375 0.011719
2 0.539844 0.436719 0.009375 0.009375
2 0.205469 0.925781 0.179688 0.146094
2 0.437500 0.433594 0.061719 0.022656
2 0.478125 0.434375 0.022656 0.019531
2 0.504687 0.612500 0.046094 0.035156
1 0.560937 0.493750 0.011719 0.021094
1 0.369531 0.608594 0.029687 0.023438
1 0.360938 0.620313 0.032813 0.029687
1 0.332813 0.621094 0.034375 0.043750
1 0.289062 0.660156 0.041406 0.037500
1 0.307812 0.639062 0.037500 0.032031
2 0.546094 0.569531 0.024219 0.019531
2 0.524219 0.590625 0.039062 0.024219
2 0.558594 0.559375 0.012500 0.017188
2 0.564063 0.551562 0.012500 0.015625
2 0.484375 0.546094 0.060937 0.029687
1 0.555469 0.497656 0.003125 0.022656
1 0.548438 0.500000 0.011719 0.023438
1 0.540625 0.500781 0.020313 0.024219
1 0.545312 0.476562 0.020313 0.023438
1 0.514062 0.487500 0.023438 0.029687
1 0.524219 0.517188 0.005469 0.029687
1 0.518750 0.520312 0.005469 0.032031
1 0.500781 0.521094 0.029687 0.032031
1 0.507812 0.489063 0.027344 0.032031
1 0.500781 0.328125 0.007812 0.037500
1 0.492188 0.322656 0.007812 0.038281
1 0.474219 0.309375 0.009375 0.044531
1 0.483594 0.316406 0.009375 0.041406
1 0.484375 0.278125 0.008594 0.047656
1 0.473438 0.267969 0.010937 0.050781
1 0.463281 0.257812 0.011719 0.055469
1 0.434375 0.246094 0.046094 0.059375
1 0.462500 0.300781 0.010937 0.049219
1 0.450781 0.291406 0.012500 0.050781
1 0.419531 0.281250 0.047656 0.056250
1 0.394531 0.224219 0.022656 0.072656
1 0.369531 0.203906 0.026562 0.082031
1 0.340625 0.179688 0.032031 0.091406
1 0.305469 0.150781 0.040625 0.105469
1 0.261719 0.112500 0.050781 0.124219
1 0.203906 0.069531 0.065625 0.139063
1 0.119531 0.046094 0.110937 0.092188
1 0.394531 0.414062 0.022656 0.062500
1 0.371094 0.411719 0.026562 0.070312
1 0.343750 0.409375 0.032031 0.075781
1 0.341406 0.335938 0.032031 0.080469
1 0.308594 0.405469 0.038281 0.082812
1 0.265625 0.401562 0.049219 0.094531
1 0.211719 0.395313 0.064062 0.109375
1 0.114062 0.386719 0.138281 0.130469
1 0.306250 0.324219 0.040625 0.092188
1 0.263281 0.309375 0.050000 0.107813
1 0.182812 0.290625 0.115625 0.125781
2 0.194531 0.600781 0.062500 0.032031
2 0.144531 0.535937 0.075781 0.025781
2 0.192188 0.525781 0.064062 0.022656
2 0.236719 0.517188 0.053906 0.017969
2 0.329688 0.553125 0.038281 0.017188
2 0.235156 0.586719 0.055469 0.026562
2 0.278906 0.572656 0.046875 0.023438
1 0.375781 0.486719 0.017188 0.017969
1 0.030469 0.539062 0.005469 0.029687
2 0.355469 0.545312 0.034375 0.014063
2 0.378125 0.539062 0.022656 0.012500
2 0.392969 0.532813 0.020313 0.012500
2 0.354687 0.496094 0.030469 0.010937
1 0.334375 0.494531 0.009375 0.022656
1 0.324219 0.495312 0.014063 0.022656
1 0.313281 0.496875 0.014063 0.023438
1 0.318750 0.479687 0.022656 0.010937
1 0.300781 0.482812 0.010937 0.012500
1 0.300781 0.500000 0.010937 0.023438
1 0.289844 0.501563 0.011719 0.024219
1 0.271094 0.503906 0.025781 0.026562
1 0.283594 0.484375 0.024219 0.012500
1 0.025781 0.425781 0.002344 0.035937
1 0.022656 0.423438 0.007812 0.040625
1 0.020313 0.380469 0.006250 0.037500
1 0.082812 0.307812 0.006250 0.032031
1 0.032813 0.298438 0.026562 0.046094
1 0.015625 0.294531 0.010937 0.042188
1 0.117188 0.321875 0.020313 0.009375
2 0.692187 0.555469 0.044531 0.017969
2 0.460938 0.515625 0.023438 0.008594
