2 0.396875 0.764062 0.073438 0.075000
2 0.860156 0.478125 0.100781 0.028125
2 0.806250 0.479687 0.097656 0.028125
2 0.067969 0.668750 0.135156 0.067969
2 0.317969 0.653906 0.091406 0.061719
2 0.394531 0.644531 0.076563 0.058594
2 0.470313 0.641406 0.060156 0.063281
2 0.545312 0.491406 0.060937 0.034375
2 0.601562 0.489063 0.079687 0.031250
2 0.668750 0.488281 0.082031 0.029687
2 0.668750 0.736719 0.083594 0.065625
2 0.466406 0.756250 0.067969 0.071875
2 0.082812 0.799219 0.135156 0.088281
2 0.303125 0.500000 0.089063 0.040625
2 0.367969 0.498437 0.075000 0.039062
2 0.550000 0.750781 0.072656 0.070312
1 0.807813 0.601562 0.055469 0.056250
1 0.167969 0.648438 0.072656 0.074219
2 0.739062 0.730469 0.088281 0.058594
2 0.804688 0.732031 0.067969 0.039844
2 0.856250 0.724219 0.070312 0.042969
2 0.741406 0.617188 0.089063 0.041406
1 0.681250 0.608594 0.026562 0.061719
1 0.648438 0.611719 0.041406 0.061719
1 0.626563 0.612500 0.035156 0.064062
1 0.649219 0.566406 0.042969 0.059375
1 0.591406 0.570312 0.037500 0.060937
1 0.595313 0.623437 0.026562 0.048438
1 0.564844 0.617969 0.035156 0.063281
1 0.539062 0.618750 0.034375 0.066406
1 0.564844 0.571094 0.036719 0.060937
1 0.228125 0.484375 0.048438 0.060937
1 0.196094 0.485938 0.057031 0.061719
1 0.151562 0.489063 0.039062 0.056250
1 0.161719 0.432031 0.069531 0.057031
1 0.114844 0.490625 0.041406 0.056250
1 0.077344 0.491406 0.042188 0.058594
1 0.039062 0.492188 0.042969 0.058594
1 0.011719 0.490625 0.022656 0.064062
1 0.110156 0.432031 0.041406 0.057031
1 0.072656 0.432812 0.042969 0.058594
1 0.033594 0.433594 0.043750 0.059375
1 0.226562 0.314063 0.060156 0.064062
1 0.178906 0.310937 0.040625 0.060156
1 0.141406 0.309375 0.041406 0.060156
1 0.103906 0.308594 0.042969 0.060937
1 0.064844 0.307031 0.043750 0.061719
1 0.025000 0.306250 0.044531 0.063281
1 0.003906 0.306250 0.007812 0.061719
1 0.489844 0.341406 0.030469 0.053906
1 0.459375 0.341406 0.030469 0.054688
1 0.396875 0.339844 0.032031 0.055469
1 0.428125 0.340625 0.031250 0.053906
1 0.427344 0.285938 0.032031 0.056250
1 0.395313 0.284375 0.032813 0.057031
1 0.363281 0.282813 0.034375 0.058594
1 0.329688 0.282031 0.034375 0.058594
1 0.364844 0.339844 0.033594 0.055469
1 0.332031 0.339062 0.034375 0.055469
1 0.298438 0.337500 0.035156 0.058594
