2 0.405469 0.792969 0.077344 0.048438
2 0.898438 0.517188 0.092188 0.025000
2 0.826562 0.517188 0.103906 0.025000
2 0.134375 0.665625 0.110156 0.028906
2 0.339844 0.666406 0.085156 0.029687
2 0.408594 0.665625 0.075000 0.028906
2 0.475781 0.666406 0.057813 0.032031
2 0.550000 0.519531 0.055469 0.020313
2 0.610156 0.519531 0.064844 0.019531
2 0.678906 0.519531 0.072656 0.019531
2 0.694531 0.794531 0.091406 0.049219
2 0.471875 0.792969 0.068750 0.048438
2 0.130469 0.792188 0.114062 0.046875
2 0.328906 0.518750 0.061719 0.021875
2 0.391406 0.518750 0.068750 0.021875
2 0.560937 0.794531 0.073438 0.049219
1 0.843750 0.652344 0.063281 0.053125
1 0.215625 0.652344 0.059375 0.053125
2 0.778125 0.794531 0.103906 0.049219
2 0.856250 0.800000 0.089844 0.039062
2 0.925000 0.798438 0.095312 0.042969
2 0.768750 0.665625 0.097656 0.026562
1 0.696094 0.650781 0.028906 0.051562
1 0.661719 0.650781 0.041406 0.051562
1 0.635938 0.650781 0.038281 0.051562
1 0.660156 0.603906 0.041406 0.048438
1 0.602344 0.603906 0.027344 0.048438
1 0.603906 0.653125 0.027344 0.048438
1 0.576562 0.653125 0.027344 0.048438
1 0.547656 0.650781 0.030469 0.051562
1 0.573438 0.603906 0.032813 0.048438
1 0.282031 0.506250 0.046875 0.044531
1 0.246094 0.506250 0.028906 0.044531
1 0.218750 0.506250 0.028906 0.044531
1 0.232031 0.461719 0.050781 0.043750
1 0.192188 0.506250 0.028906 0.044531
1 0.164844 0.506250 0.028906 0.044531
1 0.138281 0.507031 0.028906 0.043750
1 0.111719 0.506250 0.029687 0.044531
1 0.194531 0.461719 0.028906 0.043750
1 0.167969 0.461719 0.028906 0.044531
1 0.141406 0.461719 0.028906 0.044531
1 0.289062 0.374219 0.044531 0.053125
1 0.254688 0.367969 0.028125 0.039844
1 0.228125 0.367969 0.027344 0.039844
1 0.202344 0.367969 0.027344 0.039844
1 0.176563 0.367969 0.028906 0.039844
1 0.150781 0.367969 0.028125 0.039844
1 0.124219 0.367969 0.028125 0.039844
1 0.497656 0.395313 0.025781 0.059375
1 0.471875 0.385937 0.026562 0.040625
1 0.419531 0.385937 0.025781 0.040625
1 0.445312 0.385937 0.025781 0.040625
1 0.447656 0.344531 0.028906 0.042969
1 0.419531 0.343750 0.025781 0.041406
1 0.393750 0.344531 0.026562 0.042969
1 0.367969 0.343750 0.025781 0.041406
1 0.392969 0.385937 0.026562 0.040625
1 0.367188 0.385937 0.026562 0.040625
1 0.341406 0.385937 0.027344 0.040625
