3 0.039062 0.958594 0.078125 0.079687
2 0.425781 0.675781 0.073438 0.073438
2 0.669531 0.400000 0.041406 0.014844
2 0.649219 0.402344 0.046094 0.015625
2 0.523438 0.421094 0.061719 0.024219
2 0.554688 0.415625 0.060937 0.021094
2 0.590625 0.412500 0.049219 0.019531
2 0.065625 0.865625 0.131250 0.146875
2 0.350000 0.444531 0.082812 0.040625
2 0.407031 0.437500 0.077344 0.035156
2 0.527344 0.621094 0.061719 0.052344
1 0.664062 0.474219 0.028906 0.029687
1 0.275781 0.614844 0.022656 0.032031
1 0.251563 0.630469 0.022656 0.035156
1 0.225000 0.624219 0.022656 0.046875
1 0.156250 0.660156 0.027344 0.041406
1 0.194531 0.639062 0.022656 0.035937
2 0.621094 0.572656 0.049219 0.027344
2 0.572656 0.600781 0.055469 0.035156
2 0.651563 0.559375 0.028906 0.025781
2 0.671094 0.549219 0.026562 0.023438
2 0.478906 0.550781 0.067187 0.049219
1 0.650781 0.481250 0.009375 0.030469
1 0.635938 0.485156 0.022656 0.032031
1 0.622656 0.487500 0.029687 0.035937
1 0.632812 0.455469 0.029687 0.034375
1 0.550781 0.477344 0.032813 0.042188
1 0.559375 0.514062 0.012500 0.037500
1 0.545312 0.519531 0.014063 0.039062
1 0.521094 0.521094 0.034375 0.049219
1 0.535937 0.482031 0.034375 0.044531
1 0.499219 0.299219 0.019531 0.046094
1 0.478125 0.296875 0.020313 0.046875
1 0.433594 0.290625 0.024219 0.052344
1 0.457031 0.295312 0.022656 0.050000
1 0.456250 0.246094 0.023438 0.053125
1 0.432812 0.241406 0.026562 0.055469
1 0.406250 0.235156 0.027344 0.059375
1 0.371094 0.228906 0.046094 0.062500
1 0.407813 0.287500 0.027344 0.053906
1 0.378906 0.284375 0.030469 0.057813
1 0.342969 0.279687 0.046094 0.061719
1 0.259375 0.241406 0.046875 0.072656
1 0.213281 0.233594 0.052344 0.077344
1 0.162500 0.225000 0.060937 0.084375
1 0.103125 0.214844 0.070312 0.091406
1 0.038281 0.203906 0.076563 0.096875
1 0.002344 0.223438 0.004687 0.040625
1 0.267188 0.435937 0.049219 0.067969
1 0.225781 0.441406 0.050000 0.072656
1 0.178906 0.449219 0.056250 0.072656
1 0.172656 0.378125 0.057813 0.071094
1 0.124219 0.453906 0.064062 0.077344
1 0.063281 0.460156 0.075781 0.084375
1 0.017188 0.465625 0.034375 0.084375
1 0.116406 0.379688 0.067187 0.076563
1 0.052344 0.380469 0.077344 0.082812
1 0.012500 0.382031 0.024219 0.085156
2 0.315625 0.528906 0.038281 0.024219
2 0.501563 0.387500 0.017969 0.007812
2 0.482812 0.387500 0.029687 0.009375
2 0.377344 0.395313 0.032031 0.011719
2 0.403906 0.394531 0.032813 0.009375
2 0.431250 0.392188 0.030469 0.008594
2 0.435937 0.499219 0.032031 0.017969
2 0.348438 0.521094 0.037500 0.023438
2 0.135156 0.574219 0.057813 0.037500
2 0.267188 0.399219 0.035937 0.008594
2 0.299219 0.400000 0.037500 0.012500
2 0.385937 0.512500 0.035937 0.020313
2 0.463281 0.494531 0.030469 0.012500
2 0.486719 0.489063 0.022656 0.012500
2 0.502344 0.485156 0.017188 0.010937
1 0.425000 0.419531 0.015625 0.007812
1 0.225000 0.393750 0.020313 0.023438
1 0.207813 0.394531 0.017188 0.023438
1 0.220312 0.314063 0.021094 0.022656
1 0.200000 0.312500 0.021094 0.023438
1 0.178906 0.311719 0.022656 0.023438
1 0.157031 0.310156 0.024219 0.024219
1 0.134375 0.309375 0.025781 0.024219
1 0.109375 0.307031 0.027344 0.026562
1 0.083594 0.305469 0.028906 0.027344
1 0.353906 0.337500 0.012500 0.007812
1 0.340625 0.337500 0.012500 0.007812
1 0.317188 0.336719 0.003125 0.007812
1 0.327344 0.336719 0.014063 0.007812
1 0.319531 0.299219 0.003906 0.017188
1 0.314844 0.298438 0.006250 0.015625
1 0.277344 0.310156 0.019531 0.005469
1 0.280469 0.325781 0.017188 0.026562
1 0.262500 0.325000 0.021094 0.026562
2 0.859375 0.615625 0.082031 0.053906
2 0.578125 0.477344 0.022656 0.011719
