2 0.853906 0.388281 0.053906 0.019531
2 0.873437 0.400781 0.065625 0.026562
2 0.989062 0.687500 0.020313 0.049219
2 0.972656 0.485156 0.053906 0.049219
2 0.957812 0.457813 0.084375 0.039062
2 0.938281 0.434375 0.087500 0.028906
2 0.952344 0.746094 0.093750 0.099219
1 0.843750 0.467187 0.021094 0.035156
1 0.846094 0.485938 0.011719 0.035937
1 0.867969 0.494531 0.042188 0.035937
1 0.877344 0.505469 0.047656 0.046094
1 0.874219 0.465625 0.044531 0.042188
1 0.960938 0.541406 0.067969 0.055469
1 0.928906 0.583594 0.022656 0.056250
1 0.944531 0.600781 0.025781 0.061719
1 0.974219 0.625781 0.050781 0.075781
1 0.970313 0.561719 0.059375 0.070312
2 0.817969 0.541406 0.019531 0.029687
2 0.828906 0.564063 0.015625 0.034375
2 0.913281 0.671094 0.088281 0.076563
2 0.865625 0.594531 0.062500 0.046875
2 0.452344 0.690625 0.067969 0.082031
2 0.567969 0.367969 0.032031 0.014844
2 0.560937 0.373437 0.034375 0.017188
2 0.500781 0.419531 0.058594 0.029687
2 0.517188 0.405469 0.047656 0.023438
2 0.535937 0.394531 0.035937 0.023438
2 0.417969 0.497656 0.078906 0.065625
2 0.446875 0.469531 0.076563 0.053125
2 0.507031 0.597656 0.050000 0.053125
1 0.571875 0.430469 0.014063 0.027344
1 0.349219 0.706250 0.032813 0.038281
1 0.337500 0.737500 0.035156 0.046875
1 0.306250 0.749219 0.038281 0.062500
1 0.253906 0.837500 0.046094 0.064062
1 0.278906 0.785937 0.040625 0.053906
2 0.553906 0.522656 0.026562 0.027344
2 0.527344 0.562500 0.042188 0.037500
2 0.567187 0.505469 0.014844 0.023438
2 0.574219 0.490625 0.014063 0.022656
2 0.483594 0.551562 0.064844 0.053906
1 0.565625 0.440625 0.003906 0.026562
1 0.553125 0.447656 0.021094 0.026562
1 0.549219 0.450781 0.023438 0.030469
1 0.553906 0.422656 0.022656 0.028906
1 0.523438 0.462500 0.017188 0.038281
1 0.527344 0.494531 0.006250 0.035937
1 0.522656 0.503125 0.006250 0.038281
1 0.502344 0.509375 0.032031 0.044531
1 0.510156 0.470313 0.030469 0.040625
1 0.500781 0.313281 0.009375 0.043750
1 0.489844 0.314844 0.009375 0.046875
1 0.466406 0.318750 0.014063 0.052344
1 0.478906 0.316406 0.011719 0.047656
1 0.478906 0.266406 0.012500 0.050000
1 0.464844 0.265625 0.014844 0.053125
1 0.450781 0.264062 0.015625 0.057813
1 0.419531 0.261719 0.046094 0.061719
1 0.451562 0.321094 0.015625 0.053906
1 0.435156 0.323437 0.019531 0.059375
1 0.399219 0.325000 0.057813 0.064844
1 0.353906 0.301563 0.037500 0.082031
1 0.317188 0.302344 0.046094 0.092188
1 0.272656 0.303906 0.058594 0.103906
1 0.214844 0.307031 0.078906 0.120313
1 0.137500 0.309375 0.107813 0.142187
1 0.053906 0.314063 0.107813 0.167969
1 0.346875 0.516406 0.070312 0.094531
1 0.332031 0.539844 0.042188 0.105469
1 0.296094 0.574219 0.049219 0.107813
1 0.264844 0.489063 0.097656 0.114844
1 0.247656 0.609375 0.064062 0.123438
1 0.185938 0.655469 0.082812 0.146875
1 0.103906 0.716406 0.114062 0.175781
1 0.035937 0.757812 0.071875 0.218750
1 0.212500 0.514844 0.114844 0.134375
1 0.146094 0.548438 0.138281 0.158594
1 0.071875 0.592969 0.143750 0.194531
2 0.122656 0.429688 0.050781 0.012500
2 0.171094 0.416406 0.044531 0.011719
1 0.377344 0.409375 0.019531 0.023438
2 0.371094 0.469531 0.011719 0.007812
2 0.382812 0.464062 0.022656 0.017969
2 0.397656 0.455469 0.021094 0.015625
2 0.362500 0.425000 0.020313 0.014063
1 0.333594 0.428906 0.011719 0.025781
1 0.319531 0.434375 0.020313 0.025781
1 0.310937 0.437500 0.015625 0.027344
1 0.316406 0.410938 0.024219 0.026562
1 0.289062 0.419531 0.025781 0.028906
1 0.298438 0.435156 0.011719 0.008594
1 0.277344 0.422656 0.027344 0.027344
2 0.710938 0.515625 0.049219 0.026562
2 0.462500 0.434375 0.014063 0.012500
