3 0.254688 0.507031 0.061719 0.146875
2 0.028906 0.825781 0.057813 0.110156
2 0.053906 0.539062 0.073438 0.051562
2 0.019531 0.639844 0.038281 0.057031
2 0.012500 0.697656 0.025000 0.082812
2 0.077344 0.621875 0.058594 0.060937
2 0.010156 0.493750 0.020313 0.044531
1 0.001563 0.324219 0.003125 0.016406
1 0.006250 0.307812 0.011719 0.046875
1 0.010156 0.306250 0.020313 0.045312
1 0.019531 0.304688 0.016406 0.042969
1 0.027344 0.303906 0.014844 0.040625
1 0.033594 0.303125 0.013281 0.039062
1 0.012500 0.453906 0.025000 0.044531
1 0.016406 0.446875 0.032813 0.050000
1 0.032031 0.439063 0.015625 0.046875
1 0.015625 0.397656 0.031250 0.046875
1 0.039062 0.432031 0.014063 0.043750
1 0.046094 0.425781 0.013281 0.042969
1 0.051562 0.419531 0.011719 0.040625
1 0.057031 0.414062 0.012500 0.039062
1 0.019531 0.392969 0.038281 0.044531
1 0.022656 0.387500 0.044531 0.041406
1 0.025000 0.382812 0.050000 0.040625
2 0.473438 0.581250 0.050000 0.049219
2 0.967187 0.649219 0.064844 0.118750
2 0.866406 0.601562 0.164844 0.138281
2 0.539062 0.444531 0.069531 0.043750
2 0.578906 0.464062 0.078125 0.051562
2 0.629687 0.493750 0.078906 0.064062
2 0.401562 0.503906 0.035937 0.029687
2 0.442188 0.401562 0.050781 0.025781
2 0.460938 0.410938 0.055469 0.029687
2 0.536719 0.653125 0.063281 0.071875
1 0.945312 0.885938 0.107813 0.185938
1 0.434375 0.471094 0.013281 0.011719
1 0.425000 0.467969 0.012500 0.011719
1 0.425781 0.459375 0.012500 0.013281
1 0.413281 0.456250 0.011719 0.010937
1 0.422656 0.458594 0.011719 0.010156
2 0.706250 0.839063 0.105469 0.150781
2 0.592187 0.719531 0.075781 0.082031
2 0.797656 0.918750 0.132031 0.160156
2 0.873437 0.970313 0.041406 0.057031
2 0.496094 0.531250 0.059375 0.046094
1 0.807813 0.758594 0.072656 0.130469
1 0.763281 0.738281 0.066406 0.086719
1 0.717969 0.693750 0.046875 0.106250
1 0.771094 0.669531 0.068750 0.113281
1 0.567187 0.531250 0.041406 0.063281
1 0.566406 0.575781 0.040625 0.053906
1 0.538281 0.563281 0.015625 0.048438
1 0.523438 0.546875 0.014844 0.053906
1 0.550000 0.520312 0.037500 0.059375
1 0.510156 0.320312 0.036719 0.042969
1 0.495312 0.318750 0.033594 0.040625
1 0.461719 0.316406 0.010937 0.035937
1 0.472656 0.317188 0.011719 0.038281
1 0.482812 0.278906 0.033594 0.038281
1 0.460938 0.278906 0.010156 0.035937
1 0.450781 0.279687 0.010156 0.035156
1 0.441406 0.278906 0.009375 0.034375
1 0.451562 0.314844 0.010156 0.035156
1 0.442188 0.313281 0.010156 0.034375
1 0.432812 0.311719 0.008594 0.033594
1 0.423438 0.296875 0.025781 0.029687
1 0.407031 0.296875 0.007812 0.029687
1 0.400000 0.296094 0.007031 0.028125
1 0.393750 0.296094 0.007031 0.026562
1 0.388281 0.295312 0.007031 0.025781
1 0.382812 0.295312 0.006250 0.025781
1 0.377344 0.294531 0.006250 0.025000
1 0.426563 0.382812 0.027344 0.030469
1 0.418750 0.380469 0.025781 0.031250
1 0.403125 0.379688 0.007031 0.028125
1 0.411719 0.351562 0.025781 0.029687
1 0.397656 0.376563 0.006250 0.026562
1 0.391406 0.374219 0.006250 0.025781
1 0.385937 0.371094 0.005469 0.025000
1 0.381250 0.368750 0.005469 0.025781
1 0.403906 0.349219 0.022656 0.028906
1 0.398438 0.348438 0.022656 0.028125
1 0.392969 0.346094 0.022656 0.026562
2 0.952344 0.410938 0.071875 0.014063
2 0.560156 0.403125 0.028125 0.014844
2 0.623437 0.424219 0.035937 0.019531
2 0.650000 0.432812 0.038281 0.021094
2 0.678125 0.442969 0.039844 0.023438
2 0.783594 0.543750 0.041406 0.025781
2 0.685937 0.497656 0.014844 0.015625
2 0.712500 0.513281 0.044531 0.025000
1 0.936719 0.518750 0.055469 0.049219
1 0.582031 0.405469 0.017969 0.021875
2 0.945312 0.614062 0.005469 0.021094
2 0.866406 0.505469 0.064062 0.036719
1 0.802344 0.474219 0.028906 0.038281
1 0.782813 0.471094 0.028125 0.031250
1 0.762500 0.463281 0.021094 0.035156
1 0.786719 0.443750 0.028125 0.033594
1 0.746094 0.432031 0.025781 0.030469
1 0.743750 0.458594 0.025781 0.029687
1 0.724219 0.453906 0.016406 0.028125
1 0.714844 0.446094 0.008594 0.031250
1 0.728906 0.428125 0.020313 0.029687
1 0.603906 0.346875 0.017969 0.010937
1 0.593750 0.344531 0.014844 0.008594
1 0.582031 0.344531 0.007812 0.007031
1 0.587500 0.331250 0.017969 0.019531
1 0.574219 0.342969 0.007031 0.006250
1 0.566406 0.342187 0.007031 0.006250
1 0.559375 0.340625 0.007031 0.006250
1 0.551562 0.339062 0.007031 0.007031
1 0.578906 0.330469 0.017188 0.019531
1 0.571094 0.328906 0.015625 0.019531
1 0.562500 0.328125 0.013281 0.018750
1 0.607812 0.291406 0.019531 0.020313
1 0.592969 0.291406 0.009375 0.020313
1 0.584375 0.291406 0.008594 0.019531
1 0.576562 0.291406 0.007812 0.019531
1 0.568750 0.290625 0.007812 0.018750
1 0.560937 0.290625 0.007031 0.018750
1 0.553125 0.290625 0.007031 0.017969
1 0.703906 0.304688 0.018750 0.025781
1 0.679688 0.303906 0.008594 0.024219
1 0.657813 0.303125 0.013281 0.023438
1 0.670312 0.303906 0.014063 0.024219
1 0.675781 0.279687 0.021094 0.024219
1 0.659375 0.278906 0.013281 0.023438
1 0.647656 0.279687 0.012500 0.021875
1 0.636719 0.279687 0.011719 0.021875
1 0.646094 0.303125 0.012500 0.021875
1 0.635156 0.301563 0.011719 0.021875
1 0.625000 0.300781 0.010156 0.021875
