3 0.250781 0.477344 0.067187 0.156250
2 0.022656 0.836719 0.045312 0.117188
2 0.049219 0.514844 0.076563 0.057813
2 0.010937 0.647656 0.021875 0.067187
2 0.000781 0.693750 0.001563 0.009375
2 0.075781 0.596875 0.064844 0.067969
1 0.005469 0.277344 0.010937 0.041406
1 0.009375 0.270313 0.018750 0.043750
1 0.005469 0.442188 0.010937 0.047656
1 0.010156 0.426563 0.020313 0.050781
1 0.003906 0.390625 0.007812 0.034375
1 0.018750 0.415625 0.020313 0.049219
1 0.027344 0.405469 0.019531 0.046875
1 0.035937 0.396094 0.017188 0.043750
1 0.042969 0.387500 0.017969 0.042188
1 0.009375 0.374219 0.017969 0.049219
1 0.012500 0.364844 0.025000 0.048438
1 0.017188 0.358594 0.034375 0.044531
2 0.474219 0.571094 0.047656 0.056250
2 0.911719 0.767188 0.176563 0.253906
2 0.543750 0.449219 0.078906 0.062500
2 0.585938 0.483594 0.089063 0.079687
2 0.641406 0.539062 0.093750 0.102344
2 0.406250 0.467187 0.035937 0.032813
2 0.442188 0.374219 0.055469 0.035937
2 0.461719 0.390625 0.059375 0.041406
2 0.537500 0.667188 0.067969 0.089063
1 0.437500 0.440625 0.012500 0.011719
1 0.428125 0.437500 0.014063 0.012500
1 0.432812 0.426563 0.009375 0.014844
1 0.416406 0.421094 0.011719 0.012500
1 0.426563 0.423438 0.012500 0.010937
2 0.713281 0.915625 0.120313 0.165625
2 0.593750 0.759375 0.082812 0.107813
2 0.769531 0.972656 0.035937 0.052344
2 0.497656 0.528125 0.064844 0.062500
1 0.840625 0.906250 0.096875 0.176563
1 0.787500 0.865625 0.085156 0.110937
1 0.737500 0.792969 0.064062 0.137500
1 0.797656 0.801562 0.082812 0.135156
1 0.571094 0.555469 0.046094 0.069531
1 0.569531 0.601562 0.046094 0.058594
1 0.539062 0.581250 0.015625 0.056250
1 0.524219 0.557813 0.014844 0.062500
1 0.547656 0.537500 0.030469 0.064844
1 0.512500 0.300781 0.043750 0.055469
1 0.497656 0.296094 0.040625 0.052344
1 0.460156 0.289062 0.011719 0.043750
1 0.471875 0.292969 0.011719 0.046094
1 0.482031 0.249219 0.034375 0.049219
1 0.471094 0.246094 0.035937 0.044531
1 0.459375 0.244531 0.032031 0.043750
1 0.450781 0.240625 0.034375 0.041406
1 0.450000 0.284375 0.010937 0.041406
1 0.440625 0.280469 0.010937 0.039062
1 0.432812 0.275781 0.009375 0.039062
1 0.421875 0.254688 0.026562 0.037500
1 0.415625 0.252344 0.026562 0.035937
1 0.409375 0.250781 0.026562 0.034375
1 0.400000 0.248438 0.019531 0.032813
1 0.396094 0.246875 0.022656 0.032031
1 0.391406 0.244531 0.023438 0.029687
1 0.387500 0.242969 0.024219 0.030469
1 0.428125 0.347656 0.028906 0.034375
1 0.421094 0.345313 0.027344 0.037500
1 0.403906 0.341406 0.006250 0.032031
1 0.413281 0.311719 0.028906 0.034375
1 0.399219 0.337500 0.006250 0.029687
1 0.393750 0.333594 0.006250 0.028906
1 0.388281 0.328125 0.006250 0.028906
1 0.382812 0.324219 0.006250 0.028906
1 0.403906 0.308594 0.021094 0.034375
1 0.400781 0.303906 0.024219 0.032031
1 0.395313 0.300781 0.024219 0.032031
2 0.668750 0.455469 0.039062 0.029687
2 0.994531 0.418750 0.010937 0.028906
2 0.763281 0.350000 0.053906 0.027344
2 0.803906 0.361719 0.062500 0.032031
2 0.859375 0.380469 0.067969 0.037500
2 0.826562 0.549219 0.061719 0.052344
2 0.699219 0.467187 0.044531 0.026562
2 0.578125 0.400781 0.030469 0.020313
2 0.650000 0.317188 0.040625 0.020313
2 0.674219 0.324219 0.042188 0.021094
2 0.741406 0.499219 0.050781 0.037500
1 0.995313 0.510156 0.009375 0.004687
1 0.605469 0.350000 0.012500 0.006250
2 0.897656 0.590625 0.074219 0.064844
2 0.961719 0.632031 0.076563 0.076563
1 0.853906 0.450781 0.027344 0.015625
1 0.842187 0.444531 0.005469 0.003906
1 0.807813 0.431250 0.017969 0.011719
1 0.834375 0.426563 0.035937 0.042188
1 0.787500 0.407813 0.032031 0.037500
1 0.795312 0.426563 0.005469 0.006250
1 0.770312 0.401562 0.027344 0.035156
1 0.628125 0.303906 0.022656 0.026562
1 0.618750 0.300781 0.020313 0.024219
1 0.603906 0.299219 0.009375 0.022656
1 0.610938 0.276562 0.021094 0.023438
1 0.595313 0.296875 0.009375 0.021094
1 0.586719 0.294531 0.009375 0.021094
1 0.578906 0.292187 0.008594 0.021094
1 0.571875 0.289062 0.007812 0.022656
1 0.600781 0.275000 0.019531 0.024219
1 0.593750 0.274219 0.019531 0.022656
1 0.584375 0.271875 0.017969 0.022656
1 0.634375 0.234375 0.022656 0.024219
1 0.621875 0.233594 0.017969 0.024219
1 0.611719 0.232813 0.014844 0.024219
1 0.602344 0.230469 0.015625 0.023438
1 0.596094 0.230469 0.019531 0.022656
1 0.587500 0.230469 0.017188 0.022656
1 0.577344 0.228906 0.014063 0.022656
1 0.747656 0.258594 0.017188 0.032031
1 0.717969 0.255469 0.014844 0.030469
1 0.690625 0.253906 0.015625 0.027344
1 0.705469 0.255469 0.017188 0.028906
1 0.714063 0.226562 0.028906 0.029687
1 0.696094 0.225781 0.021094 0.028906
1 0.684375 0.225781 0.024219 0.027344
1 0.671875 0.224219 0.022656 0.026562
1 0.677344 0.251563 0.014844 0.026562
1 0.665625 0.250000 0.014063 0.025781
1 0.653125 0.248438 0.012500 0.026562
