1 0.397656 0.662500 0.160938 0.470313
1 0.167187 0.709375 0.285938 0.555469
1 0.096094 0.279687 0.187500 0.414844
1 0.258594 0.325000 0.127344 0.333594
1 0.386719 0.369531 0.129688 0.260937
1 0.484375 0.380469 0.079687 0.205469
1 0.503906 0.625781 0.074219 0.278125
1 0.600000 0.514844 0.189844 0.448437
1 0.729688 0.589844 0.079687 0.214062
1 0.816406 0.604688 0.098437 0.243750
1 0.722656 0.371875 0.064844 0.179688
1 0.836719 0.113281 0.096094 0.200781
1 0.743750 0.149219 0.079687 0.171094
1 0.652344 0.183594 0.064844 0.162500
1 0.582031 0.220312 0.062500 0.149219
1 0.399219 0.228906 0.100781 0.124219
1 0.287500 0.171094 0.127344 0.214062
1 0.174219 0.085156 0.089063 0.170313
1 0.062500 0.061719 0.125000 0.115625
