3 0.143750 0.985938 0.077344 0.025781
2 0.435937 0.628906 0.055469 0.071875
2 0.715625 0.356250 0.053906 0.034375
2 0.686719 0.365625 0.055469 0.036719
2 0.528125 0.419531 0.055469 0.053125
2 0.565625 0.406250 0.058594 0.046094
2 0.608594 0.395313 0.053906 0.040625
2 0.197656 0.747656 0.080469 0.106250
2 0.362500 0.481250 0.058594 0.074219
2 0.411719 0.464844 0.058594 0.068750
2 0.531250 0.583594 0.053125 0.060937
1 0.702344 0.432031 0.032031 0.035937
1 0.316406 0.596094 0.014063 0.029687
1 0.298438 0.610938 0.014063 0.032031
1 0.282031 0.603906 0.014844 0.039062
1 0.239844 0.631250 0.017188 0.033594
1 0.263281 0.614062 0.015625 0.031250
2 0.638281 0.532031 0.050000 0.039062
2 0.579688 0.564063 0.051562 0.043750
2 0.674219 0.520312 0.034375 0.031250
2 0.699219 0.507031 0.035937 0.028906
2 0.482031 0.537500 0.053906 0.067969
1 0.678125 0.446094 0.014844 0.038281
1 0.660156 0.450781 0.027344 0.039844
1 0.646094 0.453125 0.031250 0.045312
1 0.661719 0.424219 0.032031 0.040625
1 0.560937 0.465625 0.024219 0.046875
1 0.564063 0.500781 0.016406 0.034375
1 0.542188 0.500781 0.028125 0.046875
1 0.528125 0.503906 0.024219 0.054688
1 0.542969 0.471094 0.029687 0.048438
1 0.492188 0.325000 0.032813 0.057031
1 0.475781 0.329688 0.022656 0.057031
1 0.429688 0.346875 0.025781 0.046875
1 0.453906 0.341406 0.024219 0.046094
1 0.446875 0.292969 0.035156 0.058594
1 0.423438 0.296875 0.035156 0.060156
1 0.398438 0.301563 0.035937 0.063281
1 0.371875 0.306250 0.035937 0.064844
1 0.404687 0.353125 0.028125 0.048438
1 0.378906 0.358594 0.030469 0.049219
1 0.350000 0.356250 0.035937 0.066406
1 0.277344 0.353125 0.040625 0.071875
1 0.242969 0.359375 0.043750 0.075000
1 0.207031 0.366406 0.047656 0.078125
1 0.168750 0.373437 0.051562 0.080469
1 0.128906 0.382031 0.056250 0.084375
1 0.085938 0.389844 0.061719 0.086719
1 0.041406 0.399219 0.069531 0.090625
1 0.297656 0.485156 0.035156 0.074219
1 0.267188 0.494531 0.037500 0.075781
1 0.235937 0.517969 0.040625 0.050781
1 0.228125 0.463281 0.046094 0.078125
1 0.202344 0.528906 0.043750 0.053125
1 0.167969 0.540625 0.046875 0.053906
1 0.131250 0.553125 0.050781 0.054688
1 0.092188 0.552344 0.055469 0.084375
1 0.191406 0.471875 0.046094 0.081250
1 0.155469 0.482812 0.050000 0.084375
1 0.116406 0.492969 0.053906 0.088281
2 0.377344 0.414844 0.031250 0.028125
2 0.558594 0.266406 0.030469 0.016406
2 0.536719 0.270313 0.031250 0.016406
2 0.331250 0.366406 0.010937 0.005469
2 0.466406 0.285938 0.004687 0.014063
2 0.479687 0.282031 0.028125 0.017969
2 0.485938 0.385156 0.029687 0.024219
2 0.403906 0.407031 0.031250 0.026562
2 0.254688 0.447656 0.017188 0.026562
2 0.330469 0.308594 0.029687 0.025000
2 0.350000 0.304688 0.013281 0.021875
2 0.439063 0.398438 0.028906 0.025000
1 0.539062 0.317188 0.016406 0.011719
2 0.514062 0.381250 0.026562 0.015625
2 0.536719 0.374219 0.023438 0.016406
2 0.556250 0.367969 0.023438 0.015625
1 0.294531 0.306250 0.013281 0.031250
1 0.281250 0.305469 0.017188 0.025781
1 0.265625 0.311719 0.017969 0.019531
1 0.263281 0.294531 0.017969 0.017969
1 0.250000 0.314063 0.018750 0.018750
1 0.233594 0.316406 0.019531 0.018750
1 0.217188 0.319531 0.019531 0.019531
1 0.200000 0.318750 0.020313 0.028125
1 0.246875 0.297656 0.018750 0.017969
1 0.230469 0.299219 0.019531 0.017969
1 0.213281 0.302344 0.019531 0.017969
1 0.283594 0.231250 0.013281 0.028125
1 0.270313 0.232813 0.019531 0.030469
1 0.253906 0.234375 0.019531 0.029687
1 0.237500 0.236719 0.020313 0.032031
1 0.220312 0.239063 0.021875 0.033594
1 0.203125 0.240625 0.021094 0.033594
1 0.184375 0.242188 0.022656 0.034375
1 0.402344 0.229687 0.016406 0.028125
1 0.390625 0.231250 0.014063 0.028125
1 0.364844 0.231250 0.014844 0.014844
1 0.378125 0.234375 0.014844 0.024219
1 0.375000 0.209375 0.017188 0.028125
1 0.361719 0.210156 0.017188 0.028125
1 0.347656 0.211719 0.017969 0.028906
1 0.333594 0.212500 0.017969 0.028906
1 0.350781 0.232813 0.014844 0.015625
1 0.336719 0.234375 0.014844 0.014844
1 0.321875 0.231250 0.016406 0.016406
2 0.855469 0.676562 0.077344 0.098437
2 0.627344 0.372656 0.032031 0.014063
