2 0.127344 0.783594 0.074219 0.084375
2 0.060937 0.574219 0.121094 0.050000
2 0.042969 0.611719 0.085938 0.078906
2 0.178906 0.653125 0.041406 0.036719
2 0.121094 0.518750 0.088281 0.028906
2 0.103125 0.532031 0.102344 0.038281
2 0.075000 0.932813 0.085938 0.126562
1 0.157812 0.614062 0.017188 0.015625
1 0.155469 0.610156 0.021094 0.016406
1 0.168750 0.599219 0.019531 0.018750
1 0.169531 0.589844 0.018750 0.007031
1 0.174219 0.596094 0.017969 0.011719
2 0.109375 0.705469 0.061719 0.061719
1 0.032031 0.737500 0.064062 0.112500
1 0.034375 0.812500 0.068750 0.123438
1 0.074219 0.770312 0.019531 0.090625
1 0.089063 0.742969 0.017969 0.082031
1 0.046875 0.704688 0.066406 0.086719
1 0.052344 0.386719 0.076563 0.064062
1 0.105469 0.392188 0.012500 0.054688
1 0.124219 0.396094 0.010156 0.048438
1 0.114844 0.394531 0.011719 0.051562
1 0.082031 0.340625 0.072656 0.060937
1 0.121094 0.349219 0.010937 0.050781
1 0.129688 0.353906 0.010156 0.048438
1 0.136719 0.357031 0.008594 0.044531
1 0.132031 0.398438 0.009375 0.044531
1 0.139063 0.400000 0.008594 0.042969
1 0.145313 0.400781 0.007812 0.040625
1 0.148438 0.389062 0.014844 0.036719
1 0.162500 0.390625 0.003906 0.033594
1 0.166406 0.392188 0.005469 0.032031
1 0.170313 0.393750 0.004687 0.030469
1 0.173437 0.395313 0.004687 0.029687
1 0.177344 0.396875 0.003906 0.028906
1 0.180469 0.396875 0.003906 0.028125
1 0.141406 0.493750 0.039844 0.028125
1 0.150000 0.493750 0.039844 0.034375
1 0.171875 0.491406 0.004687 0.033594
1 0.152344 0.460938 0.039844 0.034375
1 0.175000 0.489063 0.004687 0.032031
1 0.178906 0.486719 0.003906 0.029687
1 0.182031 0.484375 0.003906 0.028906
1 0.184375 0.482031 0.003906 0.028125
1 0.158594 0.458594 0.034375 0.030469
1 0.171875 0.457031 0.014844 0.029687
1 0.165625 0.456250 0.033594 0.028125
2 0.507812 0.647656 0.044531 0.038281
2 0.939844 0.607031 0.118750 0.083594
2 0.833594 0.576562 0.142969 0.070312
2 0.438281 0.536719 0.021094 0.016406
2 0.484375 0.565625 0.041406 0.025781
2 0.507031 0.576562 0.046094 0.028125
2 0.524219 0.592969 0.043750 0.032031
2 0.565625 0.507812 0.060937 0.025000
2 0.598437 0.516406 0.067969 0.029687
2 0.643750 0.530469 0.075781 0.036719
2 0.643750 0.777344 0.080469 0.084375
2 0.530469 0.668750 0.050000 0.044531
2 0.444531 0.589844 0.031250 0.021875
2 0.482812 0.486719 0.043750 0.016406
2 0.499219 0.491406 0.047656 0.018750
2 0.564063 0.702344 0.058594 0.054688
1 0.832031 0.764062 0.092188 0.113281
1 0.455469 0.540625 0.015625 0.026562
2 0.718750 0.853125 0.099219 0.113281
2 0.807813 0.928906 0.132031 0.139844
2 0.900781 0.967969 0.103125 0.063281
2 0.733594 0.723437 0.106250 0.073438
1 0.646094 0.651563 0.036719 0.064844
1 0.628906 0.643750 0.041406 0.051562
1 0.600000 0.630469 0.017969 0.054688
1 0.630469 0.598437 0.041406 0.056250
1 0.589844 0.579688 0.036719 0.048438
1 0.589063 0.619531 0.036719 0.044531
1 0.564063 0.610938 0.013281 0.041406
1 0.551562 0.601562 0.011719 0.043750
1 0.575000 0.573438 0.034375 0.046094
1 0.470313 0.475000 0.022656 0.024219
1 0.464062 0.474219 0.021094 0.024219
1 0.450000 0.473438 0.004687 0.021875
1 0.457813 0.450781 0.021094 0.023438
1 0.445312 0.471875 0.004687 0.021875
1 0.440625 0.471094 0.004687 0.021094
1 0.435937 0.469531 0.004687 0.021094
1 0.431250 0.468750 0.003906 0.020313
1 0.446875 0.450000 0.008594 0.021875
1 0.439844 0.449219 0.003906 0.021094
1 0.441406 0.448437 0.016406 0.021094
1 0.469531 0.401562 0.021094 0.024219
1 0.455469 0.402344 0.005469 0.023438
1 0.450000 0.403125 0.005469 0.023438
1 0.445312 0.403906 0.004687 0.021875
1 0.439844 0.404687 0.004687 0.021875
1 0.435156 0.405469 0.003906 0.021094
1 0.431250 0.405469 0.003906 0.020313
1 0.540625 0.405469 0.031250 0.033594
1 0.519531 0.406250 0.010156 0.031250
1 0.500781 0.408594 0.008594 0.029687
1 0.514844 0.407813 0.019531 0.030469
1 0.518750 0.376563 0.026562 0.031250
1 0.500781 0.378906 0.008594 0.030469
1 0.492188 0.380469 0.007812 0.029687
1 0.484375 0.382031 0.007031 0.028125
1 0.492188 0.409375 0.007812 0.028125
1 0.484375 0.409375 0.007031 0.026562
1 0.477344 0.410156 0.006250 0.025781
