2 0.454688 0.640625 0.055469 0.057031
2 0.943750 0.547656 0.110937 0.073438
2 0.864062 0.533594 0.114062 0.068750
2 0.292187 0.519531 0.054688 0.039844
2 0.407031 0.555469 0.058594 0.049219
2 0.452344 0.564063 0.058594 0.051562
2 0.496094 0.578906 0.050000 0.060156
2 0.558594 0.481250 0.055469 0.051562
2 0.610938 0.490625 0.063281 0.051562
2 0.681250 0.505469 0.071094 0.050000
2 0.668750 0.715625 0.061719 0.079687
2 0.495312 0.655469 0.050781 0.061719
2 0.303906 0.589063 0.055469 0.045312
2 0.396875 0.455469 0.060156 0.042969
2 0.434375 0.461719 0.058594 0.044531
2 0.557813 0.678906 0.055469 0.068750
1 0.847656 0.658594 0.058594 0.082031
1 0.333594 0.524219 0.033594 0.046875
2 0.748437 0.742969 0.073438 0.085938
2 0.821094 0.770312 0.082031 0.085156
2 0.898438 0.794531 0.096875 0.098437
2 0.764062 0.643750 0.078906 0.073438
1 0.679688 0.611719 0.029687 0.067969
1 0.653906 0.604688 0.028125 0.066406
1 0.628125 0.597656 0.026562 0.065625
1 0.657031 0.567969 0.028906 0.066406
1 0.599219 0.554688 0.027344 0.063281
1 0.596875 0.593750 0.026562 0.055469
1 0.573438 0.594531 0.023438 0.039844
1 0.552344 0.578906 0.022656 0.060937
1 0.576562 0.549219 0.027344 0.060156
1 0.360938 0.435937 0.034375 0.046094
1 0.343750 0.433594 0.032031 0.044531
1 0.321094 0.435937 0.017969 0.034375
1 0.326562 0.399219 0.036719 0.042969
1 0.305469 0.432812 0.017969 0.034375
1 0.290625 0.430469 0.017969 0.033594
1 0.276562 0.428125 0.017188 0.033594
1 0.262500 0.422656 0.016406 0.038281
1 0.310156 0.396875 0.033594 0.041406
1 0.295312 0.394531 0.033594 0.040625
1 0.280469 0.392969 0.032031 0.040625
1 0.354687 0.332031 0.036719 0.041406
1 0.336719 0.330469 0.034375 0.040625
1 0.320312 0.329688 0.035156 0.040625
1 0.303906 0.328125 0.034375 0.039844
1 0.287500 0.326562 0.032813 0.039062
1 0.272656 0.325781 0.032031 0.039062
1 0.259375 0.324219 0.032813 0.038281
1 0.517188 0.360156 0.030469 0.050000
1 0.494531 0.358594 0.031250 0.049219
1 0.447656 0.357812 0.021094 0.041406
1 0.468750 0.359375 0.021094 0.041406
1 0.473438 0.316406 0.032813 0.046094
1 0.451562 0.315625 0.032813 0.044531
1 0.432031 0.314844 0.033594 0.044531
1 0.410938 0.313281 0.031250 0.043750
1 0.427344 0.356250 0.021094 0.039844
1 0.407813 0.353906 0.020313 0.039844
1 0.389062 0.350000 0.019531 0.044531
