2 0.074219 0.765625 0.094531 0.060937
2 0.127344 0.425781 0.027344 0.053125
2 0.103906 0.386719 0.043750 0.082031
2 0.110937 0.695312 0.058594 0.031250
2 0.139844 0.483594 0.003906 0.024219
2 0.132031 0.471875 0.012500 0.028906
2 0.071875 0.850781 0.036719 0.091406
1 0.124219 0.613281 0.007812 0.011719
1 0.123438 0.608594 0.011719 0.015625
1 0.136719 0.609375 0.003125 0.010156
2 0.033594 0.942187 0.053906 0.114062
2 0.106250 0.628906 0.029687 0.032031
1 0.043750 0.532813 0.086719 0.095312
1 0.040625 0.628906 0.080469 0.094531
1 0.082031 0.621875 0.013281 0.081250
1 0.089844 0.617969 0.011719 0.075000
1 0.087500 0.540625 0.011719 0.080469
1 0.126562 0.235937 0.004687 0.025000
1 0.135937 0.276562 0.002344 0.032031
1 0.137500 0.290625 0.003125 0.050000
1 0.139063 0.305469 0.003125 0.044531
1 0.142187 0.352344 0.002344 0.015625
1 0.132031 0.457031 0.013281 0.011719
1 0.143750 0.494531 0.001563 0.014844
1 0.143750 0.470313 0.002344 0.028125
2 0.496875 0.676562 0.046875 0.024219
2 0.925000 0.423438 0.136719 0.060156
2 0.810156 0.448437 0.103125 0.046094
2 0.414062 0.596875 0.025781 0.008594
2 0.470313 0.600781 0.042969 0.013281
2 0.496094 0.602344 0.046875 0.014063
2 0.519531 0.604688 0.047656 0.014844
2 0.553125 0.503906 0.041406 0.019531
2 0.586719 0.496875 0.044531 0.021094
2 0.639844 0.486719 0.061719 0.025781
2 0.653906 0.726562 0.077344 0.045312
2 0.524219 0.684375 0.052344 0.026562
2 0.418750 0.653125 0.034375 0.014844
2 0.457031 0.521875 0.020313 0.014063
2 0.487500 0.517969 0.046094 0.014844
2 0.564063 0.698438 0.059375 0.032031
1 0.829688 0.610938 0.077344 0.060937
1 0.435156 0.591406 0.018750 0.023438
2 0.735938 0.752344 0.092969 0.058594
2 0.823438 0.780469 0.112500 0.075781
2 0.936719 0.815625 0.125781 0.094531
2 0.736719 0.621875 0.091406 0.025000
1 0.654687 0.601562 0.039062 0.042969
1 0.625000 0.600781 0.021094 0.040625
1 0.605469 0.600000 0.018750 0.039062
1 0.632031 0.559375 0.036719 0.040625
1 0.589063 0.561719 0.033594 0.035937
1 0.584375 0.598437 0.022656 0.035937
1 0.565625 0.598437 0.014844 0.035156
1 0.550781 0.596875 0.014063 0.033594
1 0.564844 0.561719 0.014844 0.035156
1 0.453125 0.517969 0.022656 0.023438
1 0.437500 0.519531 0.007031 0.023438
1 0.431250 0.521094 0.006250 0.021875
1 0.438281 0.499219 0.021094 0.023438
1 0.425000 0.522656 0.005469 0.021094
1 0.418750 0.524219 0.005469 0.021094
1 0.412500 0.525781 0.005469 0.020313
1 0.407031 0.526563 0.005469 0.020313
1 0.425000 0.501563 0.006250 0.021875
1 0.418750 0.503906 0.005469 0.021875
1 0.413281 0.505469 0.005469 0.021094
1 0.451562 0.446094 0.017969 0.024219
1 0.439063 0.449219 0.007031 0.023438
1 0.432031 0.453125 0.006250 0.021875
1 0.425781 0.456250 0.006250 0.021094
1 0.420312 0.458594 0.005469 0.021094
1 0.414062 0.461719 0.005469 0.020313
1 0.408594 0.464062 0.004687 0.019531
1 0.532813 0.420312 0.028125 0.031250
1 0.513281 0.425781 0.011719 0.030469
1 0.491406 0.435156 0.009375 0.028125
1 0.501563 0.430469 0.010156 0.029687
1 0.510156 0.403906 0.025781 0.032031
1 0.491406 0.409375 0.009375 0.030469
1 0.482031 0.414844 0.008594 0.029687
1 0.472656 0.419531 0.008594 0.028125
1 0.482031 0.439063 0.008594 0.026562
1 0.472656 0.443750 0.008594 0.025781
1 0.464062 0.446875 0.007812 0.025781
