2 0.359375 0.842187 0.149219 0.174219
2 0.714844 0.416406 0.034375 0.017969
2 0.685937 0.412500 0.059375 0.021094
2 0.532813 0.378906 0.097656 0.037500
2 0.592969 0.391406 0.056250 0.029687
2 0.628906 0.400781 0.052344 0.026562
2 0.167969 0.275000 0.206250 0.117969
2 0.334375 0.319531 0.134375 0.082031
2 0.541406 0.721094 0.100000 0.088281
1 0.706250 0.515625 0.034375 0.035156
2 0.661719 0.644531 0.065625 0.037500
2 0.603125 0.684375 0.082812 0.053125
2 0.697656 0.627344 0.034375 0.032813
2 0.716406 0.614062 0.030469 0.028906
2 0.465625 0.590625 0.120313 0.067187
1 0.693750 0.519531 0.008594 0.039062
1 0.674219 0.521094 0.030469 0.040625
1 0.659375 0.523438 0.040625 0.044531
1 0.669531 0.482812 0.039062 0.039062
1 0.588281 0.489063 0.017188 0.056250
1 0.589063 0.544531 0.017969 0.058594
1 0.569531 0.548438 0.020313 0.060937
1 0.531250 0.551562 0.056250 0.069531
1 0.554688 0.489844 0.050000 0.058594
1 0.497656 0.151562 0.029687 0.084375
1 0.465625 0.126562 0.035156 0.091406
1 0.381250 0.064062 0.050000 0.114844
1 0.425781 0.098437 0.041406 0.100781
1 0.425781 0.039844 0.041406 0.079687
1 0.379688 0.022656 0.050000 0.045312
1 0.351562 0.002344 0.006250 0.004687
1 0.325781 0.044531 0.060937 0.088281
1 0.260937 0.024219 0.071094 0.047656
2 0.230469 0.599219 0.057813 0.022656
2 0.485938 0.438281 0.032813 0.010937
2 0.459375 0.437500 0.030469 0.010937
2 0.170313 0.527344 0.064062 0.022656
2 0.230469 0.521875 0.057813 0.020313
2 0.282813 0.517188 0.046875 0.017969
2 0.327344 0.428906 0.042188 0.014063
2 0.366406 0.432031 0.035156 0.012500
2 0.400000 0.434375 0.034375 0.010937
2 0.401562 0.570312 0.039062 0.019531
2 0.278906 0.594531 0.052344 0.027344
2 0.160156 0.417187 0.056250 0.019531
2 0.213281 0.421094 0.050000 0.017969
2 0.331250 0.584375 0.032813 0.023438
1 0.465625 0.496875 0.017969 0.021094
1 0.016406 0.525781 0.032813 0.044531
2 0.437500 0.560937 0.037500 0.007812
2 0.463281 0.555469 0.022656 0.005469
2 0.493750 0.555469 0.017188 0.012500
2 0.436719 0.505469 0.037500 0.009375
1 0.407813 0.500781 0.012500 0.024219
1 0.393750 0.502344 0.012500 0.025781
1 0.378125 0.502344 0.017969 0.026562
1 0.389062 0.476562 0.021094 0.023438
1 0.360938 0.477344 0.014063 0.025781
1 0.361719 0.504687 0.014844 0.026562
1 0.346875 0.505469 0.014844 0.026562
1 0.327344 0.505469 0.022656 0.029687
1 0.342969 0.478125 0.022656 0.026562
1 0.096875 0.402344 0.025781 0.040625
1 0.014063 0.395313 0.028125 0.043750
1 0.010937 0.369531 0.021094 0.011719
1 0.012500 0.262500 0.024219 0.042188
1 0.225781 0.294531 0.007812 0.008594
1 0.217188 0.315625 0.006250 0.006250
1 0.157812 0.302344 0.005469 0.007812
2 0.988281 0.665625 0.021094 0.037500
