1 0.001563 0.353125 0.003125 0.031250
2 0.487500 0.746875 0.063281 0.029687
2 0.951562 0.373437 0.096094 0.073438
2 0.376563 0.650000 0.033594 0.010937
2 0.445312 0.646875 0.044531 0.014844
2 0.486719 0.646094 0.060156 0.016406
2 0.524219 0.644531 0.067969 0.018750
2 0.564063 0.505469 0.046094 0.031250
2 0.621875 0.489063 0.069531 0.036719
2 0.700781 0.463281 0.091406 0.046094
2 0.735156 0.807031 0.111719 0.066406
2 0.526563 0.756250 0.069531 0.034375
2 0.379688 0.721875 0.045312 0.018750
2 0.446875 0.546094 0.047656 0.021094
2 0.473438 0.536719 0.053906 0.024219
2 0.588281 0.771875 0.083594 0.043750
1 0.987500 0.603906 0.024219 0.086719
1 0.403906 0.640625 0.024219 0.028906
2 0.892188 0.843750 0.160938 0.095312
2 0.978125 0.860938 0.042188 0.078125
2 0.872656 0.634375 0.143750 0.031250
1 0.726562 0.619531 0.052344 0.061719
1 0.685156 0.621875 0.036719 0.058594
1 0.653125 0.624219 0.032031 0.055469
1 0.688281 0.565625 0.048438 0.059375
1 0.621875 0.576562 0.042969 0.051562
1 0.620313 0.626563 0.037500 0.050781
1 0.590625 0.628125 0.024219 0.049219
1 0.567969 0.629687 0.021875 0.046094
1 0.589063 0.580469 0.023438 0.050000
1 0.428125 0.546094 0.027344 0.028906
1 0.410156 0.549219 0.009375 0.029687
1 0.400781 0.553125 0.008594 0.028125
1 0.410938 0.525781 0.027344 0.029687
1 0.392188 0.555469 0.008594 0.026562
1 0.384375 0.558594 0.008594 0.025781
1 0.376563 0.560937 0.007812 0.025000
1 0.369531 0.563281 0.007031 0.025000
1 0.393750 0.529687 0.008594 0.029687
1 0.385156 0.533594 0.008594 0.028125
1 0.378125 0.536719 0.007812 0.026562
1 0.428906 0.457813 0.022656 0.028906
1 0.413281 0.464062 0.009375 0.028125
1 0.404687 0.468750 0.008594 0.026562
1 0.396094 0.474219 0.008594 0.025781
1 0.388281 0.478906 0.007812 0.025000
1 0.380469 0.483594 0.007031 0.024219
1 0.373437 0.487500 0.007031 0.023438
1 0.537500 0.412500 0.035156 0.046875
1 0.512500 0.416406 0.015625 0.039062
1 0.482812 0.433594 0.013281 0.035156
1 0.496875 0.425781 0.014063 0.035937
1 0.506250 0.394531 0.032031 0.040625
1 0.482812 0.403906 0.013281 0.039062
1 0.470313 0.412500 0.012500 0.038281
1 0.458594 0.419531 0.011719 0.035937
1 0.469531 0.441406 0.012500 0.033594
1 0.457813 0.448437 0.011719 0.032031
1 0.446875 0.454688 0.010937 0.031250
