3 0.005469 0.963281 0.010937 0.070312
2 0.421875 0.656250 0.060156 0.056250
2 0.761719 0.412500 0.062500 0.015625
2 0.725000 0.414062 0.066406 0.016406
2 0.535937 0.422656 0.058594 0.021094
2 0.581250 0.421094 0.063281 0.020313
2 0.632031 0.419531 0.057813 0.019531
2 0.129688 0.712500 0.115625 0.078906
2 0.341406 0.428906 0.061719 0.026562
2 0.400000 0.428125 0.055469 0.025781
2 0.541406 0.633594 0.062500 0.049219
1 0.752344 0.503125 0.038281 0.035937
1 0.285938 0.565625 0.018750 0.021875
1 0.263281 0.571875 0.021094 0.023438
1 0.247656 0.564063 0.021094 0.033594
1 0.197656 0.578125 0.025781 0.024219
1 0.226562 0.569531 0.021875 0.023438
2 0.678906 0.608594 0.063281 0.035156
2 0.603906 0.624219 0.062500 0.039062
2 0.725000 0.603906 0.045312 0.026562
2 0.758594 0.596875 0.046094 0.024219
2 0.480469 0.546875 0.056250 0.042969
1 0.722656 0.507031 0.016406 0.039062
1 0.698438 0.508594 0.033594 0.039844
1 0.682031 0.510156 0.035937 0.042969
1 0.699219 0.475781 0.036719 0.039844
1 0.572656 0.486719 0.032031 0.045312
1 0.578906 0.526563 0.019531 0.039062
1 0.558594 0.529687 0.019531 0.039062
1 0.533594 0.527344 0.030469 0.049219
1 0.553906 0.488281 0.032031 0.046094
1 0.498437 0.296875 0.023438 0.044531
1 0.474219 0.296094 0.024219 0.045312
1 0.423438 0.292187 0.026562 0.046875
1 0.449219 0.294531 0.025000 0.046094
1 0.448437 0.248438 0.025781 0.048438
1 0.422656 0.245312 0.027344 0.050000
1 0.394531 0.242969 0.028125 0.050000
1 0.367188 0.239844 0.029687 0.051562
1 0.396094 0.290625 0.027344 0.048438
1 0.368750 0.289062 0.028906 0.048438
1 0.339844 0.286719 0.030469 0.050781
1 0.269531 0.260937 0.042969 0.054688
1 0.231250 0.257031 0.038281 0.055469
1 0.196094 0.253906 0.039844 0.056250
1 0.158594 0.251563 0.041406 0.058594
1 0.120313 0.248438 0.044531 0.059375
1 0.079687 0.244531 0.046094 0.060937
1 0.037500 0.241406 0.049219 0.063281
1 0.275781 0.416406 0.041406 0.050000
1 0.239844 0.417969 0.038281 0.051562
1 0.204687 0.418750 0.038281 0.050781
1 0.208594 0.366406 0.052344 0.053125
1 0.169531 0.419531 0.039844 0.053125
1 0.132812 0.420312 0.041406 0.053906
1 0.094531 0.421875 0.043750 0.054688
1 0.053906 0.421094 0.046875 0.057031
1 0.165625 0.365625 0.039844 0.053906
1 0.128125 0.365625 0.042969 0.055469
1 0.088281 0.365625 0.044531 0.056250
2 0.402344 0.518750 0.028906 0.016406
2 0.594531 0.400000 0.024219 0.007031
2 0.568750 0.400000 0.030469 0.007031
2 0.265625 0.474219 0.041406 0.015625
2 0.370312 0.468750 0.030469 0.014063
2 0.401562 0.466406 0.029687 0.014063
2 0.431250 0.465625 0.025781 0.014063
2 0.460938 0.403906 0.023438 0.009375
2 0.484375 0.403125 0.028906 0.008594
2 0.512500 0.403125 0.028906 0.008594
2 0.515625 0.507812 0.020313 0.015625
2 0.429688 0.515625 0.028906 0.016406
2 0.270313 0.531250 0.039844 0.019531
2 0.364063 0.405469 0.026562 0.010156
2 0.390625 0.404687 0.025781 0.009375
2 0.464844 0.513281 0.028906 0.016406
1 0.571094 0.453125 0.016406 0.016406
1 0.303906 0.467969 0.017188 0.019531
2 0.596094 0.502344 0.014844 0.010156
2 0.544531 0.458594 0.030469 0.009375
1 0.520312 0.455469 0.003906 0.016406
1 0.508594 0.456250 0.005469 0.016406
1 0.493750 0.457031 0.010937 0.016406
1 0.482812 0.457813 0.010156 0.017969
1 0.471875 0.458594 0.010156 0.017969
1 0.459375 0.458594 0.013281 0.017969
1 0.334375 0.399219 0.015625 0.021875
1 0.321875 0.399219 0.010156 0.021875
1 0.303906 0.399219 0.010937 0.021094
1 0.303125 0.376563 0.010937 0.021875
1 0.291406 0.399219 0.014844 0.021094
1 0.290625 0.376563 0.014844 0.021875
1 0.275781 0.376563 0.014844 0.021875
1 0.260937 0.376563 0.015625 0.021875
1 0.332813 0.338281 0.015625 0.007031
1 0.320312 0.338281 0.009375 0.007031
1 0.289062 0.328906 0.014844 0.023438
1 0.274219 0.328125 0.015625 0.023438
1 0.259375 0.328125 0.015625 0.024219
1 0.243750 0.327344 0.016406 0.023438
1 0.438281 0.346094 0.011719 0.015625
1 0.425781 0.345313 0.011719 0.014844
1 0.401562 0.344531 0.012500 0.015625
1 0.414062 0.344531 0.011719 0.015625
1 0.389062 0.343750 0.012500 0.015625
1 0.376563 0.343750 0.012500 0.015625
1 0.363281 0.343750 0.013281 0.016406
2 0.975781 0.724219 0.046875 0.075000
2 0.657031 0.500000 0.014063 0.013281
