2 0.383594 0.782031 0.078906 0.090625
2 0.700000 0.474219 0.055469 0.016406
2 0.672656 0.475781 0.058594 0.018750
2 0.006250 0.742969 0.012500 0.035937
2 0.303125 0.686719 0.091406 0.081250
2 0.382812 0.659375 0.082031 0.066406
2 0.450781 0.641406 0.071094 0.060156
2 0.507031 0.495312 0.066406 0.028125
2 0.550000 0.490625 0.067187 0.024219
2 0.595313 0.486719 0.059375 0.021875
2 0.598437 0.687500 0.063281 0.053125
2 0.446094 0.753906 0.075000 0.078125
2 0.016406 0.926562 0.032813 0.079687
2 0.286719 0.518750 0.081250 0.045312
2 0.359375 0.511719 0.075000 0.039844
2 0.514844 0.725781 0.070312 0.066406
1 0.678125 0.564063 0.032031 0.038281
1 0.089063 0.723437 0.105469 0.100781
2 0.639844 0.672656 0.059375 0.035937
2 0.678906 0.660156 0.037500 0.031250
2 0.704688 0.648438 0.035937 0.028125
2 0.642188 0.584375 0.052344 0.026562
1 0.608594 0.584375 0.015625 0.045312
1 0.583594 0.589063 0.033594 0.045312
1 0.573438 0.592187 0.022656 0.050781
1 0.583594 0.551562 0.035156 0.046875
1 0.543750 0.559375 0.035156 0.050781
1 0.552344 0.603125 0.017969 0.043750
1 0.533594 0.608594 0.018750 0.045312
1 0.509375 0.608594 0.028906 0.058594
1 0.525781 0.564063 0.036719 0.051562
1 0.189844 0.507812 0.057031 0.073438
1 0.139063 0.511719 0.064844 0.078125
1 0.078906 0.519531 0.063281 0.075781
1 0.083594 0.445312 0.082031 0.074219
1 0.025781 0.523438 0.051562 0.079687
1 0.023438 0.446094 0.046875 0.078125
1 0.184375 0.303906 0.058594 0.074219
1 0.128125 0.296094 0.058594 0.078125
1 0.069531 0.289062 0.065625 0.083594
1 0.020313 0.281250 0.040625 0.084375
1 0.471094 0.361719 0.024219 0.049219
1 0.445312 0.358594 0.025781 0.050781
1 0.388281 0.353125 0.031250 0.055469
1 0.417969 0.356250 0.028125 0.053125
1 0.417187 0.304688 0.028906 0.055469
1 0.387500 0.299219 0.032031 0.058594
1 0.355469 0.293750 0.033594 0.061719
1 0.319531 0.288281 0.039844 0.064844
1 0.357031 0.350000 0.033594 0.057031
1 0.322656 0.346875 0.036719 0.060156
1 0.285156 0.342187 0.039844 0.064062
2 0.865625 0.650781 0.067969 0.046094
