2 0.377344 0.742188 0.100000 0.158594
2 0.886719 0.268750 0.105469 0.046094
2 0.845313 0.278906 0.105469 0.050781
2 0.562500 0.344531 0.114844 0.087500
2 0.635156 0.326562 0.119531 0.072656
2 0.712500 0.313281 0.106250 0.062500
2 0.141406 0.450000 0.196094 0.164062
2 0.286719 0.416406 0.137500 0.139063
2 0.559375 0.653906 0.096875 0.120313
1 0.850000 0.402344 0.064062 0.058594
1 0.090625 0.694531 0.043750 0.065625
1 0.040625 0.727344 0.062500 0.080469
1 0.021094 0.706250 0.042188 0.091406
2 0.738281 0.565625 0.091406 0.070312
2 0.643750 0.619531 0.093750 0.082812
2 0.798438 0.548438 0.056250 0.052344
2 0.836719 0.527344 0.053906 0.047656
2 0.467187 0.575781 0.102344 0.141406
1 0.816406 0.423438 0.028906 0.059375
1 0.784375 0.427344 0.056250 0.069531
1 0.760938 0.431250 0.064062 0.077344
1 0.790625 0.378906 0.067969 0.072656
1 0.619531 0.437500 0.055469 0.093750
1 0.623437 0.506250 0.034375 0.064062
1 0.584375 0.505469 0.055469 0.090625
1 0.557031 0.512500 0.047656 0.105469
1 0.585938 0.446875 0.061719 0.097656
1 0.496094 0.095312 0.053906 0.115625
1 0.439844 0.095312 0.060937 0.122656
1 0.312500 0.092969 0.085156 0.135156
1 0.378906 0.093750 0.071094 0.127344
1 0.375781 0.017188 0.067969 0.034375
1 0.303906 0.014063 0.076563 0.028125
1 0.225781 0.012500 0.085938 0.025000
1 0.137500 0.009375 0.096094 0.017969
1 0.237500 0.091406 0.100781 0.142187
1 0.153125 0.089063 0.119531 0.152344
1 0.064844 0.086719 0.129688 0.164844
1 0.030469 0.432031 0.060937 0.160938
2 0.345313 0.371875 0.039062 0.022656
2 0.599219 0.190625 0.034375 0.014063
2 0.565625 0.193750 0.042188 0.014844
2 0.130469 0.337500 0.069531 0.037500
2 0.292187 0.314844 0.047656 0.032031
2 0.337500 0.306250 0.043750 0.029687
2 0.380469 0.300781 0.037500 0.029687
2 0.417187 0.207031 0.035156 0.020313
2 0.450781 0.203125 0.041406 0.019531
2 0.489844 0.201563 0.041406 0.015625
2 0.491406 0.341406 0.034375 0.017188
2 0.382812 0.364063 0.040625 0.021094
2 0.154688 0.409375 0.007812 0.012500
2 0.271094 0.218750 0.046094 0.026562
2 0.312500 0.215625 0.040625 0.024219
2 0.429688 0.354687 0.038281 0.017969
1 0.567187 0.264844 0.021094 0.027344
1 0.195312 0.319531 0.043750 0.040625
2 0.532813 0.278125 0.040625 0.017969
1 0.499219 0.274219 0.012500 0.032031
1 0.481250 0.277344 0.020313 0.032813
1 0.467969 0.278906 0.019531 0.034375
1 0.481250 0.250000 0.020313 0.034375
1 0.447656 0.253906 0.019531 0.034375
1 0.450781 0.284375 0.014844 0.027344
1 0.435937 0.285938 0.017969 0.030469
1 0.419531 0.285938 0.020313 0.035156
1 0.433594 0.255469 0.020313 0.035156
1 0.223438 0.221094 0.029687 0.022656
1 0.198437 0.222656 0.026562 0.022656
1 0.174219 0.224219 0.027344 0.022656
1 0.150781 0.225781 0.028906 0.023438
1 0.125000 0.227344 0.030469 0.023438
1 0.099219 0.229687 0.030469 0.023438
1 0.076563 0.231250 0.025781 0.024219
