3 0.340625 0.525000 0.034375 0.100781
2 0.149219 0.639844 0.074219 0.041406
2 0.225000 0.518750 0.037500 0.014063
2 0.164062 0.535937 0.064844 0.019531
2 0.143750 0.546094 0.074219 0.024219
2 0.130469 0.559375 0.052344 0.027344
2 0.064062 0.432031 0.125781 0.023438
2 0.042188 0.425781 0.084375 0.029687
2 0.225781 0.578906 0.037500 0.020313
2 0.192188 0.442188 0.014844 0.014063
2 0.155469 0.439844 0.058594 0.015625
2 0.079687 0.703906 0.078906 0.058594
1 0.032813 0.524219 0.065625 0.059375
1 0.033594 0.580469 0.067187 0.064844
1 0.076563 0.569531 0.021094 0.056250
1 0.096094 0.562500 0.019531 0.052344
1 0.047656 0.519531 0.077344 0.053125
1 0.096094 0.305469 0.061719 0.053125
1 0.132812 0.317188 0.014063 0.044531
1 0.156250 0.332031 0.010937 0.038281
1 0.146094 0.325000 0.012500 0.041406
1 0.125000 0.285938 0.052344 0.050781
1 0.155469 0.297656 0.011719 0.042188
1 0.165625 0.305469 0.010937 0.040625
1 0.175000 0.312500 0.009375 0.038281
1 0.167187 0.338281 0.010937 0.035937
1 0.175781 0.344531 0.009375 0.034375
1 0.185156 0.348438 0.008594 0.032813
1 0.192969 0.346875 0.024219 0.029687
1 0.208594 0.352344 0.006250 0.027344
1 0.214062 0.355469 0.006250 0.026562
1 0.219531 0.360156 0.005469 0.026562
1 0.225000 0.363281 0.005469 0.024219
1 0.228906 0.366406 0.005469 0.024219
1 0.234375 0.369531 0.003906 0.022656
1 0.189844 0.434375 0.035156 0.028906
1 0.210938 0.436719 0.006250 0.026562
1 0.216406 0.437500 0.005469 0.025781
1 0.203125 0.411719 0.032031 0.027344
1 0.221875 0.438281 0.005469 0.025781
1 0.226562 0.439063 0.003906 0.024219
1 0.231250 0.439063 0.005469 0.023438
1 0.235937 0.440625 0.003906 0.023438
1 0.221094 0.412500 0.006250 0.025781
1 0.225781 0.414844 0.005469 0.023438
1 0.230469 0.416406 0.003906 0.024219
2 0.026562 0.765625 0.053125 0.072656
2 0.492969 0.597656 0.039062 0.025781
2 0.800781 0.389062 0.206250 0.067187
2 0.690625 0.408594 0.130469 0.044531
2 0.506250 0.440625 0.017188 0.015625
2 0.539062 0.437500 0.046094 0.019531
2 0.569531 0.432812 0.064844 0.022656
2 0.459375 0.559375 0.026562 0.014844
2 0.475781 0.446094 0.035937 0.010937
2 0.480469 0.444531 0.032031 0.010937
2 0.515625 0.635156 0.038281 0.038281
1 0.764062 0.654687 0.109375 0.122656
1 0.467187 0.516406 0.003125 0.007812
1 0.473438 0.509375 0.010937 0.005469
1 0.464844 0.512500 0.006250 0.005469
2 0.605469 0.747656 0.069531 0.084375
2 0.553125 0.671094 0.065625 0.047656
2 0.669531 0.817969 0.108594 0.119531
2 0.777344 0.915625 0.189062 0.165625
2 0.492969 0.534375 0.028906 0.020313
1 0.672656 0.605469 0.069531 0.085156
1 0.626563 0.595313 0.023438 0.071094
1 0.605469 0.582812 0.019531 0.067969
1 0.647656 0.532813 0.062500 0.069531
1 0.538281 0.503906 0.035937 0.040625
1 0.539062 0.542188 0.035156 0.039062
1 0.517188 0.537500 0.007812 0.039062
1 0.510938 0.534375 0.006250 0.037500
1 0.528906 0.501563 0.029687 0.037500
1 0.510938 0.346094 0.029687 0.029687
1 0.492969 0.351562 0.005469 0.030469
1 0.482812 0.360156 0.003906 0.026562
1 0.487500 0.355469 0.005469 0.028906
1 0.499219 0.328906 0.026562 0.034375
1 0.482812 0.334375 0.003906 0.029687
1 0.478906 0.339062 0.003906 0.029687
1 0.475000 0.343750 0.003125 0.027344
1 0.478906 0.364063 0.003906 0.025781
1 0.475000 0.367188 0.003125 0.024219
1 0.471094 0.371094 0.003125 0.023438
1 0.467187 0.368750 0.010937 0.022656
1 0.460156 0.371094 0.003125 0.021094
1 0.457813 0.373437 0.002344 0.019531
1 0.455469 0.376563 0.002344 0.019531
1 0.452344 0.378906 0.002344 0.019531
1 0.450000 0.380469 0.002344 0.017188
1 0.447656 0.383594 0.002344 0.015625
1 0.472656 0.434375 0.020313 0.010937
1 0.460156 0.441406 0.003125 0.021094
1 0.457813 0.441406 0.002344 0.021094
1 0.465625 0.420312 0.017969 0.021094
1 0.455469 0.442188 0.002344 0.020313
1 0.452344 0.442188 0.002344 0.020313
1 0.450000 0.442969 0.002344 0.020313
1 0.447656 0.443750 0.002344 0.019531
1 0.455469 0.421875 0.002344 0.020313
1 0.452344 0.422656 0.002344 0.020313
1 0.450000 0.423438 0.002344 0.019531
2 0.704688 0.571094 0.041406 0.017969
2 0.990625 0.431250 0.017969 0.017969
2 0.622656 0.501563 0.023438 0.007812
2 0.689063 0.510938 0.019531 0.012500
2 0.705469 0.514844 0.042188 0.012500
2 0.732812 0.520312 0.046094 0.014844
2 0.861719 0.625781 0.074219 0.032031
2 0.732031 0.580469 0.046875 0.020313
2 0.611719 0.544531 0.002344 0.007812
2 0.772656 0.594531 0.055469 0.023438
1 0.642188 0.494531 0.017188 0.008594
2 0.940625 0.653125 0.093750 0.042188
2 0.983594 0.669531 0.032813 0.034375
2 0.951562 0.554688 0.096875 0.025000
1 0.875000 0.530469 0.024219 0.035937
1 0.831250 0.527344 0.009375 0.030469
1 0.817969 0.525000 0.019531 0.032813
1 0.846094 0.496094 0.035937 0.030469
1 0.801562 0.493750 0.032813 0.029687
1 0.800781 0.522656 0.032031 0.029687
1 0.777344 0.519531 0.015625 0.028906
1 0.762500 0.517188 0.014063 0.028906
1 0.778906 0.492188 0.017188 0.028906
1 0.646094 0.425781 0.017969 0.015625
1 0.632812 0.432812 0.006250 0.005469
1 0.625781 0.427344 0.005469 0.014844
1 0.661719 0.384375 0.019531 0.020313
1 0.648438 0.386719 0.007812 0.020313
1 0.640625 0.389062 0.006250 0.017969
1 0.634375 0.390625 0.006250 0.017188
1 0.628906 0.392188 0.003906 0.017969
1 0.614062 0.396094 0.002344 0.015625
1 0.746875 0.367188 0.027344 0.015625
1 0.726562 0.371094 0.012500 0.015625
1 0.703906 0.377344 0.010937 0.015625
1 0.714844 0.374219 0.010937 0.014844
1 0.722656 0.355469 0.025781 0.025781
1 0.703906 0.359375 0.010937 0.024219
1 0.694531 0.362500 0.009375 0.024219
1 0.684375 0.365625 0.009375 0.022656
1 0.694531 0.378906 0.009375 0.014063
1 0.684375 0.382031 0.008594 0.012500
1 0.675781 0.384375 0.008594 0.014063
2 0.161719 0.913281 0.214844 0.173437
