2 0.421875 0.674219 0.075781 0.034375
2 0.982031 0.348438 0.035156 0.036719
2 0.915625 0.355469 0.149219 0.050000
2 0.547656 0.404687 0.057031 0.028125
2 0.612500 0.396875 0.072656 0.028125
2 0.696094 0.387500 0.088281 0.030469
2 0.229687 0.658594 0.076563 0.025781
2 0.357031 0.426563 0.057813 0.025781
2 0.406250 0.421094 0.067969 0.026562
2 0.560156 0.686719 0.073438 0.040625
1 0.985156 0.530469 0.028906 0.064844
1 0.325781 0.560937 0.020313 0.010937
1 0.306250 0.560937 0.017969 0.011719
1 0.303906 0.557031 0.021094 0.018750
1 0.271875 0.561719 0.019531 0.010937
1 0.287500 0.561719 0.010937 0.010156
2 0.833594 0.709375 0.132031 0.053906
2 0.666406 0.695312 0.085938 0.046094
2 0.940625 0.719531 0.117969 0.053125
2 0.992969 0.704688 0.012500 0.010937
2 0.478125 0.555469 0.063281 0.020313
1 0.915625 0.531250 0.049219 0.063281
1 0.871094 0.533594 0.046094 0.060937
1 0.820312 0.533594 0.063281 0.060156
1 0.856250 0.472656 0.069531 0.061719
1 0.604688 0.488281 0.030469 0.050781
1 0.606250 0.539062 0.030469 0.050781
1 0.576562 0.540625 0.028906 0.050781
1 0.548438 0.540625 0.027344 0.050000
1 0.575781 0.490625 0.028906 0.050781
1 0.501563 0.281250 0.032813 0.042969
1 0.473438 0.286719 0.024219 0.042969
1 0.426563 0.296875 0.022656 0.040625
1 0.449219 0.292969 0.022656 0.040625
1 0.455469 0.253125 0.034375 0.045312
1 0.427344 0.259375 0.022656 0.044531
1 0.405469 0.264062 0.021094 0.043750
1 0.384375 0.269531 0.020313 0.043750
1 0.404687 0.301563 0.021094 0.039062
1 0.383594 0.306250 0.021094 0.039062
1 0.364063 0.310937 0.020313 0.039062
1 0.328906 0.310156 0.039062 0.044531
1 0.300781 0.310156 0.018750 0.035156
1 0.282813 0.314063 0.017969 0.034375
1 0.265625 0.317969 0.017969 0.034375
1 0.249219 0.321875 0.017188 0.033594
1 0.232813 0.325781 0.016406 0.033594
1 0.217188 0.330469 0.016406 0.032031
1 0.324219 0.424219 0.040625 0.039062
1 0.295312 0.426563 0.019531 0.038281
1 0.277344 0.428906 0.017969 0.035937
1 0.289844 0.392969 0.041406 0.039062
1 0.260156 0.431250 0.017969 0.035937
1 0.242969 0.433594 0.017969 0.035156
1 0.227344 0.435937 0.016406 0.034375
1 0.211719 0.437500 0.016406 0.034375
1 0.261719 0.396094 0.017969 0.038281
1 0.244531 0.398438 0.017969 0.038281
1 0.228906 0.400781 0.016406 0.036719
2 0.521875 0.621094 0.030469 0.010937
2 0.772656 0.488281 0.039844 0.014063
2 0.731250 0.490625 0.043750 0.014063
2 0.623437 0.497656 0.007031 0.008594
2 0.647656 0.496094 0.034375 0.009375
2 0.654687 0.621875 0.035156 0.005469
2 0.550781 0.621875 0.032031 0.010937
2 0.414844 0.617188 0.032813 0.010156
2 0.487500 0.503906 0.022656 0.010156
2 0.510156 0.503125 0.021875 0.009375
2 0.589063 0.623437 0.031250 0.011719
1 0.735156 0.555469 0.021094 0.017969
2 0.699219 0.627344 0.039844 0.014063
2 0.732031 0.628906 0.032031 0.014063
2 0.776563 0.630469 0.035937 0.013281
1 0.653906 0.556250 0.014844 0.017969
1 0.639844 0.556250 0.013281 0.016406
1 0.627344 0.556250 0.011719 0.016406
1 0.639844 0.535937 0.014844 0.021875
1 0.466406 0.500781 0.014063 0.019531
1 0.453906 0.500781 0.010156 0.018750
1 0.443750 0.501563 0.010156 0.018750
1 0.446094 0.482812 0.015625 0.019531
1 0.433594 0.502344 0.009375 0.017969
1 0.423438 0.503125 0.010156 0.018750
1 0.413281 0.503125 0.009375 0.017969
1 0.403906 0.503906 0.008594 0.018750
1 0.433594 0.483594 0.009375 0.018750
1 0.423438 0.484375 0.009375 0.018750
1 0.413281 0.485156 0.009375 0.018750
1 0.524219 0.444531 0.010156 0.016406
1 0.500781 0.418750 0.010156 0.004687
2 0.917188 0.622656 0.085938 0.019531
