2 0.358594 0.842969 0.149219 0.174219
2 0.714844 0.416406 0.033594 0.018750
2 0.685156 0.412500 0.059375 0.021094
2 0.532813 0.378906 0.097656 0.038281
2 0.592969 0.391406 0.055469 0.029687
2 0.629687 0.400781 0.052344 0.026562
2 0.167969 0.275000 0.206250 0.118750
2 0.333594 0.319531 0.134375 0.081250
2 0.541406 0.721094 0.100000 0.088281
1 0.706250 0.514844 0.033594 0.035156
2 0.661719 0.643750 0.066406 0.038281
2 0.603125 0.684375 0.083594 0.053906
2 0.697656 0.627344 0.033594 0.032031
2 0.715625 0.614062 0.030469 0.028906
2 0.464844 0.591406 0.120313 0.067969
1 0.693750 0.519531 0.008594 0.039062
1 0.673438 0.521094 0.030469 0.040625
1 0.659375 0.523438 0.040625 0.044531
1 0.669531 0.482031 0.039844 0.039062
1 0.588281 0.488281 0.017969 0.056250
1 0.588281 0.543750 0.017969 0.058594
1 0.568750 0.548438 0.020313 0.060937
1 0.530469 0.551562 0.056250 0.069531
1 0.554688 0.489844 0.050000 0.059375
1 0.497656 0.151562 0.030469 0.083594
1 0.464844 0.126562 0.035156 0.091406
1 0.380469 0.064062 0.050000 0.114844
1 0.426563 0.098437 0.041406 0.101562
1 0.426563 0.039844 0.041406 0.079687
1 0.380469 0.022656 0.049219 0.045312
1 0.352344 0.003125 0.006250 0.005469
1 0.325781 0.043750 0.060937 0.087500
1 0.260937 0.024219 0.071094 0.048438
2 0.230469 0.599219 0.057031 0.021875
2 0.485156 0.438281 0.033594 0.010156
2 0.458594 0.436719 0.030469 0.010937
2 0.170313 0.526563 0.064844 0.021875
2 0.230469 0.521094 0.057031 0.020313
2 0.282031 0.517969 0.046875 0.018750
2 0.327344 0.428906 0.042969 0.014063
2 0.365625 0.432031 0.035156 0.011719
2 0.400000 0.434375 0.033594 0.010937
2 0.401562 0.570312 0.039844 0.018750
2 0.279687 0.594531 0.052344 0.028125
2 0.160156 0.417187 0.055469 0.019531
2 0.213281 0.421094 0.050000 0.017969
2 0.331250 0.583594 0.032813 0.023438
1 0.465625 0.496875 0.017969 0.021094
1 0.016406 0.525000 0.032813 0.043750
2 0.436719 0.560937 0.037500 0.007031
2 0.463281 0.556250 0.021875 0.004687
2 0.493750 0.555469 0.017188 0.011719
2 0.436719 0.506250 0.038281 0.010156
1 0.407031 0.500781 0.012500 0.025000
1 0.393750 0.502344 0.013281 0.025000
1 0.378125 0.503125 0.017969 0.025781
1 0.389062 0.476562 0.021094 0.024219
1 0.360938 0.478125 0.014844 0.025781
1 0.361719 0.503906 0.014844 0.026562
1 0.346875 0.505469 0.014844 0.026562
1 0.327344 0.505469 0.022656 0.029687
1 0.342187 0.478125 0.022656 0.026562
1 0.096875 0.402344 0.025000 0.039844
1 0.014844 0.396094 0.028906 0.044531
1 0.010937 0.369531 0.021094 0.011719
1 0.012500 0.261719 0.024219 0.042969
1 0.226562 0.294531 0.007031 0.009375
1 0.217188 0.315625 0.006250 0.006250
1 0.157812 0.303125 0.005469 0.007031
2 0.988281 0.665625 0.021875 0.038281
