2 0.925781 0.497656 0.022656 0.014063
2 0.935937 0.518750 0.042188 0.032031
2 0.948438 0.624219 0.092188 0.082031
2 0.949219 0.580469 0.070312 0.042969
2 0.953125 0.564063 0.052344 0.046875
2 0.969531 0.898438 0.060156 0.200781
2 0.959375 0.774219 0.055469 0.125781
2 0.896875 0.942969 0.002344 0.101562
2 0.898438 0.773438 0.002344 0.021094
2 0.896094 0.843750 0.003906 0.071875
2 0.898438 0.693750 0.002344 0.035937
2 0.920312 0.897656 0.036719 0.126562
1 0.912500 0.649219 0.001563 0.016406
1 0.915625 0.656250 0.007812 0.030469
1 0.923438 0.792969 0.014063 0.091406
1 0.924219 0.742188 0.001563 0.010156
1 0.972656 0.427344 0.015625 0.084375
1 0.978906 0.432031 0.017188 0.094531
1 0.992188 0.443750 0.014844 0.114062
1 0.986719 0.438281 0.019531 0.101562
1 0.993750 0.338281 0.011719 0.096094
1 0.998437 0.376563 0.002344 0.019531
1 0.996875 0.484375 0.004687 0.048438
2 0.416406 0.701562 0.060156 0.060937
2 0.610156 0.456250 0.036719 0.014844
2 0.593750 0.460938 0.038281 0.015625
2 0.125781 0.755469 0.113281 0.111719
2 0.370312 0.641406 0.069531 0.059375
2 0.415625 0.615625 0.061719 0.050000
2 0.457813 0.596875 0.054688 0.042969
2 0.491406 0.489063 0.049219 0.025781
2 0.517188 0.482031 0.048438 0.023438
2 0.546094 0.475781 0.039844 0.020313
2 0.547656 0.617188 0.042969 0.035937
2 0.453906 0.676562 0.055469 0.053125
2 0.145313 0.881250 0.105469 0.135937
2 0.359375 0.526563 0.067969 0.041406
2 0.402344 0.514844 0.062500 0.036719
2 0.496875 0.650781 0.049219 0.044531
1 0.598437 0.523438 0.019531 0.028125
1 0.242969 0.685937 0.055469 0.075000
2 0.573438 0.603125 0.039844 0.025000
2 0.598437 0.590625 0.023438 0.021875
2 0.614062 0.579688 0.022656 0.020313
2 0.576562 0.541406 0.032031 0.018750
1 0.555469 0.544531 0.009375 0.032031
1 0.539844 0.550781 0.021875 0.030469
1 0.534375 0.553125 0.013281 0.035937
1 0.538281 0.521875 0.025000 0.033594
1 0.514062 0.532031 0.025781 0.035937
1 0.521875 0.562500 0.010156 0.032031
1 0.510938 0.567969 0.010937 0.032031
1 0.490625 0.569531 0.027344 0.041406
1 0.503125 0.535937 0.027344 0.039062
1 0.299219 0.526563 0.039844 0.058594
1 0.273438 0.533594 0.033594 0.061719
1 0.241406 0.546094 0.036719 0.056250
1 0.235156 0.493750 0.043750 0.060937
1 0.205469 0.555469 0.041406 0.060156
1 0.165625 0.565625 0.046094 0.064062
1 0.120313 0.576562 0.052344 0.067969
1 0.070312 0.581250 0.060156 0.086719
1 0.200000 0.500000 0.046094 0.064844
1 0.160156 0.506250 0.048438 0.070312
1 0.114844 0.514062 0.053906 0.074219
1 0.298438 0.389062 0.032031 0.049219
1 0.267969 0.389062 0.034375 0.050781
1 0.233594 0.389844 0.038281 0.053906
1 0.196094 0.389844 0.043750 0.057031
1 0.153906 0.390625 0.049219 0.060937
1 0.106250 0.391406 0.055469 0.065625
1 0.052344 0.391406 0.064062 0.070312
1 0.472656 0.401562 0.014844 0.034375
1 0.457031 0.401562 0.015625 0.035156
1 0.422656 0.403906 0.018750 0.036719
1 0.440625 0.402344 0.016406 0.035937
1 0.440625 0.365625 0.017188 0.036719
1 0.422656 0.364844 0.018750 0.039062
1 0.403125 0.364063 0.020313 0.039844
1 0.375000 0.363281 0.035937 0.041406
1 0.403906 0.404687 0.020313 0.039062
1 0.383594 0.405469 0.021875 0.040625
1 0.354687 0.406250 0.037500 0.043750
2 0.708594 0.568750 0.035156 0.025000
