3 0.225781 0.458594 0.078125 0.174219
2 0.025781 0.488281 0.050781 0.054688
2 0.038281 0.581250 0.076563 0.075000
1 0.003906 0.356250 0.007812 0.030469
2 0.471875 0.578906 0.050781 0.066406
2 0.552344 0.441406 0.100000 0.079687
2 0.606250 0.489844 0.119531 0.109375
2 0.689844 0.578125 0.148438 0.159375
2 0.404687 0.453906 0.032031 0.035937
2 0.440625 0.348438 0.063281 0.039844
2 0.460156 0.366406 0.070312 0.046875
2 0.542188 0.707812 0.079687 0.111719
1 0.436719 0.425781 0.015625 0.014063
1 0.429688 0.421094 0.010937 0.014844
1 0.430469 0.409375 0.014063 0.017969
1 0.417187 0.403125 0.014063 0.013281
1 0.428125 0.403125 0.008594 0.005469
2 0.734375 0.989062 0.021875 0.019531
2 0.609375 0.839063 0.103906 0.154688
2 0.498437 0.532031 0.075781 0.078125
1 0.886719 0.968750 0.025781 0.060156
1 0.835156 0.927344 0.125781 0.143750
1 0.929688 0.957031 0.108594 0.083594
1 0.584375 0.580469 0.058594 0.089844
1 0.582812 0.635938 0.060156 0.078906
1 0.544531 0.605469 0.019531 0.071875
1 0.526563 0.575000 0.017969 0.078125
1 0.553125 0.553906 0.035937 0.081250
1 0.516406 0.253125 0.054688 0.067969
1 0.498437 0.248438 0.047656 0.063281
1 0.456250 0.241406 0.011719 0.053125
1 0.467969 0.244531 0.013281 0.056250
1 0.484375 0.189844 0.049219 0.057031
1 0.454688 0.189062 0.012500 0.053906
1 0.443750 0.188281 0.011719 0.051562
1 0.433594 0.186719 0.010156 0.048438
1 0.445312 0.238281 0.011719 0.050000
1 0.435156 0.234375 0.010156 0.048438
1 0.426563 0.230469 0.009375 0.046094
1 0.416406 0.208594 0.025781 0.041406
1 0.412500 0.207031 0.029687 0.039844
1 0.399219 0.206250 0.014844 0.038281
1 0.400781 0.204687 0.030469 0.036719
1 0.391406 0.203125 0.021875 0.035937
1 0.386719 0.202344 0.019531 0.034375
1 0.383594 0.200781 0.024219 0.033594
1 0.426563 0.317188 0.032813 0.038281
1 0.418750 0.314844 0.029687 0.042969
1 0.401562 0.311719 0.007031 0.035937
1 0.411719 0.278125 0.032031 0.039062
1 0.396094 0.306250 0.006250 0.033594
1 0.390625 0.301563 0.006250 0.033594
1 0.385937 0.297656 0.006250 0.032031
1 0.381250 0.292969 0.005469 0.031250
1 0.400000 0.273438 0.019531 0.038281
1 0.397656 0.269531 0.024219 0.035937
1 0.393750 0.266406 0.026562 0.035156
2 0.705469 0.449219 0.049219 0.038281
2 0.823438 0.325781 0.067969 0.025781
2 0.879687 0.344531 0.082031 0.040625
2 0.953906 0.367188 0.091406 0.046875
2 0.903906 0.573438 0.083594 0.071094
2 0.739844 0.470313 0.055469 0.042969
2 0.600781 0.385156 0.035156 0.024219
2 0.685156 0.292969 0.047656 0.021875
2 0.713281 0.300781 0.052344 0.025000
2 0.791406 0.505469 0.061719 0.050781
2 0.974219 0.621875 0.050000 0.068750
1 0.921094 0.410156 0.041406 0.024219
1 0.846094 0.384375 0.014844 0.013281
1 0.834375 0.430469 0.008594 0.011719
1 0.825000 0.432031 0.010156 0.016406
1 0.841406 0.378906 0.019531 0.014844
1 0.659375 0.276562 0.025781 0.028906
1 0.647656 0.273438 0.024219 0.028906
1 0.631250 0.271875 0.011719 0.025000
1 0.639062 0.246875 0.024219 0.026562
1 0.621094 0.269531 0.010937 0.024219
1 0.611719 0.266406 0.010156 0.024219
1 0.603125 0.264062 0.009375 0.023438
1 0.594531 0.261719 0.008594 0.025000
1 0.628125 0.245312 0.021094 0.025781
1 0.619531 0.242969 0.022656 0.025000
1 0.609375 0.241406 0.019531 0.025000
1 0.667969 0.196875 0.027344 0.028906
1 0.655469 0.196094 0.025781 0.028125
1 0.638281 0.196094 0.012500 0.026562
1 0.627344 0.194531 0.011719 0.025000
1 0.623437 0.193750 0.022656 0.025000
1 0.607812 0.193750 0.010156 0.024219
1 0.599219 0.192969 0.009375 0.023438
1 0.800000 0.219531 0.039844 0.038281
1 0.778906 0.217969 0.037500 0.036719
1 0.736719 0.215625 0.021094 0.032031
1 0.753906 0.217188 0.022656 0.034375
1 0.765625 0.182812 0.036719 0.034375
1 0.740625 0.182031 0.021094 0.033594
1 0.724219 0.182031 0.020313 0.032031
1 0.708594 0.181250 0.017969 0.031250
1 0.720313 0.214062 0.019531 0.031250
1 0.704688 0.212500 0.017969 0.030469
1 0.690625 0.210938 0.016406 0.030469
