2 0.475781 0.660937 0.055469 0.053906
2 0.989844 0.562500 0.019531 0.017969
2 0.929688 0.571875 0.139063 0.079687
2 0.351562 0.531250 0.037500 0.028125
2 0.437500 0.567969 0.054688 0.039062
2 0.475000 0.580469 0.057813 0.043750
2 0.513281 0.598437 0.060156 0.050000
2 0.570312 0.499219 0.064844 0.039844
2 0.621094 0.510156 0.075000 0.044531
2 0.692187 0.527344 0.078906 0.049219
2 0.685937 0.782031 0.076563 0.098437
2 0.513281 0.682031 0.059375 0.060156
2 0.360156 0.596875 0.045312 0.034375
2 0.432031 0.471875 0.055469 0.028125
2 0.460938 0.478125 0.057813 0.030469
2 0.569531 0.716406 0.065625 0.071094
1 0.921875 0.744531 0.086719 0.113281
1 0.382812 0.536719 0.026562 0.038281
2 0.787500 0.838281 0.093750 0.121875
2 0.892188 0.895312 0.123438 0.148438
2 0.968750 0.937500 0.061719 0.123438
2 0.803906 0.709375 0.098437 0.094531
1 0.696875 0.653906 0.036719 0.075781
1 0.667188 0.648438 0.036719 0.060937
1 0.637500 0.632031 0.028906 0.068750
1 0.670312 0.599219 0.036719 0.069531
1 0.609375 0.580469 0.035156 0.061719
1 0.608594 0.624219 0.035156 0.057031
1 0.580469 0.618750 0.022656 0.046875
1 0.559375 0.603906 0.021094 0.059375
1 0.587500 0.573438 0.033594 0.059375
1 0.406250 0.456250 0.029687 0.035937
1 0.392188 0.453906 0.024219 0.035156
1 0.375000 0.453906 0.010937 0.029687
1 0.382812 0.423438 0.028906 0.031250
1 0.364063 0.451562 0.010937 0.028906
1 0.353906 0.449219 0.010156 0.028906
1 0.345313 0.446875 0.010156 0.028125
1 0.335938 0.444531 0.009375 0.028906
1 0.370312 0.421875 0.025000 0.030469
1 0.360156 0.421094 0.024219 0.030469
1 0.350781 0.419531 0.024219 0.029687
1 0.403906 0.363281 0.030469 0.031250
1 0.383594 0.363281 0.011719 0.031250
1 0.371875 0.363281 0.010937 0.029687
1 0.361719 0.363281 0.010937 0.029687
1 0.351562 0.363281 0.010156 0.028906
1 0.342187 0.363281 0.010156 0.028125
1 0.332813 0.363281 0.009375 0.028125
1 0.531250 0.378906 0.033594 0.040625
1 0.504687 0.378125 0.017969 0.039844
1 0.470313 0.378125 0.016406 0.036719
1 0.486719 0.378125 0.017188 0.038281
1 0.494531 0.339062 0.033594 0.039062
1 0.469531 0.339844 0.016406 0.036719
1 0.453906 0.340625 0.014844 0.036719
1 0.439063 0.341406 0.014063 0.035156
1 0.454688 0.377344 0.014844 0.035937
1 0.439844 0.376563 0.014844 0.035156
1 0.425781 0.376563 0.013281 0.034375
