3 0.273438 0.519531 0.057813 0.132812
2 0.110156 0.779687 0.043750 0.076563
2 0.105469 0.549219 0.032813 0.038281
2 0.096094 0.635156 0.022656 0.055469
2 0.087500 0.674219 0.046875 0.067187
2 0.087500 0.728906 0.046875 0.077344
2 0.046094 0.625000 0.092188 0.092188
2 0.037500 0.691406 0.074219 0.127344
2 0.007812 0.775781 0.014844 0.092188
2 0.126562 0.622656 0.014844 0.038281
2 0.055469 0.502344 0.082031 0.034375
2 0.046094 0.535937 0.092188 0.064844
2 0.110156 0.946094 0.024219 0.105469
1 0.052344 0.810156 0.035937 0.124219
1 0.050000 0.887500 0.064062 0.149219
1 0.078125 0.824219 0.015625 0.094531
1 0.079687 0.787500 0.019531 0.087500
1 0.065625 0.762500 0.017969 0.096094
1 0.015625 0.400781 0.031250 0.076563
1 0.045312 0.383594 0.014063 0.058594
1 0.039844 0.387500 0.015625 0.061719
1 0.018750 0.327344 0.037500 0.064062
1 0.037500 0.326562 0.011719 0.057813
1 0.041406 0.325781 0.014844 0.055469
1 0.046094 0.323437 0.012500 0.053125
1 0.050781 0.378906 0.014063 0.055469
1 0.055469 0.375000 0.012500 0.052344
1 0.059375 0.371094 0.011719 0.049219
1 0.059375 0.347656 0.017969 0.044531
1 0.062500 0.342969 0.026562 0.037500
1 0.062500 0.342187 0.027344 0.038281
1 0.068750 0.340625 0.022656 0.037500
1 0.064844 0.340625 0.032031 0.035937
1 0.069531 0.339062 0.028906 0.035156
1 0.061719 0.472656 0.053125 0.044531
1 0.067187 0.449219 0.029687 0.008594
1 0.092188 0.466406 0.002344 0.015625
1 0.071094 0.430469 0.029687 0.034375
1 0.093750 0.465625 0.003906 0.014063
1 0.094531 0.447656 0.005469 0.035937
1 0.096094 0.442969 0.006250 0.035156
1 0.096094 0.438281 0.007812 0.034375
1 0.085938 0.414844 0.007812 0.032031
1 0.086719 0.412500 0.009375 0.034375
1 0.087500 0.410156 0.010937 0.035156
2 0.472656 0.575781 0.043750 0.040625
2 0.866406 0.572656 0.122656 0.092188
2 0.767188 0.535156 0.100781 0.072656
2 0.533594 0.451562 0.056250 0.032813
2 0.567187 0.463281 0.061719 0.037500
2 0.607812 0.482812 0.060937 0.042188
2 0.400000 0.515625 0.034375 0.025781
2 0.443750 0.421094 0.044531 0.023438
2 0.461719 0.427344 0.046875 0.024219
2 0.532031 0.625781 0.053125 0.053906
1 0.828906 0.714844 0.077344 0.102344
1 0.434375 0.482812 0.010937 0.010937
1 0.425000 0.481250 0.011719 0.009375
1 0.425000 0.472656 0.011719 0.008594
1 0.412500 0.471875 0.010937 0.009375
1 0.419531 0.473438 0.007812 0.008594
2 0.670312 0.739062 0.076563 0.092188
2 0.580469 0.670312 0.061719 0.057813
2 0.734375 0.791406 0.088281 0.114844
2 0.816406 0.859375 0.105469 0.146094
2 0.494531 0.527344 0.049219 0.037500
1 0.738281 0.657031 0.046875 0.082031
1 0.707812 0.647656 0.043750 0.060937
1 0.675781 0.624219 0.030469 0.072656
1 0.712500 0.597656 0.046094 0.073438
1 0.558594 0.519531 0.032031 0.047656
1 0.557813 0.555469 0.032813 0.042188
1 0.535156 0.548438 0.012500 0.039062
1 0.522656 0.536719 0.012500 0.043750
1 0.544531 0.512500 0.030469 0.046094
1 0.507812 0.350781 0.029687 0.034375
1 0.493750 0.349219 0.027344 0.034375
1 0.464062 0.347656 0.009375 0.029687
1 0.475781 0.348438 0.010937 0.030469
1 0.483594 0.317188 0.028906 0.029687
1 0.464062 0.317188 0.010937 0.029687
1 0.453906 0.317188 0.009375 0.029687
1 0.444531 0.316406 0.008594 0.028906
1 0.453906 0.346094 0.010937 0.028906
1 0.445312 0.345313 0.009375 0.028906
1 0.437500 0.343750 0.008594 0.027344
1 0.425781 0.330469 0.024219 0.026562
1 0.410156 0.330469 0.007812 0.024219
1 0.403906 0.329688 0.007812 0.023438
1 0.403125 0.328906 0.019531 0.024219
1 0.393750 0.328906 0.012500 0.023438
1 0.385156 0.328906 0.006250 0.023438
1 0.378906 0.328125 0.006250 0.022656
1 0.427344 0.405469 0.023438 0.027344
1 0.419531 0.403906 0.021094 0.027344
1 0.405469 0.402344 0.006250 0.024219
1 0.411719 0.378125 0.021094 0.026562
1 0.399219 0.400000 0.006250 0.023438
1 0.392188 0.398438 0.006250 0.022656
1 0.386719 0.396094 0.005469 0.022656
1 0.382031 0.393750 0.006250 0.023438
1 0.405469 0.376563 0.021094 0.025781
1 0.399219 0.375000 0.019531 0.024219
1 0.392969 0.373437 0.020313 0.023438
2 0.540625 0.422656 0.020313 0.012500
2 0.595313 0.439844 0.030469 0.015625
2 0.618750 0.446094 0.032813 0.017188
2 0.642969 0.452344 0.032813 0.017969
1 0.840625 0.501563 0.037500 0.037500
1 0.558594 0.423438 0.014844 0.019531
2 0.790625 0.496875 0.047656 0.025781
1 0.742188 0.473438 0.022656 0.029687
1 0.727344 0.471094 0.021094 0.025781
1 0.711719 0.466406 0.014844 0.028906
1 0.729688 0.448437 0.021094 0.028906
1 0.698438 0.440625 0.020313 0.026562
1 0.697656 0.462500 0.020313 0.025781
1 0.680469 0.459375 0.012500 0.023438
1 0.671875 0.454688 0.009375 0.026562
1 0.685937 0.437500 0.017969 0.025781
1 0.577344 0.371094 0.015625 0.006250
1 0.569531 0.369531 0.014844 0.006250
1 0.562500 0.357812 0.015625 0.017969
1 0.532813 0.364063 0.003125 0.005469
1 0.553906 0.357031 0.011719 0.017969
1 0.546094 0.355469 0.011719 0.017969
1 0.540625 0.355469 0.012500 0.017188
1 0.578906 0.323437 0.015625 0.017188
1 0.567187 0.323437 0.008594 0.017188
1 0.560156 0.323437 0.007812 0.017188
1 0.552344 0.323437 0.007812 0.017188
1 0.549219 0.322656 0.014844 0.017188
1 0.538281 0.322656 0.008594 0.017188
1 0.532813 0.321875 0.003125 0.015625
1 0.660937 0.335156 0.014063 0.021094
1 0.642188 0.334375 0.008594 0.020313
1 0.623437 0.334375 0.010937 0.019531
1 0.632812 0.334375 0.010937 0.020313
1 0.637500 0.314063 0.017969 0.020313
1 0.624219 0.313281 0.010937 0.020313
1 0.614062 0.313281 0.010937 0.020313
1 0.604688 0.313281 0.009375 0.020313
1 0.613281 0.333594 0.009375 0.017969
1 0.603906 0.332813 0.009375 0.017969
1 0.595313 0.332031 0.009375 0.019531
2 0.975000 0.674219 0.050000 0.059375
