2 0.417969 0.789062 0.074219 0.033594
2 0.896875 0.510156 0.107031 0.028125
2 0.826562 0.513281 0.102344 0.028125
2 0.187500 0.666406 0.088281 0.016406
2 0.353906 0.665625 0.065625 0.019531
2 0.420312 0.665625 0.067969 0.019531
2 0.482812 0.664062 0.057031 0.020313
2 0.550000 0.525000 0.050781 0.020313
2 0.606250 0.524219 0.063281 0.018750
2 0.674219 0.521875 0.071875 0.018750
2 0.701562 0.796094 0.091406 0.036719
2 0.478906 0.789844 0.067969 0.033594
2 0.178125 0.782813 0.096094 0.030469
2 0.353125 0.530469 0.052344 0.021875
2 0.407031 0.528906 0.061719 0.023438
2 0.564844 0.792969 0.068750 0.035156
1 0.853125 0.646875 0.064844 0.050000
1 0.254688 0.653125 0.049219 0.043750
2 0.790625 0.798438 0.107031 0.036719
2 0.875781 0.802344 0.096875 0.034375
2 0.949219 0.803125 0.100781 0.035937
2 0.774219 0.664062 0.096875 0.018750
1 0.695312 0.649219 0.032031 0.046875
1 0.667188 0.649219 0.030469 0.046875
1 0.635938 0.649219 0.036719 0.046875
1 0.659375 0.603125 0.039062 0.046094
1 0.601562 0.603906 0.027344 0.045312
1 0.603906 0.650000 0.028125 0.046094
1 0.577344 0.650781 0.027344 0.046094
1 0.550781 0.650781 0.027344 0.046094
1 0.575000 0.604688 0.028906 0.044531
1 0.314844 0.524219 0.040625 0.038281
1 0.284375 0.525781 0.025000 0.038281
1 0.262500 0.526563 0.024219 0.036719
1 0.275000 0.489063 0.042969 0.038281
1 0.240625 0.527344 0.025000 0.035937
1 0.219531 0.528125 0.025000 0.035937
1 0.197656 0.528906 0.025000 0.035937
1 0.177344 0.530469 0.025000 0.035937
1 0.244531 0.490625 0.024219 0.038281
1 0.223438 0.491406 0.025000 0.036719
1 0.202344 0.492969 0.024219 0.036719
1 0.325000 0.415625 0.038281 0.045312
1 0.296094 0.410156 0.023438 0.031250
1 0.275000 0.411719 0.022656 0.032031
1 0.254688 0.413281 0.023438 0.031250
1 0.233594 0.414062 0.022656 0.031250
1 0.213281 0.415625 0.022656 0.031250
1 0.193750 0.416406 0.023438 0.031250
1 0.502344 0.411719 0.023438 0.034375
1 0.478906 0.413281 0.023438 0.034375
1 0.433594 0.415625 0.022656 0.033594
1 0.455469 0.414844 0.022656 0.033594
1 0.458594 0.380469 0.027344 0.035937
1 0.434375 0.381250 0.022656 0.036719
1 0.411719 0.382812 0.022656 0.035937
1 0.389844 0.384375 0.022656 0.035937
1 0.410938 0.417969 0.023438 0.033594
1 0.388281 0.418750 0.022656 0.033594
1 0.366406 0.420312 0.022656 0.033594
