2 0.407031 0.697656 0.097656 0.046875
2 0.676562 0.483594 0.019531 0.017969
2 0.649219 0.475781 0.041406 0.020313
2 0.529687 0.426563 0.053906 0.030469
2 0.564844 0.441406 0.042969 0.025781
2 0.601562 0.455469 0.029687 0.023438
2 0.337500 0.337500 0.086719 0.065625
2 0.408594 0.367969 0.067969 0.053125
2 0.531250 0.673438 0.073438 0.033594
1 0.670312 0.560937 0.022656 0.028125
1 0.213281 0.536719 0.028906 0.020313
1 0.176563 0.533594 0.030469 0.024219
1 0.136719 0.525781 0.033594 0.034375
1 0.024219 0.521875 0.048438 0.028125
1 0.088281 0.527344 0.039844 0.025000
2 0.630469 0.653125 0.055469 0.019531
2 0.579688 0.664062 0.064062 0.025000
2 0.662500 0.648438 0.029687 0.017969
2 0.679688 0.644531 0.028125 0.015625
2 0.475781 0.552344 0.080469 0.025000
1 0.654687 0.559375 0.008594 0.029687
1 0.646094 0.557813 0.008594 0.030469
1 0.626563 0.557031 0.032031 0.032031
1 0.634375 0.527344 0.030469 0.032031
1 0.564063 0.508594 0.014063 0.041406
1 0.564063 0.548438 0.014063 0.039844
1 0.549219 0.546875 0.015625 0.041406
1 0.521875 0.544531 0.039844 0.044531
1 0.538281 0.506250 0.036719 0.043750
1 0.498437 0.283594 0.019531 0.046875
1 0.478906 0.268750 0.021094 0.050781
1 0.432812 0.236719 0.025781 0.056250
1 0.457031 0.253125 0.022656 0.053125
1 0.457031 0.211719 0.022656 0.060937
1 0.433594 0.192969 0.025000 0.064844
1 0.407031 0.171094 0.028125 0.070312
1 0.370312 0.147656 0.047656 0.075000
1 0.406250 0.217188 0.028125 0.060156
1 0.376563 0.196094 0.031250 0.064844
1 0.336719 0.171875 0.049219 0.070312
1 0.247656 0.076563 0.050781 0.085938
1 0.196094 0.042969 0.057813 0.085156
1 0.136719 0.022656 0.067187 0.045312
1 0.232813 0.281250 0.055469 0.084375
1 0.177344 0.256250 0.063281 0.093750
1 0.112500 0.226562 0.075781 0.103906
1 0.117969 0.151562 0.074219 0.114062
1 0.040625 0.192969 0.080469 0.114844
1 0.043750 0.109375 0.087500 0.128125
1 0.003125 0.078125 0.006250 0.075000
2 0.274219 0.641406 0.047656 0.015625
2 0.490625 0.521875 0.022656 0.009375
2 0.467187 0.518750 0.029687 0.010937
2 0.357031 0.501563 0.035156 0.013281
2 0.389062 0.507031 0.027344 0.011719
2 0.416406 0.510938 0.027344 0.010937
2 0.414844 0.631250 0.036719 0.011719
2 0.314063 0.639062 0.042969 0.014844
2 0.038281 0.659375 0.075781 0.025000
2 0.233594 0.481250 0.042969 0.018750
2 0.272656 0.487500 0.037500 0.017969
2 0.357812 0.635156 0.041406 0.013281
2 0.446094 0.628906 0.032031 0.009375
2 0.470313 0.626563 0.022656 0.009375
2 0.490625 0.625781 0.024219 0.008594
1 0.359375 0.543750 0.003125 0.021094
1 0.185156 0.466406 0.023438 0.031250
1 0.161719 0.462500 0.025000 0.032031
1 0.137500 0.458594 0.026562 0.033594
1 0.139844 0.428125 0.026562 0.035156
1 0.111719 0.453906 0.028125 0.034375
1 0.084375 0.449219 0.030469 0.035937
1 0.054688 0.444531 0.032813 0.036719
1 0.023438 0.439063 0.035156 0.039844
1 0.114062 0.422656 0.028906 0.035937
1 0.086719 0.417187 0.030469 0.038281
1 0.057813 0.410938 0.032031 0.039062
1 0.192188 0.378906 0.022656 0.030469
1 0.169531 0.371875 0.024219 0.031250
1 0.146875 0.365625 0.025781 0.032031
1 0.121094 0.358594 0.027344 0.033594
1 0.094531 0.350781 0.029687 0.035937
1 0.066406 0.342969 0.031250 0.036719
1 0.035937 0.333594 0.033594 0.039062
1 0.335938 0.428906 0.014063 0.025000
1 0.321875 0.425000 0.014844 0.025781
1 0.295312 0.417969 0.008594 0.025000
1 0.307031 0.421094 0.015625 0.025781
1 0.307812 0.405469 0.014844 0.010937
1 0.295312 0.402344 0.008594 0.010156
1 0.253906 0.389844 0.016406 0.013281
1 0.276562 0.413281 0.003125 0.023438
1 0.255469 0.407031 0.014844 0.028125
1 0.237500 0.403125 0.022656 0.029687
2 0.910937 0.642969 0.107031 0.028125
2 0.565625 0.610938 0.030469 0.008594
