2 0.419531 0.717969 0.063281 0.053906
2 0.866406 0.486719 0.100781 0.028906
2 0.807031 0.486719 0.094531 0.028906
2 0.173437 0.616406 0.095312 0.042969
2 0.356250 0.619531 0.073438 0.044531
2 0.417969 0.616406 0.065625 0.043750
2 0.478125 0.618750 0.050781 0.050000
2 0.546094 0.490625 0.052344 0.031250
2 0.600000 0.490625 0.067969 0.028906
2 0.664844 0.491406 0.074219 0.026562
2 0.664062 0.718750 0.074219 0.054688
2 0.476562 0.716406 0.057813 0.053906
2 0.184375 0.717969 0.091406 0.053906
2 0.345313 0.492969 0.071094 0.032031
2 0.396875 0.492969 0.063281 0.032031
2 0.551562 0.719531 0.061719 0.054688
1 0.807031 0.604688 0.052344 0.057031
1 0.243750 0.606250 0.052344 0.057031
2 0.734375 0.718750 0.082031 0.053906
2 0.800000 0.725781 0.069531 0.039844
2 0.857031 0.721875 0.075000 0.046094
2 0.739062 0.613281 0.083594 0.039844
1 0.674219 0.602344 0.025781 0.056250
1 0.644531 0.602344 0.035156 0.056250
1 0.621094 0.603125 0.032813 0.057031
1 0.645312 0.562500 0.036719 0.054688
1 0.589844 0.562500 0.030469 0.054688
1 0.592187 0.610938 0.024219 0.041406
1 0.567187 0.607031 0.025781 0.048438
1 0.542188 0.603125 0.026562 0.057031
1 0.566406 0.562500 0.028906 0.054688
1 0.287500 0.478906 0.035156 0.050000
1 0.265625 0.478906 0.043750 0.050000
1 0.232031 0.482031 0.027344 0.043750
1 0.239844 0.436719 0.049219 0.045312
1 0.206250 0.482031 0.027344 0.043750
1 0.181250 0.482031 0.028906 0.043750
1 0.155469 0.482031 0.028906 0.043750
1 0.129688 0.479687 0.028906 0.048438
1 0.208594 0.436719 0.038281 0.045312
1 0.183594 0.436719 0.039844 0.045312
1 0.158594 0.436719 0.041406 0.045312
1 0.287500 0.343750 0.045312 0.048438
1 0.252344 0.342969 0.028906 0.046094
1 0.225000 0.342969 0.028906 0.046094
1 0.199219 0.342969 0.028906 0.046094
1 0.172656 0.342969 0.029687 0.046094
1 0.146094 0.342969 0.028906 0.046094
1 0.120313 0.342969 0.029687 0.046094
1 0.497656 0.361719 0.025781 0.046094
1 0.471875 0.361719 0.026562 0.046094
1 0.418750 0.361719 0.026562 0.046094
1 0.445312 0.361719 0.026562 0.046094
1 0.446094 0.315625 0.029687 0.046875
1 0.417969 0.314844 0.026562 0.046094
1 0.391406 0.315625 0.027344 0.046875
1 0.365625 0.315625 0.026562 0.046875
1 0.392969 0.362500 0.027344 0.045312
1 0.367188 0.362500 0.026562 0.045312
1 0.340625 0.361719 0.027344 0.046094
