2 0.368750 0.809375 0.137500 0.075781
2 0.582812 0.324219 0.100781 0.064062
2 0.703906 0.296094 0.143750 0.070312
2 0.875781 0.253125 0.194531 0.082812
2 0.102344 0.767969 0.126562 0.046875
2 0.282813 0.401562 0.091406 0.050000
2 0.347656 0.384375 0.096875 0.055469
2 0.620313 0.851562 0.153125 0.111719
1 0.249219 0.615625 0.023438 0.014844
1 0.210938 0.615625 0.027344 0.017188
1 0.210938 0.612500 0.027344 0.021094
1 0.170313 0.619531 0.029687 0.014063
1 0.190625 0.618750 0.014063 0.014063
2 0.860156 0.889062 0.256250 0.146094
2 0.460938 0.595313 0.112500 0.043750
1 0.693750 0.464062 0.064062 0.097656
1 0.700781 0.557031 0.067187 0.099219
1 0.641406 0.560937 0.059375 0.094531
1 0.587500 0.565625 0.053125 0.091406
1 0.636719 0.471875 0.058594 0.094531
1 0.503906 0.183594 0.052344 0.111719
1 0.459375 0.174219 0.037500 0.058594
1 0.390625 0.203906 0.034375 0.055469
1 0.423438 0.190625 0.034375 0.057813
1 0.432812 0.139063 0.050781 0.070312
1 0.392188 0.155469 0.034375 0.067969
1 0.362500 0.169531 0.032031 0.064844
1 0.333594 0.183594 0.030469 0.062500
1 0.359375 0.217188 0.032031 0.053125
1 0.330469 0.229687 0.029687 0.050781
1 0.303125 0.241406 0.029687 0.050781
1 0.260937 0.248438 0.056250 0.050000
1 0.222656 0.256250 0.026562 0.044531
1 0.200781 0.266406 0.024219 0.043750
1 0.179688 0.276562 0.023438 0.042188
1 0.160938 0.284375 0.023438 0.041406
1 0.140625 0.292969 0.022656 0.039062
1 0.124219 0.300781 0.021094 0.038281
1 0.242969 0.409375 0.056250 0.053906
1 0.204687 0.415625 0.028906 0.050781
1 0.182812 0.422656 0.026562 0.050000
1 0.207813 0.375000 0.067187 0.056250
1 0.160938 0.428906 0.025781 0.049219
1 0.139844 0.434375 0.024219 0.046875
1 0.121094 0.439844 0.023438 0.046094
1 0.102344 0.444531 0.022656 0.046094
1 0.165625 0.382031 0.025781 0.055469
1 0.146094 0.387500 0.025781 0.053906
1 0.126562 0.394531 0.023438 0.050781
2 0.546094 0.710156 0.026562 0.015625
2 0.872656 0.529687 0.064062 0.021094
2 0.812500 0.534375 0.065625 0.020313
2 0.717187 0.717969 0.053125 0.019531
2 0.575781 0.710938 0.041406 0.015625
2 0.407813 0.703906 0.040625 0.012500
2 0.496094 0.561719 0.028906 0.012500
2 0.523438 0.559375 0.027344 0.014063
2 0.627344 0.713281 0.041406 0.017969
2 0.780469 0.714844 0.057813 0.008594
2 0.835156 0.721094 0.064062 0.019531
2 0.892969 0.725781 0.075781 0.023438
1 0.470313 0.558594 0.017188 0.023438
1 0.455469 0.559375 0.012500 0.023438
1 0.442969 0.560156 0.011719 0.022656
1 0.447656 0.537500 0.019531 0.023438
1 0.430469 0.560937 0.012500 0.022656
1 0.419531 0.562500 0.011719 0.022656
1 0.407813 0.564063 0.011719 0.021094
1 0.397656 0.564063 0.011719 0.022656
1 0.431250 0.539062 0.011719 0.022656
1 0.419531 0.540625 0.011719 0.023438
1 0.408594 0.542188 0.010937 0.022656
1 0.471094 0.487500 0.014844 0.022656
1 0.457031 0.488281 0.011719 0.021094
1 0.445312 0.490625 0.011719 0.021094
1 0.433594 0.492188 0.011719 0.021094
1 0.421875 0.494531 0.011719 0.021094
1 0.410938 0.495312 0.010937 0.020313
1 0.400000 0.497656 0.010937 0.020313
1 0.582812 0.479687 0.014844 0.023438
1 0.567969 0.482031 0.014844 0.025781
1 0.534375 0.487500 0.003906 0.021094
1 0.553906 0.484375 0.012500 0.023438
1 0.554688 0.460938 0.015625 0.025781
1 0.533594 0.464062 0.003125 0.022656
1 0.530469 0.464844 0.002344 0.023438
1 0.511719 0.467187 0.010937 0.024219
1 0.532031 0.485938 0.002344 0.019531
1 0.511719 0.490625 0.010937 0.023438
1 0.499219 0.492188 0.012500 0.022656
