2 0.407813 0.697656 0.097656 0.046875
2 0.676562 0.484375 0.019531 0.017188
2 0.649219 0.475781 0.041406 0.020313
2 0.528906 0.426563 0.053906 0.029687
2 0.564844 0.441406 0.042188 0.025781
2 0.600781 0.455469 0.029687 0.023438
2 0.337500 0.337500 0.087500 0.065625
2 0.409375 0.367969 0.067187 0.053125
2 0.531250 0.673438 0.073438 0.034375
1 0.670312 0.561719 0.023438 0.027344
1 0.213281 0.537500 0.028906 0.020313
1 0.175781 0.533594 0.030469 0.024219
1 0.137500 0.525781 0.034375 0.034375
1 0.024219 0.521875 0.048438 0.028125
1 0.089063 0.527344 0.039062 0.024219
2 0.630469 0.653125 0.055469 0.019531
2 0.579688 0.664062 0.064062 0.024219
2 0.662500 0.648438 0.029687 0.017969
2 0.679688 0.645312 0.027344 0.015625
2 0.475781 0.552344 0.080469 0.025781
1 0.655469 0.559375 0.008594 0.029687
1 0.646094 0.557813 0.009375 0.030469
1 0.626563 0.557031 0.032031 0.032813
1 0.634375 0.527344 0.030469 0.032813
1 0.564063 0.509375 0.014063 0.041406
1 0.564063 0.548438 0.014063 0.039062
1 0.549219 0.547656 0.015625 0.041406
1 0.521875 0.544531 0.039062 0.044531
1 0.538281 0.505469 0.035937 0.043750
1 0.499219 0.284375 0.019531 0.046875
1 0.478906 0.269531 0.021094 0.050781
1 0.432812 0.236719 0.025781 0.056250
1 0.457031 0.253125 0.022656 0.053125
1 0.457031 0.212500 0.022656 0.060937
1 0.433594 0.192969 0.024219 0.064844
1 0.407031 0.171094 0.028906 0.070312
1 0.370312 0.147656 0.046875 0.074219
1 0.406250 0.217188 0.027344 0.059375
1 0.376563 0.196094 0.032031 0.064844
1 0.337500 0.172656 0.049219 0.070312
1 0.247656 0.077344 0.050781 0.085938
1 0.195312 0.042188 0.059375 0.084375
1 0.136719 0.022656 0.067187 0.045312
1 0.232813 0.281250 0.055469 0.084375
1 0.177344 0.256250 0.062500 0.093750
1 0.112500 0.226562 0.075781 0.103906
1 0.117969 0.151562 0.074219 0.114062
1 0.040625 0.192188 0.080469 0.114844
1 0.044531 0.110937 0.088281 0.127344
1 0.003125 0.078125 0.006250 0.073438
2 0.274219 0.640625 0.046875 0.015625
2 0.490625 0.522656 0.023438 0.008594
2 0.467187 0.518750 0.029687 0.011719
2 0.357031 0.502344 0.035156 0.012500
2 0.389062 0.507031 0.027344 0.011719
2 0.417187 0.510938 0.027344 0.011719
2 0.414844 0.630469 0.035937 0.012500
2 0.314063 0.639062 0.042188 0.014844
2 0.037500 0.658594 0.075000 0.023438
2 0.234375 0.481250 0.042188 0.017969
2 0.272656 0.487500 0.037500 0.017188
2 0.357812 0.635156 0.041406 0.012500
2 0.446094 0.628906 0.032813 0.008594
2 0.471094 0.626563 0.022656 0.008594
2 0.490625 0.625781 0.023438 0.008594
1 0.360156 0.544531 0.003125 0.021094
1 0.185156 0.466406 0.023438 0.030469
1 0.162500 0.462500 0.024219 0.032031
1 0.137500 0.458594 0.026562 0.034375
1 0.139844 0.428125 0.026562 0.035156
1 0.112500 0.453906 0.028906 0.034375
1 0.084375 0.450000 0.030469 0.035937
1 0.054688 0.445312 0.032813 0.037500
1 0.023438 0.439063 0.035937 0.040625
1 0.114062 0.423438 0.028906 0.035937
1 0.087500 0.417187 0.029687 0.038281
1 0.057813 0.410938 0.032813 0.039062
1 0.192188 0.378906 0.022656 0.030469
1 0.169531 0.372656 0.024219 0.032031
1 0.146875 0.365625 0.025781 0.032813
1 0.121094 0.358594 0.027344 0.034375
1 0.094531 0.350781 0.029687 0.035937
1 0.065625 0.342969 0.032031 0.037500
1 0.035937 0.333594 0.034375 0.039062
1 0.336719 0.428906 0.014063 0.024219
1 0.321875 0.425000 0.014063 0.026562
1 0.295312 0.417969 0.009375 0.025781
1 0.307031 0.421094 0.015625 0.025781
1 0.307812 0.405469 0.014844 0.010937
1 0.296094 0.402344 0.008594 0.010937
1 0.253906 0.390625 0.017188 0.012500
1 0.277344 0.414062 0.003125 0.023438
1 0.255469 0.407813 0.014844 0.027344
1 0.237500 0.403125 0.022656 0.029687
2 0.910937 0.642188 0.107813 0.027344
2 0.565625 0.610938 0.030469 0.008594
