3 0.115625 0.662500 0.162500 0.234375
2 0.446094 0.584375 0.053125 0.053906
2 0.904687 0.506250 0.114062 0.074219
2 0.822656 0.490625 0.099219 0.067969
2 0.542188 0.437500 0.053906 0.053125
2 0.591406 0.446875 0.061719 0.053125
2 0.656250 0.462500 0.064062 0.050000
2 0.300781 0.535156 0.053125 0.044531
2 0.387500 0.410938 0.058594 0.044531
2 0.424219 0.417187 0.057813 0.046094
2 0.541406 0.620313 0.053125 0.064062
1 0.859375 0.619531 0.057813 0.078906
1 0.365625 0.486719 0.014844 0.015625
1 0.352344 0.485938 0.014844 0.019531
1 0.347656 0.475781 0.014844 0.022656
1 0.323437 0.475781 0.014844 0.015625
1 0.338281 0.474219 0.014844 0.017188
2 0.712500 0.678125 0.064062 0.077344
2 0.608594 0.642969 0.053125 0.069531
2 0.777344 0.701562 0.069531 0.077344
2 0.843750 0.721875 0.080469 0.088281
2 0.484375 0.528906 0.046875 0.059375
1 0.787500 0.596094 0.035937 0.070312
1 0.757812 0.586719 0.035156 0.071094
1 0.728125 0.578906 0.037500 0.069531
1 0.761719 0.551562 0.042188 0.069531
1 0.580469 0.507812 0.026562 0.058594
1 0.578906 0.541406 0.025781 0.055469
1 0.556250 0.545312 0.021094 0.037500
1 0.535937 0.528906 0.021094 0.057813
1 0.559375 0.502344 0.025781 0.056250
1 0.502344 0.320312 0.030469 0.050781
1 0.480469 0.317188 0.030469 0.052344
1 0.434375 0.317188 0.020313 0.041406
1 0.454688 0.319531 0.020313 0.041406
1 0.459375 0.275781 0.034375 0.047656
1 0.437500 0.274219 0.032813 0.047656
1 0.417969 0.272656 0.034375 0.047656
1 0.399219 0.271094 0.034375 0.046875
1 0.414062 0.315625 0.020313 0.039062
1 0.396094 0.312500 0.020313 0.038281
1 0.377344 0.306250 0.020313 0.046875
1 0.342969 0.288281 0.037500 0.044531
1 0.324219 0.285938 0.034375 0.043750
1 0.308594 0.284375 0.034375 0.042188
1 0.292187 0.282813 0.034375 0.042188
1 0.277344 0.281250 0.035937 0.041406
1 0.262500 0.279687 0.034375 0.040625
1 0.247656 0.277344 0.034375 0.040625
1 0.352344 0.390625 0.034375 0.046875
1 0.335156 0.387500 0.032031 0.046875
1 0.313281 0.389844 0.017969 0.032813
1 0.317188 0.353906 0.037500 0.043750
1 0.298438 0.387500 0.017969 0.034375
1 0.283594 0.384375 0.017969 0.032813
1 0.269531 0.381250 0.017969 0.030469
1 0.255469 0.375781 0.017188 0.038281
1 0.300781 0.350781 0.032813 0.043750
1 0.285938 0.349219 0.034375 0.042188
1 0.271875 0.346094 0.032813 0.041406
2 0.527344 0.410938 0.026562 0.019531
2 0.764062 0.328906 0.042188 0.022656
2 0.727344 0.325000 0.039062 0.020313
2 0.425781 0.353906 0.026562 0.008594
2 0.496094 0.365625 0.020313 0.010937
2 0.527344 0.370312 0.023438 0.008594
2 0.552344 0.375000 0.024219 0.011719
2 0.587500 0.312500 0.027344 0.019531
2 0.613281 0.315625 0.030469 0.020313
2 0.647656 0.319531 0.032031 0.015625
2 0.640625 0.430469 0.029687 0.019531
2 0.550781 0.416406 0.027344 0.022656
2 0.431250 0.391406 0.028906 0.014844
2 0.525781 0.307031 0.015625 0.017969
2 0.584375 0.419531 0.026562 0.012500
1 0.721094 0.389062 0.017969 0.029687
1 0.455469 0.359375 0.017188 0.006250
2 0.677344 0.440625 0.032031 0.026562
2 0.709375 0.446875 0.034375 0.027344
2 0.741406 0.452344 0.035937 0.028906
2 0.685937 0.393750 0.032813 0.010937
1 0.646094 0.387500 0.012500 0.006250
1 0.632812 0.385937 0.012500 0.007812
1 0.621094 0.384375 0.011719 0.006250
1 0.637500 0.345313 0.012500 0.007812
1 0.608594 0.340625 0.012500 0.007812
1 0.604688 0.380469 0.011719 0.006250
1 0.592969 0.379688 0.011719 0.006250
1 0.582031 0.377344 0.010937 0.006250
1 0.596875 0.339062 0.012500 0.006250
1 0.478906 0.287500 0.005469 0.007812
1 0.474219 0.235156 0.014063 0.023438
1 0.464062 0.234375 0.014844 0.022656
1 0.453125 0.233594 0.012500 0.022656
1 0.444531 0.233594 0.014844 0.022656
1 0.433594 0.232813 0.014063 0.022656
1 0.424219 0.232813 0.014844 0.022656
1 0.414062 0.232031 0.014063 0.021094
1 0.565625 0.248438 0.012500 0.024219
1 0.554688 0.247656 0.014063 0.025781
1 0.531250 0.247656 0.009375 0.021094
1 0.542188 0.248438 0.011719 0.022656
1 0.544531 0.225781 0.014063 0.023438
1 0.532813 0.224219 0.012500 0.023438
1 0.522656 0.224219 0.012500 0.023438
1 0.505469 0.223438 0.005469 0.023438
1 0.517969 0.246875 0.003906 0.021094
1 0.505469 0.246094 0.005469 0.020313
1 0.497656 0.244531 0.010937 0.023438
