2 0.395313 0.750781 0.073438 0.053906
2 0.650781 0.525781 0.036719 0.013281
2 0.627344 0.523438 0.046094 0.014063
2 0.043750 0.680469 0.087500 0.051562
2 0.337500 0.645312 0.078906 0.036719
2 0.398438 0.636719 0.072656 0.030469
2 0.453906 0.630469 0.063281 0.028125
2 0.498437 0.514062 0.055469 0.016406
2 0.531250 0.517188 0.054688 0.015625
2 0.570312 0.520312 0.041406 0.014844
2 0.572656 0.696875 0.053906 0.030469
2 0.447656 0.734375 0.067187 0.046094
2 0.042969 0.858594 0.085938 0.092969
2 0.334375 0.496875 0.064844 0.026562
2 0.392188 0.502344 0.052344 0.023438
2 0.505469 0.717969 0.061719 0.039844
1 0.633594 0.599219 0.027344 0.026562
1 0.166406 0.649219 0.080469 0.068750
2 0.607031 0.689063 0.050000 0.021875
2 0.638281 0.680469 0.032031 0.020313
2 0.659375 0.674219 0.028906 0.018750
2 0.607031 0.611719 0.041406 0.014063
1 0.579688 0.605469 0.011719 0.033594
1 0.563281 0.607031 0.019531 0.033594
1 0.552344 0.608594 0.017969 0.035156
1 0.558594 0.575000 0.029687 0.031250
1 0.535937 0.576562 0.014063 0.034375
1 0.535937 0.610938 0.013281 0.035156
1 0.521094 0.612500 0.014844 0.035937
1 0.497656 0.613281 0.032031 0.039062
1 0.513281 0.576562 0.031250 0.035156
1 0.258594 0.476562 0.037500 0.054688
1 0.221094 0.471875 0.040625 0.058594
1 0.179688 0.467969 0.045312 0.060937
1 0.182812 0.410938 0.045312 0.063281
1 0.133594 0.462500 0.050000 0.064062
1 0.082812 0.457031 0.057031 0.067969
1 0.028906 0.450781 0.057031 0.071875
1 0.136719 0.403125 0.049219 0.066406
1 0.085938 0.394531 0.056250 0.071875
1 0.030469 0.383594 0.060937 0.076563
1 0.265625 0.319531 0.035937 0.056250
1 0.229687 0.307812 0.038281 0.060156
1 0.189844 0.294531 0.042969 0.064062
1 0.146094 0.281250 0.048438 0.067969
1 0.097656 0.264844 0.053906 0.071875
1 0.042969 0.247656 0.060156 0.076563
1 0.007812 0.235156 0.015625 0.067187
1 0.473438 0.400781 0.017969 0.039062
1 0.454688 0.395313 0.018750 0.040625
1 0.413281 0.383594 0.022656 0.043750
1 0.434375 0.389844 0.020313 0.042969
1 0.435156 0.351562 0.020313 0.044531
1 0.413281 0.344531 0.021875 0.046094
1 0.390625 0.336719 0.024219 0.049219
1 0.361719 0.327344 0.035156 0.050781
1 0.389844 0.376563 0.024219 0.044531
1 0.365625 0.369531 0.025781 0.046875
1 0.335156 0.360938 0.035156 0.050000
2 0.782031 0.660156 0.049219 0.021875
