3 0.205469 0.552344 0.075781 0.164062
2 0.461719 0.607031 0.053125 0.038281
2 0.954688 0.445312 0.089844 0.035156
2 0.859375 0.442969 0.123438 0.032031
2 0.536719 0.435156 0.056250 0.018750
2 0.584375 0.436719 0.071875 0.020313
2 0.644531 0.439844 0.075781 0.021875
2 0.364844 0.563281 0.040625 0.024219
2 0.424219 0.431250 0.051562 0.014063
2 0.448437 0.432031 0.053906 0.014063
2 0.541406 0.646094 0.064062 0.051562
1 0.950781 0.642969 0.097656 0.103906
1 0.411719 0.512500 0.009375 0.010156
1 0.396875 0.510938 0.009375 0.010937
1 0.396875 0.503125 0.010156 0.008594
1 0.382812 0.505469 0.013281 0.009375
1 0.389844 0.506250 0.005469 0.009375
2 0.734375 0.736719 0.089844 0.091406
2 0.607812 0.680469 0.072656 0.058594
2 0.831250 0.781250 0.112500 0.115625
2 0.939844 0.830469 0.119531 0.133594
2 0.491406 0.538281 0.057031 0.031250
1 0.821875 0.607031 0.047656 0.082031
1 0.779687 0.603125 0.042969 0.064844
1 0.741406 0.587500 0.038281 0.073438
1 0.782813 0.542969 0.044531 0.071875
1 0.574219 0.506250 0.035156 0.048438
1 0.574219 0.547656 0.035156 0.046875
1 0.547656 0.544531 0.018750 0.042969
1 0.529687 0.536719 0.017188 0.046875
1 0.555469 0.503125 0.033594 0.045312
1 0.507031 0.324219 0.033594 0.038281
1 0.482812 0.327344 0.014844 0.038281
1 0.453906 0.333594 0.012500 0.035156
1 0.467969 0.330469 0.013281 0.035156
1 0.476562 0.296094 0.032031 0.038281
1 0.453906 0.299219 0.013281 0.035937
1 0.441406 0.303125 0.012500 0.035937
1 0.428906 0.307031 0.011719 0.034375
1 0.441406 0.335938 0.011719 0.033594
1 0.428906 0.338281 0.011719 0.032031
1 0.417969 0.340625 0.010156 0.032031
1 0.403125 0.333594 0.027344 0.030469
1 0.384375 0.335938 0.009375 0.028906
1 0.375000 0.337500 0.008594 0.026562
1 0.366406 0.339062 0.008594 0.026562
1 0.358594 0.341406 0.008594 0.026562
1 0.350781 0.342969 0.007031 0.025000
1 0.343750 0.344531 0.007031 0.025000
1 0.403906 0.421094 0.027344 0.028125
1 0.385156 0.421094 0.009375 0.028125
1 0.376563 0.421094 0.008594 0.025781
1 0.385156 0.393750 0.025781 0.026562
1 0.367969 0.421094 0.008594 0.025781
1 0.360156 0.421094 0.007812 0.025000
1 0.353125 0.421094 0.007812 0.024219
1 0.345313 0.420312 0.007031 0.024219
1 0.367969 0.394531 0.008594 0.025781
1 0.359375 0.394531 0.007812 0.025000
1 0.352344 0.396094 0.007031 0.025000
2 0.603906 0.532813 0.024219 0.017969
2 0.890625 0.424219 0.059375 0.006250
2 0.835938 0.424219 0.050781 0.005469
2 0.511719 0.473438 0.026562 0.009375
2 0.575000 0.478906 0.030469 0.008594
2 0.600781 0.483594 0.033594 0.013281
2 0.626563 0.487500 0.032031 0.014063
2 0.657813 0.425781 0.026562 0.006250
2 0.691406 0.426563 0.039844 0.009375
2 0.728906 0.428125 0.039844 0.010937
2 0.718750 0.558594 0.022656 0.018750
2 0.625000 0.538281 0.034375 0.017969
2 0.512500 0.514844 0.025781 0.013281
2 0.567969 0.423438 0.019531 0.004687
2 0.593750 0.424219 0.030469 0.005469
2 0.660937 0.546094 0.036719 0.020313
1 0.835156 0.504687 0.035937 0.031250
1 0.536719 0.471094 0.011719 0.017969
2 0.825000 0.580469 0.047656 0.029687
2 0.875781 0.591406 0.057031 0.033594
2 0.783594 0.503906 0.043750 0.013281
1 0.732812 0.492969 0.019531 0.028125
1 0.716406 0.491406 0.017969 0.024219
1 0.700781 0.489063 0.014844 0.025000
1 0.717969 0.476562 0.017969 0.008594
1 0.678906 0.473438 0.007031 0.007031
1 0.679688 0.488281 0.008594 0.021875
1 0.668750 0.486719 0.013281 0.021875
1 0.656250 0.484375 0.012500 0.024219
1 0.669531 0.471875 0.012500 0.007031
1 0.553906 0.417969 0.015625 0.015625
1 0.541406 0.417969 0.007812 0.015625
1 0.534375 0.418750 0.005469 0.014844
1 0.538281 0.401562 0.012500 0.016406
1 0.523438 0.419531 0.003906 0.013281
1 0.517188 0.419531 0.007031 0.013281
1 0.510938 0.419531 0.003906 0.013281
1 0.500781 0.418750 0.003125 0.015625
1 0.523438 0.401562 0.003906 0.016406
1 0.517188 0.402344 0.007031 0.015625
1 0.510938 0.402344 0.003906 0.015625
1 0.554688 0.364844 0.015625 0.016406
1 0.542188 0.366406 0.008594 0.015625
1 0.535156 0.366406 0.006250 0.014844
1 0.524219 0.367969 0.003125 0.014844
1 0.517969 0.368750 0.007031 0.014844
1 0.511719 0.368750 0.004687 0.014063
1 0.501563 0.369531 0.002344 0.014063
1 0.639062 0.364063 0.017188 0.021875
1 0.624219 0.364844 0.011719 0.020313
1 0.602344 0.366406 0.010156 0.020313
1 0.613281 0.365625 0.010937 0.020313
1 0.616406 0.352344 0.016406 0.006250
1 0.602344 0.353906 0.010156 0.006250
1 0.592187 0.355469 0.010156 0.006250
1 0.582031 0.356250 0.009375 0.005469
1 0.592187 0.367969 0.010156 0.019531
1 0.582031 0.368750 0.010156 0.018750
1 0.572656 0.369531 0.009375 0.018750
