3 0.336719 0.500781 0.034375 0.103125
2 0.170313 0.650781 0.064844 0.053906
2 0.217188 0.501563 0.040625 0.021094
2 0.172656 0.541406 0.060156 0.025781
2 0.159375 0.562500 0.067969 0.034375
2 0.149219 0.589844 0.053906 0.040625
2 0.093750 0.492188 0.114844 0.034375
2 0.060156 0.515625 0.120313 0.051562
2 0.027344 0.548438 0.054688 0.060937
2 0.221875 0.560937 0.039062 0.026562
2 0.174219 0.450000 0.053906 0.018750
2 0.155469 0.460156 0.068750 0.025781
2 0.117969 0.740625 0.082031 0.071094
1 0.071094 0.601562 0.078906 0.074219
1 0.076563 0.650781 0.077344 0.078125
1 0.119531 0.626563 0.017969 0.059375
1 0.131250 0.610938 0.017188 0.055469
1 0.089844 0.581250 0.067969 0.057031
1 0.104688 0.354687 0.062500 0.046094
1 0.139063 0.355469 0.014063 0.041406
1 0.158594 0.356250 0.011719 0.036719
1 0.149219 0.356250 0.012500 0.039062
1 0.125000 0.315625 0.054688 0.043750
1 0.154688 0.319531 0.011719 0.039062
1 0.163281 0.321094 0.010937 0.036719
1 0.171094 0.323437 0.009375 0.035156
1 0.166406 0.357031 0.010156 0.035156
1 0.174219 0.357031 0.009375 0.033594
1 0.180469 0.357812 0.008594 0.032031
1 0.185938 0.346094 0.021094 0.029687
1 0.198437 0.346875 0.007031 0.028906
1 0.203906 0.347656 0.006250 0.026562
1 0.207813 0.348438 0.005469 0.026562
1 0.212500 0.349219 0.005469 0.025781
1 0.216406 0.349219 0.005469 0.025000
1 0.219531 0.350000 0.005469 0.024219
1 0.186719 0.433594 0.035156 0.028125
1 0.192969 0.432031 0.032031 0.028906
1 0.210938 0.428906 0.005469 0.026562
1 0.195312 0.403906 0.032031 0.028125
1 0.214844 0.427344 0.005469 0.026562
1 0.218750 0.425781 0.005469 0.025000
1 0.221875 0.423438 0.004687 0.024219
1 0.225781 0.421094 0.003906 0.024219
1 0.200781 0.401562 0.029687 0.025781
1 0.205469 0.400781 0.027344 0.025000
1 0.210938 0.400000 0.024219 0.024219
2 0.060156 0.845313 0.119531 0.131250
2 0.013281 0.981250 0.025781 0.035937
2 0.489844 0.576562 0.037500 0.031250
2 0.773438 0.562500 0.153906 0.089844
2 0.687500 0.523438 0.113281 0.063281
2 0.525781 0.452344 0.053125 0.023438
2 0.546875 0.461719 0.056250 0.028125
2 0.572656 0.476562 0.060937 0.034375
2 0.450000 0.522656 0.026562 0.019531
2 0.472656 0.430469 0.038281 0.014844
2 0.482812 0.435156 0.041406 0.016406
2 0.518750 0.626563 0.039844 0.045312
1 0.737500 0.736719 0.080469 0.111719
1 0.468750 0.490625 0.008594 0.007031
1 0.464844 0.489063 0.007812 0.008594
1 0.465625 0.482812 0.010156 0.008594
1 0.457813 0.481250 0.008594 0.007031
2 0.606250 0.757812 0.060937 0.084375
2 0.553906 0.671875 0.058594 0.053125
2 0.664844 0.828906 0.099219 0.113281
2 0.736719 0.921094 0.131250 0.155469
2 0.496094 0.528125 0.037500 0.028906
1 0.665625 0.664844 0.057031 0.083594
1 0.642969 0.649219 0.052344 0.066406
1 0.608594 0.628125 0.019531 0.066406
1 0.645312 0.596094 0.053906 0.071875
1 0.539844 0.518750 0.032813 0.042969
1 0.539844 0.553125 0.032031 0.039844
1 0.519531 0.545312 0.007031 0.036719
1 0.511719 0.536719 0.007031 0.036719
1 0.530469 0.511719 0.030469 0.039844
1 0.509375 0.357812 0.028125 0.030469
1 0.492188 0.358594 0.005469 0.029687
1 0.480469 0.358594 0.005469 0.026562
1 0.485938 0.358594 0.005469 0.028125
1 0.496094 0.330469 0.025781 0.028906
1 0.480469 0.331250 0.005469 0.028125
1 0.475000 0.332813 0.004687 0.026562
1 0.470313 0.333594 0.004687 0.025781
1 0.475000 0.359375 0.004687 0.025781
1 0.470313 0.359375 0.003906 0.025000
1 0.465625 0.359375 0.003906 0.024219
1 0.460938 0.350781 0.013281 0.023438
1 0.452344 0.350781 0.003125 0.021875
1 0.449219 0.351562 0.003125 0.021094
1 0.446094 0.351562 0.003125 0.020313
1 0.442969 0.351562 0.003125 0.020313
1 0.439844 0.352344 0.002344 0.019531
1 0.436719 0.353125 0.002344 0.018750
1 0.464844 0.415625 0.019531 0.016406
1 0.460938 0.417187 0.017969 0.021094
1 0.449219 0.416406 0.003125 0.021094
1 0.457813 0.396094 0.019531 0.021094
1 0.446875 0.414844 0.002344 0.020313
1 0.443750 0.414062 0.002344 0.020313
1 0.440625 0.412500 0.002344 0.019531
1 0.437500 0.410938 0.002344 0.018750
1 0.453906 0.394531 0.017969 0.020313
1 0.442969 0.393750 0.002344 0.019531
1 0.447656 0.392969 0.016406 0.019531
2 0.992969 0.469531 0.013281 0.021094
2 0.955469 0.462500 0.088281 0.028906
2 0.601562 0.457031 0.023438 0.011719
2 0.655469 0.475781 0.035156 0.015625
2 0.678906 0.482812 0.038281 0.017969
2 0.703125 0.491406 0.041406 0.018750
2 0.742188 0.431250 0.046875 0.015625
2 0.774219 0.435937 0.054688 0.017969
2 0.814063 0.442969 0.053906 0.018750
2 0.656250 0.417969 0.035156 0.010937
2 0.674219 0.421094 0.038281 0.011719
1 0.949219 0.564844 0.058594 0.048438
1 0.621094 0.458594 0.016406 0.018750
2 0.871094 0.635938 0.062500 0.032031
2 0.927344 0.658594 0.085156 0.054688
2 0.975781 0.686719 0.047656 0.050781
2 0.881250 0.553125 0.073438 0.031250
1 0.816406 0.518750 0.033594 0.032031
1 0.797656 0.516406 0.029687 0.030469
1 0.776563 0.509375 0.017969 0.032031
1 0.800781 0.488281 0.030469 0.032031
1 0.764062 0.478906 0.028125 0.029687
1 0.762500 0.503906 0.028125 0.028906
1 0.742188 0.500000 0.014063 0.028125
1 0.729688 0.494531 0.013281 0.028125
1 0.750000 0.475000 0.025781 0.028125
1 0.639062 0.409375 0.017969 0.018750
1 0.627344 0.408594 0.007031 0.017969
1 0.613281 0.406250 0.005469 0.016406
1 0.607031 0.405469 0.006250 0.016406
1 0.601562 0.405469 0.005469 0.015625
1 0.596094 0.403906 0.005469 0.015625
1 0.642188 0.353906 0.018750 0.018750
1 0.632031 0.353906 0.011719 0.018750
1 0.615625 0.353906 0.006250 0.017969
1 0.609375 0.354687 0.006250 0.016406
1 0.603125 0.354687 0.005469 0.016406
1 0.597656 0.355469 0.005469 0.015625
1 0.721094 0.359375 0.025000 0.023438
1 0.703125 0.360156 0.011719 0.021875
1 0.682031 0.360156 0.010156 0.020313
1 0.692187 0.360156 0.010937 0.021875
1 0.700000 0.338281 0.023438 0.021875
1 0.683594 0.338281 0.010937 0.021094
1 0.673438 0.339062 0.010156 0.021094
1 0.664844 0.340625 0.009375 0.019531
1 0.672656 0.360156 0.010156 0.020313
1 0.663281 0.360938 0.009375 0.019531
1 0.655469 0.360938 0.008594 0.019531
2 0.308594 0.949219 0.149219 0.099219
