2 0.046875 0.909375 0.089844 0.130469
2 0.012500 0.690625 0.025000 0.073438
2 0.103906 0.695312 0.035156 0.053906
2 0.035937 0.555469 0.071875 0.039844
2 0.029687 0.584375 0.059375 0.057031
1 0.067187 0.671094 0.027344 0.025781
1 0.061719 0.664062 0.031250 0.028125
1 0.079687 0.644531 0.028906 0.025781
1 0.078125 0.633594 0.026562 0.023438
1 0.085156 0.635938 0.027344 0.016406
2 0.028906 0.847656 0.057813 0.117969
1 0.002344 0.943750 0.004687 0.050000
1 0.006250 0.410938 0.012500 0.068750
1 0.002344 0.359375 0.003906 0.032031
1 0.007812 0.343750 0.014844 0.064062
1 0.015625 0.345313 0.017188 0.060937
1 0.014063 0.408594 0.017969 0.064062
1 0.023438 0.406250 0.016406 0.059375
1 0.032031 0.403125 0.014844 0.056250
1 0.035156 0.379688 0.025781 0.050000
1 0.054688 0.378906 0.007031 0.045312
1 0.058594 0.378906 0.010156 0.044531
1 0.063281 0.378906 0.009375 0.042969
1 0.067969 0.378906 0.008594 0.040625
1 0.072656 0.378125 0.007812 0.038281
1 0.076563 0.378125 0.007812 0.036719
1 0.031250 0.520312 0.062500 0.050000
1 0.041406 0.512500 0.065625 0.041406
1 0.075000 0.517188 0.007031 0.025000
1 0.042969 0.469531 0.058594 0.050781
1 0.078125 0.500781 0.007812 0.042969
1 0.082031 0.496094 0.007031 0.040625
1 0.085938 0.490625 0.007031 0.039062
1 0.089063 0.485938 0.007031 0.038281
1 0.070312 0.461719 0.016406 0.042969
1 0.071875 0.458594 0.019531 0.040625
1 0.074219 0.454688 0.022656 0.039062
2 0.496875 0.645312 0.049219 0.046094
2 0.984375 0.639062 0.030469 0.076563
2 0.898438 0.614062 0.144531 0.100000
2 0.407813 0.519531 0.027344 0.023438
2 0.467969 0.557031 0.046875 0.033594
2 0.496094 0.571875 0.050781 0.039062
2 0.523438 0.591406 0.055469 0.044531
2 0.570312 0.505469 0.064844 0.036719
2 0.611719 0.519531 0.074219 0.043750
2 0.668750 0.541406 0.080469 0.051562
2 0.664844 0.792969 0.082812 0.100000
2 0.525000 0.669531 0.054688 0.053906
2 0.414844 0.576562 0.036719 0.028125
2 0.464844 0.472656 0.049219 0.023438
2 0.485938 0.479687 0.052344 0.025781
2 0.567969 0.708594 0.063281 0.067969
1 0.890625 0.798438 0.099219 0.126562
1 0.429688 0.525781 0.020313 0.031250
2 0.754687 0.869531 0.102344 0.135937
2 0.853125 0.932031 0.125781 0.134375
2 0.930469 0.974219 0.033594 0.049219
2 0.771094 0.749219 0.107031 0.089063
1 0.674219 0.666406 0.044531 0.075000
1 0.649219 0.657813 0.042188 0.058594
1 0.618750 0.638281 0.023438 0.065625
1 0.650781 0.609375 0.042969 0.067969
1 0.600781 0.584375 0.038281 0.058594
1 0.600000 0.627344 0.037500 0.050781
1 0.572656 0.617969 0.017188 0.046094
1 0.556250 0.603125 0.016406 0.053125
1 0.582812 0.575781 0.035937 0.053906
1 0.446875 0.456250 0.025781 0.029687
1 0.438281 0.454688 0.021875 0.029687
1 0.423438 0.453906 0.007031 0.025781
1 0.430469 0.428125 0.022656 0.028125
1 0.416406 0.451562 0.007031 0.025000
1 0.409375 0.449219 0.007031 0.024219
1 0.403125 0.446875 0.005469 0.024219
1 0.397656 0.444531 0.005469 0.024219
1 0.424219 0.426563 0.022656 0.026562
1 0.415625 0.425000 0.020313 0.025781
1 0.409375 0.423438 0.017969 0.025000
1 0.446875 0.376563 0.025781 0.026562
1 0.429688 0.376563 0.007812 0.026562
1 0.422656 0.375781 0.007031 0.025781
1 0.414844 0.375781 0.007031 0.025000
1 0.408594 0.375781 0.006250 0.024219
1 0.402344 0.375781 0.006250 0.023438
1 0.396094 0.375781 0.005469 0.023438
1 0.539062 0.392969 0.033594 0.036719
1 0.515625 0.391406 0.013281 0.035156
1 0.489844 0.390625 0.011719 0.032031
1 0.502344 0.391406 0.011719 0.033594
1 0.511719 0.357031 0.031250 0.034375
1 0.489844 0.357031 0.011719 0.033594
1 0.478906 0.357812 0.010156 0.032031
1 0.467969 0.357812 0.010156 0.030469
1 0.478906 0.389844 0.010937 0.031250
1 0.468750 0.389062 0.010156 0.030469
1 0.458594 0.389062 0.009375 0.029687
