2 0.448437 0.657031 0.057813 0.057031
2 0.941406 0.528125 0.116406 0.061719
2 0.861719 0.517969 0.114844 0.058594
2 0.271875 0.539844 0.057813 0.039062
2 0.397656 0.569531 0.061719 0.048438
2 0.446094 0.575781 0.060156 0.050000
2 0.493750 0.588281 0.051562 0.058594
2 0.557031 0.482812 0.054688 0.046875
2 0.610938 0.489063 0.063281 0.046875
2 0.682031 0.500000 0.074219 0.044531
2 0.671875 0.719531 0.066406 0.075781
2 0.492188 0.669531 0.053906 0.060156
2 0.285156 0.614062 0.060156 0.046094
2 0.387500 0.464062 0.061719 0.039844
2 0.427344 0.469531 0.060156 0.041406
2 0.557031 0.689844 0.056250 0.066406
1 0.849219 0.646094 0.060156 0.078906
1 0.317969 0.542188 0.036719 0.049219
2 0.751563 0.740625 0.082031 0.082031
2 0.827344 0.765625 0.083594 0.075000
2 0.903125 0.782031 0.096094 0.086719
2 0.764844 0.637500 0.086719 0.067969
1 0.683594 0.610156 0.030469 0.066406
1 0.656250 0.603906 0.028906 0.065625
1 0.630469 0.600000 0.027344 0.064844
1 0.658594 0.566406 0.032031 0.064062
1 0.599219 0.556250 0.025781 0.060937
1 0.597656 0.603906 0.025000 0.041406
1 0.574219 0.599219 0.024219 0.039844
1 0.551562 0.584375 0.024219 0.060156
1 0.576562 0.552344 0.025781 0.060156
1 0.348438 0.446094 0.035937 0.046094
1 0.330469 0.443750 0.034375 0.045312
1 0.305469 0.446875 0.019531 0.035156
1 0.311719 0.408594 0.038281 0.043750
1 0.289062 0.444531 0.018750 0.034375
1 0.272656 0.442969 0.018750 0.034375
1 0.257031 0.441406 0.017969 0.034375
1 0.241406 0.435937 0.017969 0.039062
1 0.293750 0.407031 0.035937 0.042969
1 0.277344 0.406250 0.035156 0.041406
1 0.261719 0.404687 0.034375 0.040625
1 0.342969 0.336719 0.038281 0.040625
1 0.321094 0.335938 0.031250 0.040625
1 0.306250 0.335938 0.036719 0.039844
1 0.286719 0.335156 0.033594 0.039062
1 0.267969 0.334375 0.029687 0.039062
1 0.255469 0.333594 0.036719 0.038281
1 0.237500 0.333594 0.032813 0.038281
1 0.510938 0.360156 0.023438 0.048438
1 0.490625 0.358594 0.030469 0.046875
1 0.442188 0.358594 0.022656 0.041406
1 0.464062 0.360156 0.022656 0.042969
1 0.468750 0.317188 0.032813 0.043750
1 0.440625 0.316406 0.022656 0.042969
1 0.418750 0.316406 0.022656 0.041406
1 0.398438 0.316406 0.021094 0.041406
1 0.420312 0.358594 0.022656 0.040625
1 0.400000 0.357031 0.021094 0.039844
1 0.379688 0.353906 0.021094 0.043750
