2 0.417969 0.671094 0.056250 0.074219
2 0.690625 0.394531 0.050781 0.032031
2 0.663281 0.403906 0.053125 0.034375
2 0.134375 0.720313 0.102344 0.110937
2 0.360938 0.625781 0.063281 0.078906
2 0.414062 0.596094 0.060156 0.070312
2 0.464062 0.576562 0.053906 0.067969
2 0.509375 0.457813 0.054688 0.050781
2 0.546094 0.445312 0.057031 0.044531
2 0.587500 0.433594 0.051562 0.039062
2 0.582812 0.584375 0.050781 0.053125
2 0.461719 0.646875 0.054688 0.068750
2 0.165625 0.804688 0.089063 0.114844
2 0.342187 0.521094 0.058594 0.073438
2 0.392188 0.503906 0.058594 0.066406
2 0.514844 0.621875 0.053125 0.060937
1 0.660156 0.478125 0.030469 0.036719
1 0.232031 0.667969 0.057031 0.068750
2 0.621094 0.568750 0.049219 0.038281
2 0.655469 0.556250 0.032813 0.032031
2 0.680469 0.542188 0.032813 0.028906
2 0.625000 0.501563 0.050781 0.033594
1 0.594531 0.508594 0.014844 0.045312
1 0.574219 0.516406 0.028125 0.043750
1 0.563281 0.519531 0.019531 0.050000
1 0.575000 0.488281 0.029687 0.044531
1 0.542188 0.502344 0.025000 0.046875
1 0.546094 0.536719 0.015625 0.035156
1 0.524219 0.538281 0.028125 0.046875
1 0.510156 0.542188 0.024219 0.054688
1 0.524219 0.508594 0.028906 0.048438
1 0.275000 0.525781 0.035937 0.073438
1 0.243750 0.535937 0.039062 0.076563
1 0.210938 0.546875 0.042188 0.078906
1 0.203906 0.503906 0.048438 0.078125
1 0.175781 0.571094 0.045312 0.053906
1 0.138281 0.583594 0.049219 0.057031
1 0.099219 0.596875 0.053125 0.057031
1 0.057031 0.598437 0.057813 0.086719
1 0.165625 0.514062 0.047656 0.081250
1 0.126562 0.525000 0.052344 0.085156
1 0.085938 0.535937 0.057813 0.089063
1 0.256250 0.393750 0.041406 0.070312
1 0.220312 0.399219 0.044531 0.073438
1 0.183594 0.407031 0.047656 0.076563
1 0.143750 0.414062 0.052344 0.078906
1 0.102344 0.422656 0.058594 0.082031
1 0.057813 0.431250 0.066406 0.085938
1 0.024219 0.439844 0.047656 0.089063
1 0.472656 0.365625 0.032031 0.053906
1 0.455469 0.370312 0.022656 0.055469
1 0.409375 0.385937 0.026562 0.046094
1 0.433594 0.381250 0.024219 0.045312
1 0.427344 0.334375 0.033594 0.055469
1 0.403906 0.339062 0.034375 0.057031
1 0.378125 0.342969 0.035156 0.059375
1 0.352344 0.346875 0.035156 0.060937
1 0.385156 0.392188 0.028125 0.046875
1 0.358594 0.397656 0.030469 0.049219
1 0.329688 0.396094 0.035156 0.064844
2 0.810156 0.565625 0.054688 0.054688
