2 0.428906 0.690625 0.075781 0.107813
2 0.662500 0.299219 0.046875 0.030469
2 0.643750 0.312500 0.050781 0.035156
2 0.521094 0.397656 0.067969 0.059375
2 0.552344 0.373437 0.064844 0.050781
2 0.587500 0.353906 0.052344 0.044531
2 0.123438 0.974219 0.055469 0.050000
2 0.337500 0.532813 0.105469 0.121094
2 0.400000 0.488281 0.093750 0.100000
2 0.524219 0.587500 0.060937 0.077344
1 0.653906 0.378125 0.027344 0.037500
1 0.273438 0.722656 0.027344 0.050781
1 0.250000 0.757812 0.029687 0.057813
1 0.219531 0.760156 0.030469 0.069531
1 0.150000 0.841406 0.034375 0.067969
1 0.187500 0.790625 0.032031 0.060937
2 0.609375 0.495312 0.047656 0.039062
2 0.564844 0.547656 0.055469 0.050000
2 0.637500 0.472656 0.026562 0.035937
2 0.654687 0.451562 0.024219 0.030469
2 0.478125 0.553906 0.073438 0.087500
1 0.641406 0.397656 0.010937 0.037500
1 0.625781 0.405469 0.027344 0.037500
1 0.614844 0.409375 0.032031 0.044531
1 0.625781 0.376563 0.032031 0.040625
1 0.552344 0.442969 0.024219 0.052344
1 0.557031 0.480469 0.014063 0.043750
1 0.537500 0.492188 0.027344 0.044531
1 0.518750 0.498437 0.037500 0.062500
1 0.535937 0.454688 0.032813 0.053906
1 0.486719 0.284375 0.046094 0.070312
1 0.476562 0.292969 0.023438 0.071094
1 0.425000 0.317969 0.030469 0.070312
1 0.452344 0.307812 0.026562 0.065625
1 0.436719 0.244531 0.053906 0.075781
1 0.409375 0.251563 0.058594 0.079687
1 0.377344 0.260156 0.062500 0.085938
1 0.342187 0.268750 0.067969 0.092188
1 0.395313 0.329688 0.035156 0.074219
1 0.362500 0.343750 0.041406 0.078906
1 0.312500 0.349219 0.070312 0.102344
1 0.196875 0.359375 0.087500 0.124219
1 0.134375 0.380469 0.097656 0.137500
1 0.057813 0.403906 0.115625 0.153125
1 0.018750 0.422656 0.037500 0.150000
1 0.240625 0.567187 0.073438 0.126562
1 0.190625 0.600781 0.079687 0.137500
1 0.137500 0.639062 0.085156 0.147656
1 0.112500 0.571094 0.093750 0.153125
1 0.068750 0.707812 0.100781 0.114844
1 0.024219 0.748437 0.048438 0.106250
1 0.047656 0.611719 0.094531 0.172656
1 0.007812 0.685937 0.015625 0.046875
2 0.276562 0.452344 0.046875 0.026562
2 0.476562 0.241406 0.025781 0.017188
2 0.466406 0.246094 0.005469 0.011719
2 0.271094 0.375781 0.026562 0.014844
2 0.286719 0.367188 0.003125 0.007812
2 0.314063 0.280469 0.003906 0.012500
2 0.409375 0.388281 0.030469 0.021094
2 0.315625 0.437500 0.035156 0.027344
2 0.232031 0.309375 0.035937 0.032031
2 0.356250 0.415625 0.034375 0.025781
2 0.437500 0.373437 0.028906 0.019531
2 0.460156 0.362500 0.022656 0.019531
2 0.478906 0.352344 0.020313 0.015625
1 0.140625 0.309375 0.027344 0.017188
1 0.114844 0.314063 0.027344 0.015625
1 0.087500 0.323437 0.028906 0.012500
1 0.082031 0.302344 0.038281 0.049219
1 0.059375 0.332813 0.029687 0.008594
1 0.028125 0.339844 0.032813 0.009375
1 0.005469 0.344531 0.010937 0.004687
1 0.052344 0.309375 0.041406 0.052344
1 0.021875 0.315625 0.043750 0.053125
1 0.005469 0.320312 0.010937 0.050000
1 0.117969 0.217188 0.038281 0.044531
1 0.089844 0.221094 0.039062 0.047656
1 0.060937 0.224219 0.042188 0.047656
1 0.028125 0.228906 0.046094 0.050781
1 0.009375 0.231250 0.018750 0.050000
1 0.293750 0.207813 0.027344 0.035156
1 0.279687 0.209375 0.021094 0.035937
1 0.250781 0.215625 0.008594 0.032031
1 0.262500 0.214062 0.022656 0.034375
1 0.254688 0.180469 0.028906 0.035937
1 0.235937 0.182031 0.030469 0.034375
1 0.214062 0.184375 0.028906 0.035937
1 0.192969 0.187500 0.032813 0.038281
1 0.231250 0.218750 0.009375 0.030469
1 0.202344 0.223438 0.026562 0.035937
1 0.178906 0.224219 0.034375 0.041406
2 0.832812 0.559375 0.073438 0.069531
2 0.552344 0.342969 0.030469 0.017969
