3 0.005469 0.963281 0.010937 0.070312
2 0.422656 0.655469 0.059375 0.056250
2 0.762500 0.413281 0.062500 0.015625
2 0.725781 0.414062 0.065625 0.017188
2 0.536719 0.423438 0.058594 0.021094
2 0.581250 0.421875 0.062500 0.020313
2 0.632031 0.419531 0.057813 0.020313
2 0.129688 0.712500 0.114844 0.078906
2 0.341406 0.428906 0.061719 0.026562
2 0.400000 0.427344 0.055469 0.025781
2 0.542188 0.634375 0.062500 0.049219
1 0.753125 0.503125 0.038281 0.035937
1 0.285938 0.566406 0.019531 0.022656
1 0.263281 0.572656 0.020313 0.023438
1 0.247656 0.564063 0.020313 0.034375
1 0.197656 0.577344 0.025781 0.023438
1 0.226562 0.570312 0.021094 0.023438
2 0.678906 0.609375 0.062500 0.035156
2 0.603906 0.624219 0.062500 0.039062
2 0.725000 0.604688 0.046094 0.026562
2 0.759375 0.597656 0.046094 0.024219
2 0.480469 0.547656 0.056250 0.042188
1 0.722656 0.507812 0.017188 0.038281
1 0.699219 0.509375 0.034375 0.039062
1 0.682031 0.510938 0.035937 0.042188
1 0.699219 0.475781 0.035937 0.040625
1 0.572656 0.486719 0.032813 0.046094
1 0.578906 0.526563 0.019531 0.038281
1 0.559375 0.529687 0.020313 0.038281
1 0.533594 0.527344 0.030469 0.049219
1 0.553906 0.487500 0.032813 0.046094
1 0.499219 0.297656 0.023438 0.044531
1 0.474219 0.296094 0.024219 0.044531
1 0.424219 0.292187 0.026562 0.047656
1 0.449219 0.294531 0.025781 0.046875
1 0.449219 0.248438 0.025781 0.047656
1 0.422656 0.245312 0.027344 0.050000
1 0.394531 0.242969 0.027344 0.050000
1 0.367188 0.239844 0.029687 0.052344
1 0.396875 0.290625 0.027344 0.047656
1 0.368750 0.289062 0.028906 0.047656
1 0.339844 0.287500 0.030469 0.050781
1 0.269531 0.260937 0.043750 0.055469
1 0.231250 0.257812 0.037500 0.055469
1 0.196094 0.254688 0.039062 0.056250
1 0.159375 0.251563 0.041406 0.058594
1 0.120313 0.248438 0.044531 0.058594
1 0.079687 0.244531 0.046875 0.061719
1 0.037500 0.242188 0.050000 0.062500
1 0.275781 0.416406 0.041406 0.050000
1 0.239844 0.417187 0.037500 0.052344
1 0.204687 0.419531 0.037500 0.050781
1 0.208594 0.365625 0.053125 0.053125
1 0.169531 0.419531 0.039062 0.052344
1 0.133594 0.420312 0.041406 0.053125
1 0.094531 0.421875 0.043750 0.053906
1 0.053906 0.421094 0.046875 0.057813
1 0.165625 0.365625 0.039062 0.053125
1 0.127344 0.365625 0.042188 0.055469
1 0.088281 0.365625 0.044531 0.056250
2 0.402344 0.518750 0.029687 0.015625
2 0.594531 0.400781 0.023438 0.007812
2 0.569531 0.400781 0.030469 0.007812
2 0.265625 0.475000 0.041406 0.015625
2 0.371094 0.469531 0.030469 0.014063
2 0.400781 0.466406 0.029687 0.014063
2 0.430469 0.465625 0.025781 0.014063
2 0.460938 0.403906 0.023438 0.009375
2 0.484375 0.403125 0.028906 0.008594
2 0.512500 0.403125 0.028906 0.008594
2 0.516406 0.507812 0.020313 0.015625
2 0.429688 0.515625 0.029687 0.017188
2 0.271094 0.530469 0.039062 0.019531
2 0.364063 0.405469 0.026562 0.010937
2 0.391406 0.404687 0.025781 0.009375
2 0.465625 0.512500 0.028906 0.017188
1 0.571094 0.452344 0.017188 0.015625
1 0.303906 0.467969 0.017188 0.019531
2 0.596875 0.502344 0.014844 0.010937
2 0.544531 0.458594 0.029687 0.008594
1 0.521094 0.455469 0.003125 0.017188
1 0.508594 0.456250 0.006250 0.017188
1 0.493750 0.457813 0.010937 0.017188
1 0.482812 0.457813 0.009375 0.017969
1 0.472656 0.459375 0.010937 0.017969
1 0.459375 0.459375 0.012500 0.017969
1 0.334375 0.399219 0.015625 0.022656
1 0.322656 0.399219 0.010937 0.022656
1 0.303906 0.400000 0.011719 0.021094
1 0.302344 0.377344 0.011719 0.022656
1 0.291406 0.400000 0.014844 0.021094
1 0.290625 0.377344 0.014844 0.022656
1 0.275781 0.377344 0.014844 0.022656
1 0.260937 0.377344 0.015625 0.022656
1 0.332813 0.337500 0.014844 0.007812
1 0.321094 0.337500 0.009375 0.007812
1 0.289062 0.329688 0.014844 0.023438
1 0.274219 0.328906 0.015625 0.023438
1 0.259375 0.327344 0.014844 0.023438
1 0.244531 0.327344 0.015625 0.023438
1 0.437500 0.346094 0.011719 0.015625
1 0.425781 0.346094 0.011719 0.014844
1 0.402344 0.345313 0.012500 0.015625
1 0.414062 0.345313 0.012500 0.015625
1 0.389062 0.344531 0.012500 0.015625
1 0.376563 0.344531 0.012500 0.015625
1 0.364063 0.343750 0.012500 0.017188
2 0.976562 0.724219 0.046875 0.074219
2 0.657031 0.500000 0.014063 0.012500
