2 0.467187 0.728125 0.067187 0.054688
2 0.968750 0.508594 0.060937 0.033594
2 0.325000 0.594531 0.043750 0.023438
2 0.422656 0.618750 0.064062 0.033594
2 0.467187 0.626563 0.067969 0.036719
2 0.513281 0.639062 0.069531 0.044531
2 0.570312 0.509375 0.055469 0.021094
2 0.641406 0.510938 0.085156 0.023438
2 0.732812 0.512500 0.096094 0.026562
2 0.743750 0.846875 0.100781 0.111719
2 0.514062 0.747656 0.071875 0.061719
2 0.332031 0.671875 0.053125 0.033594
2 0.416406 0.507031 0.058594 0.015625
2 0.452344 0.507031 0.066406 0.016406
2 0.584375 0.780469 0.079687 0.078125
1 0.998437 0.711719 0.002344 0.020313
1 0.360156 0.593750 0.030469 0.039062
2 0.892188 0.907813 0.151562 0.149219
2 0.976562 0.940625 0.046094 0.114844
2 0.894531 0.723437 0.151562 0.089063
1 0.745313 0.671875 0.040625 0.082031
1 0.705469 0.669531 0.038281 0.065625
1 0.669531 0.657031 0.033594 0.073438
1 0.706250 0.608594 0.038281 0.070312
1 0.630469 0.597656 0.038281 0.061719
1 0.630469 0.650781 0.038281 0.064062
1 0.597656 0.646875 0.027344 0.055469
1 0.570312 0.636719 0.025781 0.061719
1 0.602344 0.593750 0.037500 0.058594
1 0.389844 0.494531 0.033594 0.034375
1 0.366406 0.495312 0.011719 0.033594
1 0.353906 0.496094 0.011719 0.032031
1 0.364844 0.462500 0.032031 0.032031
1 0.342187 0.495312 0.010937 0.031250
1 0.331250 0.496094 0.010156 0.030469
1 0.321094 0.496094 0.010156 0.028906
1 0.310937 0.495312 0.008594 0.029687
1 0.342187 0.464062 0.010937 0.031250
1 0.331250 0.464844 0.010156 0.031250
1 0.321094 0.465625 0.010156 0.029687
1 0.390625 0.390625 0.033594 0.038281
1 0.367188 0.392188 0.012500 0.034375
1 0.354687 0.394531 0.011719 0.032031
1 0.343750 0.397656 0.010937 0.032031
1 0.332031 0.400000 0.010156 0.031250
1 0.321875 0.402344 0.010156 0.030469
1 0.311719 0.404687 0.008594 0.029687
1 0.532813 0.375000 0.036719 0.046094
1 0.503125 0.378906 0.021094 0.045312
1 0.464062 0.386719 0.017969 0.040625
1 0.482812 0.383594 0.018750 0.042969
1 0.491406 0.342187 0.035937 0.045312
1 0.464062 0.346875 0.017969 0.044531
1 0.446094 0.351562 0.017188 0.042969
1 0.429688 0.356250 0.014844 0.040625
1 0.446094 0.390625 0.017188 0.039844
1 0.429688 0.393750 0.014844 0.038281
1 0.414062 0.396875 0.014844 0.038281
