2 0.114844 0.753906 0.082031 0.061719
2 0.148438 0.464844 0.025781 0.036719
2 0.117969 0.444531 0.052344 0.054688
2 0.063281 0.397656 0.057813 0.060156
2 0.152344 0.678906 0.047656 0.029687
2 0.167187 0.496094 0.004687 0.019531
2 0.157031 0.489844 0.015625 0.021875
2 0.093750 0.833594 0.064844 0.082031
1 0.156250 0.610156 0.010937 0.010937
1 0.157812 0.601562 0.019531 0.016406
1 0.169531 0.603906 0.003125 0.010156
2 0.049219 0.932813 0.098437 0.131250
2 0.137500 0.636719 0.027344 0.033594
1 0.060156 0.578906 0.107031 0.083594
1 0.056250 0.658594 0.108594 0.096875
1 0.112500 0.642969 0.010937 0.075000
1 0.120313 0.635156 0.008594 0.068750
1 0.115625 0.574219 0.010156 0.068750
1 0.141406 0.300781 0.010156 0.032031
1 0.156250 0.342187 0.002344 0.023438
1 0.142969 0.295312 0.025000 0.063281
1 0.157031 0.312500 0.003906 0.053125
1 0.159375 0.325000 0.003906 0.048438
1 0.162500 0.335938 0.003906 0.045312
1 0.158594 0.352344 0.002344 0.021094
1 0.160938 0.361719 0.002344 0.020313
1 0.163281 0.371094 0.002344 0.019531
1 0.167187 0.380469 0.005469 0.031250
1 0.163281 0.478125 0.005469 0.014063
1 0.158594 0.459375 0.016406 0.028906
1 0.171875 0.496094 0.001563 0.024219
1 0.173437 0.498437 0.002344 0.021875
1 0.175000 0.500000 0.001563 0.021875
1 0.172656 0.478125 0.001563 0.014063
1 0.174219 0.478906 0.001563 0.015625
2 0.500781 0.665625 0.044531 0.024219
2 0.902344 0.450000 0.135937 0.051562
2 0.794531 0.466406 0.107031 0.039062
2 0.425781 0.583594 0.023438 0.010156
2 0.476562 0.591406 0.041406 0.014063
2 0.500781 0.594531 0.044531 0.015625
2 0.520312 0.598437 0.043750 0.017969
2 0.551562 0.503906 0.039844 0.015625
2 0.581250 0.500000 0.039844 0.018750
2 0.635156 0.493750 0.066406 0.021875
2 0.643750 0.725781 0.075000 0.049219
2 0.525781 0.675781 0.049219 0.028906
2 0.431250 0.636719 0.032813 0.015625
2 0.462500 0.515625 0.017188 0.011719
2 0.492188 0.513281 0.045312 0.013281
2 0.561719 0.692187 0.057031 0.034375
1 0.807813 0.627344 0.075000 0.065625
1 0.444531 0.579688 0.017969 0.021875
2 0.717969 0.757031 0.089844 0.063281
2 0.799219 0.792969 0.111719 0.081250
2 0.912500 0.839844 0.142969 0.114844
2 0.722656 0.631250 0.090625 0.029687
1 0.643750 0.605469 0.035156 0.045312
1 0.616406 0.603125 0.019531 0.041406
1 0.598437 0.600000 0.017188 0.040625
1 0.625000 0.564063 0.036719 0.039062
1 0.585156 0.561719 0.032813 0.035156
1 0.585156 0.598437 0.032031 0.036719
1 0.562500 0.596094 0.014063 0.035156
1 0.549219 0.593750 0.012500 0.034375
1 0.561719 0.561719 0.013281 0.033594
1 0.460938 0.510938 0.021094 0.023438
1 0.446875 0.511719 0.006250 0.021875
1 0.440625 0.512500 0.005469 0.021094
1 0.446875 0.491406 0.017969 0.021875
1 0.435156 0.514062 0.005469 0.020313
1 0.429688 0.514844 0.004687 0.020313
1 0.424219 0.515625 0.004687 0.019531
1 0.419531 0.516406 0.003906 0.019531
1 0.435156 0.492969 0.005469 0.021094
1 0.429688 0.494531 0.005469 0.020313
1 0.424219 0.495312 0.004687 0.020313
1 0.460938 0.440625 0.019531 0.021875
1 0.447656 0.443750 0.005469 0.021875
1 0.441406 0.446094 0.005469 0.021094
1 0.435937 0.448437 0.005469 0.021094
1 0.430469 0.450781 0.004687 0.020313
1 0.425000 0.453125 0.004687 0.019531
1 0.420312 0.456250 0.003906 0.019531
1 0.534375 0.419531 0.027344 0.030469
1 0.514844 0.424219 0.010156 0.029687
1 0.495312 0.432031 0.008594 0.028125
1 0.504687 0.428125 0.009375 0.028906
1 0.513281 0.402344 0.025781 0.030469
1 0.495312 0.407031 0.008594 0.028906
1 0.486719 0.411719 0.007812 0.028906
1 0.478125 0.415625 0.007812 0.028125
1 0.486719 0.435937 0.008594 0.025781
1 0.478125 0.439063 0.007812 0.025000
1 0.470313 0.442969 0.007031 0.024219
