3 0.329688 0.862500 0.434375 0.272656
2 0.975000 0.426563 0.050000 0.017188
2 0.981250 0.428906 0.037500 0.020313
1 0.968750 0.530469 0.017969 0.039062
1 0.971094 0.544531 0.010937 0.044531
1 0.978125 0.551562 0.009375 0.047656
1 0.989062 0.561719 0.019531 0.050781
1 0.987500 0.510938 0.022656 0.047656
2 0.942187 0.628906 0.014844 0.034375
2 0.954688 0.652344 0.015625 0.040625
2 0.996875 0.741406 0.006250 0.029687
2 0.978906 0.685156 0.039062 0.053125
2 0.436719 0.671094 0.071094 0.064844
2 0.625000 0.417187 0.026562 0.011719
2 0.607031 0.418750 0.039062 0.011719
2 0.514844 0.428906 0.055469 0.017969
2 0.540625 0.427344 0.046875 0.015625
2 0.564063 0.425000 0.041406 0.014063
2 0.085156 0.907031 0.167969 0.184375
2 0.376563 0.442188 0.087500 0.028906
2 0.425781 0.437500 0.074219 0.025781
2 0.519531 0.616406 0.055469 0.043750
1 0.619531 0.482812 0.022656 0.026562
1 0.306250 0.613281 0.025781 0.028906
1 0.285938 0.625781 0.027344 0.030469
1 0.257812 0.623437 0.027344 0.044531
1 0.194531 0.660937 0.030469 0.040625
1 0.227344 0.639844 0.028906 0.035156
2 0.589063 0.569531 0.041406 0.024219
2 0.553125 0.594531 0.049219 0.029687
2 0.612500 0.559375 0.021094 0.021094
2 0.625781 0.548438 0.020313 0.020313
2 0.481250 0.548438 0.064844 0.039062
1 0.610938 0.489063 0.006250 0.026562
1 0.597656 0.490625 0.020313 0.026562
1 0.588281 0.492969 0.025781 0.030469
1 0.596094 0.465625 0.025781 0.027344
1 0.535156 0.482812 0.029687 0.037500
1 0.545312 0.515625 0.009375 0.034375
1 0.534375 0.520312 0.011719 0.035937
1 0.512500 0.521875 0.032031 0.041406
1 0.524219 0.485156 0.032031 0.038281
1 0.499219 0.315625 0.014063 0.041406
1 0.484375 0.312500 0.014844 0.043750
1 0.450000 0.302344 0.019531 0.047656
1 0.467969 0.307812 0.017188 0.046875
1 0.467187 0.264062 0.017188 0.050000
1 0.449219 0.257031 0.019531 0.052344
1 0.428906 0.249219 0.021094 0.056250
1 0.395313 0.240625 0.046094 0.059375
1 0.428906 0.297656 0.020313 0.050781
1 0.407813 0.290625 0.023438 0.053906
1 0.375000 0.284375 0.041406 0.059375
1 0.308594 0.239844 0.038281 0.071094
1 0.269531 0.227344 0.043750 0.077344
1 0.224219 0.213281 0.050781 0.085938
1 0.171094 0.196094 0.062500 0.096094
1 0.107813 0.175781 0.074219 0.106250
1 0.038281 0.153125 0.076563 0.117188
1 0.313281 0.430469 0.037500 0.060937
1 0.275781 0.432812 0.042188 0.065625
1 0.232813 0.435937 0.049219 0.071094
1 0.228906 0.363281 0.050000 0.073438
1 0.182812 0.438281 0.058594 0.076563
1 0.123438 0.442188 0.070312 0.084375
1 0.052344 0.446094 0.085156 0.092188
1 0.009375 0.446094 0.018750 0.098437
1 0.178125 0.359375 0.060937 0.078906
1 0.116406 0.355469 0.071094 0.088281
1 0.043750 0.350781 0.087500 0.096094
2 0.275781 0.558594 0.046094 0.025781
2 0.462500 0.414062 0.021094 0.006250
2 0.441406 0.414062 0.029687 0.007812
2 0.052344 0.534375 0.074219 0.032031
2 0.234375 0.503906 0.047656 0.022656
2 0.273438 0.496094 0.046875 0.019531
2 0.307812 0.490625 0.034375 0.017188
2 0.339844 0.419531 0.015625 0.010937
2 0.371875 0.417969 0.024219 0.008594
2 0.392969 0.417187 0.030469 0.008594
2 0.397656 0.524219 0.034375 0.017188
2 0.307031 0.549219 0.037500 0.023438
2 0.064062 0.619531 0.070312 0.044531
2 0.352344 0.539062 0.032031 0.020313
1 0.446094 0.465625 0.015625 0.010937
1 0.134375 0.518750 0.039062 0.022656
2 0.424219 0.518750 0.030469 0.014063
2 0.446094 0.512500 0.022656 0.012500
2 0.462500 0.507812 0.021094 0.010937
2 0.422656 0.471094 0.032031 0.008594
1 0.401562 0.473438 0.009375 0.012500
1 0.392188 0.475781 0.009375 0.012500
1 0.379688 0.477344 0.012500 0.011719
1 0.367969 0.479687 0.010937 0.012500
1 0.342187 0.484375 0.014063 0.012500
1 0.172656 0.315625 0.022656 0.017188
1 0.150000 0.312500 0.023438 0.017188
1 0.125781 0.309375 0.025781 0.017188
1 0.099219 0.305469 0.027344 0.017969
1 0.070312 0.302344 0.029687 0.019531
1 0.039844 0.298438 0.032813 0.020313
1 0.012500 0.303125 0.024219 0.038281
1 0.314844 0.350781 0.008594 0.023438
1 0.303906 0.349219 0.014063 0.024219
1 0.274219 0.346094 0.015625 0.026562
1 0.289062 0.348438 0.015625 0.026562
1 0.287500 0.323437 0.015625 0.025781
1 0.272656 0.321094 0.017188 0.026562
1 0.256250 0.318750 0.017188 0.028906
1 0.235937 0.315625 0.025781 0.029687
1 0.257812 0.345313 0.017188 0.026562
2 0.782031 0.578906 0.061719 0.032813
