3 0.337500 0.500781 0.034375 0.103125
2 0.171094 0.650781 0.064844 0.053125
2 0.217188 0.502344 0.040625 0.021094
2 0.172656 0.541406 0.060937 0.025781
2 0.159375 0.562500 0.067969 0.034375
2 0.149219 0.589844 0.053906 0.041406
2 0.093750 0.492188 0.114844 0.034375
2 0.060156 0.515625 0.120313 0.050781
2 0.027344 0.547656 0.053906 0.061719
2 0.222656 0.560937 0.038281 0.026562
2 0.174219 0.450000 0.053906 0.019531
2 0.155469 0.460156 0.067969 0.026562
2 0.117188 0.740625 0.082031 0.071094
1 0.071094 0.601562 0.079687 0.073438
1 0.077344 0.651563 0.077344 0.077344
1 0.119531 0.626563 0.017969 0.059375
1 0.132031 0.611719 0.017188 0.055469
1 0.090625 0.582031 0.067969 0.057813
1 0.104688 0.354687 0.062500 0.046094
1 0.139844 0.355469 0.014063 0.041406
1 0.159375 0.357031 0.011719 0.037500
1 0.150000 0.356250 0.012500 0.038281
1 0.125000 0.315625 0.053906 0.043750
1 0.154688 0.319531 0.011719 0.039062
1 0.163281 0.321875 0.011719 0.037500
1 0.171094 0.324219 0.009375 0.035156
1 0.167187 0.357812 0.010937 0.035156
1 0.174219 0.357812 0.009375 0.034375
1 0.180469 0.357812 0.008594 0.032813
1 0.185938 0.346875 0.021094 0.029687
1 0.198437 0.347656 0.007812 0.028906
1 0.203906 0.348438 0.006250 0.026562
1 0.207813 0.348438 0.005469 0.026562
1 0.212500 0.349219 0.005469 0.025781
1 0.216406 0.349219 0.005469 0.024219
1 0.219531 0.350000 0.005469 0.023438
1 0.187500 0.434375 0.035937 0.027344
1 0.192969 0.432812 0.032813 0.028906
1 0.210938 0.428906 0.006250 0.026562
1 0.195312 0.403906 0.032813 0.027344
1 0.214844 0.427344 0.006250 0.026562
1 0.218750 0.425781 0.005469 0.025781
1 0.222656 0.423438 0.003906 0.023438
1 0.225781 0.421094 0.003906 0.023438
1 0.200781 0.401562 0.029687 0.026562
1 0.205469 0.400781 0.027344 0.024219
1 0.210938 0.400000 0.024219 0.023438
2 0.060156 0.845313 0.120313 0.130469
2 0.013281 0.980469 0.026562 0.035937
2 0.489844 0.576562 0.037500 0.032031
2 0.773438 0.562500 0.153125 0.089063
2 0.688281 0.524219 0.112500 0.062500
2 0.526563 0.452344 0.053125 0.023438
2 0.547656 0.462500 0.056250 0.027344
2 0.572656 0.476562 0.060937 0.034375
2 0.450781 0.522656 0.026562 0.020313
2 0.472656 0.430469 0.038281 0.014844
2 0.483594 0.435156 0.041406 0.017188
2 0.518750 0.626563 0.039062 0.044531
1 0.737500 0.736719 0.080469 0.111719
1 0.469531 0.490625 0.008594 0.007812
1 0.464844 0.489063 0.008594 0.008594
1 0.465625 0.482812 0.010937 0.008594
1 0.457813 0.481250 0.008594 0.007812
2 0.605469 0.757812 0.060937 0.084375
2 0.553906 0.671875 0.058594 0.052344
2 0.664844 0.828906 0.100000 0.112500
2 0.736719 0.921094 0.130469 0.155469
2 0.496094 0.528125 0.037500 0.028906
1 0.665625 0.664844 0.057813 0.082812
1 0.642969 0.649219 0.052344 0.065625
1 0.609375 0.627344 0.020313 0.065625
1 0.645312 0.596875 0.053906 0.072656
1 0.539844 0.519531 0.032813 0.042188
1 0.539062 0.553125 0.032031 0.040625
1 0.519531 0.545312 0.007812 0.037500
1 0.512500 0.537500 0.007812 0.037500
1 0.530469 0.511719 0.029687 0.040625
1 0.509375 0.357812 0.027344 0.030469
1 0.492188 0.358594 0.005469 0.029687
1 0.480469 0.359375 0.005469 0.026562
1 0.486719 0.358594 0.005469 0.027344
1 0.496094 0.330469 0.025781 0.028906
1 0.480469 0.332031 0.005469 0.027344
1 0.475000 0.333594 0.005469 0.026562
1 0.470313 0.333594 0.003906 0.026562
1 0.475000 0.359375 0.005469 0.026562
1 0.470313 0.359375 0.003906 0.025781
1 0.465625 0.359375 0.003906 0.024219
1 0.461719 0.350781 0.012500 0.023438
1 0.452344 0.351562 0.003125 0.022656
1 0.449219 0.352344 0.003125 0.021094
1 0.446094 0.351562 0.003125 0.020313
1 0.442969 0.351562 0.003125 0.020313
1 0.439844 0.352344 0.003125 0.019531
1 0.437500 0.352344 0.002344 0.017969
1 0.464844 0.415625 0.019531 0.017188
1 0.460938 0.417187 0.017969 0.021094
1 0.449219 0.415625 0.003125 0.021094
1 0.457813 0.396094 0.019531 0.021094
1 0.446875 0.415625 0.002344 0.020313
1 0.443750 0.414062 0.002344 0.020313
1 0.440625 0.412500 0.002344 0.019531
1 0.437500 0.410938 0.003125 0.017969
1 0.453906 0.395313 0.017969 0.020313
1 0.442969 0.394531 0.003125 0.020313
1 0.447656 0.392969 0.015625 0.020313
2 0.992188 0.470313 0.012500 0.021094
2 0.955469 0.463281 0.087500 0.028906
2 0.602344 0.457031 0.023438 0.011719
2 0.655469 0.475781 0.035156 0.015625
2 0.679688 0.482812 0.038281 0.017188
2 0.702344 0.491406 0.041406 0.019531
2 0.742188 0.431250 0.046875 0.015625
2 0.774219 0.435937 0.055469 0.017969
2 0.814063 0.442188 0.053906 0.019531
2 0.655469 0.417187 0.035156 0.011719
2 0.674219 0.421094 0.038281 0.011719
1 0.949219 0.564844 0.058594 0.049219
1 0.621875 0.458594 0.015625 0.019531
2 0.871875 0.635938 0.062500 0.032813
2 0.927344 0.659375 0.085156 0.053906
2 0.975781 0.687500 0.047656 0.050781
2 0.881250 0.552344 0.073438 0.030469
1 0.816406 0.519531 0.032813 0.032031
1 0.797656 0.515625 0.029687 0.029687
1 0.776563 0.509375 0.017188 0.032031
1 0.800781 0.488281 0.030469 0.032031
1 0.764062 0.478906 0.027344 0.029687
1 0.762500 0.504687 0.027344 0.028906
1 0.742969 0.500000 0.014063 0.027344
1 0.729688 0.494531 0.012500 0.027344
1 0.750000 0.475781 0.025781 0.027344
1 0.639844 0.409375 0.017969 0.017969
1 0.627344 0.409375 0.007812 0.017969
1 0.613281 0.406250 0.005469 0.017188
1 0.607812 0.405469 0.006250 0.017188
1 0.600781 0.405469 0.006250 0.015625
1 0.596094 0.404687 0.005469 0.015625
1 0.642188 0.353906 0.017969 0.017969
1 0.632031 0.353906 0.012500 0.017969
1 0.615625 0.353906 0.006250 0.017188
1 0.609375 0.354687 0.006250 0.015625
1 0.603125 0.354687 0.006250 0.015625
1 0.597656 0.355469 0.005469 0.015625
1 0.721094 0.359375 0.025781 0.023438
1 0.703125 0.360156 0.012500 0.022656
1 0.682813 0.360156 0.010937 0.020313
1 0.692187 0.360156 0.010937 0.022656
1 0.700000 0.337500 0.023438 0.022656
1 0.683594 0.338281 0.011719 0.021094
1 0.674219 0.339062 0.009375 0.021094
1 0.664062 0.340625 0.009375 0.019531
1 0.672656 0.360156 0.009375 0.020313
1 0.663281 0.360938 0.009375 0.019531
1 0.655469 0.360938 0.008594 0.019531
2 0.309375 0.949219 0.149219 0.099219
