2 0.386719 0.743750 0.101562 0.159375
2 0.816406 0.253125 0.083594 0.044531
2 0.781250 0.264062 0.091406 0.049219
2 0.550781 0.350000 0.107813 0.090625
2 0.611719 0.325781 0.107813 0.074219
2 0.677344 0.307812 0.090625 0.061719
2 0.167187 0.499219 0.171094 0.192969
2 0.313281 0.449219 0.127344 0.155469
2 0.549219 0.630469 0.089844 0.116406
1 0.789844 0.371875 0.050781 0.054688
1 0.108594 0.743750 0.047656 0.078125
1 0.056250 0.789062 0.058594 0.089844
1 0.025000 0.776563 0.049219 0.103906
2 0.700000 0.528906 0.077344 0.060937
2 0.621094 0.589844 0.083594 0.074219
2 0.749219 0.505469 0.046094 0.049219
2 0.779687 0.482031 0.042969 0.043750
2 0.467969 0.573438 0.101562 0.139844
1 0.764062 0.394531 0.022656 0.053906
1 0.736719 0.400781 0.046875 0.060937
1 0.717187 0.406250 0.054688 0.071094
1 0.741406 0.357812 0.057031 0.061719
1 0.603125 0.429688 0.045312 0.083594
1 0.606250 0.489844 0.028125 0.060937
1 0.569531 0.493750 0.052344 0.082031
1 0.542969 0.502344 0.053906 0.099219
1 0.571875 0.442969 0.057031 0.086719
1 0.496094 0.135937 0.047656 0.105469
1 0.446875 0.139063 0.053906 0.111719
1 0.330469 0.147656 0.078906 0.125000
1 0.392969 0.143750 0.064844 0.116406
1 0.385937 0.042188 0.067187 0.084375
1 0.319531 0.042188 0.080469 0.084375
1 0.243750 0.042969 0.094531 0.085156
1 0.155469 0.042969 0.112500 0.085156
1 0.260156 0.152344 0.094531 0.132031
1 0.178906 0.157031 0.115625 0.144531
1 0.084375 0.161719 0.144531 0.157031
1 0.027344 0.507031 0.054688 0.173437
2 0.310937 0.375781 0.044531 0.034375
2 0.068750 0.356250 0.083594 0.048438
2 0.253125 0.317969 0.051562 0.038281
2 0.301563 0.306250 0.047656 0.034375
2 0.346094 0.296875 0.040625 0.033594
2 0.461719 0.334375 0.039844 0.029687
2 0.350781 0.364063 0.043750 0.031250
2 0.100781 0.439063 0.073438 0.053906
2 0.399219 0.353125 0.040625 0.034375
1 0.530469 0.249219 0.021875 0.028125
1 0.145313 0.330469 0.050781 0.045312
2 0.480469 0.321875 0.003906 0.011719
2 0.550781 0.306250 0.025781 0.006250
2 0.497656 0.263281 0.039844 0.016406
1 0.464062 0.261719 0.013281 0.033594
1 0.446875 0.266406 0.021094 0.032031
1 0.434375 0.267969 0.019531 0.035156
1 0.446094 0.242969 0.021094 0.025000
1 0.416406 0.249219 0.014844 0.026562
1 0.417969 0.275000 0.015625 0.029687
1 0.402344 0.278125 0.018750 0.030469
1 0.385937 0.278125 0.022656 0.038281
1 0.399219 0.252344 0.021875 0.026562
1 0.046875 0.212500 0.013281 0.008594
1 0.010156 0.226562 0.011719 0.025000
1 0.007031 0.231250 0.013281 0.033594
1 0.037500 0.184375 0.025781 0.049219
1 0.105469 0.073438 0.027344 0.017969
1 0.077344 0.073438 0.035156 0.017969
1 0.045312 0.073438 0.037500 0.018750
1 0.015625 0.088281 0.031250 0.050781
