3 0.189844 0.521094 0.096875 0.189062
2 0.461719 0.567187 0.055469 0.065625
2 0.927344 0.678125 0.143750 0.185156
2 0.547656 0.446875 0.075781 0.071094
2 0.598437 0.476562 0.086719 0.083594
2 0.668750 0.525000 0.095312 0.096094
2 0.364063 0.468750 0.042969 0.041406
2 0.416406 0.373437 0.060156 0.045312
2 0.442969 0.389062 0.063281 0.050781
2 0.542188 0.653125 0.067187 0.090625
1 0.966406 0.914062 0.065625 0.155469
1 0.407031 0.441406 0.013281 0.017969
1 0.394531 0.439063 0.014844 0.014844
1 0.394531 0.425781 0.014844 0.017969
1 0.378125 0.420312 0.014063 0.014844
1 0.388281 0.423438 0.011719 0.015625
2 0.730469 0.846875 0.091406 0.163281
2 0.608594 0.725781 0.077344 0.101562
2 0.823438 0.918750 0.113281 0.160156
2 0.894531 0.966406 0.030469 0.064844
2 0.492969 0.525781 0.064844 0.070312
1 0.851562 0.801562 0.067187 0.131250
1 0.802344 0.760938 0.057031 0.128125
1 0.764844 0.728125 0.058594 0.117969
1 0.818750 0.725000 0.064062 0.110937
1 0.582031 0.546875 0.041406 0.068750
1 0.580469 0.587500 0.041406 0.061719
1 0.550781 0.574219 0.021094 0.050781
1 0.531250 0.548438 0.020313 0.070312
1 0.557813 0.531250 0.033594 0.065625
1 0.509375 0.300000 0.042969 0.059375
1 0.485938 0.293750 0.032813 0.058594
1 0.445312 0.285938 0.016406 0.046094
1 0.460938 0.291406 0.017188 0.048438
1 0.471875 0.244531 0.041406 0.054688
1 0.454688 0.240625 0.039062 0.051562
1 0.439844 0.236719 0.038281 0.050000
1 0.425000 0.233594 0.036719 0.048438
1 0.430469 0.281250 0.015625 0.045312
1 0.416406 0.275781 0.014844 0.042969
1 0.403906 0.269531 0.014844 0.045312
1 0.386719 0.244531 0.035156 0.042969
1 0.374219 0.242188 0.030469 0.041406
1 0.361719 0.239063 0.025781 0.040625
1 0.355469 0.235937 0.031250 0.039844
1 0.345313 0.232813 0.028906 0.038281
1 0.337500 0.230469 0.028906 0.036719
1 0.329688 0.228125 0.028906 0.035937
1 0.393750 0.345313 0.032813 0.042969
1 0.382812 0.340625 0.030469 0.042969
1 0.364063 0.339062 0.011719 0.035156
1 0.370312 0.305469 0.030469 0.041406
1 0.354687 0.333594 0.010937 0.033594
1 0.346094 0.328125 0.010156 0.032031
1 0.338281 0.323437 0.010156 0.031250
1 0.331250 0.317969 0.010156 0.033594
1 0.360938 0.300781 0.028906 0.039844
1 0.352344 0.296094 0.028906 0.039062
1 0.343750 0.292187 0.028125 0.038281
2 0.616406 0.413281 0.033594 0.028125
2 0.971094 0.378125 0.056250 0.043750
2 0.913281 0.363281 0.067969 0.042969
2 0.600000 0.341406 0.024219 0.009375
2 0.627344 0.350781 0.028125 0.010937
2 0.657813 0.360938 0.025781 0.009375
2 0.699219 0.310156 0.042969 0.028125
2 0.734375 0.319531 0.049219 0.029687
2 0.779687 0.332031 0.050781 0.031250
2 0.756250 0.483594 0.046875 0.032031
2 0.645312 0.425781 0.038281 0.029687
2 0.525781 0.368750 0.028906 0.020313
2 0.595313 0.284375 0.035937 0.021094
2 0.618750 0.290625 0.037500 0.021875
2 0.683594 0.444531 0.041406 0.034375
1 0.894531 0.441406 0.044531 0.026562
1 0.550000 0.320312 0.017969 0.013281
2 0.810937 0.505469 0.051562 0.046094
2 0.860156 0.528906 0.056250 0.053125
2 0.917969 0.555469 0.064844 0.059375
2 0.832812 0.424219 0.048438 0.019531
1 0.779687 0.398438 0.013281 0.018750
1 0.748437 0.392969 0.006250 0.007031
1 0.738281 0.384375 0.018750 0.018750
1 0.752344 0.372656 0.010937 0.034375
1 0.721094 0.362500 0.024219 0.035937
1 0.718750 0.380469 0.021094 0.014844
1 0.700781 0.375781 0.014844 0.009375
1 0.686719 0.366406 0.015625 0.016406
1 0.706250 0.357031 0.024219 0.035156
1 0.572656 0.271094 0.018750 0.026562
1 0.563281 0.268750 0.018750 0.025781
1 0.549219 0.267969 0.009375 0.021094
1 0.554688 0.246094 0.017969 0.025000
1 0.542969 0.266406 0.003125 0.019531
1 0.530469 0.263281 0.007031 0.021094
1 0.522656 0.260937 0.007812 0.020313
1 0.514844 0.257812 0.007031 0.023438
1 0.547656 0.243750 0.010156 0.024219
1 0.535156 0.242188 0.016406 0.023438
1 0.527344 0.240625 0.015625 0.023438
1 0.577344 0.203906 0.019531 0.025781
1 0.565625 0.202344 0.017969 0.025000
1 0.555469 0.201563 0.017188 0.025000
1 0.549219 0.200000 0.010156 0.024219
1 0.536719 0.199219 0.015625 0.021875
1 0.527344 0.197656 0.013281 0.023438
1 0.519531 0.196875 0.014844 0.023438
1 0.679688 0.228125 0.024219 0.031250
1 0.664062 0.225781 0.022656 0.030469
1 0.634375 0.223438 0.014844 0.025781
1 0.647656 0.225000 0.015625 0.028125
1 0.653906 0.197656 0.023438 0.028906
1 0.639844 0.196094 0.021094 0.028125
1 0.626563 0.195312 0.021094 0.028125
1 0.614844 0.193750 0.021094 0.026562
1 0.621094 0.221094 0.013281 0.025781
1 0.609375 0.219531 0.013281 0.025781
1 0.597656 0.216406 0.012500 0.028125
