3 0.301563 0.694531 0.346094 0.609375
2 0.981250 0.842969 0.037500 0.120313
2 0.912500 0.435937 0.003906 0.019531
2 0.917188 0.429688 0.006250 0.021094
2 0.983594 0.600000 0.032813 0.059375
2 0.973437 0.579688 0.053125 0.040625
2 0.939844 0.383594 0.035156 0.043750
2 0.934375 0.399219 0.015625 0.032813
2 0.993750 0.271094 0.012500 0.067969
2 0.976562 0.305469 0.021094 0.076563
2 0.971094 0.728906 0.057813 0.065625
1 0.936719 0.534375 0.015625 0.041406
1 0.935937 0.494531 0.015625 0.037500
1 0.977344 0.537500 0.043750 0.040625
1 0.977344 0.487500 0.044531 0.061719
1 0.978125 0.035937 0.009375 0.071875
1 0.986719 0.017188 0.007812 0.034375
2 0.917969 0.625781 0.003906 0.022656
2 0.921094 0.635938 0.003125 0.023438
2 0.965625 0.686719 0.065625 0.043750
2 0.942969 0.657031 0.028906 0.020313
2 0.452344 0.627344 0.043750 0.023438
2 0.625781 0.460938 0.021094 0.011719
2 0.606250 0.459375 0.034375 0.011719
2 0.514062 0.445312 0.046094 0.015625
2 0.544531 0.449219 0.029687 0.014063
2 0.566406 0.453125 0.030469 0.012500
2 0.208594 0.700781 0.034375 0.053906
2 0.442188 0.430469 0.047656 0.019531
2 0.519531 0.611719 0.049219 0.025781
1 0.621875 0.521094 0.017969 0.021094
1 0.339844 0.549219 0.017969 0.014063
1 0.325781 0.551562 0.019531 0.015625
1 0.303906 0.547656 0.019531 0.024219
1 0.260937 0.556250 0.021094 0.017188
1 0.282813 0.553906 0.019531 0.015625
2 0.589063 0.592187 0.038281 0.015625
2 0.553125 0.602344 0.044531 0.017969
2 0.612500 0.587500 0.021094 0.014844
2 0.627344 0.582812 0.020313 0.012500
2 0.485938 0.538281 0.052344 0.017188
1 0.609375 0.522656 0.006250 0.022656
1 0.603125 0.522656 0.006250 0.022656
1 0.589063 0.523438 0.022656 0.023438
1 0.595313 0.499219 0.022656 0.022656
1 0.542969 0.498437 0.009375 0.026562
1 0.542969 0.526563 0.009375 0.027344
1 0.532813 0.527344 0.009375 0.028906
1 0.514062 0.526563 0.027344 0.029687
1 0.525781 0.497656 0.023438 0.027344
1 0.499219 0.348438 0.011719 0.032813
1 0.485938 0.343750 0.012500 0.034375
1 0.457813 0.330469 0.014844 0.038281
1 0.472656 0.337500 0.014063 0.035937
1 0.472656 0.305469 0.014063 0.038281
1 0.457813 0.298438 0.014844 0.041406
1 0.440625 0.290625 0.015625 0.042188
1 0.415625 0.282031 0.032813 0.044531
1 0.440625 0.324219 0.015625 0.039062
1 0.423438 0.317188 0.017188 0.041406
1 0.399219 0.309375 0.029687 0.042188
1 0.353125 0.270313 0.023438 0.049219
1 0.327344 0.259375 0.025781 0.052344
1 0.299219 0.246875 0.028906 0.055469
1 0.268750 0.232813 0.032813 0.058594
1 0.234375 0.216406 0.035937 0.062500
1 0.196094 0.199219 0.040625 0.067969
1 0.152344 0.180469 0.046875 0.073438
1 0.351562 0.387500 0.024219 0.015625
1 0.325000 0.385937 0.026562 0.024219
1 0.296875 0.390625 0.029687 0.046875
1 0.296875 0.344531 0.029687 0.055469
1 0.265625 0.385937 0.032813 0.053125
1 0.230469 0.379688 0.035937 0.057813
1 0.191406 0.371875 0.040625 0.062500
1 0.147656 0.362500 0.046875 0.065625
1 0.266406 0.336719 0.032813 0.058594
1 0.230469 0.327344 0.035937 0.062500
1 0.189844 0.315625 0.046094 0.065625
2 0.323437 0.581250 0.019531 0.009375
2 0.478906 0.474219 0.014844 0.007812
2 0.462500 0.474219 0.026562 0.007812
2 0.125781 0.534375 0.009375 0.012500
2 0.284375 0.528906 0.035156 0.010937
2 0.317188 0.527344 0.034375 0.008594
2 0.343750 0.525781 0.025781 0.009375
2 0.377344 0.467187 0.021094 0.008594
2 0.400000 0.469531 0.021094 0.008594
2 0.421875 0.471094 0.022656 0.008594
2 0.421094 0.568750 0.029687 0.009375
2 0.344531 0.579688 0.023438 0.010937
2 0.127344 0.609375 0.007812 0.012500
2 0.276562 0.459375 0.032031 0.011719
2 0.371094 0.576562 0.007812 0.008594
1 0.464844 0.517188 0.014844 0.015625
1 0.209375 0.523438 0.025781 0.025781
2 0.447656 0.565625 0.022656 0.007812
2 0.464844 0.564063 0.021094 0.008594
2 0.481250 0.560937 0.020313 0.007812
2 0.444531 0.523438 0.028906 0.006250
1 0.425000 0.518750 0.007812 0.015625
1 0.415625 0.518750 0.008594 0.015625
1 0.405469 0.518750 0.011719 0.015625
1 0.412500 0.500781 0.014844 0.017188
1 0.395313 0.500781 0.009375 0.017969
1 0.395313 0.518750 0.009375 0.015625
1 0.387500 0.519531 0.005469 0.017188
1 0.371094 0.519531 0.008594 0.017969
1 0.382812 0.500781 0.015625 0.017969
1 0.245312 0.450000 0.015625 0.023438
1 0.228125 0.448437 0.015625 0.024219
1 0.210938 0.447656 0.015625 0.025781
1 0.127344 0.439844 0.014844 0.028906
1 0.123438 0.352344 0.002344 0.026562
1 0.333594 0.375781 0.011719 0.006250
1 0.321094 0.373437 0.012500 0.006250
1 0.313281 0.371094 0.003125 0.005469
2 0.764062 0.589063 0.053125 0.020313
2 0.542969 0.551562 0.024219 0.005469
