2 0.391406 0.767969 0.072656 0.074219
2 0.714063 0.490625 0.052344 0.014844
2 0.682813 0.491406 0.058594 0.014844
2 0.036719 0.718750 0.072656 0.071875
2 0.317188 0.667188 0.082031 0.061719
2 0.392188 0.649219 0.073438 0.053906
2 0.457031 0.637500 0.065625 0.049219
2 0.512500 0.502344 0.063281 0.021094
2 0.557031 0.500781 0.060156 0.019531
2 0.603125 0.498437 0.054688 0.017969
2 0.605469 0.697656 0.063281 0.046875
2 0.451562 0.746875 0.069531 0.065625
2 0.041406 0.880469 0.082812 0.107813
2 0.304688 0.512500 0.071094 0.030469
2 0.371875 0.509375 0.065625 0.028125
2 0.520312 0.726562 0.067969 0.057031
1 0.688281 0.580469 0.033594 0.035937
1 0.135156 0.682031 0.086719 0.079687
2 0.650000 0.685937 0.060156 0.035156
2 0.691406 0.676562 0.039844 0.028906
2 0.718750 0.666406 0.039062 0.025781
2 0.650000 0.597656 0.055469 0.025000
1 0.614062 0.594531 0.016406 0.043750
1 0.589063 0.598437 0.033594 0.044531
1 0.578125 0.600000 0.023438 0.048438
1 0.589063 0.560937 0.033594 0.042969
1 0.549219 0.566406 0.032813 0.046094
1 0.557031 0.608594 0.017969 0.041406
1 0.537500 0.611719 0.019531 0.042969
1 0.513281 0.611719 0.029687 0.053125
1 0.530469 0.568750 0.033594 0.046875
1 0.223438 0.498437 0.047656 0.058594
1 0.177344 0.500000 0.044531 0.060937
1 0.132031 0.501563 0.047656 0.063281
1 0.138281 0.438281 0.064844 0.061719
1 0.083594 0.503125 0.052344 0.065625
1 0.029687 0.504687 0.057813 0.068750
1 0.001563 0.505469 0.002344 0.068750
1 0.081250 0.436719 0.052344 0.064844
1 0.028125 0.435937 0.056250 0.068750
1 0.222656 0.321094 0.047656 0.061719
1 0.176563 0.314063 0.045312 0.064062
1 0.131250 0.307812 0.048438 0.067969
1 0.081250 0.300781 0.052344 0.070312
1 0.028125 0.293750 0.056250 0.074219
1 0.476562 0.374219 0.023438 0.046094
1 0.451562 0.371094 0.024219 0.046875
1 0.399219 0.365625 0.027344 0.049219
1 0.426563 0.368750 0.025781 0.048438
1 0.425781 0.321875 0.025781 0.050781
1 0.399219 0.317188 0.028125 0.053125
1 0.370312 0.312500 0.029687 0.054688
1 0.339062 0.307031 0.032813 0.056250
1 0.370312 0.361719 0.028906 0.051562
1 0.339844 0.358594 0.032031 0.053906
1 0.307031 0.353906 0.033594 0.056250
2 0.889062 0.671875 0.071875 0.046094
