2 0.478906 0.707031 0.060937 0.046094
2 0.950781 0.505469 0.097656 0.033594
2 0.357812 0.585938 0.036719 0.020313
2 0.440625 0.607031 0.057031 0.028125
2 0.478125 0.615625 0.060937 0.032031
2 0.517969 0.626563 0.064844 0.038281
2 0.564844 0.508594 0.048438 0.018750
2 0.625781 0.509375 0.073438 0.020313
2 0.706250 0.510156 0.087500 0.024219
2 0.715625 0.819531 0.092969 0.098437
2 0.518750 0.725781 0.065625 0.053125
2 0.364063 0.655469 0.046094 0.028125
2 0.427344 0.507031 0.036719 0.014063
2 0.465625 0.507031 0.060156 0.014844
2 0.579688 0.756250 0.074219 0.065625
1 0.972656 0.716406 0.053125 0.098437
1 0.387500 0.584375 0.025781 0.034375
2 0.849219 0.878125 0.125000 0.132031
2 0.951562 0.923438 0.095312 0.130469
2 0.853906 0.707031 0.124219 0.078906
1 0.719531 0.658594 0.041406 0.074219
1 0.685937 0.653906 0.039844 0.063281
1 0.650781 0.643750 0.029687 0.064844
1 0.685937 0.599219 0.039844 0.063281
1 0.619531 0.589063 0.038281 0.054688
1 0.619531 0.637500 0.038281 0.056250
1 0.588281 0.633594 0.023438 0.050781
1 0.565625 0.625000 0.021094 0.055469
1 0.594531 0.585938 0.035156 0.053125
1 0.412500 0.496875 0.029687 0.030469
1 0.392188 0.496875 0.010156 0.030469
1 0.382031 0.496875 0.010156 0.028906
1 0.391406 0.467969 0.028906 0.028906
1 0.371875 0.496875 0.008594 0.028125
1 0.363281 0.497656 0.008594 0.026562
1 0.354687 0.496875 0.007812 0.025781
1 0.346094 0.496875 0.007031 0.025781
1 0.372656 0.468750 0.009375 0.028906
1 0.363281 0.469531 0.008594 0.028125
1 0.354687 0.471094 0.007812 0.026562
1 0.413281 0.402344 0.028906 0.032031
1 0.392969 0.404687 0.010156 0.029687
1 0.382812 0.407031 0.009375 0.029687
1 0.373437 0.409375 0.008594 0.028906
1 0.364063 0.411719 0.008594 0.028125
1 0.354687 0.414062 0.007812 0.026562
1 0.346875 0.416406 0.007031 0.025781
1 0.534375 0.387500 0.035156 0.041406
1 0.507812 0.391406 0.017969 0.041406
1 0.474219 0.399219 0.014844 0.036719
1 0.490625 0.395313 0.016406 0.039062
1 0.499219 0.358594 0.033594 0.040625
1 0.474219 0.363281 0.014844 0.039844
1 0.459375 0.367969 0.014063 0.038281
1 0.445312 0.371875 0.013281 0.036719
1 0.459375 0.402344 0.014063 0.035937
1 0.445312 0.405469 0.013281 0.035156
1 0.432031 0.407813 0.011719 0.034375
