2 0.385156 0.788281 0.075781 0.078125
2 0.727344 0.501563 0.055469 0.013281
2 0.694531 0.502344 0.062500 0.014063
2 0.022656 0.717969 0.044531 0.059375
2 0.303906 0.676562 0.088281 0.060937
2 0.385937 0.659375 0.077344 0.053125
2 0.455469 0.649219 0.067969 0.049219
2 0.514844 0.508594 0.065625 0.018750
2 0.570312 0.507031 0.046094 0.017969
2 0.616406 0.507031 0.046094 0.015625
2 0.614062 0.718750 0.067187 0.049219
2 0.449219 0.767969 0.074219 0.068750
2 0.025781 0.893750 0.051562 0.096875
2 0.292969 0.511719 0.075781 0.025000
2 0.365625 0.510938 0.066406 0.023438
2 0.522656 0.747656 0.071875 0.060156
1 0.701562 0.596094 0.035937 0.038281
1 0.109375 0.688281 0.096094 0.082031
2 0.661719 0.707031 0.064844 0.036719
2 0.705469 0.698438 0.042188 0.029687
2 0.735156 0.689063 0.041406 0.028125
2 0.661719 0.613281 0.059375 0.024219
1 0.622656 0.608594 0.016406 0.045312
1 0.596875 0.611719 0.035156 0.045312
1 0.583594 0.613281 0.025000 0.049219
1 0.596094 0.572656 0.035156 0.043750
1 0.553906 0.577344 0.033594 0.046875
1 0.561719 0.621094 0.019531 0.044531
1 0.541406 0.624219 0.020313 0.045312
1 0.514844 0.623437 0.032031 0.054688
1 0.533594 0.579688 0.035156 0.048438
1 0.207813 0.492969 0.052344 0.061719
1 0.157812 0.492969 0.047656 0.064062
1 0.109375 0.493750 0.050000 0.066406
1 0.118750 0.427344 0.070312 0.067969
1 0.057031 0.492969 0.054688 0.069531
1 0.014844 0.493750 0.029687 0.070312
1 0.057031 0.424219 0.053906 0.070312
1 0.014844 0.421875 0.028906 0.071875
1 0.210938 0.307812 0.051562 0.065625
1 0.160938 0.299219 0.046875 0.066406
1 0.112500 0.290625 0.050000 0.070312
1 0.060156 0.282031 0.053906 0.074219
1 0.016406 0.274219 0.032813 0.073438
1 0.476562 0.371094 0.024219 0.048438
1 0.450781 0.367188 0.025781 0.049219
1 0.394531 0.359375 0.028906 0.051562
1 0.423438 0.364063 0.027344 0.050000
1 0.423438 0.316406 0.027344 0.053125
1 0.394531 0.310937 0.028906 0.054688
1 0.364063 0.303906 0.030469 0.056250
1 0.332031 0.298438 0.032813 0.059375
1 0.364063 0.355469 0.030469 0.053906
1 0.332031 0.350781 0.032813 0.054688
1 0.297656 0.344531 0.035156 0.058594
2 0.922656 0.694531 0.080469 0.050000
