2 0.940625 0.355469 0.072656 0.038281
2 0.958594 0.392188 0.081250 0.060156
2 0.998437 0.844531 0.001563 0.009375
2 0.993750 0.532031 0.011719 0.045312
2 0.985156 0.485156 0.028906 0.057031
2 0.958594 0.846094 0.082031 0.138281
1 0.911719 0.445312 0.039062 0.046094
1 0.907031 0.482031 0.020313 0.043750
1 0.930469 0.498437 0.057031 0.045312
1 0.936719 0.524219 0.059375 0.064062
1 0.938281 0.474219 0.049219 0.060937
1 0.987500 0.640625 0.023438 0.069531
1 0.972656 0.677344 0.030469 0.067969
1 0.983594 0.712500 0.031250 0.071094
1 0.989844 0.756250 0.019531 0.076563
1 0.993750 0.681250 0.011719 0.053125
2 0.871094 0.517188 0.030469 0.043750
2 0.875000 0.555469 0.022656 0.050000
2 0.932813 0.731250 0.075781 0.115625
2 0.901563 0.612500 0.058594 0.080469
2 0.454688 0.695312 0.054688 0.094531
2 0.600000 0.277344 0.032031 0.026562
2 0.578906 0.290625 0.025781 0.028125
2 0.505469 0.400781 0.065625 0.060937
2 0.527344 0.368750 0.057031 0.046875
2 0.551562 0.344531 0.042188 0.043750
2 0.385937 0.578906 0.104688 0.125000
2 0.428906 0.518750 0.091406 0.101562
2 0.517969 0.571094 0.039844 0.065625
1 0.334375 0.776563 0.031250 0.049219
1 0.321094 0.817969 0.033594 0.054688
1 0.292187 0.834375 0.035156 0.064062
1 0.242188 0.939063 0.039844 0.069531
1 0.265625 0.875781 0.036719 0.060937
2 0.570312 0.460938 0.030469 0.038281
2 0.542188 0.518750 0.036719 0.049219
2 0.582812 0.446875 0.010937 0.011719
2 0.482031 0.553125 0.067969 0.080469
1 0.535156 0.434375 0.012500 0.045312
1 0.536719 0.465625 0.008594 0.041406
1 0.519531 0.480469 0.025000 0.042969
1 0.506250 0.491406 0.033594 0.055469
1 0.516406 0.448437 0.033594 0.046875
1 0.491406 0.310156 0.028906 0.066406
1 0.485156 0.325781 0.014844 0.066406
1 0.451562 0.360156 0.020313 0.068750
1 0.469531 0.343750 0.017188 0.064844
1 0.450781 0.286719 0.053125 0.075781
1 0.431250 0.300781 0.057813 0.081250
1 0.410156 0.317188 0.062500 0.088281
1 0.385156 0.334375 0.068750 0.095312
1 0.432031 0.380469 0.023438 0.073438
1 0.409375 0.401562 0.027344 0.078906
1 0.364844 0.417187 0.071094 0.104688
1 0.278906 0.462500 0.095312 0.132031
1 0.230469 0.502344 0.109375 0.149219
1 0.173437 0.550781 0.126562 0.171094
1 0.102344 0.609375 0.150000 0.199219
1 0.050781 0.685937 0.101562 0.237500
1 0.003125 0.805469 0.005469 0.015625
1 0.313281 0.643750 0.078125 0.125000
1 0.284375 0.692187 0.071094 0.139844
1 0.252344 0.768750 0.061719 0.114062
1 0.225000 0.703906 0.087500 0.139844
1 0.199219 0.839063 0.080469 0.126562
1 0.138281 0.925781 0.096094 0.142969
1 0.088281 0.974219 0.069531 0.049219
1 0.167969 0.771875 0.105469 0.160156
1 0.097656 0.856250 0.128125 0.185938
1 0.044531 0.925000 0.089063 0.146875
2 0.403906 0.231250 0.034375 0.020313
2 0.385156 0.240625 0.036719 0.021875
2 0.156250 0.461719 0.066406 0.056250
2 0.201563 0.428906 0.061719 0.050000
2 0.244531 0.400781 0.052344 0.039844
2 0.266406 0.300000 0.049219 0.031250
2 0.300781 0.284375 0.035156 0.029687
2 0.329688 0.267969 0.041406 0.021094
2 0.122656 0.374219 0.066406 0.051562
2 0.166406 0.350781 0.066406 0.046094
2 0.312500 0.419531 0.014844 0.013281
1 0.029687 0.532031 0.059375 0.067969
2 0.351562 0.320312 0.002344 0.009375
1 0.346094 0.329688 0.013281 0.031250
1 0.330469 0.335938 0.025000 0.021094
1 0.320312 0.342969 0.014844 0.034375
1 0.327344 0.314063 0.025781 0.028125
1 0.300781 0.329688 0.026562 0.035156
1 0.310156 0.356250 0.014063 0.030469
1 0.300000 0.363281 0.012500 0.028906
1 0.276562 0.368750 0.014844 0.038281
1 0.295312 0.336719 0.014844 0.034375
1 0.050781 0.391406 0.053906 0.059375
1 0.023438 0.405469 0.046875 0.064062
1 0.007812 0.424219 0.015625 0.044531
1 0.018750 0.271094 0.037500 0.060156
1 0.000781 0.298438 0.001563 0.006250
1 0.219531 0.225000 0.036719 0.040625
1 0.206250 0.231250 0.027344 0.043750
1 0.165625 0.246094 0.030469 0.041406
1 0.187500 0.239063 0.027344 0.039844
1 0.181250 0.213281 0.025000 0.021094
1 0.159375 0.218750 0.026562 0.023438
1 0.135156 0.225781 0.028906 0.025000
1 0.103906 0.232031 0.042969 0.025000
1 0.142969 0.253125 0.032813 0.043750
1 0.117969 0.260937 0.036719 0.044531
1 0.085938 0.266406 0.051562 0.053125
2 0.742188 0.476562 0.053906 0.043750
