2 0.430469 0.766406 0.078125 0.065625
2 0.944531 0.507031 0.110156 0.029687
2 0.214844 0.621875 0.074219 0.034375
2 0.368750 0.642969 0.082031 0.044531
2 0.429688 0.646875 0.078906 0.046094
2 0.491406 0.657031 0.068750 0.054688
2 0.569531 0.508594 0.064844 0.025000
2 0.642188 0.509375 0.082031 0.025781
2 0.733594 0.510938 0.103906 0.026562
2 0.744531 0.833594 0.109375 0.096094
2 0.489063 0.778906 0.072656 0.070312
2 0.222656 0.723437 0.082031 0.050000
2 0.355469 0.505469 0.066406 0.021875
2 0.410156 0.506250 0.075781 0.021875
2 0.578906 0.800781 0.075781 0.080469
1 0.967969 0.690625 0.063281 0.086719
1 0.271875 0.617969 0.046094 0.053906
2 0.864062 0.857812 0.142969 0.108594
2 0.957812 0.884375 0.082812 0.084375
2 0.864062 0.695312 0.141406 0.066406
1 0.749219 0.665625 0.039062 0.078125
1 0.707031 0.661719 0.045312 0.076563
1 0.672656 0.657813 0.040625 0.075000
1 0.707812 0.606250 0.046094 0.070312
1 0.629687 0.600781 0.033594 0.064844
1 0.630469 0.660156 0.032813 0.057031
1 0.598437 0.657031 0.031250 0.056250
1 0.567187 0.646875 0.029687 0.068750
1 0.598437 0.598437 0.031250 0.064062
1 0.317188 0.491406 0.042969 0.043750
1 0.284375 0.491406 0.021094 0.043750
1 0.264062 0.491406 0.019531 0.041406
1 0.276562 0.448437 0.044531 0.041406
1 0.244531 0.491406 0.018750 0.041406
1 0.225781 0.491406 0.017969 0.039844
1 0.207813 0.491406 0.017969 0.039844
1 0.189844 0.490625 0.017969 0.040625
1 0.244531 0.449219 0.018750 0.041406
1 0.225781 0.450000 0.018750 0.040625
1 0.207031 0.450781 0.017969 0.039844
1 0.317969 0.358594 0.043750 0.050000
1 0.285156 0.357031 0.020313 0.042969
1 0.264844 0.359375 0.019531 0.041406
1 0.245312 0.361719 0.018750 0.041406
1 0.225781 0.364063 0.018750 0.040625
1 0.207813 0.365625 0.017969 0.039844
1 0.190625 0.367188 0.017188 0.039844
1 0.512500 0.355469 0.027344 0.051562
1 0.484375 0.357812 0.027344 0.050781
1 0.430469 0.363281 0.025000 0.048438
1 0.457031 0.360938 0.025781 0.049219
1 0.462500 0.311719 0.037500 0.051562
1 0.430469 0.314844 0.025781 0.050000
1 0.405469 0.317969 0.024219 0.049219
1 0.381250 0.321094 0.023438 0.049219
1 0.405469 0.365625 0.024219 0.046875
1 0.381250 0.366406 0.022656 0.046094
1 0.357812 0.368750 0.022656 0.046094
