2 0.412500 0.696094 0.060156 0.075000
2 0.668750 0.417969 0.046094 0.025781
2 0.644531 0.425000 0.049219 0.028125
2 0.100781 0.752344 0.120313 0.121094
2 0.354687 0.642188 0.067969 0.076563
2 0.410156 0.611719 0.063281 0.066406
2 0.460156 0.591406 0.056250 0.061719
2 0.503906 0.470313 0.054688 0.042969
2 0.538281 0.459375 0.056250 0.036719
2 0.576562 0.449219 0.049219 0.032031
2 0.575781 0.603906 0.050000 0.049219
2 0.457813 0.669531 0.057813 0.066406
2 0.131250 0.856250 0.105469 0.134375
2 0.339062 0.526563 0.064062 0.064844
2 0.389844 0.510156 0.062500 0.057031
2 0.509375 0.642969 0.054688 0.059375
1 0.644531 0.497656 0.027344 0.034375
1 0.215625 0.688281 0.062500 0.076563
2 0.610156 0.589063 0.047656 0.033594
2 0.642188 0.574219 0.030469 0.029687
2 0.664844 0.561719 0.030469 0.026562
2 0.611719 0.519531 0.048438 0.028906
1 0.585156 0.525781 0.013281 0.041406
1 0.564844 0.532031 0.028125 0.040625
1 0.557031 0.535937 0.018750 0.046094
1 0.565625 0.501563 0.028906 0.044531
1 0.533594 0.514844 0.028125 0.048438
1 0.539844 0.550781 0.014844 0.035156
1 0.518750 0.553906 0.028125 0.043750
1 0.502344 0.557031 0.028906 0.051562
1 0.518750 0.521094 0.029687 0.049219
1 0.269531 0.530469 0.036719 0.071875
1 0.235156 0.539844 0.039844 0.075781
1 0.199219 0.560937 0.044531 0.059375
1 0.192969 0.503125 0.048438 0.076563
1 0.160156 0.573438 0.048438 0.060937
1 0.117969 0.585938 0.053906 0.064062
1 0.071875 0.600000 0.058594 0.066406
1 0.027344 0.603125 0.054688 0.093750
1 0.151562 0.512500 0.050781 0.080469
1 0.107813 0.523438 0.056250 0.085156
1 0.061719 0.534375 0.064844 0.090625
1 0.254688 0.387500 0.039844 0.064062
1 0.217188 0.392188 0.044531 0.067969
1 0.177344 0.396875 0.049219 0.070312
1 0.134375 0.403125 0.053906 0.074219
1 0.088281 0.408594 0.062500 0.078125
1 0.038281 0.414844 0.071875 0.081250
1 0.012500 0.417969 0.025000 0.079687
1 0.468750 0.374219 0.032813 0.046875
1 0.454688 0.377344 0.021094 0.049219
1 0.409375 0.387500 0.025781 0.045312
1 0.432812 0.384375 0.022656 0.044531
1 0.426563 0.340625 0.033594 0.046875
1 0.403906 0.342187 0.033594 0.049219
1 0.378125 0.344531 0.035937 0.050781
1 0.352344 0.346875 0.036719 0.053906
1 0.385156 0.391406 0.026562 0.046094
1 0.359375 0.396094 0.029687 0.049219
1 0.328906 0.396094 0.036719 0.058594
2 0.785937 0.568750 0.048438 0.043750
