2 0.146094 0.796094 0.042969 0.080469
2 0.067969 0.612500 0.135156 0.073438
2 0.054688 0.655469 0.109375 0.095312
2 0.019531 0.729688 0.039062 0.112500
2 0.175000 0.655469 0.025781 0.036719
2 0.113281 0.526563 0.089844 0.026562
2 0.100000 0.548438 0.103906 0.046875
2 0.112500 0.946094 0.050781 0.106250
1 0.151562 0.623437 0.020313 0.017969
1 0.146875 0.617969 0.021875 0.016406
1 0.159375 0.605469 0.020313 0.018750
1 0.158594 0.599219 0.019531 0.014844
1 0.164062 0.601562 0.019531 0.011719
2 0.123438 0.727344 0.048438 0.067969
1 0.052344 0.785156 0.081250 0.131250
1 0.050000 0.860938 0.097656 0.146094
1 0.100781 0.803125 0.015625 0.091406
1 0.109375 0.771875 0.014844 0.083594
1 0.088281 0.739062 0.030469 0.089844
1 0.058594 0.413281 0.083594 0.065625
1 0.109375 0.410938 0.007031 0.053906
1 0.121094 0.410938 0.009375 0.049219
1 0.114844 0.410938 0.010156 0.051562
1 0.078125 0.355469 0.075000 0.059375
1 0.117188 0.360938 0.010156 0.050781
1 0.123438 0.363281 0.008594 0.048438
1 0.128906 0.365625 0.007812 0.045312
1 0.126562 0.410156 0.008594 0.046094
1 0.132031 0.409375 0.007812 0.043750
1 0.136719 0.408594 0.007031 0.041406
1 0.139063 0.392969 0.013281 0.038281
1 0.151562 0.393750 0.004687 0.033594
1 0.154688 0.393750 0.003906 0.032031
1 0.157812 0.394531 0.004687 0.031250
1 0.160156 0.393750 0.003906 0.030469
1 0.162500 0.394531 0.003906 0.029687
1 0.133594 0.500781 0.038281 0.032031
1 0.133594 0.484375 0.035156 0.005469
1 0.159375 0.501563 0.003906 0.023438
1 0.138281 0.464062 0.040625 0.038281
1 0.162500 0.494531 0.003125 0.029687
1 0.164062 0.488281 0.003906 0.032031
1 0.166406 0.485938 0.003125 0.030469
1 0.168750 0.482031 0.003906 0.029687
1 0.153125 0.458594 0.017188 0.028125
1 0.160156 0.458594 0.007812 0.031250
1 0.160938 0.456250 0.011719 0.030469
2 0.503125 0.638281 0.044531 0.039062
2 0.931250 0.623437 0.136719 0.095312
2 0.817969 0.585156 0.122656 0.071875
2 0.428906 0.526563 0.022656 0.018750
2 0.478906 0.558594 0.041406 0.028125
2 0.502344 0.569531 0.045312 0.030469
2 0.522656 0.586719 0.046094 0.034375
2 0.563281 0.506250 0.058594 0.028125
2 0.596875 0.517969 0.064844 0.033594
2 0.642188 0.533594 0.071094 0.039844
2 0.640625 0.760938 0.074219 0.079687
2 0.526563 0.658594 0.049219 0.044531
2 0.435156 0.578906 0.032031 0.023438
2 0.477344 0.481250 0.043750 0.018750
2 0.493750 0.486719 0.046094 0.021094
2 0.560937 0.691406 0.057031 0.054688
1 0.814844 0.750000 0.078906 0.101562
1 0.447656 0.531250 0.017969 0.028125
2 0.712500 0.827344 0.091406 0.104688
2 0.791406 0.897656 0.112500 0.138281
2 0.900000 0.946875 0.143750 0.103906
2 0.725000 0.714063 0.094531 0.068750
1 0.645312 0.646094 0.036719 0.063281
1 0.627344 0.639062 0.038281 0.049219
1 0.599219 0.624219 0.017969 0.053906
1 0.628125 0.596094 0.038281 0.055469
1 0.587500 0.576562 0.034375 0.049219
1 0.586719 0.614844 0.034375 0.042969
1 0.563281 0.606250 0.013281 0.039844
1 0.550000 0.596094 0.013281 0.043750
1 0.572656 0.569531 0.032031 0.046094
1 0.462500 0.467969 0.022656 0.025781
1 0.456250 0.466406 0.021094 0.025000
1 0.442188 0.465625 0.005469 0.023438
1 0.448437 0.442969 0.017969 0.024219
1 0.436719 0.464062 0.005469 0.021875
1 0.430469 0.461719 0.005469 0.021875
1 0.425781 0.460938 0.004687 0.021094
1 0.421094 0.458594 0.004687 0.021094
1 0.441406 0.441406 0.016406 0.023438
1 0.437500 0.440625 0.019531 0.021875
1 0.432031 0.439063 0.018750 0.021094
1 0.462500 0.395313 0.022656 0.024219
1 0.447656 0.396094 0.006250 0.023438
1 0.441406 0.396094 0.005469 0.023438
1 0.435937 0.396094 0.005469 0.021875
1 0.430469 0.396094 0.005469 0.021094
1 0.425000 0.396094 0.004687 0.020313
1 0.420312 0.396094 0.003906 0.020313
1 0.537500 0.407031 0.030469 0.032031
1 0.517188 0.407031 0.010937 0.030469
1 0.496875 0.406250 0.008594 0.028125
1 0.506250 0.406250 0.009375 0.029687
1 0.515625 0.376563 0.028125 0.030469
1 0.496875 0.377344 0.008594 0.028906
1 0.487500 0.378125 0.008594 0.028125
1 0.478906 0.378906 0.007812 0.028125
1 0.487500 0.406250 0.008594 0.028125
1 0.478906 0.406250 0.007812 0.026562
1 0.471094 0.405469 0.007031 0.025781
