2 0.479687 0.714063 0.058594 0.035156
2 0.996094 0.467969 0.007031 0.004687
2 0.928125 0.457813 0.142969 0.053125
2 0.364063 0.610938 0.035937 0.013281
2 0.442969 0.619531 0.053906 0.019531
2 0.479687 0.623437 0.058594 0.020313
2 0.517188 0.628125 0.061719 0.024219
2 0.559375 0.507031 0.044531 0.021875
2 0.614062 0.501563 0.064844 0.025000
2 0.686719 0.492969 0.079687 0.028125
2 0.703906 0.785937 0.088281 0.069531
2 0.517969 0.725781 0.063281 0.039844
2 0.367969 0.679688 0.044531 0.021875
2 0.432031 0.522656 0.035156 0.015625
2 0.467969 0.518750 0.055469 0.017969
2 0.575781 0.745313 0.071875 0.048438
1 0.950000 0.656250 0.098437 0.082031
1 0.392969 0.606250 0.025000 0.028906
2 0.824219 0.821875 0.114062 0.090625
2 0.936719 0.856250 0.125781 0.104688
2 0.820312 0.660937 0.108594 0.042969
1 0.703125 0.632031 0.039844 0.057031
1 0.668750 0.630469 0.030469 0.051562
1 0.639844 0.627344 0.027344 0.050781
1 0.671875 0.581250 0.039062 0.049219
1 0.610938 0.580469 0.036719 0.044531
1 0.611719 0.624219 0.035937 0.046875
1 0.582812 0.623437 0.022656 0.044531
1 0.560937 0.620313 0.020313 0.044531
1 0.582031 0.579688 0.021875 0.042969
1 0.417969 0.517969 0.028125 0.029687
1 0.399219 0.518750 0.010156 0.028906
1 0.389062 0.521094 0.009375 0.026562
1 0.398438 0.493750 0.026562 0.028125
1 0.379688 0.521875 0.009375 0.026562
1 0.371094 0.523438 0.008594 0.025781
1 0.362500 0.524219 0.008594 0.025000
1 0.354687 0.525781 0.007812 0.025000
1 0.380469 0.496094 0.009375 0.026562
1 0.371094 0.497656 0.008594 0.026562
1 0.363281 0.499219 0.008594 0.025781
1 0.418750 0.430469 0.025000 0.031250
1 0.400781 0.433594 0.010156 0.028125
1 0.391406 0.436719 0.009375 0.028125
1 0.382031 0.440625 0.008594 0.026562
1 0.373437 0.443750 0.008594 0.025781
1 0.364844 0.446875 0.007812 0.025000
1 0.357031 0.449219 0.007812 0.024219
1 0.532031 0.403906 0.032031 0.036719
1 0.507812 0.409375 0.016406 0.036719
1 0.476562 0.419531 0.013281 0.033594
1 0.491406 0.414844 0.014844 0.035156
1 0.499219 0.382031 0.030469 0.039062
1 0.476562 0.388281 0.014063 0.036719
1 0.462500 0.393750 0.013281 0.035156
1 0.450000 0.398438 0.012500 0.034375
1 0.462500 0.424219 0.013281 0.033594
1 0.450000 0.428906 0.011719 0.031250
1 0.437500 0.432031 0.011719 0.031250
