2 0.384375 0.780469 0.080469 0.066406
2 0.673438 0.524219 0.044531 0.014063
2 0.647656 0.523438 0.051562 0.014844
2 0.014844 0.700000 0.029687 0.043750
2 0.314844 0.666406 0.088281 0.046875
2 0.387500 0.653906 0.079687 0.039062
2 0.450781 0.645312 0.068750 0.035156
2 0.502344 0.514844 0.061719 0.018750
2 0.545312 0.517969 0.049219 0.016406
2 0.582812 0.519531 0.046094 0.015625
2 0.586719 0.715625 0.060156 0.038281
2 0.444531 0.760938 0.074219 0.056250
2 0.014063 0.887500 0.028125 0.065625
2 0.309375 0.499219 0.075000 0.028906
2 0.376563 0.503906 0.062500 0.025000
2 0.509375 0.740625 0.067969 0.048438
1 0.654687 0.606250 0.030469 0.030469
1 0.114062 0.674219 0.097656 0.081250
2 0.625000 0.705469 0.056250 0.026562
2 0.660156 0.696094 0.035937 0.024219
2 0.683594 0.688281 0.033594 0.021094
2 0.625000 0.619531 0.047656 0.017969
1 0.594531 0.614062 0.013281 0.038281
1 0.571875 0.616406 0.029687 0.038281
1 0.562500 0.617969 0.021094 0.040625
1 0.570312 0.581250 0.032813 0.035937
1 0.536719 0.583594 0.029687 0.039062
1 0.543750 0.621875 0.016406 0.039844
1 0.527344 0.624219 0.017188 0.040625
1 0.500781 0.624219 0.035156 0.045312
1 0.518750 0.583594 0.033594 0.039844
1 0.221875 0.477344 0.042969 0.061719
1 0.176563 0.472656 0.049219 0.065625
1 0.127344 0.468750 0.053906 0.069531
1 0.134375 0.404687 0.061719 0.071875
1 0.071875 0.464062 0.060937 0.073438
1 0.022656 0.459375 0.044531 0.075000
1 0.075781 0.395313 0.060156 0.075781
1 0.024219 0.386719 0.048438 0.079687
1 0.230469 0.299219 0.041406 0.064062
1 0.187500 0.286719 0.047656 0.068750
1 0.139844 0.271875 0.052344 0.071875
1 0.086719 0.257031 0.057813 0.076563
1 0.030469 0.238281 0.060156 0.082031
1 0.472656 0.389062 0.021094 0.043750
1 0.450781 0.383594 0.021875 0.044531
1 0.402344 0.370312 0.025781 0.048438
1 0.427344 0.377344 0.024219 0.046875
1 0.428125 0.335156 0.023438 0.050000
1 0.403125 0.326562 0.025781 0.051562
1 0.376563 0.317969 0.027344 0.054688
1 0.344531 0.308594 0.036719 0.057031
1 0.375781 0.363281 0.027344 0.050781
1 0.346875 0.355469 0.030469 0.053125
1 0.313281 0.346094 0.037500 0.055469
2 0.825781 0.676562 0.058594 0.029687
