3 0.305469 0.441406 0.050781 0.133594
2 0.120313 0.707031 0.070312 0.093750
2 0.161719 0.458594 0.051562 0.043750
2 0.101562 0.571094 0.079687 0.066406
2 0.085938 0.622656 0.085156 0.080469
2 0.053125 0.696875 0.105469 0.096875
2 0.017188 0.635938 0.034375 0.065625
2 0.179688 0.522656 0.045312 0.049219
2 0.078906 0.458594 0.086719 0.045312
2 0.051562 0.503906 0.103125 0.075000
2 0.051562 0.913281 0.103125 0.165625
1 0.009375 0.868750 0.017969 0.081250
1 0.018750 0.818750 0.037500 0.086719
1 0.030469 0.773438 0.049219 0.079687
1 0.009375 0.776563 0.018750 0.080469
1 0.003125 0.429688 0.005469 0.021875
1 0.024219 0.384375 0.032813 0.061719
1 0.012500 0.400781 0.024219 0.066406
1 0.003125 0.358594 0.006250 0.026562
1 0.012500 0.334375 0.025000 0.064062
1 0.020313 0.323437 0.040625 0.059375
1 0.027344 0.311719 0.054688 0.055469
1 0.040625 0.370312 0.029687 0.057031
1 0.054688 0.357812 0.026562 0.054688
1 0.066406 0.346094 0.026562 0.051562
1 0.071094 0.309375 0.055469 0.048438
1 0.078906 0.300000 0.058594 0.044531
1 0.088281 0.292969 0.055469 0.041406
1 0.102344 0.286719 0.041406 0.039844
1 0.106250 0.280469 0.047656 0.039062
1 0.113281 0.275000 0.046875 0.036719
1 0.120313 0.270313 0.042969 0.035156
1 0.101562 0.418750 0.054688 0.048438
1 0.110156 0.405469 0.051562 0.042969
1 0.135156 0.394531 0.014063 0.039844
1 0.110156 0.365625 0.049219 0.046094
1 0.141406 0.385156 0.013281 0.036719
1 0.147656 0.375781 0.012500 0.035937
1 0.153125 0.367969 0.011719 0.035156
1 0.157812 0.359375 0.011719 0.034375
1 0.120313 0.353906 0.041406 0.038281
1 0.127344 0.346094 0.039844 0.036719
1 0.133594 0.338281 0.037500 0.035156
2 0.487500 0.553906 0.042969 0.049219
2 0.893750 0.925000 0.189844 0.148438
2 0.777344 0.822656 0.175781 0.243750
2 0.533594 0.464062 0.067969 0.060156
2 0.561719 0.503906 0.074219 0.078906
2 0.598437 0.567969 0.083594 0.100781
2 0.435937 0.445312 0.021094 0.029687
2 0.464844 0.374219 0.047656 0.035156
2 0.477344 0.392969 0.051562 0.040625
2 0.521875 0.652344 0.045312 0.075000
1 0.462500 0.428125 0.012500 0.011719
1 0.456250 0.424219 0.009375 0.013281
1 0.457813 0.416406 0.011719 0.010156
1 0.448437 0.405469 0.010937 0.010937
1 0.455469 0.409375 0.009375 0.010156
2 0.632031 0.915625 0.081250 0.157031
2 0.557813 0.741406 0.056250 0.092969
2 0.657031 0.975781 0.035156 0.046094
2 0.499219 0.521875 0.052344 0.056250
1 0.716406 0.914844 0.077344 0.135156
1 0.682813 0.866406 0.066406 0.095312
1 0.649219 0.803125 0.044531 0.108594
1 0.686719 0.821875 0.058594 0.104688
1 0.546875 0.565625 0.033594 0.058594
1 0.549219 0.600781 0.039844 0.053906
1 0.524219 0.578906 0.010156 0.050781
1 0.514844 0.557031 0.010156 0.053125
1 0.528125 0.544531 0.016406 0.053906
1 0.512500 0.328906 0.037500 0.053125
1 0.503125 0.319531 0.035937 0.050781
1 0.473438 0.306250 0.007031 0.040625
1 0.481250 0.314063 0.007812 0.043750
1 0.493750 0.275000 0.035156 0.046094
1 0.482812 0.269531 0.027344 0.044531
1 0.478125 0.264062 0.031250 0.042969
1 0.471094 0.259375 0.029687 0.040625
1 0.467187 0.300000 0.007031 0.039062
1 0.460938 0.293750 0.007031 0.038281
1 0.454688 0.286719 0.005469 0.036719
1 0.448437 0.263281 0.017188 0.035156
1 0.445312 0.257812 0.021094 0.034375
1 0.442188 0.253906 0.022656 0.032031
1 0.439063 0.250781 0.023438 0.032031
1 0.434375 0.246875 0.021875 0.029687
1 0.428906 0.243750 0.018750 0.030469
1 0.426563 0.240625 0.020313 0.028906
1 0.455469 0.344531 0.025781 0.032031
1 0.450000 0.340625 0.022656 0.034375
1 0.436719 0.335938 0.004687 0.029687
1 0.444531 0.309375 0.022656 0.033594
1 0.432812 0.330469 0.003906 0.028906
1 0.428906 0.324219 0.003906 0.026562
1 0.425781 0.318750 0.003906 0.026562
1 0.422656 0.313281 0.003906 0.026562
1 0.439844 0.303906 0.021094 0.030469
1 0.431250 0.300000 0.011719 0.029687
1 0.428125 0.294531 0.011719 0.028906
2 0.701562 0.460938 0.033594 0.035156
2 0.614062 0.346094 0.028906 0.021094
2 0.678125 0.389844 0.039844 0.029687
2 0.710156 0.406250 0.035156 0.033594
2 0.733594 0.428125 0.049219 0.035156
2 0.792188 0.371875 0.060156 0.035156
2 0.832812 0.392188 0.069531 0.041406
2 0.887500 0.421094 0.076563 0.050000
2 0.843750 0.588281 0.064844 0.064062
2 0.724219 0.483594 0.047656 0.039844
2 0.613281 0.391406 0.028906 0.023438
2 0.677344 0.320312 0.031250 0.021875
2 0.706250 0.332031 0.046094 0.025781
2 0.764062 0.518750 0.054688 0.046875
1 0.636719 0.353125 0.018750 0.021094
2 0.915625 0.646094 0.083594 0.079687
2 0.967187 0.700781 0.064062 0.088281
2 0.950000 0.574219 0.091406 0.065625
1 0.872656 0.508594 0.044531 0.050781
1 0.850781 0.498437 0.042188 0.040625
1 0.825781 0.481250 0.029687 0.046875
1 0.858594 0.465625 0.042969 0.048438
1 0.812500 0.438281 0.038281 0.043750
1 0.806250 0.468750 0.036719 0.036719
1 0.782031 0.457031 0.021094 0.035156
1 0.768750 0.443750 0.022656 0.039844
1 0.795312 0.428125 0.035937 0.040625
1 0.663281 0.303906 0.023438 0.028125
1 0.657813 0.299219 0.014063 0.026562
1 0.636719 0.295312 0.003906 0.020313
1 0.647656 0.274219 0.021875 0.021875
1 0.631250 0.292969 0.008594 0.021875
1 0.623437 0.289062 0.008594 0.021875
1 0.616406 0.285938 0.007812 0.021094
1 0.609375 0.281250 0.007812 0.021875
1 0.634375 0.271094 0.010937 0.024219
1 0.628125 0.267969 0.014844 0.023438
1 0.620313 0.265625 0.013281 0.023438
1 0.775000 0.275000 0.035156 0.035156
1 0.758594 0.270313 0.033594 0.035156
1 0.723437 0.263281 0.016406 0.030469
1 0.737500 0.267969 0.017969 0.031250
1 0.747656 0.242969 0.030469 0.023438
1 0.727344 0.239844 0.015625 0.021875
1 0.718750 0.237500 0.005469 0.019531
1 0.715625 0.260937 0.007031 0.025781
1 0.696094 0.259375 0.007031 0.018750
1 0.687500 0.257031 0.012500 0.019531
