2 0.062500 0.918750 0.011719 0.100000
2 0.032031 0.625781 0.064062 0.078906
2 0.021875 0.690625 0.043750 0.135937
2 0.067969 0.730469 0.007812 0.043750
2 0.025781 0.546094 0.051562 0.038281
2 0.024219 0.562500 0.048438 0.043750
1 0.046094 0.682813 0.008594 0.021094
1 0.047656 0.669531 0.008594 0.011719
1 0.060156 0.656250 0.002344 0.016406
2 0.034375 0.826562 0.042969 0.101562
1 0.004687 0.921094 0.008594 0.120313
1 0.007031 0.960938 0.014063 0.076563
1 0.015625 0.935937 0.013281 0.126562
1 0.020313 0.898438 0.013281 0.135937
1 0.010156 0.866406 0.010156 0.100000
1 0.001563 0.338281 0.003125 0.054688
1 0.003906 0.340625 0.006250 0.058594
1 0.001563 0.280469 0.002344 0.046094
1 0.019531 0.313281 0.003906 0.060937
1 0.022656 0.362500 0.002344 0.038281
1 0.025000 0.367969 0.004687 0.045312
1 0.026562 0.360156 0.010156 0.053906
1 0.032031 0.364063 0.003906 0.046094
1 0.033594 0.366406 0.003125 0.041406
1 0.019531 0.511719 0.039062 0.039844
1 0.021094 0.496094 0.040625 0.014063
1 0.020313 0.466406 0.040625 0.048438
2 0.487500 0.657813 0.050000 0.039844
2 0.953125 0.551562 0.092188 0.050000
2 0.857812 0.540625 0.111719 0.046875
2 0.388281 0.550000 0.030469 0.018750
2 0.456250 0.574219 0.046875 0.026562
2 0.486719 0.583594 0.050781 0.030469
2 0.517188 0.596094 0.053906 0.034375
2 0.563281 0.504687 0.059375 0.024219
2 0.604688 0.510938 0.066406 0.026562
2 0.660937 0.518750 0.071094 0.030469
2 0.659375 0.755469 0.067969 0.075000
2 0.518750 0.674219 0.053906 0.045312
2 0.394531 0.607812 0.038281 0.025000
2 0.453125 0.490625 0.047656 0.016406
2 0.476562 0.493750 0.050781 0.017969
2 0.564063 0.701562 0.060156 0.053906
1 0.858594 0.700000 0.078125 0.089063
1 0.413281 0.551562 0.021875 0.029687
2 0.747656 0.801562 0.085938 0.095312
2 0.838281 0.850781 0.103906 0.119531
2 0.942969 0.906250 0.113281 0.139844
2 0.757031 0.682031 0.086719 0.059375
1 0.668750 0.634375 0.035937 0.060937
1 0.644531 0.628906 0.035156 0.050781
1 0.616406 0.618750 0.021875 0.054688
1 0.645312 0.585938 0.035156 0.053906
1 0.595313 0.573438 0.032813 0.046875
1 0.595313 0.612500 0.032813 0.045312
1 0.570312 0.607812 0.017969 0.041406
1 0.553125 0.598437 0.016406 0.046094
1 0.577344 0.568750 0.032031 0.045312
1 0.432812 0.479687 0.024219 0.028125
1 0.420312 0.478906 0.017188 0.025781
1 0.407813 0.478125 0.007812 0.025000
1 0.414844 0.453906 0.024219 0.024219
1 0.400000 0.478125 0.007812 0.024219
1 0.391406 0.476562 0.007031 0.023438
1 0.384375 0.475781 0.007031 0.021875
1 0.377344 0.474219 0.006250 0.023438
1 0.399219 0.453125 0.007812 0.023438
1 0.391406 0.453125 0.007031 0.023438
1 0.384375 0.453125 0.007031 0.021875
1 0.433594 0.399219 0.025000 0.026562
1 0.415625 0.400781 0.008594 0.025781
1 0.407031 0.401562 0.008594 0.025000
1 0.399219 0.403125 0.007812 0.024219
1 0.391406 0.403906 0.007812 0.024219
1 0.384375 0.403906 0.007031 0.023438
1 0.377344 0.405469 0.006250 0.023438
1 0.532031 0.402344 0.030469 0.034375
1 0.509375 0.403906 0.014063 0.033594
1 0.482812 0.406250 0.011719 0.030469
1 0.495312 0.404687 0.012500 0.031250
1 0.503125 0.372656 0.028906 0.032031
1 0.482812 0.375000 0.011719 0.031250
1 0.470313 0.376563 0.011719 0.031250
1 0.458594 0.378906 0.010156 0.029687
1 0.470313 0.407031 0.011719 0.030469
1 0.459375 0.407813 0.010937 0.028906
1 0.448437 0.408594 0.010156 0.028906
