2 0.396875 0.753125 0.067187 0.075781
2 0.735938 0.473438 0.060156 0.019531
2 0.703125 0.475781 0.064062 0.020313
2 0.051562 0.709375 0.102344 0.080469
2 0.321094 0.658594 0.078906 0.065625
2 0.396094 0.640625 0.069531 0.057031
2 0.460938 0.629687 0.061719 0.055469
2 0.518750 0.492969 0.061719 0.028906
2 0.562500 0.489063 0.066406 0.025000
2 0.612500 0.486719 0.061719 0.023438
2 0.614844 0.687500 0.064844 0.050781
2 0.456250 0.734375 0.066406 0.068750
2 0.058594 0.855469 0.117188 0.113281
2 0.306250 0.511719 0.070312 0.039844
2 0.374219 0.506250 0.061719 0.036719
2 0.525781 0.715625 0.066406 0.060937
1 0.706250 0.567969 0.036719 0.038281
1 0.154688 0.673438 0.078906 0.075000
2 0.662500 0.675781 0.063281 0.039062
2 0.706250 0.667969 0.042969 0.031250
2 0.737500 0.657031 0.042969 0.028125
2 0.664062 0.586719 0.060937 0.028906
1 0.624219 0.583594 0.017969 0.046875
1 0.599219 0.588281 0.033594 0.046875
1 0.585156 0.590625 0.025000 0.050781
1 0.599219 0.550781 0.035156 0.046875
1 0.556250 0.557031 0.033594 0.050000
1 0.563281 0.600781 0.019531 0.041406
1 0.542969 0.604688 0.019531 0.042969
1 0.517188 0.602344 0.031250 0.056250
1 0.536719 0.560156 0.033594 0.051562
1 0.230469 0.500000 0.049219 0.063281
1 0.191406 0.503125 0.053125 0.064844
1 0.144531 0.508594 0.046094 0.060937
1 0.150000 0.449219 0.064844 0.059375
1 0.100000 0.510938 0.049219 0.063281
1 0.052344 0.514062 0.053906 0.065625
1 0.014844 0.517188 0.029687 0.065625
1 0.096094 0.450000 0.050000 0.060937
1 0.047656 0.451562 0.053906 0.064062
1 0.012500 0.451562 0.025000 0.064844
1 0.225781 0.328906 0.050781 0.060156
1 0.179688 0.325781 0.044531 0.061719
1 0.135937 0.321875 0.047656 0.064844
1 0.090625 0.318750 0.051562 0.067969
1 0.040625 0.315625 0.055469 0.069531
1 0.008594 0.312500 0.017188 0.068750
1 0.478906 0.366406 0.025000 0.046875
1 0.453906 0.364844 0.025781 0.048438
1 0.399219 0.361719 0.028906 0.050000
1 0.427344 0.364063 0.027344 0.048438
1 0.426563 0.315625 0.027344 0.050781
1 0.398438 0.312500 0.028906 0.053125
1 0.368750 0.309375 0.030469 0.053906
1 0.337500 0.306250 0.032813 0.055469
1 0.370312 0.360938 0.030469 0.050781
1 0.339062 0.358594 0.032031 0.053125
1 0.306250 0.357031 0.035156 0.054688
2 0.925000 0.677344 0.082031 0.060156
