2 0.878906 0.503125 0.027344 0.013281
2 0.907813 0.503125 0.069531 0.014844
2 0.960156 0.511719 0.078125 0.028906
2 0.942187 0.509375 0.062500 0.021875
2 0.908594 0.507812 0.004687 0.017969
2 0.967969 0.867188 0.062500 0.096875
1 0.883594 0.596094 0.005469 0.034375
2 0.901563 0.730469 0.030469 0.043750
2 0.954688 0.798438 0.089063 0.075781
2 0.882031 0.705469 0.010156 0.034375
2 0.873437 0.686719 0.009375 0.028906
2 0.984375 0.750781 0.030469 0.071094
1 0.885938 0.604688 0.003906 0.039062
1 0.907813 0.610938 0.039062 0.035937
1 0.917188 0.617969 0.034375 0.048438
1 0.913281 0.573438 0.049219 0.043750
1 0.967187 0.606250 0.064844 0.060937
1 0.939844 0.661719 0.009375 0.064062
1 0.950000 0.673438 0.010937 0.069531
1 0.977344 0.684375 0.043750 0.070312
1 0.971875 0.617969 0.054688 0.071875
1 0.990625 0.286719 0.017969 0.078906
2 0.404687 0.735938 0.071094 0.058594
2 0.596094 0.502344 0.011719 0.008594
2 0.571094 0.501563 0.036719 0.009375
2 0.060937 0.750781 0.121094 0.100781
2 0.357812 0.649219 0.083594 0.049219
2 0.406250 0.630469 0.071094 0.039844
2 0.450000 0.616406 0.061719 0.032031
2 0.482812 0.506250 0.051562 0.014063
2 0.514844 0.506250 0.028906 0.011719
2 0.535156 0.505469 0.030469 0.010937
2 0.534375 0.657031 0.044531 0.029687
2 0.444531 0.710938 0.062500 0.049219
2 0.064062 0.933594 0.127344 0.131250
2 0.350781 0.508594 0.082031 0.021094
2 0.403906 0.508594 0.055469 0.018750
2 0.487500 0.686719 0.053906 0.039844
1 0.578906 0.566406 0.016406 0.025000
1 0.203906 0.681250 0.071875 0.086719
2 0.557031 0.645312 0.039844 0.021875
2 0.580469 0.635938 0.021094 0.019531
2 0.592969 0.627344 0.019531 0.017969
2 0.560156 0.580469 0.027344 0.014063
1 0.542188 0.578906 0.007031 0.029687
1 0.528906 0.582031 0.017969 0.029687
1 0.523438 0.583594 0.011719 0.032031
1 0.525000 0.553125 0.025781 0.030469
1 0.504687 0.557813 0.024219 0.032031
1 0.512500 0.588281 0.009375 0.032031
1 0.502344 0.592187 0.010156 0.034375
1 0.481250 0.593750 0.030469 0.038281
1 0.495312 0.559375 0.024219 0.034375
1 0.292187 0.492969 0.032813 0.055469
1 0.257031 0.492188 0.036719 0.060156
1 0.217188 0.492188 0.042188 0.064062
1 0.217969 0.428906 0.042188 0.065625
1 0.171094 0.491406 0.050000 0.069531
1 0.117969 0.490625 0.057031 0.075000
1 0.053906 0.489063 0.069531 0.082031
1 0.009375 0.488281 0.018750 0.085938
1 0.171875 0.423438 0.049219 0.071875
1 0.117969 0.416406 0.057813 0.079687
1 0.053125 0.408594 0.071094 0.086719
1 0.294531 0.326562 0.032031 0.060937
1 0.260156 0.314844 0.035937 0.066406
1 0.221094 0.300781 0.041406 0.071875
1 0.175781 0.285156 0.049219 0.079687
1 0.121875 0.266406 0.057031 0.088281
1 0.059375 0.243750 0.067969 0.098437
1 0.012500 0.228125 0.025000 0.088281
1 0.467187 0.401562 0.013281 0.036719
1 0.453125 0.398438 0.014063 0.039062
1 0.421094 0.388281 0.017188 0.042969
1 0.438281 0.393750 0.015625 0.040625
1 0.438281 0.356250 0.015625 0.043750
1 0.421094 0.349219 0.017188 0.046094
1 0.402344 0.341406 0.018750 0.049219
1 0.371875 0.332813 0.041406 0.050781
1 0.402344 0.382031 0.018750 0.044531
1 0.382031 0.376563 0.021094 0.046875
1 0.353125 0.368750 0.036719 0.050781
2 0.681250 0.608594 0.035156 0.017969
