2 0.990625 0.990625 0.004687 0.016406
2 0.411719 0.703906 0.061719 0.069531
2 0.650000 0.439844 0.042969 0.020313
2 0.628125 0.444531 0.045312 0.021094
2 0.097656 0.751563 0.122656 0.115625
2 0.357812 0.644531 0.067969 0.068750
2 0.410938 0.617188 0.064062 0.058594
2 0.459375 0.597656 0.056250 0.053125
2 0.500000 0.480469 0.053125 0.033594
2 0.532031 0.471875 0.053906 0.029687
2 0.567187 0.464062 0.046094 0.025781
2 0.567969 0.617188 0.048438 0.043750
2 0.456250 0.678906 0.057813 0.060937
2 0.122656 0.867969 0.110156 0.134375
2 0.346094 0.525781 0.060156 0.053125
2 0.392969 0.512500 0.062500 0.046875
2 0.506250 0.653125 0.053906 0.053906
1 0.631250 0.514844 0.024219 0.031250
1 0.217969 0.686719 0.061719 0.075781
2 0.600000 0.603125 0.045312 0.029687
2 0.630469 0.589063 0.028125 0.026562
2 0.650000 0.578125 0.027344 0.024219
2 0.602344 0.535156 0.042969 0.024219
1 0.576562 0.539062 0.011719 0.038281
1 0.557813 0.545312 0.025781 0.036719
1 0.550000 0.548438 0.017188 0.042969
1 0.557813 0.515625 0.028125 0.039844
1 0.527344 0.525781 0.028125 0.042969
1 0.535156 0.560156 0.013281 0.035156
1 0.514844 0.564063 0.026562 0.039844
1 0.499219 0.567187 0.028906 0.046875
1 0.514062 0.531250 0.028906 0.044531
1 0.276562 0.526563 0.036719 0.065625
1 0.243750 0.534375 0.038281 0.069531
1 0.208594 0.550781 0.041406 0.058594
1 0.203125 0.494531 0.042969 0.068750
1 0.169531 0.560156 0.046094 0.060937
1 0.126562 0.571094 0.051562 0.064844
1 0.079687 0.583594 0.057031 0.066406
1 0.030469 0.587500 0.060156 0.089844
1 0.163281 0.501563 0.047656 0.071875
1 0.119531 0.509375 0.053125 0.076563
1 0.072656 0.518750 0.061719 0.081250
1 0.267188 0.383594 0.038281 0.054688
1 0.232031 0.385937 0.040625 0.057031
1 0.194531 0.388281 0.044531 0.060156
1 0.152344 0.390625 0.050000 0.063281
1 0.106250 0.394531 0.056250 0.066406
1 0.056250 0.396875 0.064062 0.070312
1 0.021094 0.399219 0.042188 0.073438
1 0.469531 0.385937 0.028125 0.039844
1 0.455469 0.387500 0.019531 0.041406
1 0.414062 0.392969 0.022656 0.042969
1 0.435156 0.390625 0.021094 0.040625
1 0.434375 0.350000 0.021094 0.040625
1 0.412500 0.350781 0.023438 0.041406
1 0.389844 0.351562 0.025000 0.043750
1 0.360156 0.351562 0.035937 0.046094
1 0.390625 0.394531 0.024219 0.043750
1 0.367188 0.396875 0.026562 0.045312
1 0.336719 0.396875 0.036719 0.050000
2 0.763281 0.576562 0.043750 0.035937
