2 0.486719 0.724219 0.062500 0.044531
2 0.970313 0.473438 0.057813 0.046875
2 0.373437 0.603125 0.033594 0.016406
2 0.449219 0.619531 0.057031 0.025000
2 0.485938 0.627344 0.061719 0.028906
2 0.523438 0.636719 0.068750 0.034375
2 0.567969 0.507031 0.049219 0.021875
2 0.629687 0.503125 0.075000 0.025000
2 0.716406 0.496875 0.099219 0.030469
2 0.733594 0.846094 0.109375 0.107031
2 0.525000 0.742188 0.069531 0.053125
2 0.378906 0.673438 0.044531 0.025781
2 0.435156 0.517188 0.034375 0.015625
2 0.473438 0.514844 0.060937 0.016406
2 0.586719 0.774219 0.081250 0.066406
1 0.400781 0.600781 0.025000 0.032031
2 0.890625 0.920312 0.157031 0.157031
2 0.978125 0.948438 0.042969 0.100781
2 0.889062 0.716406 0.150781 0.082031
1 0.734375 0.663281 0.050000 0.076563
1 0.696875 0.658594 0.046875 0.066406
1 0.657813 0.650000 0.032031 0.066406
1 0.696875 0.600000 0.047656 0.063281
1 0.625781 0.592969 0.042969 0.054688
1 0.626563 0.644531 0.042969 0.057031
1 0.592969 0.640625 0.024219 0.053125
1 0.569531 0.632812 0.022656 0.054688
1 0.598437 0.590625 0.036719 0.051562
1 0.425000 0.510156 0.029687 0.031250
1 0.405469 0.510938 0.009375 0.029687
1 0.395313 0.512500 0.008594 0.028906
1 0.405469 0.483594 0.027344 0.029687
1 0.386719 0.513281 0.008594 0.028125
1 0.378906 0.513281 0.007812 0.026562
1 0.371094 0.514844 0.007031 0.025781
1 0.364063 0.515625 0.007031 0.025000
1 0.387500 0.485156 0.007812 0.028125
1 0.378906 0.486719 0.007812 0.028125
1 0.371094 0.488281 0.007031 0.026562
1 0.424219 0.416406 0.025781 0.031250
1 0.406250 0.420312 0.009375 0.029687
1 0.396875 0.423438 0.008594 0.028906
1 0.388281 0.426563 0.008594 0.028125
1 0.380469 0.430469 0.007812 0.026562
1 0.372656 0.433594 0.007031 0.025781
1 0.365625 0.435937 0.007031 0.025781
1 0.539844 0.389062 0.036719 0.042969
1 0.512500 0.394531 0.016406 0.041406
1 0.481250 0.406250 0.014063 0.038281
1 0.496094 0.400781 0.014844 0.039844
1 0.505469 0.364844 0.034375 0.042969
1 0.481250 0.371094 0.014063 0.040625
1 0.467187 0.377344 0.013281 0.039844
1 0.453906 0.382812 0.011719 0.038281
1 0.467187 0.410938 0.013281 0.035937
1 0.453906 0.415625 0.011719 0.034375
1 0.441406 0.419531 0.011719 0.033594
