2 0.398438 0.804688 0.076563 0.036719
2 0.842187 0.538281 0.086719 0.021875
2 0.786719 0.535937 0.088281 0.021875
2 0.112500 0.669531 0.119531 0.021094
2 0.330469 0.670312 0.077344 0.021875
2 0.403906 0.671094 0.071875 0.021094
2 0.473438 0.671094 0.056250 0.021094
2 0.542188 0.530469 0.053906 0.019531
2 0.598437 0.532813 0.058594 0.017969
2 0.660156 0.534375 0.064844 0.018750
2 0.682031 0.800000 0.088281 0.035156
2 0.467969 0.803125 0.069531 0.035937
2 0.096094 0.810937 0.128906 0.039844
2 0.330469 0.521094 0.060156 0.025000
2 0.389844 0.522656 0.061719 0.025000
2 0.555469 0.803125 0.075000 0.036719
1 0.809375 0.659375 0.057031 0.045312
1 0.203125 0.655469 0.061719 0.050781
2 0.758594 0.798438 0.096094 0.034375
2 0.828906 0.800000 0.080469 0.028125
2 0.888281 0.797656 0.083594 0.028906
2 0.744531 0.674219 0.088281 0.016406
1 0.678906 0.658594 0.028125 0.045312
1 0.653906 0.658594 0.027344 0.046094
1 0.625000 0.658594 0.035937 0.046094
1 0.644531 0.613281 0.040625 0.044531
1 0.592969 0.611719 0.025781 0.045312
1 0.595313 0.658594 0.026562 0.046094
1 0.569531 0.658594 0.026562 0.046094
1 0.541406 0.657813 0.031250 0.046875
1 0.564063 0.611719 0.032813 0.045312
1 0.276562 0.510156 0.039062 0.042969
1 0.244531 0.509375 0.032031 0.042969
1 0.216406 0.508594 0.032813 0.041406
1 0.231250 0.466406 0.050781 0.043750
1 0.188281 0.507812 0.032813 0.041406
1 0.160156 0.506250 0.034375 0.042969
1 0.131250 0.505469 0.034375 0.042969
1 0.102344 0.503906 0.035156 0.043750
1 0.193750 0.465625 0.032813 0.043750
1 0.165625 0.464062 0.033594 0.044531
1 0.138281 0.462500 0.034375 0.043750
1 0.289844 0.381250 0.035156 0.035937
1 0.260937 0.379688 0.029687 0.035156
1 0.234375 0.378125 0.029687 0.035937
1 0.207813 0.376563 0.030469 0.035937
1 0.180469 0.375000 0.031250 0.036719
1 0.153906 0.373437 0.032031 0.035937
1 0.126562 0.371875 0.032813 0.035937
1 0.493750 0.409375 0.024219 0.035156
1 0.469531 0.407031 0.024219 0.035156
1 0.420312 0.404687 0.025781 0.035156
1 0.445312 0.406250 0.025000 0.035156
1 0.446875 0.370312 0.025781 0.039062
1 0.421875 0.368750 0.025000 0.039062
1 0.397656 0.367969 0.025781 0.039062
1 0.372656 0.365625 0.025781 0.039062
1 0.396094 0.403906 0.025781 0.035156
1 0.371094 0.402344 0.025781 0.035937
1 0.346094 0.400781 0.027344 0.035937
