2 0.471094 0.625781 0.055469 0.063281
2 0.985156 0.628125 0.028906 0.082031
2 0.928125 0.610938 0.142187 0.115625
2 0.337500 0.484375 0.046875 0.038281
2 0.428906 0.535156 0.057031 0.051562
2 0.468750 0.551562 0.058594 0.056250
2 0.510156 0.575781 0.059375 0.065625
2 0.570312 0.487500 0.066406 0.061719
2 0.623437 0.506250 0.075000 0.066406
2 0.696094 0.535156 0.078906 0.070312
2 0.676562 0.758594 0.070312 0.103906
2 0.510156 0.649219 0.058594 0.069531
2 0.346875 0.548438 0.047656 0.043750
2 0.421094 0.439063 0.058594 0.043750
2 0.453125 0.450781 0.060937 0.046875
2 0.565625 0.689063 0.063281 0.081250
1 0.899219 0.753906 0.080469 0.114062
1 0.368750 0.494531 0.028906 0.044531
2 0.767969 0.813281 0.082812 0.125000
2 0.857812 0.869531 0.101562 0.140625
2 0.949219 0.925781 0.100781 0.146875
2 0.792188 0.708594 0.091406 0.110156
1 0.692969 0.648438 0.036719 0.082031
1 0.664844 0.645312 0.035156 0.059375
1 0.637500 0.622656 0.032031 0.075000
1 0.669531 0.599219 0.036719 0.074219
1 0.609375 0.571875 0.034375 0.066406
1 0.607031 0.611719 0.034375 0.060937
1 0.579688 0.607812 0.023438 0.045312
1 0.558594 0.585938 0.022656 0.065625
1 0.585938 0.561719 0.032031 0.064844
1 0.391406 0.416406 0.032813 0.043750
1 0.375781 0.411719 0.027344 0.043750
1 0.357031 0.411719 0.014063 0.033594
1 0.364063 0.378125 0.033594 0.040625
1 0.345313 0.407813 0.013281 0.032031
1 0.333594 0.403906 0.013281 0.031250
1 0.322656 0.400000 0.012500 0.031250
1 0.312500 0.394531 0.012500 0.033594
1 0.350781 0.374219 0.030469 0.039844
1 0.339844 0.371094 0.030469 0.039062
1 0.328125 0.367969 0.029687 0.038281
1 0.385937 0.317188 0.035156 0.041406
1 0.367969 0.314844 0.025781 0.040625
1 0.357812 0.312500 0.029687 0.039844
1 0.346094 0.310937 0.031250 0.038281
1 0.334375 0.308594 0.032031 0.036719
1 0.321875 0.306250 0.028125 0.036719
1 0.312500 0.304688 0.030469 0.035156
1 0.530469 0.357031 0.035937 0.053906
1 0.508594 0.353906 0.035156 0.051562
1 0.462500 0.350000 0.018750 0.042969
1 0.481250 0.353906 0.019531 0.042969
1 0.489063 0.309375 0.035937 0.049219
1 0.470313 0.307031 0.035937 0.046094
1 0.451562 0.305469 0.035156 0.045312
1 0.433594 0.303125 0.032031 0.044531
1 0.444531 0.346094 0.017969 0.040625
1 0.428125 0.342969 0.017188 0.039844
1 0.411719 0.337500 0.016406 0.043750
