2 0.918750 0.476562 0.061719 0.028906
2 0.929688 0.503906 0.073438 0.050000
2 0.962500 0.669531 0.074219 0.100781
2 0.960156 0.610938 0.078906 0.067969
2 0.959375 0.573438 0.079687 0.060937
2 0.907031 0.939063 0.042969 0.120313
1 0.894531 0.571094 0.016406 0.039062
2 0.880469 0.725781 0.025781 0.060156
2 0.892969 0.828125 0.033594 0.088281
2 0.867969 0.682031 0.007812 0.046094
2 0.867188 0.649219 0.012500 0.039062
2 0.960156 0.937500 0.078125 0.123438
1 0.889062 0.596875 0.010156 0.041406
1 0.902344 0.610156 0.028906 0.044531
1 0.909375 0.633594 0.040625 0.059375
1 0.905469 0.580469 0.025000 0.053906
1 0.932031 0.707031 0.021094 0.070312
1 0.918750 0.753125 0.014844 0.069531
1 0.939063 0.782031 0.044531 0.075781
1 0.960938 0.841406 0.077344 0.114844
1 0.948438 0.744531 0.042969 0.096094
2 0.412500 0.715625 0.064844 0.080469
2 0.594531 0.411719 0.035156 0.020313
2 0.579688 0.419531 0.038281 0.023438
2 0.091406 0.900000 0.142969 0.198437
2 0.364844 0.675000 0.078125 0.086719
2 0.410156 0.630469 0.067969 0.070312
2 0.452344 0.597656 0.059375 0.058594
2 0.484375 0.475781 0.052344 0.038281
2 0.508594 0.460938 0.050000 0.032031
2 0.535937 0.447656 0.040625 0.028906
2 0.536719 0.589063 0.042969 0.042969
2 0.449219 0.676562 0.057813 0.067969
2 0.133594 0.955469 0.113281 0.086719
2 0.349219 0.556250 0.081250 0.070312
2 0.394531 0.530469 0.072656 0.059375
2 0.489844 0.638281 0.050781 0.055469
1 0.582031 0.482812 0.021875 0.030469
1 0.226562 0.768750 0.061719 0.104688
2 0.559375 0.567969 0.039062 0.030469
2 0.582031 0.550781 0.023438 0.026562
2 0.596875 0.535937 0.019531 0.025000
2 0.560156 0.507031 0.036719 0.024219
1 0.545312 0.517188 0.008594 0.034375
1 0.530469 0.526563 0.021094 0.032031
1 0.525781 0.531250 0.012500 0.039062
1 0.528906 0.496875 0.025781 0.036719
1 0.507812 0.514062 0.024219 0.040625
1 0.514844 0.544531 0.010156 0.034375
1 0.496875 0.553906 0.024219 0.035937
1 0.483594 0.559375 0.029687 0.046094
1 0.496875 0.521094 0.025781 0.042969
1 0.281250 0.574219 0.052344 0.081250
1 0.253125 0.592187 0.044531 0.088281
1 0.216406 0.622656 0.047656 0.075000
1 0.202344 0.558594 0.062500 0.092969
1 0.171875 0.646875 0.057031 0.081250
1 0.121875 0.675781 0.064844 0.089844
1 0.063281 0.707812 0.077344 0.096875
1 0.020313 0.718750 0.039844 0.125000
1 0.157812 0.578125 0.067969 0.100781
1 0.107031 0.601562 0.074219 0.111719
1 0.047656 0.628125 0.082031 0.125781
1 0.267188 0.417969 0.056250 0.071094
1 0.229687 0.427344 0.060937 0.076563
1 0.188281 0.436719 0.066406 0.083594
1 0.140625 0.448437 0.071875 0.091406
1 0.085156 0.462500 0.078906 0.100781
1 0.032031 0.477344 0.063281 0.110156
1 0.457813 0.386719 0.032031 0.044531
1 0.450781 0.391406 0.016406 0.046094
1 0.415625 0.403906 0.020313 0.046094
1 0.433594 0.399219 0.017969 0.044531
1 0.423438 0.356250 0.036719 0.046094
1 0.403906 0.359375 0.040625 0.049219
1 0.382812 0.364063 0.043750 0.051562
1 0.360156 0.367969 0.046094 0.055469
1 0.395313 0.409375 0.022656 0.049219
1 0.372656 0.416406 0.025000 0.051562
1 0.339844 0.419531 0.045312 0.061719
2 0.685937 0.520312 0.035156 0.025781
