2 0.403906 0.694531 0.066406 0.096875
2 0.700781 0.357031 0.055469 0.038281
2 0.671875 0.368750 0.058594 0.041406
2 0.055469 0.810156 0.110937 0.157812
2 0.333594 0.657813 0.078125 0.108594
2 0.397656 0.614062 0.072656 0.092969
2 0.456250 0.583594 0.064062 0.085938
2 0.506250 0.442969 0.064844 0.065625
2 0.547656 0.424219 0.066406 0.055469
2 0.592969 0.407813 0.058594 0.046875
2 0.585938 0.574219 0.056250 0.063281
2 0.453906 0.660937 0.063281 0.085938
2 0.091406 0.905469 0.121875 0.171094
2 0.306250 0.539844 0.075781 0.103906
2 0.368750 0.510938 0.073438 0.092969
2 0.512500 0.624219 0.060156 0.076563
1 0.667969 0.449219 0.032031 0.041406
1 0.169531 0.731250 0.079687 0.093750
2 0.625000 0.553125 0.053125 0.043750
2 0.661719 0.534375 0.035156 0.038281
2 0.685937 0.516406 0.035937 0.033594
2 0.630469 0.478906 0.055469 0.039844
1 0.600000 0.491406 0.016406 0.050000
1 0.577344 0.501563 0.032031 0.049219
1 0.567187 0.506250 0.022656 0.058594
1 0.578125 0.470313 0.035156 0.050000
1 0.544531 0.490625 0.027344 0.053125
1 0.547656 0.528906 0.017188 0.039844
1 0.523438 0.533594 0.030469 0.050781
1 0.507812 0.538281 0.026562 0.064844
1 0.523438 0.499219 0.034375 0.054688
1 0.217188 0.553125 0.051562 0.100781
1 0.174219 0.570312 0.057031 0.105469
1 0.128906 0.600781 0.063281 0.088281
1 0.114844 0.537500 0.077344 0.111719
1 0.078906 0.631250 0.071094 0.073438
1 0.032031 0.654687 0.064062 0.078125
1 0.004687 0.686719 0.008594 0.023438
1 0.057813 0.556250 0.076563 0.118750
1 0.021094 0.573438 0.042188 0.119531
1 0.180469 0.388281 0.065625 0.098437
1 0.127344 0.400781 0.071094 0.104688
1 0.071875 0.413281 0.078906 0.110156
1 0.028125 0.428125 0.055469 0.116406
1 0.462500 0.336719 0.040625 0.067969
1 0.442969 0.343750 0.028906 0.070312
1 0.386719 0.367969 0.034375 0.059375
1 0.416406 0.359375 0.031250 0.057031
1 0.407031 0.300781 0.044531 0.071094
1 0.377344 0.307031 0.046094 0.075000
1 0.345313 0.314063 0.046875 0.078906
1 0.310937 0.321094 0.048438 0.081250
1 0.354687 0.376563 0.038281 0.060937
1 0.321094 0.385937 0.041406 0.064844
1 0.283594 0.385937 0.047656 0.088281
2 0.826562 0.537500 0.057031 0.060156
