2 0.074219 0.830469 0.091406 0.103125
2 0.035937 0.574219 0.071875 0.055469
2 0.013281 0.593750 0.025781 0.053125
2 0.135937 0.678125 0.047656 0.041406
2 0.073438 0.521875 0.099219 0.029687
2 0.055469 0.532813 0.110937 0.038281
2 0.030469 0.967187 0.060937 0.064062
1 0.112500 0.633594 0.021875 0.017969
1 0.109375 0.628906 0.025781 0.019531
1 0.125000 0.616406 0.024219 0.021094
1 0.125781 0.609375 0.022656 0.010937
1 0.131250 0.613281 0.021094 0.013281
2 0.053125 0.736719 0.077344 0.075000
1 0.010156 0.815625 0.020313 0.114062
1 0.027344 0.782031 0.022656 0.103125
1 0.007812 0.729688 0.015625 0.100000
1 0.017969 0.350781 0.035156 0.071875
1 0.053906 0.363281 0.013281 0.064844
1 0.075781 0.374219 0.011719 0.055469
1 0.064844 0.368750 0.013281 0.060156
1 0.034375 0.307031 0.068750 0.076563
1 0.073438 0.321094 0.011719 0.061719
1 0.082812 0.328906 0.010937 0.057031
1 0.091406 0.335938 0.010156 0.053906
1 0.085156 0.378906 0.010156 0.050781
1 0.093750 0.382812 0.008594 0.046875
1 0.100781 0.386719 0.007812 0.045312
1 0.104688 0.375781 0.016406 0.042969
1 0.121094 0.380469 0.003906 0.035156
1 0.125000 0.382812 0.005469 0.035937
1 0.128906 0.385937 0.005469 0.034375
1 0.132812 0.388281 0.004687 0.032031
1 0.136719 0.390625 0.003906 0.031250
1 0.139844 0.392969 0.003906 0.029687
1 0.093750 0.494531 0.047656 0.029687
1 0.103906 0.497656 0.049219 0.038281
1 0.129688 0.496094 0.005469 0.035937
1 0.107031 0.460156 0.047656 0.036719
1 0.133594 0.493750 0.004687 0.034375
1 0.137500 0.492188 0.003906 0.034375
1 0.141406 0.490625 0.003906 0.032031
1 0.143750 0.489063 0.003906 0.031250
1 0.132812 0.459375 0.004687 0.034375
1 0.135937 0.458594 0.004687 0.032031
1 0.139844 0.458594 0.003906 0.031250
2 0.503125 0.659375 0.047656 0.038281
2 0.967969 0.571875 0.062500 0.059375
2 0.873437 0.557031 0.147656 0.061719
2 0.424219 0.547656 0.024219 0.017969
2 0.477344 0.574219 0.044531 0.025781
2 0.502344 0.584375 0.049219 0.028906
2 0.523438 0.599219 0.047656 0.033594
2 0.567969 0.507031 0.063281 0.024219
2 0.606250 0.514062 0.071875 0.028125
2 0.653906 0.524219 0.071094 0.033594
2 0.660156 0.785937 0.085156 0.088281
2 0.528906 0.678906 0.053906 0.045312
2 0.431250 0.603125 0.033594 0.023438
2 0.475000 0.492188 0.046094 0.015625
2 0.493750 0.494531 0.049219 0.017969
2 0.567969 0.713281 0.063281 0.057031
1 0.877344 0.756250 0.102344 0.117969
1 0.444531 0.550000 0.018750 0.028125
2 0.749219 0.857812 0.109375 0.123438
2 0.850781 0.926562 0.139844 0.145313
2 0.952344 0.967969 0.086719 0.063281
2 0.760156 0.721094 0.111719 0.073438
1 0.664844 0.652344 0.043750 0.067969
1 0.642188 0.644531 0.042188 0.054688
1 0.610938 0.631250 0.020313 0.058594
1 0.642969 0.597656 0.042969 0.058594
1 0.596094 0.580469 0.037500 0.050000
1 0.596094 0.622656 0.037500 0.046875
1 0.569531 0.614844 0.014844 0.044531
1 0.554688 0.605469 0.014063 0.046094
1 0.578906 0.574219 0.034375 0.046875
1 0.460156 0.480469 0.024219 0.025781
1 0.453125 0.480469 0.022656 0.025000
1 0.439063 0.479687 0.005469 0.024219
1 0.444531 0.456250 0.018750 0.023438
1 0.432812 0.478906 0.005469 0.021875
1 0.427344 0.478125 0.005469 0.021875
1 0.421875 0.477344 0.004687 0.021094
1 0.417187 0.476562 0.004687 0.021094
1 0.432812 0.455469 0.005469 0.021875
1 0.427344 0.455469 0.005469 0.021875
1 0.421875 0.455469 0.004687 0.021094
1 0.460156 0.403906 0.024219 0.025781
1 0.445312 0.405469 0.007031 0.025000
1 0.439063 0.406250 0.005469 0.024219
1 0.432812 0.407031 0.005469 0.023438
1 0.427344 0.408594 0.005469 0.021875
1 0.421875 0.409375 0.004687 0.021875
1 0.416406 0.410938 0.004687 0.021094
1 0.539844 0.401562 0.032031 0.035156
1 0.517969 0.403906 0.010937 0.033594
1 0.496094 0.407031 0.009375 0.031250
1 0.507031 0.406250 0.010156 0.032031
1 0.516406 0.374219 0.029687 0.033594
1 0.496094 0.376563 0.009375 0.032031
1 0.486719 0.378906 0.008594 0.030469
1 0.477344 0.381250 0.008594 0.029687
1 0.486719 0.409375 0.008594 0.029687
1 0.477344 0.410156 0.008594 0.028125
1 0.469531 0.410938 0.007812 0.028125
