2 0.404687 0.775781 0.109375 0.160938
2 0.664062 0.305469 0.046875 0.023438
2 0.646094 0.313281 0.054688 0.025781
2 0.522656 0.374219 0.086719 0.055469
2 0.556250 0.355469 0.080469 0.043750
2 0.594531 0.341406 0.059375 0.036719
2 0.261719 0.514844 0.166406 0.157031
2 0.361719 0.459375 0.142969 0.111719
2 0.525781 0.629687 0.077344 0.092969
1 0.659375 0.393750 0.025781 0.039062
1 0.137500 0.846875 0.050781 0.094531
1 0.081250 0.918750 0.057031 0.115625
1 0.023438 0.931250 0.046875 0.135937
2 0.615625 0.521875 0.053906 0.041406
2 0.571094 0.578906 0.065625 0.058594
2 0.645312 0.497656 0.025781 0.038281
2 0.660156 0.477344 0.024219 0.032031
2 0.471094 0.576562 0.100000 0.105469
1 0.647656 0.409375 0.009375 0.039844
1 0.630469 0.416406 0.030469 0.039062
1 0.620313 0.421094 0.035937 0.048438
1 0.630469 0.382031 0.035156 0.043750
1 0.554688 0.439063 0.039062 0.064062
1 0.564844 0.488281 0.014844 0.053906
1 0.550781 0.501563 0.016406 0.057031
1 0.519531 0.508594 0.047656 0.076563
1 0.536719 0.450781 0.047656 0.067969
1 0.498437 0.196094 0.025781 0.078125
1 0.470313 0.193750 0.030469 0.084375
1 0.399219 0.189062 0.046875 0.100781
1 0.437500 0.192188 0.036719 0.091406
1 0.434375 0.098437 0.039844 0.106250
1 0.393750 0.085938 0.049219 0.118750
1 0.343750 0.071094 0.063281 0.134375
1 0.265625 0.064062 0.112500 0.128125
1 0.352344 0.185938 0.058594 0.110937
1 0.295312 0.181250 0.074219 0.124219
1 0.211719 0.174219 0.121094 0.145313
1 0.018750 0.103906 0.037500 0.161719
1 0.064062 0.557031 0.128125 0.214062
1 0.007812 0.641406 0.014844 0.068750
2 0.212500 0.493750 0.012500 0.013281
2 0.449219 0.276562 0.033594 0.013281
2 0.425781 0.280469 0.038281 0.014063
2 0.140625 0.441406 0.073438 0.043750
2 0.200000 0.419531 0.064844 0.039062
2 0.252344 0.403906 0.053125 0.034375
2 0.287500 0.302344 0.049219 0.021094
2 0.322656 0.297656 0.049219 0.019531
2 0.360938 0.292969 0.042969 0.016406
2 0.260937 0.472656 0.011719 0.010156
2 0.091406 0.332031 0.034375 0.028906
2 0.175000 0.321094 0.046094 0.026562
1 0.432812 0.342969 0.021094 0.025781
1 0.008594 0.457813 0.017188 0.034375
2 0.407031 0.411719 0.037500 0.011719
2 0.435156 0.401562 0.025781 0.010156
2 0.455469 0.392969 0.025781 0.009375
2 0.403906 0.358594 0.039062 0.016406
1 0.375000 0.359375 0.013281 0.030469
1 0.357812 0.364063 0.024219 0.028906
1 0.346875 0.366406 0.021094 0.033594
1 0.355469 0.338281 0.025000 0.031250
1 0.323437 0.345313 0.025781 0.033594
1 0.331250 0.374219 0.016406 0.029687
1 0.316406 0.378125 0.017188 0.030469
1 0.296094 0.380469 0.027344 0.036719
1 0.308594 0.349219 0.027344 0.034375
1 0.028125 0.327344 0.047656 0.053125
1 0.007812 0.330469 0.014844 0.051562
1 0.163281 0.208594 0.011719 0.039062
1 0.156250 0.167969 0.011719 0.040625
1 0.139063 0.165625 0.035937 0.044531
1 0.121875 0.164062 0.014063 0.043750
1 0.146875 0.208594 0.034375 0.040625
1 0.129688 0.207813 0.013281 0.041406
2 0.888281 0.567969 0.100781 0.068750
