2 0.886719 0.505469 0.028906 0.014063
2 0.899219 0.503125 0.038281 0.015625
2 0.966406 0.499219 0.065625 0.029687
2 0.948438 0.502344 0.053125 0.023438
2 0.918750 0.504687 0.005469 0.018750
2 0.977344 0.871094 0.044531 0.094531
1 0.892969 0.599219 0.006250 0.034375
2 0.928906 0.736719 0.063281 0.043750
2 0.961719 0.803906 0.075000 0.075781
2 0.922656 0.711719 0.072656 0.033594
2 0.882812 0.692969 0.010156 0.028906
2 0.994531 0.728906 0.010156 0.039062
1 0.895312 0.607031 0.004687 0.039062
1 0.920312 0.613281 0.045312 0.038281
1 0.925781 0.619531 0.046094 0.049219
1 0.922656 0.575781 0.050781 0.043750
1 0.974219 0.602344 0.050781 0.061719
1 0.955469 0.660156 0.011719 0.066406
1 0.967187 0.671094 0.013281 0.071094
1 0.985938 0.678125 0.026562 0.068750
1 0.979688 0.610156 0.039844 0.070312
1 0.996875 0.272656 0.004687 0.061719
2 0.402344 0.740625 0.073438 0.058594
2 0.597656 0.508594 0.011719 0.008594
2 0.572656 0.508594 0.036719 0.009375
2 0.052344 0.738281 0.104688 0.089063
2 0.353906 0.649219 0.086719 0.046875
2 0.404687 0.632031 0.073438 0.038281
2 0.449219 0.619531 0.063281 0.031250
2 0.482812 0.507812 0.051562 0.014063
2 0.514844 0.508594 0.030469 0.011719
2 0.535937 0.509375 0.031250 0.010937
2 0.535156 0.664844 0.045312 0.029687
2 0.442969 0.716406 0.063281 0.046875
2 0.054688 0.934375 0.109375 0.128906
2 0.347656 0.503125 0.083594 0.021094
2 0.401562 0.504687 0.057031 0.018750
2 0.487500 0.692969 0.055469 0.039062
1 0.580469 0.573438 0.016406 0.025000
1 0.193750 0.677344 0.075781 0.085938
2 0.558594 0.653125 0.040625 0.021094
2 0.582031 0.643750 0.021094 0.019531
2 0.595313 0.635938 0.020313 0.017969
2 0.561719 0.586719 0.027344 0.014063
1 0.543750 0.584375 0.007812 0.029687
1 0.532813 0.587500 0.013281 0.030469
1 0.524219 0.589063 0.011719 0.032031
1 0.525781 0.558594 0.026562 0.029687
1 0.504687 0.561719 0.025781 0.032031
1 0.512500 0.593750 0.010156 0.033594
1 0.502344 0.596094 0.010156 0.033594
1 0.481250 0.598437 0.031250 0.039062
1 0.495312 0.563281 0.025000 0.034375
1 0.278906 0.485156 0.050000 0.057031
1 0.250781 0.482812 0.038281 0.061719
1 0.209375 0.480469 0.044531 0.065625
1 0.210156 0.417187 0.044531 0.069531
1 0.160938 0.477344 0.053125 0.071094
1 0.101562 0.474219 0.067969 0.078125
1 0.037500 0.469531 0.074219 0.086719
1 0.000781 0.468750 0.001563 0.086719
1 0.161719 0.408594 0.052344 0.075781
1 0.105469 0.399219 0.061719 0.083594
1 0.039062 0.387500 0.074219 0.093750
1 0.290625 0.316406 0.032813 0.063281
1 0.254688 0.303125 0.036719 0.068750
1 0.214844 0.286719 0.042969 0.075000
1 0.167969 0.267969 0.050781 0.082031
1 0.112500 0.246094 0.060156 0.091406
1 0.047656 0.219531 0.071875 0.101562
1 0.006250 0.203906 0.011719 0.084375
1 0.467187 0.401562 0.013281 0.036719
1 0.452344 0.396875 0.014844 0.039844
1 0.419531 0.384375 0.017969 0.043750
1 0.436719 0.391406 0.015625 0.041406
1 0.437500 0.353906 0.016406 0.044531
1 0.419531 0.346094 0.017969 0.046875
1 0.401562 0.336719 0.019531 0.050000
1 0.370312 0.328125 0.041406 0.053906
1 0.400781 0.378125 0.019531 0.045312
1 0.380469 0.371094 0.021875 0.049219
1 0.350000 0.362500 0.038281 0.053125
2 0.685156 0.617969 0.036719 0.016406
