2 0.942187 0.501563 0.066406 0.016406
2 0.949219 0.507031 0.075781 0.020313
2 0.957812 0.552344 0.083594 0.049219
2 0.960938 0.537500 0.077344 0.035937
2 0.969531 0.520312 0.059375 0.013281
2 0.992188 0.648438 0.014063 0.082031
2 0.980469 0.615625 0.037500 0.083594
2 0.937500 0.916406 0.025781 0.108594
2 0.918750 0.765625 0.007031 0.026562
2 0.922656 0.827344 0.010156 0.069531
2 0.908594 0.718750 0.002344 0.030469
2 0.907813 0.700000 0.003906 0.033594
2 0.966406 0.818750 0.066406 0.099219
1 0.925781 0.625781 0.011719 0.038281
1 0.928125 0.631250 0.015625 0.048438
1 0.928125 0.587500 0.014063 0.041406
1 0.971094 0.742188 0.056250 0.099219
1 0.963281 0.660937 0.035156 0.079687
1 0.973437 0.315625 0.010156 0.067969
1 0.982031 0.301563 0.011719 0.075000
1 0.997656 0.277344 0.003125 0.071094
1 0.992188 0.284375 0.013281 0.084375
1 0.993750 0.205469 0.011719 0.113281
2 0.412500 0.712500 0.064062 0.054688
2 0.610938 0.485938 0.028906 0.010156
2 0.591406 0.487500 0.037500 0.011719
2 0.100781 0.726562 0.125781 0.094531
2 0.365625 0.638281 0.072656 0.049219
2 0.413281 0.619531 0.064844 0.040625
2 0.456250 0.605469 0.057031 0.035156
2 0.490625 0.500781 0.049219 0.017969
2 0.516406 0.496875 0.046094 0.014844
2 0.545312 0.494531 0.036719 0.014063
2 0.546875 0.641406 0.044531 0.030469
2 0.451562 0.691406 0.057813 0.046875
2 0.112500 0.875781 0.121094 0.132031
2 0.357031 0.515625 0.068750 0.026562
2 0.401562 0.510156 0.062500 0.024219
2 0.496094 0.668750 0.051562 0.039844
1 0.596875 0.550781 0.018750 0.025781
1 0.231250 0.667969 0.060156 0.071875
2 0.572656 0.629687 0.040625 0.021875
2 0.598437 0.619531 0.023438 0.020313
2 0.613281 0.610938 0.021875 0.017969
2 0.575000 0.566406 0.032031 0.015625
1 0.554688 0.565625 0.008594 0.029687
1 0.539062 0.569531 0.021094 0.029687
1 0.533594 0.571094 0.013281 0.033594
1 0.537500 0.541406 0.025781 0.030469
1 0.514062 0.546875 0.025000 0.033594
1 0.521094 0.578125 0.010156 0.031250
1 0.510156 0.581250 0.011719 0.033594
1 0.489844 0.582812 0.028125 0.038281
1 0.501563 0.550000 0.027344 0.035156
1 0.296875 0.507031 0.037500 0.050000
1 0.270313 0.509375 0.032813 0.053125
1 0.235937 0.514062 0.035937 0.053906
1 0.235156 0.461719 0.035937 0.053125
1 0.198437 0.517188 0.040625 0.056250
1 0.156250 0.520312 0.046094 0.060937
1 0.108594 0.525000 0.052344 0.064844
1 0.053906 0.528125 0.060156 0.074219
1 0.196875 0.460938 0.041406 0.055469
1 0.153906 0.461719 0.046094 0.060156
1 0.106250 0.461719 0.052344 0.064062
1 0.300781 0.362500 0.030469 0.050781
1 0.269531 0.357031 0.032813 0.053906
1 0.235156 0.351562 0.036719 0.057031
1 0.196875 0.345313 0.041406 0.060937
1 0.153906 0.337500 0.046094 0.065625
1 0.105469 0.329688 0.052344 0.070312
1 0.050000 0.320312 0.060937 0.075781
1 0.471875 0.405469 0.014063 0.034375
1 0.457031 0.402344 0.014844 0.035937
1 0.423438 0.398438 0.017969 0.039062
1 0.440625 0.400781 0.016406 0.036719
1 0.440625 0.364844 0.016406 0.039062
1 0.423438 0.360938 0.017969 0.040625
1 0.404687 0.357031 0.019531 0.042969
1 0.376563 0.353125 0.035156 0.044531
1 0.404687 0.396094 0.019531 0.039844
1 0.384375 0.393750 0.021094 0.042969
1 0.355469 0.389844 0.036719 0.044531
2 0.707812 0.596875 0.035937 0.020313
