2 0.929688 0.503125 0.032813 0.014844
2 0.960938 0.503125 0.077344 0.017969
2 0.991406 0.514844 0.015625 0.031250
2 0.976562 0.511719 0.013281 0.025781
2 0.966406 0.509375 0.007031 0.021094
1 0.934375 0.607812 0.007031 0.038281
2 0.957031 0.763281 0.039062 0.053906
2 0.983594 0.841406 0.031250 0.079687
2 0.932031 0.732031 0.012500 0.039844
2 0.922656 0.708594 0.010937 0.034375
1 0.937500 0.617969 0.004687 0.044531
1 0.970313 0.626563 0.058594 0.040625
1 0.977344 0.635156 0.044531 0.057031
1 0.970313 0.584375 0.058594 0.050781
2 0.399219 0.747656 0.075000 0.064062
2 0.610938 0.501563 0.013281 0.009375
2 0.586719 0.501563 0.035156 0.009375
2 0.038281 0.753906 0.075781 0.089844
2 0.346094 0.657031 0.088281 0.053906
2 0.400781 0.636719 0.075000 0.042969
2 0.449219 0.621875 0.064844 0.035156
2 0.485156 0.506250 0.053906 0.014844
2 0.519531 0.505469 0.033594 0.013281
2 0.542969 0.505469 0.033594 0.011719
2 0.542969 0.665625 0.047656 0.032031
2 0.442969 0.721094 0.066406 0.053125
2 0.042188 0.941406 0.083594 0.115625
2 0.337500 0.510156 0.083594 0.021875
2 0.395313 0.508594 0.060156 0.019531
2 0.490625 0.696094 0.057031 0.043750
1 0.590625 0.569531 0.021094 0.025781
1 0.173437 0.692187 0.082812 0.091406
2 0.567969 0.652344 0.042969 0.023438
2 0.593750 0.642188 0.022656 0.021094
2 0.607812 0.633594 0.021875 0.018750
2 0.571094 0.583594 0.030469 0.015625
1 0.550781 0.582031 0.008594 0.031250
1 0.536719 0.585938 0.019531 0.031250
1 0.529687 0.588281 0.013281 0.035156
1 0.532813 0.555469 0.027344 0.031250
1 0.509375 0.560156 0.026562 0.035156
1 0.517969 0.592969 0.010156 0.034375
1 0.506250 0.596875 0.011719 0.035937
1 0.484375 0.599219 0.032031 0.040625
1 0.497656 0.562500 0.028125 0.035937
1 0.269531 0.492969 0.036719 0.058594
1 0.231250 0.492969 0.041406 0.063281
1 0.186719 0.492969 0.046875 0.066406
1 0.186719 0.426563 0.046875 0.069531
1 0.134375 0.492188 0.056250 0.073438
1 0.073438 0.491406 0.065625 0.079687
1 0.020313 0.491406 0.040625 0.083594
1 0.134375 0.420312 0.056250 0.075781
1 0.073438 0.413281 0.064844 0.083594
1 0.020313 0.407813 0.039844 0.085938
1 0.272656 0.318750 0.035937 0.064844
1 0.233594 0.305469 0.040625 0.070312
1 0.189844 0.291406 0.046094 0.076563
1 0.138281 0.274219 0.055469 0.084375
1 0.078125 0.253906 0.064844 0.093750
1 0.022656 0.236719 0.045312 0.092969
1 0.467187 0.396875 0.014844 0.039062
1 0.451562 0.392188 0.016406 0.041406
1 0.414844 0.382031 0.019531 0.045312
1 0.434375 0.388281 0.017188 0.042969
1 0.433594 0.348438 0.017969 0.046094
1 0.414844 0.340625 0.019531 0.048438
1 0.394531 0.332813 0.021094 0.050781
1 0.362500 0.324219 0.042188 0.054688
1 0.394531 0.376563 0.021094 0.046875
1 0.371875 0.369531 0.023438 0.050781
1 0.338281 0.362500 0.042969 0.054688
2 0.703906 0.615625 0.038281 0.020313
