3 0.268750 0.510156 0.537500 0.976562
2 0.917188 0.436719 0.009375 0.021875
2 0.929688 0.425781 0.019531 0.026562
2 0.982812 0.344531 0.033594 0.055469
2 0.976562 0.371875 0.039844 0.044531
2 0.956250 0.394531 0.005469 0.010156
1 0.934375 0.530469 0.004687 0.033594
1 0.939063 0.528906 0.005469 0.038281
1 0.942187 0.528906 0.004687 0.039062
1 0.971094 0.526563 0.038281 0.042969
1 0.963281 0.486719 0.049219 0.044531
1 0.992188 0.463281 0.011719 0.060937
1 0.993750 0.521094 0.011719 0.058594
1 0.997656 0.460938 0.003906 0.059375
2 0.928125 0.629687 0.010156 0.020313
2 0.950781 0.640625 0.038281 0.028125
2 0.984375 0.678906 0.030469 0.041406
2 0.957031 0.650781 0.028906 0.030469
2 0.621875 0.473438 0.019531 0.011719
2 0.600781 0.468750 0.036719 0.014063
2 0.514844 0.442969 0.046875 0.019531
2 0.543750 0.450781 0.029687 0.016406
2 0.564844 0.457813 0.030469 0.015625
2 0.142187 0.711719 0.042188 0.050781
2 0.392969 0.401562 0.072656 0.034375
2 0.440625 0.415625 0.051562 0.028906
2 0.539062 0.622656 0.011719 0.017969
1 0.618750 0.534375 0.017188 0.021094
1 0.328125 0.541406 0.016406 0.014844
1 0.316406 0.542969 0.007812 0.011719
1 0.229687 0.541406 0.012500 0.016406
2 0.587500 0.607031 0.040625 0.014844
2 0.553906 0.616406 0.042188 0.017969
2 0.610938 0.603125 0.021094 0.013281
2 0.624219 0.599219 0.020313 0.011719
2 0.482812 0.540625 0.060156 0.015625
1 0.607031 0.534375 0.005469 0.021875
1 0.600781 0.534375 0.006250 0.024219
1 0.585938 0.533594 0.023438 0.025000
1 0.592187 0.510156 0.022656 0.024219
1 0.542188 0.501563 0.008594 0.029687
1 0.542969 0.532031 0.009375 0.028906
1 0.532813 0.532031 0.010156 0.030469
1 0.520312 0.531250 0.013281 0.032031
1 0.525781 0.500781 0.023438 0.030469
1 0.485938 0.329688 0.013281 0.036719
1 0.457813 0.314063 0.012500 0.034375
1 0.471875 0.320312 0.014844 0.039062
1 0.471875 0.300781 0.014844 0.017969
1 0.461719 0.296875 0.003906 0.005469
1 0.307031 0.196875 0.010156 0.044531
1 0.285156 0.184375 0.034375 0.066406
1 0.248438 0.160938 0.039062 0.071875
1 0.207813 0.134375 0.044531 0.079687
1 0.160938 0.103906 0.050781 0.086719
1 0.107031 0.052344 0.059375 0.065625
1 0.342187 0.372656 0.025781 0.050781
1 0.306250 0.357031 0.019531 0.051562
1 0.279687 0.352344 0.032813 0.056250
1 0.279687 0.296875 0.035156 0.067969
1 0.238281 0.332031 0.035156 0.059375
1 0.198437 0.321875 0.046094 0.073438
1 0.153906 0.310156 0.046094 0.068750
1 0.242969 0.279687 0.040625 0.071875
1 0.200781 0.260937 0.046094 0.079687
1 0.164844 0.246094 0.027344 0.075781
2 0.467969 0.492969 0.019531 0.008594
2 0.457031 0.491406 0.009375 0.008594
2 0.339062 0.541406 0.005469 0.008594
2 0.360156 0.479687 0.015625 0.009375
2 0.385937 0.483594 0.016406 0.009375
2 0.401562 0.484375 0.014063 0.006250
2 0.328125 0.598437 0.020313 0.013281
2 0.122656 0.617969 0.005469 0.014063
2 0.255469 0.464844 0.032031 0.014844
2 0.280469 0.466406 0.018750 0.009375
1 0.166406 0.532031 0.033594 0.028906
1 0.392188 0.513281 0.007812 0.009375
1 0.379688 0.516406 0.006250 0.019531
1 0.377344 0.535937 0.002344 0.018750
1 0.364844 0.535937 0.005469 0.019531
1 0.357031 0.535937 0.010156 0.019531
1 0.361719 0.515625 0.012500 0.019531
1 0.211719 0.451562 0.019531 0.028125
1 0.192969 0.449219 0.019531 0.028906
1 0.172656 0.446094 0.021094 0.029687
1 0.173437 0.418750 0.021094 0.030469
1 0.150781 0.443750 0.022656 0.029687
1 0.132812 0.440625 0.014063 0.029687
1 0.151562 0.414844 0.022656 0.031250
1 0.133594 0.411719 0.014063 0.030469
2 0.771094 0.596875 0.057031 0.018750
2 0.532031 0.571094 0.025000 0.007031
