1 0.507812 0.101562 0.646875 0.203125
1 0.146875 0.121875 0.293750 0.243750
1 0.670312 0.389062 0.143750 0.184375
1 0.816406 0.400781 0.129688 0.201563
1 0.675000 0.578906 0.134375 0.167187
1 0.805469 0.585156 0.129688 0.195312
1 0.418750 0.586719 0.234375 0.210938
1 0.261719 0.570312 0.154688 0.190625
1 0.146094 0.567187 0.126562 0.184375
1 0.311719 0.442969 0.157812 0.092188
1 0.496094 0.440625 0.214062 0.100000
1 0.571094 0.567187 0.076563 0.159375
1 0.134375 0.478906 0.200000 0.167187
1 0.021875 0.501563 0.043750 0.115625
1 0.146875 0.855469 0.293750 0.289062
1 0.259375 0.878125 0.365625 0.243750
1 0.385156 0.954688 0.167187 0.087500
1 0.625781 0.904687 0.429688 0.187500
