1 0.252344 0.196094 0.158594 0.196875
1 0.457813 0.205469 0.178906 0.210938
1 0.238281 0.384375 0.189062 0.199219
1 0.412500 0.398438 0.153125 0.203125
1 0.632031 0.218750 0.178906 0.215625
1 0.573438 0.409375 0.170313 0.202344
1 0.257812 0.584375 0.211719 0.214844
1 0.243750 0.801562 0.196094 0.222656
1 0.479687 0.598437 0.206250 0.215625
1 0.467187 0.797656 0.224219 0.214062
1 0.694531 0.606250 0.211719 0.200000
1 0.697656 0.804688 0.217969 0.214062
1 0.724219 0.419531 0.147656 0.188281
1 0.889062 0.314063 0.169531 0.202344
1 0.902344 0.530469 0.182031 0.253125
1 0.898438 0.780469 0.188281 0.275781
