1 0.184375 0.173437 0.237500 0.250000
1 0.507031 0.071094 0.107813 0.107813
1 0.464844 0.163281 0.092188 0.135937
1 0.552344 0.160156 0.098437 0.129688
1 0.454688 0.253906 0.106250 0.129688
1 0.559375 0.257031 0.121875 0.126562
1 0.834375 0.175781 0.200000 0.173437
1 0.860156 0.385937 0.167187 0.137500
1 0.851562 0.511719 0.143750 0.151562
1 0.859375 0.619531 0.178125 0.145313
1 0.850781 0.833594 0.170313 0.195312
1 0.525000 0.474219 0.271875 0.254688
1 0.189844 0.428906 0.235937 0.160938
1 0.122656 0.550000 0.129688 0.178125
1 0.246875 0.560156 0.150000 0.164062
1 0.187500 0.841406 0.209375 0.239063
1 0.522656 0.728125 0.126562 0.121875
1 0.480469 0.825000 0.092188 0.109375
1 0.568750 0.815625 0.071875 0.096875
1 0.601562 0.883594 0.059375 0.095312
1 0.478906 0.934375 0.117188 0.112500
