1 0.110937 0.735156 0.112500 0.172656
1 0.096875 0.885938 0.121094 0.164062
1 0.223438 0.729688 0.127344 0.153125
1 0.221094 0.890625 0.128906 0.167969
1 0.350781 0.687500 0.138281 0.192188
1 0.353125 0.885156 0.119531 0.164062
1 0.139063 0.157812 0.146094 0.217188
1 0.321094 0.196094 0.126562 0.174219
1 0.440625 0.201563 0.120313 0.146094
1 0.553906 0.199219 0.123438 0.167187
1 0.510938 0.500781 0.194531 0.179688
1 0.516406 0.674219 0.207813 0.188281
1 0.517188 0.869531 0.223438 0.188281
1 0.703906 0.710938 0.184375 0.174219
1 0.714063 0.872656 0.193750 0.169531
1 0.897656 0.843750 0.200000 0.214844
