0 0.075781 0.664062 0.110937 0.421875
3 0.420312 0.607031 0.406250 0.703125
0 0.417969 0.564063 0.157812 0.394531
1 0.142969 0.516406 0.114062 0.155469
1 0.153906 0.626563 0.123438 0.130469
1 0.723437 0.453906 0.200000 0.175000
1 0.740625 0.585938 0.234375 0.150000
1 0.857812 0.765625 0.078125 0.285938
1 0.914062 0.887500 0.143750 0.114062
1 0.735156 0.785937 0.232813 0.216406
2 0.135937 0.734375 0.109375 0.085938
2 0.198437 0.759375 0.065625 0.069531
2 0.200781 0.814063 0.067187 0.060937
2 0.198437 0.860938 0.071875 0.083594
2 0.888281 0.933594 0.176563 0.100000
