3 0.353906 0.486719 0.032813 0.098437
2 0.198437 0.628125 0.057813 0.046875
2 0.246094 0.485938 0.036719 0.021094
2 0.203906 0.528125 0.049219 0.024219
2 0.188281 0.550000 0.060156 0.033594
2 0.175000 0.577344 0.053125 0.038281
2 0.124219 0.496875 0.098437 0.035937
2 0.085938 0.521875 0.116406 0.051562
2 0.042188 0.560937 0.084375 0.068750
2 0.251563 0.539844 0.035937 0.025781
2 0.200000 0.444531 0.052344 0.019531
2 0.183594 0.456250 0.061719 0.025781
2 0.148438 0.714063 0.072656 0.066406
1 0.003906 0.813281 0.007031 0.046094
1 0.104688 0.594531 0.066406 0.064844
1 0.110156 0.636719 0.065625 0.066406
1 0.146875 0.615625 0.017188 0.053125
1 0.157812 0.600000 0.016406 0.050000
1 0.123438 0.575781 0.053906 0.051562
1 0.133594 0.371094 0.055469 0.041406
1 0.150000 0.367969 0.043750 0.038281
1 0.183594 0.364844 0.011719 0.033594
1 0.175000 0.366406 0.013281 0.035937
1 0.153125 0.330469 0.048438 0.035937
1 0.179688 0.330469 0.011719 0.033594
1 0.188281 0.331250 0.010937 0.032031
1 0.196094 0.330469 0.010156 0.031250
1 0.192188 0.363281 0.010937 0.032031
1 0.199219 0.362500 0.009375 0.030469
1 0.206250 0.360938 0.009375 0.030469
1 0.211719 0.347656 0.022656 0.026562
1 0.225000 0.346875 0.007031 0.025781
1 0.229687 0.346875 0.007031 0.025000
1 0.230469 0.346094 0.014063 0.025000
1 0.230469 0.345313 0.023438 0.024219
1 0.242969 0.344531 0.005469 0.023438
1 0.246875 0.344531 0.005469 0.021875
1 0.215625 0.426563 0.032031 0.025781
1 0.221094 0.424219 0.028906 0.026562
1 0.237500 0.421875 0.005469 0.025000
1 0.223438 0.397656 0.028906 0.026562
1 0.241406 0.418750 0.005469 0.025000
1 0.246094 0.415625 0.005469 0.024219
1 0.249219 0.413281 0.005469 0.023438
1 0.253125 0.410938 0.004687 0.021875
1 0.229687 0.395313 0.025000 0.024219
1 0.235156 0.393750 0.022656 0.024219
1 0.237500 0.391406 0.025000 0.023438
2 0.089844 0.803906 0.113281 0.110156
2 0.035156 0.953125 0.055469 0.092969
2 0.493750 0.570312 0.035156 0.031250
2 0.721094 0.618750 0.145313 0.111719
2 0.651563 0.560937 0.107031 0.078125
2 0.523438 0.457031 0.050781 0.026562
2 0.539844 0.469531 0.052344 0.032031
2 0.559375 0.491406 0.057031 0.039062
2 0.463281 0.509375 0.025000 0.019531
2 0.478906 0.425000 0.034375 0.016406
2 0.488281 0.432031 0.039844 0.018750
2 0.515625 0.625000 0.036719 0.046094
1 0.685937 0.779687 0.067969 0.116406
1 0.479687 0.481250 0.010156 0.004687
1 0.474219 0.478906 0.009375 0.006250
1 0.476562 0.473438 0.009375 0.009375
1 0.470313 0.471094 0.008594 0.006250
1 0.475000 0.471875 0.008594 0.005469
2 0.579688 0.771094 0.050781 0.086719
2 0.542969 0.675000 0.053906 0.055469
2 0.626563 0.850000 0.085156 0.114844
2 0.685156 0.936719 0.120313 0.124219
2 0.496094 0.525781 0.031250 0.029687
1 0.632812 0.693750 0.055469 0.085156
1 0.614062 0.673438 0.050781 0.066406
1 0.582812 0.649219 0.014844 0.065625
1 0.616406 0.624219 0.050781 0.071094
1 0.533594 0.525000 0.031250 0.042969
1 0.533594 0.558594 0.031250 0.040625
1 0.514062 0.548438 0.005469 0.036719
1 0.508594 0.538281 0.005469 0.035937
1 0.521094 0.516406 0.017969 0.039062
1 0.510156 0.360938 0.027344 0.031250
1 0.500781 0.360156 0.019531 0.029687
1 0.484375 0.358594 0.003906 0.026562
1 0.489063 0.359375 0.003906 0.028125
1 0.499219 0.331250 0.025781 0.028906
1 0.484375 0.331250 0.003906 0.026562
1 0.480469 0.331250 0.003906 0.025781
1 0.476562 0.331250 0.003125 0.025000
1 0.480469 0.357031 0.003906 0.025781
1 0.476562 0.357031 0.003906 0.025000
1 0.473438 0.355469 0.003125 0.024219
1 0.469531 0.344531 0.010156 0.023438
1 0.463281 0.344531 0.002344 0.021875
1 0.460156 0.343750 0.002344 0.021094
1 0.457813 0.343750 0.002344 0.021094
1 0.455469 0.343750 0.002344 0.020313
1 0.453125 0.342969 0.001563 0.019531
1 0.451562 0.342969 0.001563 0.019531
1 0.475000 0.408594 0.018750 0.017969
1 0.471875 0.407813 0.017969 0.019531
1 0.460938 0.407031 0.002344 0.020313
1 0.468750 0.387500 0.017969 0.021094
1 0.458594 0.406250 0.002344 0.021094
1 0.456250 0.403906 0.002344 0.019531
1 0.453906 0.402344 0.002344 0.019531
1 0.452344 0.400781 0.002344 0.019531
1 0.463281 0.385937 0.011719 0.021094
1 0.460156 0.384375 0.010156 0.020313
1 0.458594 0.382812 0.011719 0.019531
2 0.691406 0.531250 0.038281 0.024219
2 0.966406 0.485156 0.065625 0.036719
2 0.619531 0.446875 0.022656 0.011719
2 0.667188 0.470313 0.028906 0.016406
2 0.690625 0.480469 0.030469 0.018750
2 0.717187 0.492188 0.041406 0.019531
2 0.759375 0.430469 0.050781 0.014844
2 0.796875 0.439844 0.045312 0.021875
2 0.835938 0.452344 0.064062 0.025000
2 0.821094 0.614844 0.064844 0.040625
2 0.714844 0.546094 0.042969 0.026562
2 0.621094 0.486719 0.027344 0.014844
2 0.673438 0.410156 0.036719 0.013281
2 0.691406 0.415625 0.039844 0.014063
2 0.749219 0.567969 0.050000 0.029687
1 0.970313 0.596094 0.058594 0.056250
1 0.638281 0.453906 0.014063 0.010156
2 0.882031 0.653125 0.075781 0.053906
2 0.946094 0.692969 0.094531 0.065625
2 0.983594 0.724219 0.031250 0.048438
2 0.900781 0.574219 0.082031 0.039844
1 0.839063 0.533594 0.024219 0.039062
1 0.814844 0.525781 0.031250 0.030469
1 0.791406 0.517969 0.018750 0.035156
1 0.818750 0.498437 0.035156 0.028906
1 0.781250 0.490625 0.028125 0.019531
1 0.779687 0.510938 0.028906 0.029687
1 0.741406 0.503125 0.007031 0.014063
1 0.657031 0.400000 0.019531 0.020313
1 0.648438 0.398438 0.014844 0.019531
1 0.637500 0.396875 0.007031 0.018750
1 0.644531 0.379688 0.018750 0.018750
1 0.631250 0.396094 0.006250 0.017969
1 0.625000 0.394531 0.005469 0.016406
1 0.619531 0.392969 0.005469 0.016406
1 0.614062 0.391406 0.005469 0.017969
1 0.636719 0.378125 0.015625 0.017969
1 0.630469 0.377344 0.014844 0.017969
1 0.624219 0.375781 0.013281 0.016406
1 0.660937 0.342969 0.019531 0.019531
1 0.647656 0.342969 0.007812 0.018750
1 0.640625 0.342969 0.007031 0.018750
1 0.634375 0.342187 0.006250 0.017969
1 0.628125 0.342187 0.006250 0.017969
1 0.621875 0.341406 0.005469 0.016406
1 0.616406 0.341406 0.005469 0.016406
1 0.739844 0.355469 0.028125 0.024219
1 0.723437 0.354687 0.017188 0.024219
1 0.700000 0.353906 0.010156 0.021875
1 0.710156 0.354687 0.011719 0.021875
1 0.718750 0.331250 0.025781 0.023438
1 0.701562 0.331250 0.010937 0.021875
1 0.691406 0.331250 0.010156 0.021094
1 0.682813 0.331250 0.010156 0.020313
1 0.690625 0.353125 0.010156 0.021094
1 0.681250 0.353125 0.009375 0.020313
1 0.672656 0.351562 0.008594 0.020313
2 0.275781 0.942187 0.126562 0.114062
