3 0.500000 0.735938 0.142969 0.364063
2 0.810156 0.739844 0.028906 0.063281
2 0.803125 0.446875 0.032813 0.010156
2 0.807031 0.449219 0.038281 0.010937
2 0.923438 0.907031 0.152344 0.183594
2 0.864844 0.667188 0.080469 0.075000
2 0.846094 0.628906 0.083594 0.059375
2 0.832031 0.600000 0.067969 0.042969
2 0.819531 0.466406 0.053906 0.019531
2 0.820312 0.461719 0.050781 0.015625
2 0.819531 0.458594 0.042969 0.015625
2 0.831250 0.492188 0.027344 0.034375
2 0.828125 0.482812 0.035156 0.026562
2 0.800000 0.664844 0.016406 0.040625
1 0.793750 0.521875 0.003906 0.020313
1 0.796094 0.526563 0.008594 0.028906
1 0.800781 0.498437 0.016406 0.028125
1 0.822656 0.565625 0.041406 0.040625
1 0.819531 0.528125 0.031250 0.042969
1 0.819531 0.345313 0.003906 0.035156
1 0.822656 0.341406 0.003906 0.035937
1 0.828906 0.332031 0.005469 0.041406
1 0.825781 0.336719 0.004687 0.039062
1 0.828125 0.295312 0.005469 0.051562
1 0.832031 0.288281 0.006250 0.055469
1 0.835938 0.280469 0.006250 0.058594
1 0.855469 0.259375 0.015625 0.051562
1 0.832812 0.326562 0.005469 0.044531
1 0.878906 0.314063 0.069531 0.060937
1 0.861719 0.258594 0.010937 0.063281
1 0.871094 0.242969 0.013281 0.070312
1 0.882812 0.222656 0.015625 0.080469
1 0.896875 0.199219 0.019531 0.094531
1 0.914844 0.168750 0.025000 0.110937
1 0.938281 0.128906 0.032031 0.134375
1 0.974219 0.075000 0.050781 0.150000
1 0.853906 0.485938 0.019531 0.073438
1 0.857031 0.491406 0.012500 0.079687
1 0.866406 0.499219 0.014844 0.088281
1 0.871875 0.414062 0.016406 0.088281
1 0.878125 0.508594 0.017969 0.099219
1 0.892969 0.520312 0.021094 0.113281
1 0.911719 0.546094 0.027344 0.109375
1 0.958594 0.560937 0.081250 0.168750
1 0.885156 0.413281 0.020313 0.098437
1 0.900781 0.411719 0.025000 0.110937
1 0.954688 0.409375 0.089063 0.136719
2 0.783594 0.577344 0.002344 0.017969
2 0.784375 0.586719 0.001563 0.015625
2 0.796094 0.633594 0.013281 0.029687
2 0.789844 0.607812 0.003906 0.014063
2 0.460938 0.613281 0.046875 0.034375
2 0.580469 0.441406 0.022656 0.008594
2 0.568750 0.442188 0.028906 0.008594
2 0.507812 0.450781 0.037500 0.013281
2 0.521094 0.449219 0.037500 0.010937
2 0.542188 0.447656 0.024219 0.010156
2 0.300781 0.715625 0.081250 0.071094
2 0.435156 0.460938 0.046094 0.017969
2 0.456250 0.457813 0.049219 0.015625
2 0.505469 0.590625 0.028906 0.011719
1 0.578906 0.490625 0.016406 0.018750
1 0.392188 0.566406 0.016406 0.014844
1 0.384375 0.571875 0.017188 0.015625
1 0.368750 0.570312 0.017969 0.024219
1 0.342969 0.586719 0.019531 0.017969
1 0.354687 0.578906 0.017969 0.016406
2 0.557813 0.555469 0.028906 0.015625
2 0.574219 0.546875 0.015625 0.014844
2 0.584375 0.540625 0.014844 0.013281
2 0.487500 0.532031 0.044531 0.021875
1 0.572656 0.494531 0.003906 0.019531
1 0.567969 0.496875 0.003906 0.019531
1 0.556250 0.497656 0.017969 0.021094
1 0.561719 0.477344 0.017969 0.019531
1 0.521094 0.488281 0.019531 0.025000
1 0.528125 0.511719 0.006250 0.024219
1 0.521094 0.514844 0.006250 0.024219
1 0.506250 0.516406 0.022656 0.028906
1 0.513281 0.490625 0.021875 0.025781
1 0.499219 0.375781 0.008594 0.026562
1 0.490625 0.374219 0.008594 0.028125
1 0.471875 0.371094 0.010156 0.029687
1 0.481250 0.372656 0.008594 0.028906
1 0.481250 0.344531 0.009375 0.029687
1 0.471094 0.342187 0.010156 0.030469
1 0.460938 0.339062 0.010937 0.032031
1 0.440625 0.335938 0.029687 0.033594
1 0.460938 0.368750 0.010156 0.030469
1 0.449219 0.367188 0.011719 0.032031
1 0.428125 0.364844 0.030469 0.033594
1 0.403125 0.344531 0.016406 0.039062
1 0.386719 0.340625 0.017188 0.040625
1 0.368750 0.336719 0.019531 0.042969
1 0.348438 0.332031 0.021094 0.044531
1 0.326562 0.328125 0.023438 0.046875
1 0.302344 0.322656 0.026562 0.050781
1 0.267188 0.316406 0.047656 0.053906
1 0.401562 0.453906 0.021094 0.036719
1 0.387500 0.455469 0.016406 0.038281
1 0.369531 0.457031 0.018750 0.039062
1 0.368750 0.418750 0.019531 0.039062
1 0.350000 0.459375 0.021094 0.040625
1 0.328906 0.461719 0.023438 0.043750
1 0.305469 0.463281 0.025781 0.045312
1 0.270313 0.464844 0.046094 0.050000
1 0.349219 0.418750 0.021094 0.040625
1 0.327344 0.417969 0.023438 0.043750
1 0.294531 0.417969 0.043750 0.045312
2 0.307812 0.557031 0.037500 0.019531
2 0.449219 0.436719 0.017969 0.005469
2 0.436719 0.437500 0.017969 0.006250
2 0.155469 0.534375 0.053906 0.021875
2 0.282813 0.512500 0.033594 0.015625
2 0.310156 0.506250 0.032031 0.013281
2 0.335938 0.501563 0.030469 0.013281
2 0.399219 0.530469 0.028125 0.013281
2 0.332813 0.549219 0.033594 0.017969
2 0.164844 0.600781 0.047656 0.030469
2 0.362500 0.541406 0.032031 0.015625
1 0.436719 0.481250 0.013281 0.007031
1 0.210156 0.517188 0.026562 0.028906
2 0.419531 0.524219 0.025000 0.010156
2 0.437500 0.520312 0.017969 0.009375
2 0.450781 0.516406 0.016406 0.009375
2 0.418750 0.485938 0.024219 0.007031
1 0.404687 0.488281 0.002344 0.007031
1 0.395313 0.490625 0.005469 0.008594
1 0.386719 0.491406 0.010156 0.008594
1 0.378125 0.492969 0.007812 0.008594
1 0.369531 0.494531 0.008594 0.009375
1 0.357031 0.496094 0.016406 0.009375
1 0.243750 0.442969 0.012500 0.021875
1 0.224219 0.443750 0.008594 0.024219
1 0.211719 0.444531 0.017188 0.024219
1 0.210938 0.419531 0.017188 0.024219
1 0.195312 0.444531 0.017969 0.025000
1 0.176563 0.445312 0.019531 0.025781
1 0.157812 0.446875 0.021094 0.026562
1 0.135156 0.446875 0.025781 0.028906
1 0.193750 0.419531 0.017969 0.025000
1 0.175000 0.419531 0.019531 0.025781
1 0.153125 0.419531 0.027344 0.025781
1 0.241406 0.371875 0.012500 0.021875
1 0.221875 0.369531 0.007812 0.025000
1 0.209375 0.368750 0.017969 0.025781
1 0.192188 0.367188 0.018750 0.026562
1 0.174219 0.365625 0.019531 0.026562
1 0.154688 0.363281 0.021094 0.028906
1 0.131250 0.360938 0.028125 0.029687
1 0.341406 0.388281 0.010156 0.017969
1 0.331250 0.388281 0.010156 0.018750
1 0.310156 0.385937 0.010937 0.018750
1 0.321094 0.386719 0.010937 0.018750
1 0.320312 0.374219 0.010156 0.007031
1 0.309375 0.373437 0.010937 0.007031
1 0.298438 0.371875 0.010937 0.008594
1 0.282031 0.369531 0.020313 0.008594
1 0.298438 0.385156 0.011719 0.020313
1 0.286719 0.384375 0.011719 0.020313
1 0.270313 0.383594 0.021094 0.021875
2 0.688281 0.552344 0.036719 0.017969
