3 0.149219 0.990625 0.035156 0.017969
2 0.429688 0.673438 0.072656 0.075781
2 0.655469 0.391406 0.042969 0.015625
2 0.639062 0.394531 0.042969 0.016406
2 0.521094 0.420312 0.059375 0.028125
2 0.550000 0.414062 0.057813 0.024219
2 0.583594 0.408594 0.047656 0.021875
2 0.073438 0.903906 0.146875 0.189062
2 0.357031 0.456250 0.084375 0.048438
2 0.410938 0.444531 0.077344 0.041406
2 0.525000 0.613281 0.058594 0.053906
1 0.651563 0.462500 0.026562 0.030469
1 0.286719 0.626563 0.022656 0.033594
1 0.264062 0.642969 0.024219 0.035937
1 0.236719 0.639062 0.024219 0.049219
1 0.171875 0.680469 0.025781 0.043750
1 0.207031 0.656250 0.024219 0.039062
2 0.611719 0.559375 0.046875 0.028906
2 0.566406 0.590625 0.052344 0.035937
2 0.639844 0.546094 0.025781 0.025000
2 0.657031 0.533594 0.025000 0.023438
2 0.479687 0.550000 0.066406 0.051562
1 0.639062 0.471094 0.008594 0.030469
1 0.626563 0.475781 0.017969 0.029687
1 0.613281 0.477344 0.028125 0.035937
1 0.622656 0.446094 0.028125 0.033594
1 0.546875 0.473438 0.030469 0.043750
1 0.555469 0.510156 0.012500 0.036719
1 0.542188 0.515625 0.013281 0.039062
1 0.518750 0.517969 0.033594 0.046875
1 0.533594 0.478125 0.032031 0.045312
1 0.498437 0.304688 0.017969 0.044531
1 0.479687 0.303906 0.019531 0.046094
1 0.436719 0.300781 0.024219 0.050000
1 0.457813 0.303125 0.023438 0.048438
1 0.458594 0.253906 0.021094 0.050781
1 0.435937 0.250781 0.024219 0.054688
1 0.410156 0.246094 0.027344 0.057031
1 0.375000 0.241406 0.046875 0.060937
1 0.409375 0.299219 0.032031 0.053125
1 0.385156 0.297656 0.028906 0.056250
1 0.348438 0.294531 0.047656 0.060156
1 0.268750 0.262500 0.046875 0.071094
1 0.224219 0.257031 0.053125 0.076563
1 0.172656 0.251563 0.061719 0.082031
1 0.114062 0.244531 0.072656 0.089844
1 0.046094 0.237500 0.086719 0.096875
1 0.008594 0.234375 0.017188 0.093750
1 0.276562 0.453125 0.050781 0.073438
1 0.239063 0.460156 0.049219 0.078125
1 0.192969 0.473438 0.055469 0.074219
1 0.185156 0.403906 0.058594 0.075781
1 0.139844 0.482812 0.064844 0.080469
1 0.078906 0.493750 0.075781 0.088281
1 0.026562 0.505469 0.053125 0.089844
1 0.131250 0.408594 0.067187 0.082031
1 0.067187 0.414062 0.078906 0.089844
1 0.020313 0.418750 0.039844 0.092969
2 0.304688 0.521875 0.036719 0.026562
2 0.492188 0.372656 0.025781 0.008594
2 0.470313 0.374219 0.027344 0.009375
2 0.307812 0.458594 0.014063 0.013281
2 0.367188 0.384375 0.033594 0.011719
2 0.392969 0.382812 0.034375 0.011719
2 0.420312 0.380469 0.030469 0.010937
2 0.425781 0.487500 0.032031 0.019531
2 0.339062 0.511719 0.038281 0.023438
2 0.121094 0.575781 0.058594 0.041406
2 0.255469 0.395313 0.038281 0.016406
2 0.283594 0.392188 0.030469 0.015625
2 0.376563 0.501563 0.035937 0.021875
1 0.475781 0.422656 0.016406 0.017969
2 0.453125 0.481250 0.030469 0.014063
2 0.474219 0.475000 0.018750 0.013281
2 0.493750 0.469531 0.021875 0.010937
2 0.451562 0.431250 0.030469 0.005469
1 0.428906 0.425000 0.009375 0.007031
1 0.414844 0.414062 0.017188 0.021094
1 0.391406 0.417969 0.016406 0.021875
1 0.379688 0.419531 0.017969 0.021875
1 0.215625 0.389844 0.014063 0.029687
1 0.166406 0.357812 0.023438 0.017969
1 0.143750 0.358594 0.025000 0.018750
1 0.119531 0.359375 0.026562 0.018750
1 0.094531 0.359375 0.028125 0.019531
1 0.324219 0.315625 0.005469 0.017969
1 0.300000 0.325781 0.014844 0.010156
1 0.314844 0.315625 0.014063 0.018750
1 0.313281 0.292969 0.016406 0.025000
1 0.299219 0.289062 0.014844 0.017969
1 0.283594 0.325781 0.017969 0.009375
1 0.267969 0.325781 0.016406 0.009375
1 0.250000 0.325000 0.021094 0.009375
2 0.832031 0.598437 0.073438 0.051562
2 0.569531 0.461719 0.014063 0.011719
