2 0.431250 0.749219 0.067969 0.042969
2 0.925781 0.503125 0.117969 0.028125
2 0.846094 0.504687 0.109375 0.028125
2 0.226562 0.633594 0.074219 0.021875
2 0.376563 0.640625 0.071094 0.026562
2 0.432031 0.640625 0.066406 0.028125
2 0.488281 0.643750 0.057031 0.030469
2 0.552344 0.513281 0.050781 0.018750
2 0.610156 0.511719 0.063281 0.018750
2 0.678906 0.510938 0.075000 0.019531
2 0.694531 0.773438 0.083594 0.053125
2 0.485938 0.753906 0.064062 0.044531
2 0.227344 0.731250 0.078125 0.035937
2 0.364063 0.516406 0.047656 0.018750
2 0.416406 0.515625 0.061719 0.018750
2 0.563281 0.761719 0.063281 0.048438
1 0.861719 0.642969 0.064844 0.056250
1 0.282813 0.625000 0.042969 0.042969
2 0.783594 0.781250 0.100781 0.056250
2 0.868750 0.791406 0.096094 0.050000
2 0.946875 0.796875 0.105469 0.055469
2 0.778125 0.653125 0.096094 0.030469
1 0.694531 0.636719 0.030469 0.053125
1 0.663281 0.635938 0.035156 0.050781
1 0.636719 0.634375 0.032031 0.050781
1 0.661719 0.590625 0.035156 0.046094
1 0.601562 0.590625 0.027344 0.045312
1 0.603125 0.635938 0.026562 0.045312
1 0.577344 0.635156 0.025000 0.044531
1 0.552344 0.632031 0.024219 0.049219
1 0.577344 0.589844 0.025000 0.044531
1 0.329688 0.507031 0.036719 0.038281
1 0.301563 0.507812 0.021094 0.038281
1 0.282031 0.508594 0.019531 0.036719
1 0.292187 0.471094 0.039062 0.036719
1 0.262500 0.508594 0.019531 0.035937
1 0.243750 0.509375 0.019531 0.036719
1 0.225000 0.509375 0.019531 0.035937
1 0.207031 0.509375 0.018750 0.035937
1 0.264062 0.471875 0.019531 0.035937
1 0.245312 0.472656 0.019531 0.035937
1 0.226562 0.473438 0.018750 0.035937
1 0.333594 0.393750 0.036719 0.043750
1 0.306250 0.391406 0.020313 0.035156
1 0.286719 0.393750 0.019531 0.035156
1 0.267188 0.394531 0.019531 0.034375
1 0.249219 0.396875 0.018750 0.034375
1 0.230469 0.397656 0.018750 0.034375
1 0.213281 0.399219 0.018750 0.034375
1 0.506250 0.392188 0.023438 0.039844
1 0.482031 0.393750 0.022656 0.039062
1 0.436719 0.397656 0.021875 0.038281
1 0.459375 0.396094 0.021875 0.038281
1 0.463281 0.357031 0.028906 0.040625
1 0.437500 0.359375 0.021875 0.039844
1 0.415625 0.361719 0.021094 0.039844
1 0.394531 0.363281 0.021094 0.039844
1 0.415625 0.399219 0.021094 0.036719
1 0.393750 0.400781 0.021094 0.036719
1 0.373437 0.401562 0.020313 0.036719
