2 0.172656 0.803125 0.008594 0.066406
2 0.137500 0.633594 0.057813 0.071094
2 0.114062 0.692969 0.085156 0.117969
2 0.064844 0.805469 0.100781 0.194531
2 0.172656 0.661719 0.007031 0.033594
2 0.140625 0.539844 0.035156 0.029687
2 0.134375 0.558594 0.043750 0.039844
2 0.169531 0.953125 0.005469 0.092969
2 0.156250 0.746094 0.021094 0.063281
1 0.141406 0.818750 0.004687 0.049219
1 0.103125 0.871875 0.092969 0.121094
1 0.147656 0.824219 0.007031 0.089063
1 0.148438 0.792969 0.007812 0.082031
1 0.144531 0.784375 0.003125 0.038281
1 0.085156 0.440625 0.082031 0.069531
1 0.092188 0.433594 0.072656 0.057031
1 0.100781 0.376563 0.044531 0.055469
1 0.131250 0.378906 0.005469 0.044531
1 0.135156 0.422656 0.005469 0.043750
1 0.136719 0.420312 0.005469 0.042969
1 0.136719 0.401562 0.008594 0.039062
1 0.139844 0.400781 0.003906 0.035937
1 0.140625 0.400000 0.002344 0.029687
1 0.139063 0.511719 0.022656 0.034375
1 0.146875 0.506250 0.009375 0.031250
1 0.150000 0.504687 0.002344 0.029687
1 0.144531 0.478125 0.007031 0.024219
2 0.496875 0.628906 0.042969 0.036719
2 0.894531 0.609375 0.123438 0.082031
2 0.793750 0.577344 0.100781 0.064062
2 0.417969 0.521875 0.024219 0.019531
2 0.471875 0.553125 0.041406 0.028125
2 0.496875 0.564063 0.044531 0.030469
2 0.518750 0.579688 0.045312 0.035156
2 0.558594 0.504687 0.053906 0.029687
2 0.592187 0.515625 0.060156 0.034375
2 0.633594 0.531250 0.058594 0.038281
2 0.634375 0.736719 0.066406 0.071094
2 0.521875 0.646875 0.046875 0.042969
2 0.424219 0.571875 0.032813 0.024219
2 0.469531 0.478125 0.042188 0.019531
2 0.488281 0.483594 0.044531 0.021094
2 0.557031 0.676562 0.053125 0.051562
1 0.791406 0.717969 0.065625 0.085156
1 0.438281 0.525781 0.017969 0.028125
2 0.700781 0.788281 0.078906 0.091406
2 0.769531 0.842187 0.092969 0.114062
2 0.857812 0.911719 0.110937 0.148438
2 0.712500 0.690625 0.080469 0.057031
1 0.641406 0.633594 0.035937 0.057031
1 0.621875 0.627344 0.033594 0.045312
1 0.596875 0.613281 0.017969 0.050781
1 0.623437 0.588281 0.035156 0.051562
1 0.583594 0.569531 0.032031 0.045312
1 0.583594 0.605469 0.031250 0.040625
1 0.560937 0.598437 0.014063 0.036719
1 0.546875 0.587500 0.013281 0.041406
1 0.568750 0.563281 0.029687 0.043750
1 0.453906 0.464844 0.021875 0.025781
1 0.446094 0.463281 0.021094 0.025781
1 0.432812 0.461719 0.006250 0.021875
1 0.439063 0.439063 0.020313 0.024219
1 0.426563 0.460156 0.005469 0.021875
1 0.420312 0.458594 0.006250 0.021875
1 0.414844 0.456250 0.005469 0.020313
1 0.408594 0.453906 0.005469 0.021094
1 0.432812 0.437500 0.019531 0.023438
1 0.425781 0.436719 0.017969 0.023438
1 0.419531 0.435156 0.016406 0.021875
1 0.453906 0.394531 0.022656 0.024219
1 0.439063 0.393750 0.007031 0.023438
1 0.432031 0.393750 0.007031 0.021875
1 0.425781 0.393750 0.006250 0.021875
1 0.419531 0.392969 0.006250 0.021094
1 0.414062 0.392969 0.005469 0.021094
1 0.407813 0.392969 0.005469 0.020313
1 0.533594 0.410156 0.028125 0.031250
1 0.517969 0.408594 0.019531 0.030469
1 0.491406 0.407031 0.009375 0.028125
1 0.502344 0.408594 0.010156 0.028906
1 0.510156 0.378906 0.027344 0.028906
1 0.491406 0.379688 0.009375 0.028125
1 0.482031 0.380469 0.008594 0.026562
1 0.472656 0.379688 0.008594 0.025781
1 0.482031 0.407031 0.008594 0.026562
1 0.472656 0.406250 0.008594 0.025781
1 0.464844 0.405469 0.008594 0.025781
