3 0.598437 0.866406 0.113281 0.265625
2 0.835938 0.788281 0.077344 0.092969
2 0.778125 0.409375 0.036719 0.018750
2 0.785156 0.422656 0.039844 0.025000
2 0.887500 0.776563 0.096094 0.119531
2 0.857812 0.701562 0.086719 0.091406
2 0.834375 0.642188 0.071094 0.056250
2 0.828906 0.505469 0.068750 0.046094
2 0.817187 0.476562 0.057031 0.028906
2 0.807813 0.458594 0.045312 0.026562
2 0.914844 0.639062 0.111719 0.079687
2 0.889844 0.589063 0.100781 0.060156
2 0.794531 0.669531 0.036719 0.058594
1 0.765625 0.470313 0.008594 0.025781
1 0.765625 0.486719 0.005469 0.028125
1 0.777344 0.494531 0.024219 0.028125
1 0.782031 0.504687 0.028125 0.033594
1 0.778906 0.473438 0.021875 0.032031
1 0.799219 0.533594 0.015625 0.038281
1 0.791406 0.561719 0.008594 0.036719
1 0.795312 0.574219 0.008594 0.039062
1 0.816406 0.594531 0.042188 0.050000
1 0.811719 0.549219 0.032031 0.048438
1 0.850781 0.415625 0.026562 0.046875
1 0.853906 0.423438 0.016406 0.049219
1 0.874219 0.444531 0.019531 0.055469
1 0.863281 0.433594 0.017188 0.051562
1 0.896094 0.389062 0.068750 0.051562
1 0.909375 0.396875 0.074219 0.055469
1 0.925000 0.406250 0.082031 0.059375
1 0.942969 0.421094 0.091406 0.071875
1 0.885938 0.456250 0.021094 0.058594
1 0.900000 0.469531 0.024219 0.064062
1 0.942187 0.484375 0.082031 0.071094
1 0.975000 0.506250 0.049219 0.089063
1 0.987500 0.528906 0.024219 0.093750
1 0.947656 0.692969 0.074219 0.089063
1 0.953906 0.732031 0.047656 0.100000
1 0.975781 0.780469 0.046094 0.111719
1 0.984375 0.715625 0.030469 0.113281
1 0.989844 0.824219 0.019531 0.100781
2 0.752344 0.527344 0.010156 0.023438
2 0.754687 0.546094 0.007031 0.026562
2 0.779687 0.619531 0.025781 0.045312
2 0.767969 0.567969 0.024219 0.032031
2 0.467969 0.632031 0.042969 0.053125
2 0.558594 0.382031 0.025781 0.014844
2 0.550781 0.389844 0.028125 0.016406
2 0.500781 0.439063 0.043750 0.028125
2 0.513281 0.425000 0.037500 0.021875
2 0.528906 0.414062 0.027344 0.021094
2 0.334375 0.855469 0.085938 0.121875
2 0.442969 0.504687 0.055469 0.046094
2 0.460938 0.483594 0.055469 0.039844
2 0.505469 0.568750 0.036719 0.038281
1 0.560156 0.433594 0.012500 0.023438
1 0.407031 0.632031 0.018750 0.020313
1 0.402344 0.648438 0.019531 0.025000
1 0.385937 0.653906 0.020313 0.033594
1 0.364844 0.693750 0.022656 0.028906
1 0.373437 0.671094 0.021094 0.025781
2 0.542188 0.509375 0.026562 0.023438
2 0.524219 0.542188 0.029687 0.028906
2 0.556250 0.496094 0.013281 0.021094
2 0.562500 0.482812 0.011719 0.019531
2 0.488281 0.536719 0.046094 0.039844
1 0.554688 0.444531 0.003125 0.021875
1 0.546875 0.449219 0.013281 0.021094
1 0.540625 0.453125 0.017969 0.025000
1 0.544531 0.430469 0.017969 0.023438
1 0.517969 0.468750 0.011719 0.028906
1 0.521875 0.492969 0.004687 0.028125
1 0.507812 0.499219 0.022656 0.028906
1 0.502344 0.505469 0.022656 0.034375
1 0.507812 0.475781 0.022656 0.030469
1 0.496094 0.370312 0.014063 0.033594
1 0.492969 0.374219 0.007031 0.034375
1 0.476562 0.385937 0.008594 0.035937
1 0.485156 0.380469 0.007812 0.034375
1 0.474219 0.347656 0.028125 0.035937
1 0.464844 0.351562 0.031250 0.038281
1 0.456250 0.356250 0.031250 0.039844
1 0.444531 0.360156 0.035156 0.042969
1 0.467969 0.391406 0.009375 0.038281
1 0.457813 0.396875 0.010156 0.039844
1 0.437500 0.401562 0.029687 0.045312
1 0.403125 0.403125 0.042188 0.051562
1 0.386719 0.410938 0.044531 0.055469
1 0.369531 0.419531 0.049219 0.060156
1 0.349219 0.430469 0.052344 0.064844
1 0.326562 0.442188 0.057813 0.069531
1 0.300781 0.455469 0.062500 0.076563
1 0.271094 0.470313 0.069531 0.083594
1 0.411719 0.521094 0.032031 0.056250
1 0.405469 0.535937 0.017969 0.057031
1 0.389844 0.555469 0.017969 0.054688
1 0.374219 0.510156 0.046094 0.063281
1 0.371875 0.573438 0.021094 0.059375
1 0.352344 0.592969 0.024219 0.064062
1 0.329688 0.615625 0.027344 0.068750
1 0.288281 0.633594 0.063281 0.091406
1 0.355469 0.525781 0.050000 0.067969
1 0.333594 0.542969 0.053906 0.074219
1 0.309375 0.561719 0.060156 0.079687
2 0.264062 0.549219 0.032031 0.023438
2 0.412500 0.362500 0.017969 0.011719
2 0.395313 0.367969 0.027344 0.011719
2 0.085156 0.589063 0.075000 0.054688
2 0.225000 0.506250 0.035156 0.025781
2 0.314063 0.400000 0.036719 0.018750
2 0.333594 0.392188 0.035156 0.017969
2 0.356250 0.384375 0.029687 0.015625
2 0.375781 0.476562 0.011719 0.008594
2 0.103125 0.659375 0.073438 0.061719
2 0.218750 0.435937 0.051562 0.024219
2 0.248438 0.426563 0.047656 0.020313
1 0.152344 0.543750 0.036719 0.045312
2 0.389062 0.467969 0.021094 0.016406
2 0.404687 0.455469 0.016406 0.010156
2 0.417969 0.448437 0.014063 0.014063
1 0.177344 0.443750 0.034375 0.035937
1 0.163281 0.450781 0.025000 0.039062
1 0.144531 0.460938 0.025000 0.035937
1 0.132812 0.429688 0.038281 0.039062
1 0.122656 0.468750 0.027344 0.036719
1 0.099219 0.478125 0.030469 0.039062
1 0.073438 0.486719 0.032813 0.040625
1 0.042188 0.493750 0.044531 0.049219
1 0.110156 0.436719 0.040625 0.041406
1 0.085938 0.443750 0.042969 0.043750
1 0.060156 0.452344 0.046094 0.045312
1 0.164844 0.358594 0.035156 0.034375
1 0.145313 0.362500 0.035156 0.035937
1 0.123438 0.367188 0.038281 0.038281
1 0.100000 0.371094 0.041406 0.039062
1 0.074219 0.376563 0.044531 0.041406
1 0.046875 0.382031 0.047656 0.043750
1 0.021094 0.387500 0.042188 0.045312
1 0.289062 0.343750 0.022656 0.025000
1 0.282031 0.346875 0.014063 0.026562
1 0.257812 0.353125 0.014844 0.025781
1 0.270313 0.350781 0.014844 0.025000
1 0.262500 0.325781 0.025000 0.025781
1 0.254688 0.328125 0.014844 0.028125
1 0.234375 0.332813 0.003906 0.023438
1 0.219531 0.332813 0.030469 0.028906
1 0.237500 0.357031 0.003906 0.024219
1 0.228906 0.359375 0.017969 0.028125
1 0.214844 0.360938 0.016406 0.031250
2 0.667188 0.506250 0.035937 0.021875
2 0.475781 0.431250 0.021094 0.011719
