3 0.476562 0.961719 0.093750 0.075000
2 0.894531 0.977344 0.044531 0.043750
2 0.903906 0.421875 0.053125 0.028125
2 0.913281 0.446875 0.062500 0.044531
2 0.955469 0.996094 0.013281 0.006250
2 0.955469 0.924219 0.088281 0.150000
2 0.943750 0.828125 0.095312 0.135937
2 0.953906 0.603125 0.091406 0.096875
2 0.952344 0.551562 0.094531 0.069531
2 0.942969 0.513281 0.077344 0.053906
2 0.983594 0.795312 0.032031 0.129688
2 0.882812 0.819531 0.038281 0.105469
1 0.879687 0.505469 0.017969 0.035937
1 0.875000 0.531250 0.010156 0.039062
1 0.885938 0.543750 0.028906 0.039062
1 0.892188 0.562500 0.038281 0.054688
1 0.889844 0.516406 0.022656 0.048438
1 0.910937 0.626563 0.020313 0.057031
1 0.896875 0.664844 0.014063 0.057031
1 0.900781 0.687500 0.014063 0.060156
1 0.929688 0.732812 0.063281 0.088281
1 0.922656 0.656250 0.035156 0.078125
1 0.996094 0.491406 0.007031 0.035156
2 0.852344 0.576562 0.011719 0.035156
2 0.852344 0.606250 0.007031 0.039844
2 0.872656 0.731250 0.030469 0.078906
2 0.863281 0.645312 0.025000 0.057031
2 0.450781 0.646875 0.057031 0.070312
2 0.604688 0.357812 0.033594 0.021094
2 0.591406 0.367188 0.036719 0.023438
2 0.510938 0.426563 0.048438 0.038281
2 0.530469 0.410156 0.047656 0.031250
2 0.554688 0.396875 0.036719 0.028906
2 0.239844 0.902344 0.103125 0.164062
2 0.403125 0.509375 0.073438 0.066406
2 0.438281 0.482812 0.066406 0.056250
2 0.514062 0.575781 0.046094 0.050781
1 0.602344 0.418750 0.019531 0.028125
1 0.356250 0.652344 0.021094 0.030469
1 0.345313 0.671875 0.022656 0.033594
1 0.324219 0.675000 0.022656 0.042969
1 0.285938 0.723437 0.024219 0.039062
1 0.304688 0.695312 0.023438 0.035156
2 0.572656 0.507812 0.036719 0.028906
2 0.542188 0.546094 0.041406 0.035937
2 0.593750 0.491406 0.018750 0.025781
2 0.604688 0.476562 0.018750 0.023438
2 0.484375 0.541406 0.054688 0.054688
1 0.593750 0.432031 0.005469 0.026562
1 0.581250 0.438281 0.020313 0.025781
1 0.574219 0.441406 0.022656 0.033594
1 0.581250 0.414844 0.022656 0.029687
1 0.532031 0.461719 0.018750 0.038281
1 0.536719 0.489844 0.008594 0.033594
1 0.528125 0.498437 0.008594 0.034375
1 0.509375 0.503125 0.027344 0.044531
1 0.519531 0.469531 0.027344 0.039062
1 0.492969 0.345313 0.025000 0.044531
1 0.486719 0.351562 0.013281 0.044531
1 0.457813 0.365625 0.016406 0.044531
1 0.472656 0.359375 0.014844 0.042969
1 0.461719 0.318750 0.035937 0.046875
1 0.446094 0.323437 0.038281 0.049219
1 0.429688 0.329688 0.039062 0.051562
1 0.410938 0.334375 0.042969 0.054688
1 0.441406 0.373437 0.017969 0.046094
1 0.424219 0.381250 0.019531 0.049219
1 0.393750 0.385156 0.044531 0.059375
1 0.337500 0.388281 0.052344 0.069531
1 0.309375 0.399219 0.056250 0.074219
1 0.278125 0.410938 0.060156 0.079687
1 0.242188 0.424219 0.065625 0.085938
1 0.201563 0.439844 0.071094 0.094531
1 0.154688 0.457813 0.078906 0.103125
1 0.100781 0.478906 0.086719 0.114844
1 0.349219 0.528125 0.047656 0.074219
1 0.332031 0.545312 0.034375 0.079687
1 0.305469 0.574219 0.035156 0.065625
1 0.289844 0.517969 0.056250 0.084375
1 0.274219 0.596875 0.040625 0.070312
1 0.237500 0.622656 0.046094 0.076563
1 0.196875 0.651563 0.053906 0.081250
1 0.143750 0.668750 0.075781 0.121094
1 0.257031 0.536719 0.060937 0.090625
1 0.219531 0.559375 0.066406 0.099219
1 0.178125 0.584375 0.072656 0.109375
2 0.067969 0.542969 0.006250 0.014844
2 0.336719 0.353906 0.035937 0.010937
2 0.357031 0.350781 0.030469 0.018750
2 0.380469 0.343750 0.021094 0.016406
2 0.400000 0.444531 0.021875 0.021094
2 0.318750 0.485156 0.036719 0.029687
2 0.117188 0.596875 0.063281 0.057031
2 0.225781 0.385937 0.036719 0.014063
2 0.257812 0.375000 0.032813 0.010937
2 0.351562 0.469531 0.035937 0.025781
2 0.418750 0.432812 0.028906 0.017969
2 0.439844 0.423438 0.019531 0.016406
2 0.454688 0.414062 0.019531 0.015625
1 0.371875 0.395313 0.003906 0.014844
1 0.365625 0.385937 0.008594 0.024219
1 0.367188 0.400781 0.007031 0.008594
1 0.186719 0.389062 0.027344 0.021875
1 0.169531 0.394531 0.024219 0.021875
1 0.149219 0.403125 0.023438 0.017969
1 0.141406 0.380469 0.033594 0.039844
1 0.126562 0.410156 0.025781 0.018750
1 0.102344 0.417187 0.027344 0.019531
1 0.077344 0.424219 0.028906 0.019531
1 0.048438 0.438281 0.034375 0.048438
1 0.118750 0.385937 0.035156 0.040625
1 0.094531 0.392188 0.036719 0.043750
1 0.069531 0.398438 0.038281 0.045312
1 0.173437 0.310937 0.032031 0.035156
1 0.152344 0.314063 0.033594 0.036719
1 0.130469 0.317969 0.034375 0.038281
1 0.106250 0.321875 0.035937 0.039844
1 0.081250 0.325781 0.038281 0.041406
1 0.053906 0.330469 0.039844 0.043750
1 0.024219 0.334375 0.041406 0.045312
1 0.308594 0.298438 0.022656 0.026562
1 0.299219 0.300781 0.015625 0.028125
1 0.271094 0.307812 0.017969 0.026562
1 0.285938 0.305469 0.016406 0.026562
1 0.279687 0.278906 0.022656 0.028125
1 0.264062 0.281250 0.025781 0.028906
1 0.248438 0.283594 0.026562 0.029687
1 0.232031 0.285156 0.028125 0.031250
1 0.256250 0.310156 0.018750 0.028125
1 0.240625 0.313281 0.019531 0.028906
1 0.219531 0.314844 0.028906 0.033594
2 0.731250 0.530469 0.046094 0.038281
2 0.510938 0.401562 0.010156 0.009375
