3 0.206250 0.483594 0.080469 0.180469
2 0.006250 0.500781 0.012500 0.030469
2 0.018750 0.608594 0.037500 0.059375
2 0.469531 0.595313 0.057813 0.068750
2 0.555469 0.428906 0.103125 0.068750
2 0.615625 0.464844 0.125781 0.092969
2 0.713281 0.533594 0.163281 0.136719
2 0.396094 0.482031 0.036719 0.035937
2 0.434375 0.360938 0.064844 0.034375
2 0.455469 0.373437 0.072656 0.039844
2 0.547656 0.716406 0.088281 0.120313
1 0.429688 0.446875 0.016406 0.015625
1 0.419531 0.442969 0.015625 0.014844
1 0.423438 0.431250 0.013281 0.016406
1 0.405469 0.427344 0.007031 0.011719
1 0.421094 0.425781 0.008594 0.004687
2 0.783594 0.984375 0.036719 0.029687
2 0.626563 0.850781 0.117969 0.161719
2 0.497656 0.539062 0.080469 0.073438
1 0.950781 0.948438 0.027344 0.100781
1 0.894531 0.908594 0.137500 0.180469
1 0.971094 0.914844 0.057031 0.168750
1 0.592969 0.564063 0.063281 0.095312
1 0.591406 0.628125 0.062500 0.082031
1 0.550000 0.601562 0.022656 0.075000
1 0.530469 0.573438 0.019531 0.079687
1 0.564063 0.541406 0.047656 0.086719
1 0.515625 0.241406 0.054688 0.064062
1 0.480469 0.240625 0.016406 0.059375
1 0.452344 0.240625 0.013281 0.051562
1 0.465625 0.241406 0.014844 0.054688
1 0.478125 0.184375 0.041406 0.059375
1 0.451562 0.186719 0.013281 0.055469
1 0.439063 0.190625 0.011719 0.053125
1 0.428906 0.192969 0.010937 0.050000
1 0.440625 0.240625 0.011719 0.048438
1 0.430469 0.240625 0.010937 0.046094
1 0.421094 0.239844 0.010156 0.044531
1 0.410938 0.223438 0.027344 0.039844
1 0.394531 0.224219 0.008594 0.039062
1 0.387500 0.225000 0.007812 0.036719
1 0.382031 0.225781 0.007031 0.035937
1 0.376563 0.225781 0.007031 0.034375
1 0.371094 0.225781 0.007031 0.033594
1 0.366406 0.226562 0.005469 0.032031
1 0.418750 0.333594 0.033594 0.033594
1 0.410938 0.333594 0.030469 0.039062
1 0.392969 0.331250 0.007031 0.035156
1 0.403906 0.296875 0.032031 0.036719
1 0.387500 0.328125 0.007031 0.033594
1 0.382031 0.325781 0.007031 0.032031
1 0.376563 0.321875 0.005469 0.030469
1 0.371875 0.318750 0.005469 0.031250
1 0.392969 0.295312 0.022656 0.035156
1 0.389844 0.292969 0.027344 0.034375
1 0.384375 0.291406 0.024219 0.032031
2 0.700000 0.466406 0.042969 0.023438
2 0.590625 0.366406 0.033594 0.017969
2 0.668750 0.395313 0.046094 0.025781
2 0.703906 0.407031 0.050781 0.028906
2 0.742188 0.421094 0.053906 0.031250
2 0.900000 0.576562 0.082031 0.064844
2 0.732812 0.484375 0.052344 0.029687
2 0.597656 0.410938 0.019531 0.009375
2 0.780469 0.517188 0.043750 0.045312
1 0.617969 0.369531 0.021875 0.026562
2 0.974219 0.617969 0.050781 0.063281
2 0.990625 0.510938 0.017969 0.036719
1 0.927344 0.475000 0.046875 0.055469
1 0.896875 0.467969 0.044531 0.045312
1 0.865625 0.457031 0.035156 0.044531
1 0.904687 0.428906 0.045312 0.051562
1 0.850000 0.413281 0.013281 0.040625
1 0.846875 0.446875 0.017969 0.039844
1 0.806250 0.437500 0.021094 0.035937
1 0.788281 0.428906 0.025781 0.042969
1 0.810156 0.403125 0.018750 0.041406
1 0.626563 0.273438 0.021875 0.014063
1 0.614062 0.271875 0.016406 0.011719
1 0.603906 0.271094 0.014844 0.011719
1 0.596875 0.270313 0.017969 0.010937
1 0.653125 0.228125 0.025781 0.026562
1 0.635156 0.228906 0.012500 0.025781
1 0.624219 0.228906 0.011719 0.025000
1 0.614062 0.228906 0.010937 0.024219
1 0.603906 0.228906 0.010156 0.023438
1 0.594531 0.229687 0.010156 0.021875
1 0.585938 0.229687 0.008594 0.021875
1 0.782031 0.239063 0.035937 0.034375
1 0.756250 0.239063 0.023438 0.034375
1 0.721094 0.239063 0.019531 0.030469
1 0.738281 0.239844 0.021094 0.031250
1 0.747656 0.206250 0.032813 0.033594
1 0.724219 0.207813 0.019531 0.032031
1 0.707812 0.208594 0.017969 0.030469
1 0.692969 0.209375 0.016406 0.030469
1 0.704688 0.239844 0.017969 0.029687
1 0.689844 0.239063 0.016406 0.028906
1 0.675781 0.239063 0.015625 0.028125
