3 0.313281 0.475781 0.044531 0.120313
2 0.142187 0.703906 0.064062 0.081250
2 0.174219 0.490625 0.046875 0.036719
2 0.130469 0.573438 0.066406 0.049219
2 0.115625 0.616406 0.080469 0.067969
2 0.094531 0.666406 0.091406 0.071094
2 0.049219 0.595313 0.098437 0.070312
2 0.031250 0.665625 0.062500 0.110156
2 0.189844 0.553125 0.037500 0.041406
2 0.114844 0.467969 0.074219 0.033594
2 0.096875 0.499219 0.085938 0.056250
2 0.095312 0.859375 0.080469 0.121875
1 0.032031 0.753906 0.064062 0.107813
1 0.039062 0.807031 0.077344 0.114844
1 0.077344 0.753906 0.025781 0.076563
1 0.087500 0.721094 0.028906 0.070312
1 0.053906 0.708594 0.049219 0.076563
1 0.031250 0.417969 0.061719 0.071875
1 0.037500 0.401562 0.075000 0.059375
1 0.087500 0.383594 0.019531 0.050781
1 0.075781 0.392969 0.021875 0.053906
1 0.038281 0.346875 0.076563 0.059375
1 0.051562 0.338281 0.073438 0.050781
1 0.064062 0.333594 0.069531 0.048438
1 0.075781 0.328125 0.063281 0.045312
1 0.097656 0.376563 0.017969 0.046875
1 0.107031 0.369531 0.016406 0.044531
1 0.114844 0.362500 0.016406 0.043750
1 0.118750 0.336719 0.033594 0.039844
1 0.121875 0.331250 0.039844 0.036719
1 0.124219 0.328125 0.046094 0.035937
1 0.131250 0.324219 0.041406 0.034375
1 0.136719 0.321094 0.039844 0.033594
1 0.145313 0.318750 0.032031 0.031250
1 0.147656 0.315625 0.035156 0.030469
1 0.132031 0.438281 0.046875 0.036719
1 0.138281 0.428906 0.043750 0.035937
1 0.160156 0.421875 0.009375 0.035156
1 0.139844 0.394531 0.039062 0.039844
1 0.164062 0.415625 0.008594 0.033594
1 0.167969 0.409375 0.008594 0.031250
1 0.171875 0.403125 0.007812 0.030469
1 0.175781 0.397656 0.008594 0.030469
1 0.144531 0.385937 0.037500 0.033594
1 0.148438 0.381250 0.038281 0.032031
1 0.156250 0.376563 0.031250 0.030469
2 0.089063 0.963281 0.025781 0.071094
2 0.485156 0.562500 0.041406 0.043750
2 0.844531 0.751563 0.172656 0.195312
2 0.737500 0.648438 0.130469 0.132031
2 0.530469 0.459375 0.059375 0.042969
2 0.557031 0.482812 0.064062 0.053125
2 0.590625 0.519531 0.070312 0.064844
2 0.434375 0.481250 0.025781 0.025781
2 0.463281 0.402344 0.042969 0.026562
2 0.475000 0.414844 0.045312 0.029687
2 0.526563 0.634375 0.051562 0.063281
1 0.789062 0.886719 0.091406 0.144531
1 0.459375 0.459375 0.010937 0.010937
1 0.452344 0.455469 0.010937 0.010156
1 0.454688 0.447656 0.008594 0.011719
1 0.444531 0.442969 0.010156 0.009375
2 0.629687 0.821875 0.071875 0.114062
2 0.561719 0.700781 0.060156 0.070312
2 0.692187 0.917969 0.103906 0.149219
2 0.739844 0.963281 0.071875 0.071094
2 0.496875 0.524219 0.045312 0.044531
1 0.700781 0.766406 0.063281 0.105469
1 0.673438 0.741406 0.057813 0.075781
1 0.639062 0.700781 0.032031 0.088281
1 0.677344 0.692969 0.056250 0.085156
1 0.547656 0.539844 0.035156 0.050000
1 0.546875 0.575781 0.035156 0.045312
1 0.525000 0.560937 0.010156 0.043750
1 0.514844 0.546094 0.009375 0.045312
1 0.530469 0.527344 0.021094 0.046875
1 0.510156 0.346875 0.032031 0.041406
1 0.500000 0.342187 0.029687 0.039844
1 0.474219 0.335938 0.007031 0.032031
1 0.481250 0.339062 0.007812 0.034375
1 0.492188 0.307031 0.029687 0.035937
1 0.483594 0.303906 0.027344 0.034375
1 0.477344 0.301563 0.027344 0.033594
1 0.470313 0.299219 0.025781 0.031250
1 0.467187 0.332031 0.007031 0.031250
1 0.460938 0.328906 0.006250 0.030469
1 0.454688 0.325000 0.005469 0.029687
1 0.448437 0.307812 0.017969 0.028906
1 0.446094 0.305469 0.021875 0.028125
1 0.440625 0.303125 0.020313 0.026562
1 0.432812 0.301563 0.013281 0.025781
1 0.431250 0.300000 0.017188 0.025781
1 0.428125 0.298438 0.017969 0.024219
1 0.425000 0.296094 0.018750 0.024219
1 0.453125 0.381250 0.022656 0.026562
1 0.447656 0.378906 0.021094 0.029687
1 0.435156 0.376563 0.004687 0.025000
1 0.442969 0.352344 0.021094 0.026562
1 0.431250 0.371875 0.004687 0.024219
1 0.427344 0.368750 0.003906 0.024219
1 0.423438 0.364844 0.003906 0.021875
1 0.419531 0.361719 0.003906 0.023438
1 0.435156 0.349219 0.014844 0.025781
1 0.433594 0.346094 0.018750 0.025000
1 0.430469 0.342969 0.019531 0.025000
2 0.662500 0.492969 0.020313 0.014063
2 0.998437 0.492188 0.002344 0.008594
2 0.960156 0.469531 0.078125 0.050000
2 0.592187 0.392969 0.024219 0.014844
2 0.650000 0.419531 0.033594 0.013281
2 0.675781 0.432031 0.035156 0.017969
2 0.700781 0.446875 0.038281 0.021094
2 0.743750 0.394531 0.048438 0.024219
2 0.777344 0.406250 0.056250 0.028906
2 0.821875 0.422656 0.059375 0.032031
2 0.792188 0.582031 0.042188 0.029687
2 0.685156 0.508594 0.025000 0.017969
2 0.585156 0.440625 0.012500 0.008594
2 0.651563 0.363281 0.036719 0.017969
2 0.671094 0.371094 0.039062 0.019531
2 0.721094 0.533594 0.031250 0.021875
1 0.949219 0.565625 0.057813 0.050781
1 0.612500 0.396094 0.017188 0.016406
2 0.850781 0.621875 0.052344 0.035937
2 0.907813 0.660937 0.061719 0.044531
2 0.969531 0.703906 0.060156 0.044531
2 0.880469 0.539844 0.069531 0.035156
1 0.817187 0.496875 0.032813 0.035937
1 0.799219 0.489844 0.031250 0.025781
1 0.777344 0.478906 0.020313 0.029687
1 0.803125 0.464844 0.032813 0.039062
1 0.764062 0.447656 0.029687 0.034375
1 0.761719 0.471875 0.028125 0.025781
1 0.741406 0.464062 0.014844 0.021875
1 0.728906 0.455469 0.015625 0.026562
1 0.750000 0.441406 0.027344 0.033594
1 0.633594 0.350781 0.019531 0.021875
1 0.628906 0.348438 0.010937 0.021875
1 0.610938 0.346094 0.004687 0.018750
1 0.618750 0.327344 0.017969 0.019531
1 0.605469 0.343750 0.007812 0.019531
1 0.598437 0.341406 0.007031 0.018750
1 0.592187 0.339844 0.007031 0.018750
1 0.585938 0.336719 0.006250 0.018750
1 0.609375 0.325781 0.013281 0.021094
1 0.604688 0.323437 0.017188 0.019531
1 0.597656 0.321875 0.016406 0.019531
1 0.638281 0.291406 0.020313 0.021094
1 0.632031 0.290625 0.008594 0.021094
1 0.621094 0.289062 0.016406 0.020313
1 0.611719 0.288281 0.013281 0.020313
1 0.606250 0.286719 0.016406 0.019531
1 0.599219 0.285938 0.014844 0.019531
1 0.592187 0.284375 0.014063 0.018750
1 0.725781 0.314844 0.027344 0.028125
1 0.712500 0.313281 0.025781 0.028125
1 0.683594 0.309375 0.012500 0.024219
1 0.694531 0.311719 0.013281 0.025000
1 0.703125 0.287500 0.025781 0.025000
1 0.691406 0.285938 0.024219 0.025000
1 0.680469 0.284375 0.023438 0.024219
1 0.669531 0.282031 0.021094 0.021094
1 0.672656 0.307812 0.011719 0.023438
1 0.653125 0.303125 0.010156 0.023438
