3 0.310156 0.443750 0.049219 0.129688
2 0.133594 0.698438 0.064844 0.088281
2 0.170313 0.460156 0.049219 0.042969
2 0.114844 0.568750 0.075781 0.064844
2 0.097656 0.621094 0.086719 0.082031
2 0.066406 0.686719 0.107031 0.089844
2 0.028125 0.640625 0.056250 0.093750
2 0.004687 0.689063 0.009375 0.036719
2 0.187500 0.522656 0.042969 0.046875
2 0.092969 0.459375 0.081250 0.042969
2 0.070312 0.502344 0.093750 0.069531
2 0.067969 0.895312 0.100000 0.157031
1 0.011719 0.807031 0.022656 0.092969
1 0.021094 0.854688 0.041406 0.101562
1 0.040625 0.800781 0.035156 0.082031
1 0.051562 0.758594 0.042969 0.075781
1 0.020313 0.759375 0.040625 0.084375
1 0.004687 0.446875 0.009375 0.037500
1 0.014063 0.420312 0.028125 0.068750
1 0.045312 0.388281 0.029687 0.059375
1 0.028906 0.403125 0.033594 0.064062
1 0.014844 0.353906 0.028906 0.066406
1 0.022656 0.340625 0.045312 0.060156
1 0.029687 0.328906 0.059375 0.057031
1 0.035937 0.317969 0.071875 0.054688
1 0.059375 0.374219 0.026562 0.055469
1 0.072656 0.361719 0.024219 0.051562
1 0.082812 0.350781 0.024219 0.050000
1 0.086719 0.315625 0.050781 0.046875
1 0.092188 0.306250 0.055469 0.042969
1 0.102344 0.300000 0.052344 0.040625
1 0.115625 0.292969 0.038281 0.038281
1 0.118750 0.286719 0.044531 0.036719
1 0.125000 0.282031 0.043750 0.035937
1 0.131250 0.277344 0.041406 0.034375
1 0.114062 0.421094 0.051562 0.046094
1 0.121875 0.408594 0.049219 0.040625
1 0.146094 0.398438 0.013281 0.039062
1 0.121094 0.369531 0.046875 0.045312
1 0.151562 0.388281 0.011719 0.035937
1 0.157031 0.379688 0.011719 0.035156
1 0.162500 0.371094 0.010937 0.033594
1 0.166406 0.363281 0.011719 0.032031
1 0.132812 0.358594 0.036719 0.038281
1 0.138281 0.350781 0.035156 0.035937
1 0.144531 0.342969 0.033594 0.034375
2 0.064062 0.985156 0.022656 0.028125
2 0.487500 0.553125 0.042188 0.046875
2 0.881250 0.910156 0.210156 0.178125
2 0.758594 0.796094 0.161719 0.219531
2 0.532031 0.465625 0.065625 0.058594
2 0.559375 0.503125 0.070312 0.075000
2 0.593750 0.563281 0.078906 0.095312
2 0.437500 0.447656 0.021094 0.028906
2 0.465625 0.378125 0.046875 0.035156
2 0.478125 0.396094 0.050000 0.039844
2 0.521094 0.648438 0.044531 0.071875
1 0.782031 0.992969 0.050000 0.011719
1 0.463281 0.431250 0.011719 0.011719
1 0.457031 0.426563 0.009375 0.011719
1 0.458594 0.417187 0.011719 0.014063
1 0.450000 0.409375 0.010937 0.010937
1 0.457031 0.413281 0.009375 0.010156
2 0.625781 0.898438 0.078125 0.144531
2 0.556250 0.732812 0.054688 0.088281
2 0.653125 0.964844 0.039844 0.068750
2 0.499219 0.521094 0.050781 0.055469
1 0.704688 0.889062 0.072656 0.125781
1 0.674219 0.845313 0.062500 0.089063
1 0.641406 0.786719 0.041406 0.101562
1 0.676562 0.801562 0.055469 0.098437
1 0.545312 0.561719 0.032813 0.055469
1 0.547656 0.596875 0.038281 0.051562
1 0.523438 0.576562 0.010156 0.049219
1 0.514062 0.555469 0.008594 0.050781
1 0.527344 0.542969 0.015625 0.051562
1 0.511719 0.334375 0.036719 0.051562
1 0.502344 0.325781 0.033594 0.048438
1 0.474219 0.312500 0.007031 0.039844
1 0.482031 0.320312 0.007031 0.040625
1 0.494531 0.282031 0.033594 0.044531
1 0.483594 0.276562 0.025781 0.043750
1 0.478906 0.271094 0.030469 0.040625
1 0.472656 0.266406 0.028906 0.039844
1 0.467969 0.306250 0.006250 0.038281
1 0.461719 0.300000 0.005469 0.035156
1 0.456250 0.292969 0.005469 0.035937
1 0.450000 0.268750 0.016406 0.034375
1 0.446875 0.264844 0.020313 0.033594
1 0.443750 0.260937 0.021875 0.032031
1 0.439844 0.257031 0.021875 0.031250
1 0.435937 0.253906 0.021875 0.029687
1 0.431250 0.250781 0.017969 0.028906
1 0.428906 0.246875 0.020313 0.028125
1 0.456250 0.349219 0.024219 0.030469
1 0.451562 0.344531 0.022656 0.034375
1 0.438281 0.341406 0.004687 0.028906
1 0.446094 0.314063 0.022656 0.032031
1 0.434375 0.334375 0.003906 0.026562
1 0.430469 0.328906 0.003906 0.026562
1 0.427344 0.324219 0.003906 0.025000
1 0.424219 0.318750 0.003906 0.025781
1 0.441406 0.310156 0.020313 0.029687
1 0.433594 0.305469 0.011719 0.028906
1 0.429688 0.300781 0.011719 0.028906
2 0.694531 0.463281 0.039844 0.034375
2 0.612500 0.350000 0.026562 0.020313
2 0.673438 0.391406 0.039844 0.025781
2 0.703125 0.409375 0.041406 0.032031
2 0.728906 0.430469 0.048438 0.034375
2 0.784375 0.376563 0.057813 0.034375
2 0.824219 0.396094 0.067969 0.041406
2 0.876563 0.424219 0.073438 0.048438
2 0.835156 0.586719 0.061719 0.061719
2 0.720313 0.485156 0.046094 0.039062
2 0.608594 0.394531 0.022656 0.023438
2 0.679688 0.326562 0.042188 0.021875
2 0.701562 0.337500 0.045312 0.025000
2 0.757812 0.519531 0.052344 0.046094
1 0.990625 0.606250 0.017188 0.048438
1 0.639844 0.359375 0.007812 0.025000
2 0.904687 0.642969 0.080469 0.075781
2 0.960938 0.698438 0.076563 0.092969
2 0.997656 0.743750 0.003906 0.014063
2 0.935937 0.572656 0.088281 0.061719
1 0.862500 0.509375 0.042969 0.050000
1 0.841406 0.498437 0.040625 0.039844
1 0.817187 0.482031 0.028125 0.045312
1 0.849219 0.467187 0.041406 0.046875
1 0.804688 0.440625 0.036719 0.041406
1 0.799219 0.469531 0.035156 0.035937
1 0.775781 0.458594 0.020313 0.034375
1 0.762500 0.446094 0.021094 0.039062
1 0.788281 0.430469 0.034375 0.040625
1 0.660156 0.308594 0.022656 0.026562
1 0.651563 0.304688 0.019531 0.025781
1 0.649219 0.280469 0.011719 0.025000
1 0.627344 0.297656 0.005469 0.021094
1 0.621094 0.294531 0.008594 0.021875
1 0.614062 0.291406 0.007812 0.021094
1 0.607812 0.286719 0.007812 0.021875
1 0.628125 0.278906 0.003906 0.015625
1 0.622656 0.277344 0.008594 0.017969
1 0.615625 0.273438 0.007812 0.017969
1 0.669531 0.232031 0.021094 0.004687
1 0.767969 0.281250 0.033594 0.035156
1 0.752344 0.277344 0.032031 0.034375
1 0.718750 0.270313 0.016406 0.029687
1 0.731250 0.274219 0.017188 0.030469
1 0.741406 0.253906 0.028906 0.016406
1 0.721094 0.250000 0.014844 0.016406
1 0.709375 0.246875 0.012500 0.015625
1 0.707031 0.266406 0.013281 0.028125
1 0.682813 0.266406 0.008594 0.010937
