3 0.302344 0.882031 0.312500 0.234375
2 0.964063 0.446094 0.053906 0.024219
2 0.964844 0.462500 0.050781 0.034375
2 0.971094 0.926562 0.057031 0.145313
2 0.966406 0.825781 0.066406 0.115625
2 0.971875 0.564844 0.055469 0.070312
2 0.974219 0.523438 0.050000 0.035937
2 0.978125 0.500781 0.042969 0.028906
2 0.993750 0.696875 0.011719 0.081250
2 0.923438 0.867188 0.020313 0.104688
1 0.935937 0.542188 0.003125 0.008594
1 0.934375 0.556250 0.003125 0.018750
1 0.946094 0.591406 0.025000 0.054688
1 0.944531 0.546875 0.006250 0.031250
1 0.955469 0.631250 0.010156 0.064062
1 0.946875 0.680469 0.010156 0.066406
1 0.970313 0.739062 0.046875 0.100781
1 0.964063 0.667969 0.024219 0.053125
2 0.913281 0.632031 0.004687 0.035156
2 0.913281 0.660156 0.004687 0.040625
2 0.919531 0.777344 0.014844 0.073438
2 0.917969 0.695312 0.013281 0.053906
2 0.444531 0.641406 0.058594 0.058594
2 0.628125 0.398438 0.035156 0.015625
2 0.613281 0.403125 0.035937 0.016406
2 0.515625 0.433594 0.049219 0.025781
2 0.539062 0.425781 0.047656 0.023438
2 0.566406 0.418750 0.039844 0.020313
2 0.204687 0.809375 0.095312 0.125000
2 0.392188 0.471875 0.067969 0.042969
2 0.431250 0.459375 0.063281 0.038281
2 0.519531 0.591406 0.048438 0.044531
1 0.625000 0.460156 0.022656 0.025781
1 0.339844 0.606250 0.018750 0.025000
1 0.325000 0.617969 0.019531 0.026562
1 0.304688 0.616406 0.019531 0.035937
1 0.262500 0.646875 0.021094 0.030469
1 0.284375 0.628906 0.019531 0.028906
2 0.590625 0.544531 0.039844 0.024219
2 0.553125 0.571875 0.044531 0.030469
2 0.614844 0.532031 0.022656 0.021875
2 0.629687 0.521094 0.021094 0.020313
2 0.483594 0.540625 0.054688 0.043750
1 0.614062 0.468750 0.007031 0.025781
1 0.602344 0.473438 0.016406 0.025781
1 0.592187 0.474219 0.023438 0.030469
1 0.600000 0.448437 0.023438 0.029687
1 0.536719 0.475000 0.025781 0.036719
1 0.543750 0.505469 0.010156 0.031250
1 0.533594 0.510938 0.010937 0.032031
1 0.514062 0.513281 0.027344 0.039844
1 0.526563 0.479687 0.025781 0.039062
1 0.492969 0.343750 0.026562 0.035156
1 0.484375 0.344531 0.014844 0.036719
1 0.452344 0.346875 0.017969 0.039062
1 0.468750 0.346094 0.016406 0.036719
1 0.468750 0.307812 0.016406 0.038281
1 0.451562 0.307031 0.017969 0.039062
1 0.432812 0.307031 0.019531 0.041406
1 0.405469 0.306250 0.037500 0.042969
1 0.434375 0.348438 0.019531 0.040625
1 0.414844 0.349219 0.021094 0.041406
1 0.387500 0.350000 0.035937 0.044531
1 0.334375 0.334375 0.030469 0.050000
1 0.305469 0.334375 0.033594 0.053125
1 0.273438 0.335938 0.037500 0.055469
1 0.237500 0.336719 0.042969 0.058594
1 0.197656 0.338281 0.047656 0.063281
1 0.153125 0.339062 0.054688 0.066406
1 0.102344 0.340625 0.063281 0.071094
1 0.335156 0.472656 0.040625 0.058594
1 0.313281 0.480469 0.032031 0.061719
1 0.284375 0.492969 0.035156 0.055469
1 0.275000 0.440625 0.046094 0.061719
1 0.250781 0.501563 0.039062 0.059375
1 0.214062 0.511719 0.043750 0.063281
1 0.173437 0.524219 0.049219 0.066406
1 0.127344 0.528906 0.057031 0.086719
1 0.242188 0.446875 0.047656 0.065625
1 0.205469 0.453906 0.050781 0.071094
1 0.164844 0.461719 0.053906 0.075781
2 0.323437 0.524219 0.029687 0.010156
2 0.484375 0.378125 0.020313 0.005469
2 0.464844 0.380469 0.027344 0.006250
2 0.360156 0.456250 0.007031 0.010156
2 0.371875 0.392188 0.031250 0.010156
2 0.399219 0.390625 0.021875 0.009375
2 0.421875 0.387500 0.022656 0.008594
2 0.428906 0.488281 0.021094 0.007031
2 0.351562 0.514844 0.026562 0.009375
2 0.164062 0.580469 0.046875 0.016406
2 0.276562 0.404687 0.033594 0.014844
2 0.303125 0.401562 0.036719 0.016406
2 0.388281 0.503125 0.017969 0.007031
1 0.467969 0.423438 0.015625 0.018750
2 0.453125 0.479687 0.019531 0.007031
2 0.471094 0.473438 0.016406 0.006250
2 0.487500 0.467969 0.014844 0.005469
2 0.446875 0.433594 0.028125 0.010937
1 0.426563 0.432031 0.008594 0.020313
1 0.414844 0.435937 0.014844 0.019531
1 0.407813 0.436719 0.012500 0.021875
1 0.414062 0.417969 0.016406 0.020313
1 0.392969 0.421875 0.016406 0.021094
1 0.396875 0.441406 0.009375 0.019531
1 0.387500 0.443750 0.010156 0.020313
1 0.378906 0.443750 0.008594 0.023438
1 0.382812 0.423438 0.017188 0.023438
1 0.236719 0.402344 0.021875 0.026562
1 0.221094 0.404687 0.019531 0.028125
1 0.203906 0.408594 0.021094 0.025781
1 0.202344 0.392969 0.018750 0.007031
1 0.185156 0.410938 0.021875 0.026562
1 0.164844 0.413281 0.022656 0.028125
1 0.143750 0.416406 0.024219 0.029687
1 0.121875 0.417187 0.026562 0.034375
1 0.182812 0.394531 0.019531 0.008594
1 0.162500 0.396875 0.020313 0.008594
1 0.141406 0.398438 0.021875 0.008594
1 0.353125 0.334375 0.008594 0.020313
1 0.325000 0.305469 0.013281 0.006250
1 0.311719 0.304688 0.013281 0.007031
1 0.297656 0.304688 0.013281 0.007031
1 0.281250 0.303906 0.020313 0.007031
2 0.764062 0.571875 0.051562 0.039844
2 0.547656 0.456250 0.025781 0.011719
