3 0.370312 0.972656 0.074219 0.053125
2 0.960156 0.457031 0.035156 0.034375
2 0.964063 0.489063 0.040625 0.054688
2 0.910156 0.989062 0.028906 0.020313
2 0.920312 0.932813 0.053906 0.132031
2 0.964844 0.692187 0.069531 0.117969
2 0.970313 0.621875 0.058594 0.075781
2 0.975000 0.576562 0.041406 0.066406
2 0.977344 0.935937 0.044531 0.125781
2 0.882812 0.908594 0.022656 0.104688
1 0.932813 0.553906 0.011719 0.032031
1 0.927344 0.577344 0.013281 0.030469
1 0.932813 0.585156 0.014844 0.018750
1 0.930469 0.621094 0.019531 0.054688
1 0.935156 0.571094 0.009375 0.045312
1 0.935156 0.726562 0.011719 0.035937
1 0.921875 0.750781 0.014063 0.064062
1 0.928906 0.780469 0.028906 0.065625
1 0.929688 0.825781 0.030469 0.099219
1 0.964063 0.749219 0.070312 0.070312
2 0.900000 0.627344 0.010156 0.041406
2 0.895312 0.661719 0.007031 0.046094
2 0.887500 0.808594 0.016406 0.084375
2 0.896094 0.707031 0.012500 0.060937
2 0.446875 0.639844 0.057031 0.070312
2 0.632031 0.353906 0.038281 0.025000
2 0.617969 0.364063 0.035156 0.026562
2 0.516406 0.425781 0.050000 0.042969
2 0.539844 0.409375 0.050000 0.036719
2 0.568750 0.396094 0.041406 0.032031
2 0.228125 0.848437 0.089063 0.139844
2 0.391406 0.506250 0.068750 0.069531
2 0.431250 0.481250 0.064062 0.060156
2 0.518750 0.574219 0.047656 0.053906
1 0.626563 0.417187 0.023438 0.030469
1 0.344531 0.636719 0.018750 0.029687
1 0.331250 0.655469 0.019531 0.032031
1 0.311719 0.655469 0.019531 0.041406
1 0.272656 0.696094 0.021094 0.036719
1 0.292187 0.671875 0.020313 0.034375
2 0.589844 0.510156 0.039062 0.029687
2 0.552344 0.546875 0.043750 0.036719
2 0.613281 0.493750 0.024219 0.028125
2 0.628906 0.478125 0.022656 0.025000
2 0.483594 0.539062 0.053906 0.058594
1 0.614844 0.432031 0.008594 0.028906
1 0.600781 0.438281 0.021875 0.029687
1 0.592187 0.440625 0.024219 0.035156
1 0.601562 0.414062 0.024219 0.031250
1 0.539844 0.460938 0.021094 0.039062
1 0.543750 0.490625 0.010937 0.033594
1 0.533594 0.499219 0.010937 0.033594
1 0.514062 0.503125 0.028125 0.045312
1 0.526563 0.468750 0.025781 0.041406
1 0.491406 0.343750 0.030469 0.046875
1 0.483594 0.350781 0.015625 0.048438
1 0.450000 0.367969 0.018750 0.044531
1 0.467969 0.360938 0.016406 0.043750
1 0.457813 0.318750 0.035156 0.049219
1 0.439844 0.324219 0.037500 0.051562
1 0.420312 0.330469 0.039062 0.054688
1 0.400000 0.335938 0.041406 0.057031
1 0.431250 0.375000 0.020313 0.046094
1 0.411719 0.382812 0.022656 0.049219
1 0.382031 0.385937 0.039844 0.061719
1 0.321094 0.389062 0.047656 0.069531
1 0.290625 0.400000 0.050781 0.074219
1 0.258594 0.411719 0.053125 0.078906
1 0.223438 0.424219 0.057031 0.083594
1 0.183594 0.438281 0.060156 0.090625
1 0.139063 0.453125 0.064062 0.096875
1 0.088281 0.471094 0.072656 0.104688
1 0.334375 0.521875 0.043750 0.073438
1 0.311719 0.536719 0.036719 0.078125
1 0.284375 0.564844 0.036719 0.059375
1 0.271875 0.510938 0.049219 0.080469
1 0.252344 0.584375 0.041406 0.063281
1 0.217188 0.605469 0.046094 0.067969
1 0.177344 0.628906 0.052344 0.070312
1 0.132812 0.639062 0.060937 0.107031
1 0.239063 0.527344 0.052344 0.085938
1 0.203125 0.546094 0.055469 0.093750
1 0.163281 0.565625 0.059375 0.100000
2 0.317969 0.473438 0.038281 0.031250
2 0.483594 0.304688 0.019531 0.014844
2 0.350781 0.401562 0.010156 0.008594
2 0.365625 0.338281 0.032031 0.021094
2 0.376563 0.329688 0.008594 0.007031
2 0.422656 0.425000 0.029687 0.020313
2 0.344531 0.460156 0.034375 0.029687
2 0.267188 0.364844 0.035156 0.020313
2 0.294531 0.356250 0.037500 0.017969
2 0.382812 0.446094 0.025000 0.024219
2 0.446875 0.414062 0.028125 0.017969
2 0.467969 0.405469 0.020313 0.016406
2 0.483594 0.396875 0.019531 0.014844
1 0.226562 0.368750 0.024219 0.029687
1 0.210156 0.373437 0.022656 0.031250
1 0.192188 0.382031 0.022656 0.025000
1 0.185938 0.355469 0.026562 0.035937
1 0.173437 0.386719 0.023438 0.025781
1 0.153125 0.392969 0.025000 0.025781
1 0.132031 0.398438 0.025781 0.026562
1 0.109375 0.400781 0.028906 0.035937
1 0.167187 0.359375 0.027344 0.038281
1 0.146875 0.364063 0.028906 0.038281
1 0.125000 0.369531 0.029687 0.040625
1 0.214062 0.291406 0.026562 0.033594
1 0.195312 0.294531 0.026562 0.034375
1 0.176563 0.298438 0.027344 0.035156
1 0.156250 0.301563 0.028906 0.035937
1 0.134375 0.305469 0.029687 0.038281
1 0.112500 0.308594 0.030469 0.039062
1 0.088281 0.311719 0.032031 0.040625
1 0.339062 0.281250 0.014063 0.026562
1 0.328906 0.283594 0.014844 0.026562
1 0.302344 0.289844 0.016406 0.025781
1 0.316406 0.287500 0.015625 0.025000
1 0.310937 0.261719 0.021094 0.028125
1 0.296875 0.264062 0.022656 0.028125
1 0.282031 0.266406 0.023438 0.028906
1 0.267188 0.267969 0.024219 0.030469
1 0.288281 0.292969 0.017188 0.025781
1 0.273438 0.294531 0.017969 0.026562
1 0.255469 0.295312 0.024219 0.031250
2 0.760156 0.555469 0.050000 0.049219
2 0.546875 0.388281 0.024219 0.010156
