3 0.273438 0.518750 0.052344 0.133594
2 0.045312 0.771094 0.090625 0.104688
2 0.092969 0.534375 0.063281 0.035937
2 0.043750 0.599219 0.075781 0.043750
2 0.036719 0.635938 0.072656 0.058594
2 0.025781 0.688281 0.051562 0.075781
2 0.004687 0.525000 0.008594 0.033594
2 0.106250 0.615625 0.055469 0.046875
2 0.038281 0.465625 0.076563 0.031250
2 0.030469 0.480469 0.060937 0.039844
2 0.016406 0.935937 0.032813 0.125000
1 0.007031 0.318750 0.014063 0.059375
1 0.000781 0.342187 0.001563 0.011719
1 0.003125 0.266406 0.006250 0.048438
1 0.009375 0.264844 0.018750 0.060937
1 0.021094 0.271094 0.017969 0.057031
1 0.017188 0.321875 0.019531 0.056250
1 0.028125 0.323437 0.017188 0.053125
1 0.038281 0.325781 0.014844 0.050781
1 0.042188 0.310937 0.025781 0.046094
1 0.064062 0.314063 0.010937 0.041406
1 0.069531 0.316406 0.010156 0.039844
1 0.075781 0.317969 0.009375 0.038281
1 0.081250 0.319531 0.008594 0.035937
1 0.086719 0.321094 0.008594 0.035156
1 0.091406 0.323437 0.007812 0.033594
1 0.042969 0.436719 0.053125 0.034375
1 0.055469 0.437500 0.057031 0.039844
1 0.085156 0.434375 0.009375 0.039062
1 0.057031 0.398438 0.056250 0.040625
1 0.089844 0.431250 0.008594 0.035937
1 0.094531 0.428125 0.008594 0.035937
1 0.099219 0.425781 0.007812 0.034375
1 0.103125 0.422656 0.007031 0.032031
1 0.065625 0.395313 0.049219 0.036719
1 0.071875 0.393750 0.045312 0.034375
1 0.083594 0.392969 0.030469 0.033594
2 0.475781 0.589063 0.046094 0.039062
2 0.929688 0.544531 0.139844 0.091406
2 0.810156 0.511719 0.138281 0.071875
2 0.535156 0.443750 0.063281 0.026562
2 0.570312 0.453125 0.069531 0.031250
2 0.617188 0.466406 0.077344 0.039062
2 0.408594 0.530469 0.033594 0.024219
2 0.447656 0.422656 0.046875 0.017969
2 0.464844 0.427344 0.050000 0.019531
2 0.533594 0.642188 0.060156 0.056250
1 0.901563 0.752344 0.115625 0.138281
1 0.439844 0.492188 0.011719 0.010156
1 0.431250 0.490625 0.011719 0.010156
1 0.432812 0.482812 0.011719 0.010156
1 0.421094 0.482031 0.011719 0.009375
1 0.428906 0.484375 0.010156 0.007031
2 0.688281 0.782031 0.096875 0.110156
2 0.585156 0.691406 0.071094 0.064844
2 0.771875 0.856250 0.121094 0.150000
2 0.889062 0.925781 0.157031 0.146875
2 0.492188 0.532813 0.046094 0.034375
1 0.771875 0.674219 0.063281 0.100781
1 0.733594 0.661719 0.057813 0.075000
1 0.691406 0.634375 0.035156 0.083594
1 0.738281 0.599219 0.059375 0.086719
1 0.560937 0.517969 0.036719 0.050781
1 0.560156 0.559375 0.036719 0.046094
1 0.534375 0.550781 0.014063 0.043750
1 0.521094 0.540625 0.013281 0.045312
1 0.545312 0.510938 0.035156 0.048438
1 0.509375 0.334375 0.032813 0.035937
1 0.487500 0.335938 0.013281 0.035156
1 0.466406 0.338281 0.009375 0.031250
1 0.475781 0.336719 0.010156 0.033594
1 0.485156 0.303125 0.028906 0.034375
1 0.465625 0.305469 0.008594 0.033594
1 0.456250 0.307812 0.008594 0.032031
1 0.448437 0.309375 0.007812 0.031250
1 0.457031 0.338281 0.008594 0.030469
1 0.448437 0.339062 0.007812 0.028906
1 0.443750 0.339844 0.013281 0.029687
1 0.432031 0.330469 0.023438 0.026562
1 0.417187 0.331250 0.006250 0.025781
1 0.410938 0.332031 0.005469 0.025000
1 0.405469 0.332813 0.005469 0.025000
1 0.400000 0.333594 0.005469 0.023438
1 0.395313 0.334375 0.004687 0.023438
1 0.390625 0.335156 0.004687 0.021875
1 0.434375 0.409375 0.024219 0.026562
1 0.425000 0.408594 0.019531 0.026562
1 0.412500 0.408594 0.005469 0.024219
1 0.421094 0.383594 0.022656 0.025000
1 0.407031 0.406250 0.005469 0.024219
1 0.401562 0.405469 0.005469 0.021875
1 0.396875 0.404687 0.005469 0.021875
1 0.392188 0.403125 0.004687 0.021875
1 0.406250 0.382812 0.005469 0.023438
1 0.407031 0.382031 0.017188 0.023438
1 0.402344 0.381250 0.017969 0.021875
2 0.642969 0.516406 0.035156 0.017969
2 0.974219 0.438281 0.050000 0.024219
2 0.917969 0.432031 0.071875 0.023438
2 0.660156 0.465625 0.007812 0.004687
2 0.673438 0.473438 0.035156 0.015625
2 0.710938 0.413281 0.041406 0.014844
2 0.744531 0.416406 0.049219 0.015625
2 0.786719 0.421094 0.051562 0.016406
2 0.777344 0.568750 0.047656 0.033594
2 0.669531 0.526563 0.038281 0.021875
2 0.561719 0.486719 0.027344 0.013281
2 0.617969 0.403906 0.030469 0.010937
2 0.639844 0.406250 0.035156 0.011719
2 0.706250 0.542188 0.042969 0.026562
1 0.909375 0.539844 0.036719 0.009375
2 0.836719 0.590625 0.059375 0.039844
2 0.892969 0.610938 0.066406 0.046094
2 0.958594 0.635938 0.075781 0.054688
2 0.829688 0.519531 0.022656 0.005469
1 0.787500 0.492969 0.026562 0.030469
1 0.766406 0.491406 0.014844 0.028125
1 0.750000 0.484375 0.017969 0.025781
1 0.772656 0.463281 0.025781 0.028906
1 0.735156 0.457813 0.024219 0.028906
1 0.733594 0.482812 0.024219 0.026562
1 0.714844 0.479687 0.014844 0.024219
1 0.701562 0.475000 0.014063 0.028125
1 0.720313 0.455469 0.021875 0.028125
1 0.600781 0.396094 0.017188 0.019531
1 0.591406 0.395313 0.014063 0.018750
1 0.580469 0.394531 0.007031 0.017969
1 0.585156 0.377344 0.016406 0.017969
1 0.572656 0.394531 0.007031 0.016406
1 0.565625 0.393750 0.007031 0.016406
1 0.558594 0.392969 0.006250 0.016406
1 0.552344 0.391406 0.006250 0.016406
1 0.573438 0.376563 0.007031 0.016406
1 0.567187 0.375781 0.009375 0.016406
1 0.563281 0.375781 0.015625 0.016406
1 0.603125 0.339062 0.017969 0.018750
1 0.589844 0.339844 0.008594 0.018750
1 0.582031 0.340625 0.007812 0.017969
1 0.574219 0.340625 0.007031 0.017969
1 0.567187 0.340625 0.007031 0.016406
1 0.560156 0.341406 0.007031 0.017969
1 0.553906 0.341406 0.006250 0.016406
1 0.689844 0.340625 0.021875 0.016406
1 0.672656 0.341406 0.012500 0.016406
1 0.646875 0.342969 0.004687 0.014844
1 0.662500 0.342187 0.007812 0.015625
1 0.667969 0.321875 0.016406 0.021875
1 0.647656 0.323437 0.005469 0.021094
1 0.639844 0.324219 0.010937 0.021094
1 0.629687 0.325000 0.010156 0.020313
1 0.639062 0.342969 0.010156 0.014844
1 0.628906 0.343750 0.010156 0.014844
1 0.619531 0.343750 0.009375 0.014844
