3 0.023438 0.798438 0.046094 0.148438
2 0.427344 0.613281 0.071875 0.078125
2 0.956250 0.477344 0.086719 0.088281
2 0.560156 0.410938 0.076563 0.074219
2 0.634375 0.423438 0.089844 0.075000
2 0.735938 0.444531 0.110937 0.074219
2 0.242969 0.545312 0.072656 0.059375
2 0.342969 0.376563 0.085156 0.057031
2 0.392969 0.385937 0.084375 0.060937
2 0.557031 0.664062 0.071094 0.095312
1 0.996094 0.671094 0.007031 0.038281
1 0.321094 0.480469 0.021094 0.023438
1 0.302344 0.482031 0.021094 0.025000
1 0.297656 0.467969 0.021875 0.029687
1 0.266406 0.467969 0.021875 0.023438
1 0.285938 0.466406 0.021094 0.021875
2 0.805469 0.753125 0.112500 0.125781
2 0.653125 0.698438 0.077344 0.106250
2 0.910156 0.802344 0.116406 0.108594
2 0.973437 0.822656 0.052344 0.099219
2 0.477344 0.539844 0.065625 0.085156
1 0.937500 0.645312 0.066406 0.103906
1 0.885938 0.628125 0.069531 0.110156
1 0.837500 0.616406 0.073438 0.105469
1 0.896094 0.577344 0.089844 0.108594
1 0.614844 0.510156 0.036719 0.085156
1 0.610938 0.572656 0.035156 0.053125
1 0.580469 0.564063 0.032031 0.051562
1 0.551562 0.540625 0.032031 0.082031
1 0.584375 0.503125 0.036719 0.083594
1 0.503125 0.236719 0.045312 0.071094
1 0.470313 0.234375 0.046094 0.069531
1 0.403906 0.234375 0.032031 0.060937
1 0.432812 0.235937 0.032031 0.063281
1 0.439063 0.171094 0.050781 0.066406
1 0.400000 0.171094 0.033594 0.065625
1 0.371094 0.171094 0.032813 0.064062
1 0.342969 0.171094 0.032031 0.061719
1 0.375781 0.232031 0.031250 0.059375
1 0.348438 0.231250 0.030469 0.058594
1 0.323437 0.228125 0.031250 0.060937
1 0.278906 0.203125 0.059375 0.058594
1 0.248438 0.202344 0.044531 0.056250
1 0.222656 0.201563 0.036719 0.054688
1 0.210156 0.200781 0.053125 0.054688
1 0.188281 0.200000 0.047656 0.053906
1 0.164844 0.199219 0.039062 0.051562
1 0.142187 0.198437 0.030469 0.050781
1 0.296875 0.350781 0.052344 0.060937
1 0.271875 0.346875 0.043750 0.060937
1 0.242969 0.350781 0.027344 0.046875
1 0.250000 0.300781 0.055469 0.058594
1 0.223438 0.346875 0.026562 0.046094
1 0.205469 0.343750 0.025781 0.045312
1 0.187500 0.340625 0.025781 0.044531
1 0.169531 0.334375 0.025000 0.049219
1 0.226562 0.297656 0.049219 0.056250
1 0.207813 0.295312 0.050000 0.055469
1 0.189844 0.292969 0.049219 0.054688
2 0.528906 0.388281 0.016406 0.016406
2 0.821094 0.278906 0.057031 0.010937
2 0.775000 0.275781 0.051562 0.010156
2 0.414062 0.321094 0.035156 0.018750
2 0.496094 0.333594 0.030469 0.021094
2 0.534375 0.336719 0.025781 0.021094
2 0.560937 0.341406 0.030469 0.024219
2 0.603125 0.264062 0.029687 0.005469
2 0.635156 0.266406 0.035156 0.005469
2 0.675000 0.269531 0.038281 0.004687
2 0.678906 0.414844 0.005469 0.016406
2 0.558594 0.392969 0.005469 0.007031
2 0.428906 0.371875 0.012500 0.013281
2 0.582812 0.396875 0.002344 0.006250
1 0.765625 0.359375 0.030469 0.035937
1 0.445312 0.319531 0.021875 0.026562
2 0.792188 0.433594 0.041406 0.024219
2 0.720313 0.360156 0.042969 0.025781
1 0.674219 0.346875 0.017969 0.033594
1 0.658594 0.345313 0.017188 0.033594
1 0.643750 0.342969 0.016406 0.032031
1 0.660937 0.324219 0.017969 0.025000
1 0.625781 0.321094 0.015625 0.023438
1 0.624219 0.344531 0.015625 0.025781
1 0.610156 0.342969 0.014844 0.025000
1 0.596875 0.338281 0.014844 0.031250
1 0.611719 0.319531 0.014844 0.024219
1 0.469531 0.179688 0.010156 0.025781
1 0.578125 0.192969 0.014844 0.028125
1 0.563281 0.192188 0.014844 0.028906
1 0.535156 0.192188 0.013281 0.026562
1 0.548438 0.192188 0.014063 0.026562
1 0.550781 0.164844 0.017969 0.028125
1 0.535156 0.164062 0.014063 0.026562
1 0.525781 0.164062 0.003906 0.026562
1 0.507031 0.164062 0.011719 0.026562
1 0.525781 0.191406 0.003906 0.025781
1 0.507031 0.189844 0.010937 0.021875
1 0.494531 0.189062 0.012500 0.024219
