2 0.465625 0.626563 0.060156 0.069531
2 0.945312 0.607812 0.107813 0.114062
2 0.317188 0.475781 0.053906 0.043750
2 0.418750 0.531250 0.061719 0.058594
2 0.462500 0.548438 0.064062 0.064062
2 0.508594 0.575000 0.063281 0.075781
2 0.575000 0.481250 0.070312 0.071094
2 0.634375 0.501563 0.081250 0.078125
2 0.717969 0.534375 0.088281 0.081250
2 0.689063 0.765625 0.073438 0.114844
2 0.507812 0.651563 0.062500 0.078125
2 0.328125 0.543750 0.052344 0.048438
2 0.407813 0.427344 0.064844 0.050781
2 0.444531 0.440625 0.066406 0.055469
2 0.568750 0.692969 0.066406 0.089844
1 0.934375 0.767188 0.089063 0.125000
1 0.351562 0.486719 0.032031 0.050000
2 0.789062 0.825781 0.091406 0.133594
2 0.885938 0.888281 0.109375 0.140625
2 0.963281 0.930469 0.071875 0.136719
2 0.818750 0.717969 0.103125 0.121094
1 0.710156 0.653906 0.038281 0.089844
1 0.678125 0.646875 0.035156 0.071094
1 0.650781 0.625781 0.036719 0.084375
1 0.684375 0.603125 0.038281 0.079687
1 0.617969 0.573438 0.035937 0.071094
1 0.615625 0.614062 0.035937 0.068750
1 0.585938 0.610938 0.026562 0.048438
1 0.563281 0.585938 0.025781 0.073438
1 0.592187 0.562500 0.033594 0.069531
1 0.375000 0.401562 0.036719 0.050000
1 0.357031 0.396875 0.030469 0.049219
1 0.335938 0.396875 0.016406 0.036719
1 0.342969 0.359375 0.037500 0.046094
1 0.323437 0.392969 0.016406 0.035937
1 0.310156 0.388281 0.015625 0.034375
1 0.297656 0.383594 0.014844 0.034375
1 0.285938 0.378125 0.014844 0.039062
1 0.328125 0.355469 0.033594 0.045312
1 0.314844 0.351562 0.034375 0.044531
1 0.302344 0.348438 0.032813 0.042969
1 0.367188 0.292187 0.039844 0.046875
1 0.346875 0.289062 0.029687 0.046094
1 0.335156 0.286719 0.035937 0.045312
1 0.321094 0.284375 0.035156 0.044531
1 0.307812 0.282031 0.035156 0.043750
1 0.295312 0.280469 0.035156 0.041406
1 0.282813 0.278125 0.033594 0.040625
1 0.531250 0.338281 0.039062 0.061719
1 0.507031 0.333594 0.038281 0.060156
1 0.454688 0.330469 0.021875 0.046875
1 0.475781 0.333594 0.021875 0.049219
1 0.483594 0.284375 0.039844 0.055469
1 0.461719 0.281250 0.038281 0.053906
1 0.440625 0.278906 0.037500 0.053125
1 0.421094 0.276562 0.037500 0.050781
1 0.434375 0.325781 0.021094 0.046094
1 0.414844 0.321875 0.019531 0.044531
1 0.396875 0.314844 0.019531 0.050000
