2 0.989844 0.956250 0.018750 0.066406
2 0.873437 0.378125 0.060156 0.024219
2 0.891406 0.395313 0.067969 0.035156
2 0.986719 0.734375 0.025781 0.063281
2 0.977344 0.518750 0.044531 0.060937
2 0.963281 0.478906 0.071875 0.050781
2 0.953906 0.446094 0.090625 0.039062
2 0.950781 0.774219 0.097656 0.118750
1 0.857031 0.458594 0.023438 0.036719
1 0.857812 0.482031 0.013281 0.038281
1 0.880469 0.492969 0.046094 0.039062
1 0.889062 0.507812 0.049219 0.050781
1 0.886719 0.465625 0.046094 0.046875
1 0.961719 0.564063 0.059375 0.059375
1 0.933594 0.604688 0.023438 0.059375
1 0.947656 0.627344 0.026562 0.064062
1 0.974219 0.656250 0.050781 0.075781
1 0.972656 0.587500 0.053906 0.069531
2 0.828125 0.531250 0.019531 0.033594
2 0.839844 0.558594 0.021875 0.039062
2 0.913281 0.683594 0.085156 0.088281
2 0.871094 0.595313 0.061719 0.055469
2 0.453125 0.689844 0.064062 0.085156
2 0.575781 0.342969 0.032031 0.019531
2 0.567187 0.351562 0.035156 0.021094
2 0.502344 0.414062 0.060156 0.039844
2 0.519531 0.394531 0.050781 0.030469
2 0.539844 0.382031 0.036719 0.028906
2 0.403906 0.521875 0.096094 0.082031
2 0.439063 0.484375 0.085156 0.066406
2 0.508594 0.589844 0.049219 0.053906
1 0.578125 0.407031 0.014844 0.029687
1 0.348438 0.725781 0.031250 0.042969
1 0.336719 0.758594 0.033594 0.048438
1 0.307031 0.771094 0.035937 0.063281
1 0.257812 0.862500 0.042188 0.064062
1 0.280469 0.808594 0.038281 0.054688
2 0.556250 0.503906 0.030469 0.031250
2 0.532813 0.548438 0.038281 0.040625
2 0.571875 0.484375 0.016406 0.028125
2 0.580469 0.467969 0.014844 0.024219
2 0.482812 0.551562 0.064062 0.060937
1 0.571875 0.421094 0.003906 0.028125
1 0.559375 0.428125 0.021094 0.028125
1 0.554688 0.432031 0.023438 0.032031
1 0.559375 0.403125 0.022656 0.029687
1 0.525781 0.455469 0.015625 0.039844
1 0.529687 0.485938 0.007031 0.038281
1 0.523438 0.496094 0.007031 0.039062
1 0.503906 0.503125 0.032031 0.046875
1 0.511719 0.464062 0.030469 0.043750
1 0.493750 0.315625 0.022656 0.049219
1 0.488281 0.321094 0.011719 0.050781
1 0.462500 0.333594 0.014844 0.056250
1 0.476562 0.327344 0.013281 0.053125
1 0.460156 0.278125 0.046094 0.053125
1 0.446875 0.281250 0.045312 0.057031
1 0.428906 0.285156 0.050781 0.060937
1 0.411719 0.289062 0.052344 0.065625
1 0.446875 0.340625 0.017188 0.059375
1 0.429688 0.349219 0.020313 0.064844
1 0.389844 0.355469 0.062500 0.074219
1 0.322656 0.354687 0.081250 0.092969
1 0.283594 0.367969 0.092188 0.103906
1 0.237500 0.384375 0.105469 0.116406
1 0.178906 0.404687 0.125781 0.135156
1 0.102344 0.431250 0.152344 0.159375
1 0.049219 0.464062 0.097656 0.188281
1 0.339844 0.555469 0.071875 0.101562
1 0.323437 0.585156 0.046094 0.114844
1 0.289062 0.632031 0.050000 0.107031
1 0.257812 0.551562 0.096094 0.126562
1 0.242188 0.678125 0.064062 0.123438
1 0.183594 0.735938 0.081250 0.142969
1 0.108594 0.809375 0.108594 0.168750
1 0.041406 0.866406 0.082812 0.236719
1 0.207813 0.589844 0.111719 0.146094
1 0.143750 0.637500 0.132031 0.173437
1 0.071094 0.698438 0.142187 0.208594
2 0.340625 0.461719 0.038281 0.025000
2 0.290625 0.491406 0.042969 0.026562
2 0.366406 0.446094 0.033594 0.021094
2 0.389844 0.430469 0.022656 0.010937
2 0.407031 0.423438 0.017969 0.016406
1 0.026562 0.296875 0.053125 0.048438
1 0.009375 0.300781 0.017969 0.046875
1 0.228906 0.287500 0.030469 0.032031
1 0.216406 0.290625 0.022656 0.034375
1 0.177344 0.296094 0.025781 0.035156
1 0.197656 0.293750 0.024219 0.033594
1 0.188281 0.260937 0.033594 0.034375
1 0.164844 0.261719 0.040625 0.035156
1 0.144531 0.263281 0.038281 0.038281
1 0.117969 0.264844 0.046094 0.039062
1 0.155469 0.299219 0.028125 0.036719
1 0.132031 0.302344 0.031250 0.038281
1 0.100000 0.304688 0.047656 0.042969
2 0.717187 0.502344 0.049219 0.030469
2 0.475000 0.402344 0.025000 0.014063
