3 0.151562 0.564844 0.116406 0.209375
2 0.453906 0.580469 0.057031 0.063281
2 0.993750 0.578125 0.011719 0.025781
2 0.927344 0.588281 0.143750 0.135156
2 0.548438 0.439063 0.072656 0.063281
2 0.602344 0.460156 0.082812 0.070312
2 0.675781 0.493750 0.086719 0.078125
2 0.339844 0.496875 0.046875 0.041406
2 0.403906 0.385156 0.062500 0.042969
2 0.433594 0.397656 0.064844 0.046875
2 0.544531 0.650781 0.066406 0.084375
1 0.968750 0.796094 0.060937 0.130469
1 0.391406 0.459375 0.010156 0.017969
1 0.375000 0.458594 0.011719 0.016406
1 0.373437 0.446094 0.010156 0.018750
1 0.356250 0.442969 0.014844 0.015625
1 0.368750 0.444531 0.014844 0.015625
2 0.746094 0.799219 0.087500 0.139063
2 0.617188 0.704688 0.074219 0.100000
2 0.842187 0.867969 0.110156 0.164844
2 0.944531 0.925781 0.110156 0.146094
2 0.489844 0.529687 0.064062 0.066406
1 0.861719 0.725000 0.061719 0.113281
1 0.814844 0.696875 0.053906 0.111719
1 0.774219 0.674219 0.048438 0.105469
1 0.828125 0.652344 0.057813 0.106250
1 0.587500 0.530469 0.039062 0.070312
1 0.585156 0.573438 0.038281 0.063281
1 0.556250 0.566406 0.022656 0.049219
1 0.535156 0.543750 0.021875 0.068750
1 0.563281 0.518750 0.035156 0.067969
1 0.507031 0.297656 0.040625 0.056250
1 0.485938 0.293750 0.038281 0.054688
1 0.439063 0.289062 0.017969 0.045312
1 0.457031 0.292969 0.019531 0.046875
1 0.466406 0.246094 0.039844 0.050000
1 0.446094 0.243750 0.036719 0.049219
1 0.430469 0.242188 0.038281 0.046875
1 0.412500 0.240625 0.035156 0.045312
1 0.421875 0.285938 0.017969 0.044531
1 0.406250 0.283594 0.017188 0.042969
1 0.391406 0.278906 0.016406 0.044531
1 0.368750 0.257031 0.036719 0.041406
1 0.355469 0.254688 0.033594 0.040625
1 0.342187 0.253125 0.031250 0.039844
1 0.332031 0.250781 0.032031 0.039062
1 0.321094 0.249219 0.032031 0.038281
1 0.309375 0.247656 0.027344 0.035937
1 0.300781 0.246094 0.028906 0.035156
1 0.376563 0.360938 0.034375 0.044531
1 0.363281 0.357031 0.031250 0.043750
1 0.342969 0.356250 0.013281 0.035156
1 0.350781 0.321094 0.035156 0.040625
1 0.332813 0.352344 0.013281 0.034375
1 0.321875 0.348438 0.013281 0.033594
1 0.312500 0.344531 0.012500 0.031250
1 0.303125 0.339062 0.011719 0.034375
1 0.337500 0.317969 0.030469 0.039844
1 0.327344 0.314844 0.029687 0.039062
1 0.317188 0.311719 0.028906 0.038281
2 0.589844 0.418750 0.032813 0.019531
2 0.909375 0.359375 0.066406 0.033594
2 0.851562 0.349219 0.057031 0.031250
2 0.491406 0.346094 0.024219 0.013281
2 0.561719 0.366406 0.028906 0.016406
2 0.590625 0.374219 0.032031 0.016406
2 0.619531 0.383594 0.030469 0.018750
2 0.663281 0.317969 0.036719 0.023438
2 0.696094 0.323437 0.042969 0.023438
2 0.737500 0.332031 0.042969 0.024219
2 0.721875 0.469531 0.039844 0.035156
2 0.614844 0.428906 0.032031 0.021875
2 0.492969 0.389062 0.024219 0.020313
2 0.564063 0.301563 0.033594 0.017969
2 0.586719 0.305469 0.034375 0.018750
2 0.653906 0.445312 0.036719 0.029687
1 0.835938 0.441406 0.033594 0.020313
1 0.520312 0.353125 0.014063 0.010156
2 0.771094 0.486719 0.043750 0.039844
2 0.815625 0.502344 0.048438 0.043750
2 0.864844 0.513281 0.053906 0.035937
2 0.785156 0.428125 0.046094 0.024219
1 0.732031 0.412500 0.017969 0.014063
1 0.714844 0.407813 0.016406 0.014063
1 0.699219 0.403906 0.015625 0.013281
1 0.681250 0.398438 0.017188 0.013281
1 0.665625 0.393750 0.014063 0.011719
1 0.652344 0.390625 0.013281 0.011719
1 0.543750 0.290625 0.013281 0.025000
1 0.533594 0.288281 0.012500 0.023438
1 0.522656 0.266406 0.016406 0.021094
1 0.512500 0.260937 0.014844 0.013281
1 0.500000 0.260937 0.008594 0.014063
1 0.495312 0.259375 0.016406 0.014063
1 0.546094 0.225781 0.014063 0.023438
1 0.532031 0.225000 0.014844 0.021875
1 0.523438 0.224219 0.016406 0.023438
1 0.516406 0.223438 0.005469 0.023438
1 0.500781 0.223438 0.008594 0.021875
1 0.493750 0.221875 0.012500 0.021875
1 0.487500 0.221875 0.016406 0.021094
1 0.642969 0.242969 0.021094 0.028125
1 0.628125 0.241406 0.019531 0.028125
1 0.600781 0.240625 0.013281 0.024219
1 0.613281 0.241406 0.013281 0.025000
1 0.617969 0.215625 0.019531 0.025781
1 0.605469 0.215625 0.019531 0.025000
1 0.591406 0.215625 0.016406 0.025000
1 0.578125 0.214062 0.013281 0.025000
1 0.588281 0.239063 0.013281 0.023438
1 0.576562 0.238281 0.011719 0.023438
1 0.564844 0.236719 0.011719 0.025000
