3 0.316406 0.525781 0.041406 0.101562
2 0.192969 0.657813 0.014844 0.038281
2 0.060156 0.541406 0.120313 0.129688
2 0.073438 0.498437 0.146875 0.065625
2 0.187500 0.528125 0.029687 0.017969
2 0.184375 0.555469 0.014844 0.024219
2 0.185938 0.563281 0.017969 0.020313
2 0.186719 0.582812 0.013281 0.030469
2 0.148438 0.464844 0.096094 0.021875
2 0.136719 0.469531 0.102344 0.028125
2 0.108594 0.476562 0.096094 0.033594
2 0.200000 0.590625 0.010156 0.020313
2 0.167187 0.451562 0.053125 0.004687
2 0.185938 0.725781 0.010156 0.056250
1 0.041406 0.945312 0.082031 0.107031
1 0.069531 0.810937 0.139063 0.175000
1 0.112500 0.753906 0.071094 0.121875
1 0.148438 0.720313 0.011719 0.107031
1 0.075000 0.680469 0.137500 0.153906
1 0.150000 0.562500 0.050781 0.065625
1 0.146875 0.613281 0.057031 0.067969
1 0.176563 0.581250 0.002344 0.018750
1 0.178906 0.577344 0.002344 0.026562
1 0.173437 0.550781 0.007031 0.053125
1 0.167969 0.322656 0.010156 0.025000
1 0.174219 0.330469 0.002344 0.018750
1 0.165625 0.300781 0.016406 0.040625
1 0.182031 0.350781 0.001563 0.015625
1 0.183594 0.350781 0.003906 0.028125
1 0.185938 0.353906 0.001563 0.025000
1 0.176563 0.442188 0.024219 0.023438
1 0.175781 0.416406 0.025781 0.026562
2 0.160156 0.996094 0.007031 0.006250
2 0.176563 0.793750 0.020313 0.084375
2 0.165625 0.937500 0.018750 0.123438
2 0.480469 0.580469 0.038281 0.024219
2 0.753125 0.461719 0.082812 0.025000
2 0.692187 0.458594 0.077344 0.020313
2 0.524219 0.453125 0.042969 0.011719
2 0.551562 0.453906 0.050781 0.014063
2 0.582812 0.456250 0.053125 0.014844
2 0.423438 0.548438 0.028906 0.015625
2 0.453125 0.449219 0.025781 0.010156
2 0.472656 0.450781 0.039844 0.010156
2 0.525781 0.607031 0.045312 0.031250
1 0.742188 0.593750 0.057813 0.061719
1 0.449219 0.510938 0.007031 0.006250
1 0.443750 0.509375 0.008594 0.006250
1 0.444531 0.503906 0.010156 0.005469
1 0.433594 0.506250 0.008594 0.006250
1 0.438281 0.506250 0.002344 0.005469
2 0.629687 0.668750 0.059375 0.049219
2 0.564063 0.630469 0.052344 0.033594
2 0.682813 0.698438 0.077344 0.057031
2 0.738281 0.730469 0.075781 0.079687
2 0.493750 0.528125 0.035156 0.019531
1 0.678906 0.573438 0.039062 0.051562
1 0.656250 0.568750 0.035156 0.043750
1 0.629687 0.560937 0.019531 0.046875
1 0.658594 0.528906 0.037500 0.046094
1 0.545312 0.503906 0.027344 0.032031
1 0.545312 0.534375 0.027344 0.032031
1 0.525781 0.531250 0.010156 0.029687
1 0.516406 0.527344 0.009375 0.030469
1 0.533594 0.502344 0.025000 0.030469
1 0.506250 0.374219 0.024219 0.028125
1 0.489844 0.375781 0.007812 0.025781
1 0.474219 0.379688 0.007031 0.024219
1 0.482031 0.378125 0.007031 0.025000
1 0.489063 0.353125 0.021094 0.026562
1 0.474219 0.355469 0.007031 0.025781
1 0.466406 0.357812 0.006250 0.025000
1 0.460156 0.360156 0.006250 0.024219
1 0.467187 0.381250 0.007031 0.023438
1 0.460156 0.382812 0.006250 0.023438
1 0.453125 0.384375 0.005469 0.021875
1 0.446875 0.378906 0.019531 0.020313
1 0.433594 0.379688 0.005469 0.020313
1 0.428906 0.381250 0.004687 0.020313
1 0.423438 0.382812 0.004687 0.019531
1 0.419531 0.383594 0.003906 0.019531
1 0.414844 0.385156 0.003906 0.018750
1 0.410156 0.385937 0.003906 0.018750
1 0.446875 0.442969 0.019531 0.020313
1 0.434375 0.442969 0.005469 0.020313
1 0.428906 0.442969 0.004687 0.018750
1 0.435937 0.422656 0.018750 0.019531
1 0.424219 0.442969 0.004687 0.018750
1 0.419531 0.442188 0.003906 0.017969
1 0.414844 0.442188 0.003906 0.017969
1 0.410938 0.442188 0.003906 0.017969
1 0.424219 0.423438 0.003906 0.018750
1 0.419531 0.423438 0.003906 0.018750
1 0.414844 0.423438 0.003906 0.017969
2 0.621094 0.540625 0.025000 0.010937
2 0.869531 0.450781 0.055469 0.011719
2 0.832031 0.449219 0.018750 0.010937
2 0.553125 0.486719 0.022656 0.007031
2 0.602344 0.496094 0.027344 0.010156
2 0.624219 0.498437 0.030469 0.010937
2 0.645312 0.501563 0.032031 0.010156
2 0.729688 0.446875 0.038281 0.004687
2 0.729688 0.567187 0.039844 0.014063
2 0.562500 0.524219 0.007031 0.008594
2 0.601562 0.445312 0.027344 0.005469
2 0.617969 0.446875 0.028906 0.006250
1 0.823438 0.521875 0.033594 0.028906
1 0.571094 0.485938 0.014844 0.014844
2 0.775000 0.581250 0.029687 0.024219
2 0.814063 0.594531 0.050781 0.021094
2 0.858594 0.603906 0.053125 0.030469
2 0.774219 0.523438 0.036719 0.014844
1 0.733594 0.508594 0.021094 0.024219
1 0.717187 0.507031 0.013281 0.021875
1 0.704688 0.505469 0.011719 0.023438
1 0.721094 0.493750 0.019531 0.007031
1 0.692969 0.490625 0.018750 0.006250
1 0.692969 0.503125 0.019531 0.021094
1 0.678125 0.501563 0.010156 0.020313
1 0.667969 0.497656 0.010156 0.017969
1 0.678125 0.489063 0.010156 0.006250
1 0.586719 0.440625 0.014844 0.014844
1 0.575781 0.440625 0.006250 0.014844
1 0.568750 0.440625 0.005469 0.013281
1 0.573438 0.425781 0.014063 0.014844
1 0.562500 0.440625 0.005469 0.013281
1 0.557031 0.440625 0.005469 0.013281
1 0.550781 0.440625 0.005469 0.011719
1 0.545312 0.440625 0.004687 0.011719
1 0.563281 0.426563 0.005469 0.014063
1 0.557031 0.426563 0.005469 0.014063
1 0.550781 0.426563 0.005469 0.014063
1 0.587500 0.394531 0.014844 0.011719
1 0.576562 0.396094 0.006250 0.010937
1 0.570312 0.396875 0.005469 0.010156
1 0.564063 0.397656 0.005469 0.010156
1 0.557813 0.398438 0.005469 0.010156
1 0.551562 0.399219 0.005469 0.009375
1 0.546094 0.400000 0.005469 0.009375
1 0.655469 0.392969 0.017188 0.018750
1 0.642188 0.393750 0.008594 0.018750
1 0.624219 0.396094 0.008594 0.017969
1 0.632812 0.394531 0.008594 0.017969
1 0.615625 0.396094 0.007812 0.016406
1 0.607812 0.396875 0.007031 0.016406
2 0.486719 0.833594 0.114844 0.123438
2 0.957031 0.642969 0.085156 0.050000
