3 0.671875 0.894531 0.117188 0.208594
2 0.840625 0.776563 0.073438 0.098437
2 0.760156 0.383594 0.032031 0.019531
2 0.771875 0.398438 0.040625 0.024219
2 0.909375 0.773438 0.105469 0.118750
2 0.866406 0.688281 0.086719 0.080469
2 0.839063 0.630469 0.071094 0.057031
2 0.830469 0.494531 0.071094 0.048438
2 0.814844 0.463281 0.058594 0.033594
2 0.801562 0.442969 0.046875 0.033594
2 0.941406 0.651563 0.115625 0.086719
2 0.907813 0.592969 0.103906 0.063281
2 0.797656 0.651563 0.050000 0.061719
1 0.755469 0.443750 0.019531 0.028125
1 0.752344 0.461719 0.007031 0.026562
1 0.764062 0.469531 0.024219 0.028906
1 0.770312 0.478906 0.028906 0.032031
1 0.768750 0.449219 0.025781 0.032031
1 0.798438 0.517969 0.021094 0.038281
1 0.788281 0.545312 0.010156 0.036719
1 0.794531 0.558594 0.011719 0.039844
1 0.816406 0.575781 0.042969 0.046094
1 0.812500 0.534375 0.037500 0.046875
1 0.864062 0.411719 0.035937 0.048438
1 0.868750 0.423438 0.022656 0.050781
1 0.896094 0.450781 0.025781 0.058594
1 0.881250 0.435937 0.022656 0.053906
1 0.914844 0.393750 0.072656 0.053906
1 0.932031 0.405469 0.078125 0.058594
1 0.953125 0.418750 0.086719 0.063281
1 0.963281 0.435937 0.071875 0.071875
1 0.912500 0.466406 0.028906 0.060937
1 0.931250 0.484375 0.032031 0.066406
1 0.967187 0.508594 0.064844 0.082031
1 0.974219 0.716406 0.050000 0.090625
1 0.987500 0.757812 0.023438 0.089844
2 0.735938 0.498437 0.011719 0.025000
2 0.740625 0.518750 0.008594 0.028125
2 0.776563 0.597656 0.036719 0.046875
2 0.759375 0.544531 0.033594 0.036719
2 0.470313 0.644531 0.046094 0.056250
2 0.544531 0.359375 0.025781 0.017969
2 0.538281 0.368750 0.027344 0.019531
2 0.497656 0.432812 0.044531 0.032031
2 0.507812 0.414062 0.038281 0.024219
2 0.521875 0.400781 0.025781 0.025000
2 0.356250 0.932031 0.089844 0.133594
2 0.448437 0.524219 0.061719 0.056250
2 0.465625 0.494531 0.057813 0.048438
2 0.507031 0.567187 0.027344 0.039844
1 0.547656 0.412500 0.010156 0.025000
1 0.417187 0.666406 0.020313 0.023438
1 0.415625 0.686719 0.021094 0.028125
1 0.398438 0.699219 0.022656 0.031250
1 0.381250 0.749219 0.024219 0.033594
1 0.386719 0.719531 0.022656 0.030469
2 0.534375 0.493750 0.019531 0.025000
2 0.521094 0.532031 0.022656 0.031250
2 0.544531 0.476562 0.011719 0.021875
2 0.549219 0.461719 0.010156 0.020313
2 0.489063 0.539844 0.046094 0.042969
1 0.542969 0.425781 0.002344 0.023438
1 0.535156 0.432031 0.014063 0.023438
1 0.530469 0.435937 0.017969 0.024219
1 0.535937 0.411719 0.014063 0.024219
1 0.515625 0.461719 0.007031 0.030469
1 0.517188 0.484375 0.003906 0.028906
1 0.513281 0.493750 0.003906 0.030469
1 0.499219 0.501563 0.023438 0.035156
1 0.506250 0.469531 0.018750 0.032031
1 0.496875 0.365625 0.011719 0.038281
1 0.493750 0.371875 0.005469 0.039062
1 0.480469 0.388281 0.007031 0.041406
1 0.488281 0.380469 0.006250 0.039062
1 0.475000 0.345313 0.031250 0.040625
1 0.467187 0.351562 0.033594 0.044531
1 0.462500 0.359375 0.028906 0.046094
1 0.450000 0.367188 0.038281 0.049219
1 0.473438 0.396875 0.007812 0.042969
1 0.464844 0.406250 0.008594 0.044531
1 0.441406 0.414844 0.039844 0.053906
1 0.412500 0.425781 0.046875 0.063281
1 0.397656 0.440625 0.050781 0.067969
1 0.381250 0.456250 0.055469 0.073438
1 0.362500 0.474219 0.060937 0.080469
1 0.339844 0.496094 0.067187 0.088281
1 0.314844 0.521094 0.074219 0.096875
1 0.283594 0.550781 0.085156 0.108594
1 0.423438 0.551562 0.033594 0.064844
1 0.420312 0.574219 0.016406 0.065625
1 0.407031 0.600781 0.016406 0.064062
1 0.396094 0.556250 0.033594 0.069531
1 0.391406 0.628125 0.019531 0.070312
1 0.372656 0.658594 0.022656 0.075781
1 0.352344 0.693750 0.027344 0.083594
1 0.306250 0.726562 0.074219 0.110156
1 0.379688 0.580469 0.036719 0.075000
1 0.360156 0.608594 0.041406 0.083594
1 0.331250 0.640625 0.060156 0.091406
2 0.238281 0.558594 0.021094 0.036719
2 0.382031 0.340625 0.028125 0.014063
2 0.367969 0.347656 0.030469 0.015625
2 0.035937 0.651563 0.071875 0.078125
2 0.198437 0.528906 0.060156 0.041406
2 0.238281 0.500781 0.042188 0.038281
2 0.264844 0.478125 0.046875 0.026562
2 0.283594 0.392969 0.041406 0.023438
2 0.303906 0.381250 0.039844 0.021875
2 0.328125 0.371094 0.032813 0.019531
2 0.051562 0.725781 0.091406 0.083594
2 0.177344 0.450781 0.063281 0.036719
2 0.210938 0.431250 0.057031 0.029687
1 0.375000 0.393750 0.016406 0.021875
1 0.105469 0.583594 0.046875 0.056250
2 0.357812 0.410938 0.028125 0.016406
1 0.341406 0.419531 0.008594 0.023438
1 0.329688 0.426563 0.017969 0.023438
1 0.324219 0.430469 0.013281 0.025781
1 0.325781 0.406250 0.021875 0.025000
1 0.306250 0.418750 0.022656 0.026562
1 0.314844 0.440625 0.010156 0.025000
1 0.306250 0.446094 0.010156 0.025781
1 0.289844 0.451562 0.025000 0.028906
1 0.296875 0.424219 0.024219 0.028906
1 0.128125 0.464062 0.044531 0.045312
1 0.112500 0.475781 0.032813 0.046875
1 0.089844 0.490625 0.032031 0.044531
1 0.073438 0.456250 0.050781 0.049219
1 0.063281 0.504687 0.036719 0.046094
1 0.034375 0.519531 0.039844 0.049219
1 0.012500 0.534375 0.024219 0.048438
1 0.045312 0.467969 0.055469 0.051562
1 0.022656 0.481250 0.044531 0.055469
1 0.007031 0.493750 0.013281 0.043750
1 0.107813 0.367188 0.046875 0.043750
1 0.082812 0.375000 0.050781 0.046094
1 0.056250 0.383594 0.053906 0.048438
1 0.028125 0.392188 0.055469 0.050781
1 0.012500 0.401562 0.025000 0.050781
1 0.252344 0.334375 0.029687 0.029687
1 0.246094 0.338281 0.017188 0.030469
1 0.218750 0.349219 0.019531 0.031250
1 0.232813 0.343750 0.017188 0.030469
1 0.221875 0.316406 0.032031 0.032031
1 0.207031 0.320312 0.034375 0.033594
1 0.190625 0.324219 0.035156 0.034375
1 0.172656 0.328906 0.039062 0.035156
1 0.203125 0.353906 0.020313 0.032031
1 0.193750 0.357031 0.007031 0.028906
1 0.160156 0.364063 0.033594 0.038281
2 0.656250 0.483594 0.036719 0.021875
