3 0.119531 0.525781 0.135156 0.233594
2 0.453906 0.571094 0.064844 0.079687
2 0.560937 0.438281 0.096094 0.098437
2 0.628125 0.481250 0.113281 0.118750
2 0.728125 0.553906 0.128906 0.144531
2 0.341406 0.449219 0.050000 0.046875
2 0.396875 0.341406 0.074219 0.058594
2 0.428906 0.361719 0.078906 0.065625
2 0.550781 0.680469 0.080469 0.116406
1 0.387500 0.418750 0.017188 0.021094
1 0.374219 0.415625 0.017969 0.021094
1 0.374219 0.400000 0.017969 0.020313
1 0.354687 0.393750 0.016406 0.018750
1 0.364844 0.396875 0.011719 0.018750
2 0.788281 0.919531 0.105469 0.159375
2 0.634375 0.771094 0.094531 0.150781
2 0.873437 0.978125 0.021094 0.042969
2 0.490625 0.528125 0.078125 0.093750
1 0.967187 0.935937 0.064062 0.125781
1 0.917188 0.872656 0.094531 0.184375
1 0.853906 0.821094 0.080469 0.167969
1 0.947656 0.838281 0.103906 0.164844
1 0.603906 0.567187 0.052344 0.085938
1 0.601562 0.613281 0.052344 0.081250
1 0.564063 0.596094 0.027344 0.064062
1 0.541406 0.558594 0.028125 0.089844
1 0.572656 0.544531 0.040625 0.081250
1 0.511719 0.248438 0.055469 0.078906
1 0.482031 0.240625 0.044531 0.076563
1 0.428906 0.230469 0.021875 0.060937
1 0.449219 0.237500 0.022656 0.064062
1 0.462500 0.175781 0.053906 0.071094
1 0.439844 0.171094 0.050000 0.067969
1 0.420312 0.166406 0.047656 0.064844
1 0.402344 0.163281 0.046094 0.061719
1 0.410156 0.224219 0.021094 0.058594
1 0.393750 0.218750 0.019531 0.055469
1 0.378125 0.210938 0.018750 0.057031
1 0.357031 0.180469 0.045312 0.054688
1 0.340625 0.176563 0.036719 0.053125
1 0.325781 0.173437 0.029687 0.050781
1 0.319531 0.169531 0.038281 0.049219
1 0.309375 0.167187 0.036719 0.046875
1 0.298438 0.164062 0.033594 0.045312
1 0.289844 0.161719 0.033594 0.044531
1 0.369531 0.305469 0.041406 0.053906
1 0.356250 0.300000 0.036719 0.053906
1 0.333594 0.297656 0.014844 0.041406
1 0.339844 0.256250 0.035156 0.050781
1 0.323437 0.290625 0.014063 0.040625
1 0.314063 0.285156 0.013281 0.039062
1 0.304688 0.278906 0.013281 0.038281
1 0.296094 0.271875 0.012500 0.039844
1 0.328906 0.250781 0.035156 0.049219
1 0.319531 0.246094 0.035156 0.046875
1 0.310156 0.240625 0.034375 0.046094
2 0.623437 0.378906 0.035156 0.026562
2 0.969531 0.318750 0.059375 0.046094
2 0.672656 0.317188 0.024219 0.008594
2 0.724219 0.259375 0.049219 0.032031
2 0.765625 0.269531 0.057813 0.034375
2 0.821094 0.285156 0.060156 0.036719
2 0.784375 0.457031 0.050781 0.040625
2 0.655469 0.394531 0.037500 0.029687
2 0.525000 0.330469 0.018750 0.017969
2 0.603125 0.231250 0.040625 0.025000
2 0.630469 0.238281 0.042188 0.025781
2 0.700781 0.417187 0.044531 0.034375
1 0.956250 0.410938 0.052344 0.028906
1 0.550000 0.271875 0.020313 0.011719
2 0.848437 0.488281 0.057813 0.048438
2 0.908594 0.516406 0.067969 0.051562
2 0.968750 0.546875 0.060937 0.054688
1 0.811719 0.358594 0.025000 0.020313
1 0.789844 0.356250 0.023438 0.010156
1 0.769531 0.343750 0.022656 0.019531
1 0.794531 0.334375 0.030469 0.045312
1 0.748437 0.320312 0.028125 0.042969
1 0.745313 0.339062 0.023438 0.014063
1 0.725000 0.334375 0.017188 0.007031
1 0.709375 0.324219 0.017969 0.016406
1 0.731250 0.314063 0.027344 0.041406
1 0.577344 0.215625 0.021875 0.031250
1 0.566406 0.213281 0.021094 0.029687
1 0.554688 0.213281 0.002344 0.023438
1 0.560937 0.186719 0.011719 0.028906
1 0.539844 0.209375 0.009375 0.025000
1 0.529687 0.203906 0.010156 0.016406
1 0.520312 0.201563 0.008594 0.015625
1 0.539844 0.184375 0.009375 0.028125
1 0.534375 0.182031 0.017969 0.028125
1 0.525000 0.181250 0.017969 0.026562
1 0.582812 0.136719 0.022656 0.030469
1 0.569531 0.135156 0.021094 0.029687
1 0.562500 0.133594 0.010937 0.028906
1 0.542188 0.133594 0.009375 0.028125
1 0.536719 0.132031 0.019531 0.026562
1 0.527344 0.131250 0.020313 0.026562
1 0.521094 0.130469 0.008594 0.026562
1 0.703125 0.161719 0.028906 0.036719
1 0.685937 0.159375 0.027344 0.035937
1 0.650000 0.157031 0.017969 0.031250
1 0.665625 0.159375 0.019531 0.032031
1 0.673438 0.126562 0.027344 0.034375
1 0.657031 0.125781 0.025781 0.034375
1 0.642188 0.124219 0.025781 0.032031
1 0.626563 0.123438 0.022656 0.031250
1 0.635156 0.156250 0.017188 0.030469
1 0.621094 0.153906 0.015625 0.029687
1 0.607812 0.150781 0.014844 0.031250
