3 0.199219 0.462500 0.093750 0.192188
2 0.017188 0.610156 0.034375 0.067187
2 0.467187 0.563281 0.055469 0.067187
2 0.985156 0.884375 0.029687 0.182812
2 0.553906 0.450781 0.096875 0.094531
2 0.610938 0.503906 0.112500 0.123438
2 0.694531 0.596094 0.134375 0.161719
2 0.384375 0.430469 0.037500 0.041406
2 0.426563 0.337500 0.065625 0.050781
2 0.450000 0.359375 0.072656 0.059375
2 0.542188 0.687500 0.074219 0.109375
1 0.421875 0.407813 0.015625 0.019531
1 0.410938 0.401562 0.014063 0.015625
1 0.414062 0.388281 0.011719 0.017188
1 0.396875 0.380469 0.012500 0.015625
1 0.407813 0.382812 0.014844 0.012500
2 0.716406 0.956250 0.052344 0.085156
2 0.611719 0.803906 0.091406 0.140625
2 0.496094 0.526563 0.074219 0.082812
1 0.957812 0.990625 0.017969 0.017188
1 0.844531 0.939844 0.053125 0.117969
1 0.814063 0.908594 0.097656 0.180469
1 0.897656 0.935937 0.111719 0.125781
1 0.587500 0.584375 0.053125 0.082031
1 0.585938 0.632031 0.053906 0.072656
1 0.549219 0.603906 0.022656 0.067187
1 0.530469 0.569531 0.021094 0.078906
1 0.557031 0.557813 0.032813 0.077344
1 0.514062 0.264062 0.053906 0.076563
1 0.494531 0.253906 0.050781 0.072656
1 0.446875 0.240625 0.014844 0.057813
1 0.462500 0.248438 0.015625 0.060937
1 0.475781 0.190625 0.047656 0.067187
1 0.460938 0.185938 0.046875 0.064062
1 0.446094 0.180469 0.044531 0.060937
1 0.432812 0.176563 0.042188 0.057813
1 0.434375 0.232813 0.014844 0.055469
1 0.421094 0.225781 0.012500 0.052344
1 0.410938 0.217969 0.012500 0.053125
1 0.396875 0.187500 0.034375 0.049219
1 0.389062 0.183594 0.035156 0.047656
1 0.380469 0.179688 0.034375 0.044531
1 0.368750 0.177344 0.024219 0.043750
1 0.365625 0.172656 0.030469 0.041406
1 0.359375 0.169531 0.030469 0.041406
1 0.352344 0.166406 0.027344 0.039062
1 0.407813 0.301563 0.035937 0.047656
1 0.398438 0.294531 0.032813 0.046875
1 0.378906 0.291406 0.010937 0.038281
1 0.389062 0.255469 0.035156 0.044531
1 0.371875 0.284375 0.009375 0.037500
1 0.365625 0.278906 0.009375 0.035937
1 0.359375 0.272656 0.008594 0.034375
1 0.353125 0.265625 0.008594 0.035937
1 0.376563 0.249219 0.025781 0.042188
1 0.371094 0.242969 0.026562 0.041406
1 0.364063 0.238281 0.025781 0.040625
2 0.574219 0.284375 0.034375 0.023438
2 0.650000 0.324219 0.044531 0.030469
2 0.682813 0.339062 0.046875 0.035156
2 0.717969 0.358594 0.049219 0.038281
2 0.784375 0.289844 0.059375 0.037500
2 0.828906 0.305469 0.064844 0.042188
2 0.916406 0.335938 0.037500 0.037500
2 0.656250 0.247656 0.044531 0.026562
2 0.682813 0.257031 0.049219 0.028906
1 0.600000 0.291406 0.021094 0.029687
2 0.958594 0.476562 0.082812 0.070312
1 0.882031 0.425781 0.032031 0.052344
1 0.825000 0.400000 0.028906 0.049219
1 0.809375 0.357812 0.037500 0.047656
1 0.802344 0.392188 0.035937 0.039062
1 0.777344 0.382812 0.025781 0.035937
1 0.760938 0.370312 0.025781 0.044531
1 0.789062 0.349219 0.035156 0.046094
1 0.630469 0.229687 0.024219 0.032031
1 0.619531 0.225781 0.023438 0.029687
1 0.603906 0.224219 0.011719 0.026562
1 0.610938 0.199219 0.023438 0.029687
1 0.592969 0.221094 0.011719 0.025781
1 0.584375 0.217969 0.010937 0.025781
1 0.574219 0.214844 0.010937 0.023438
1 0.565625 0.210938 0.009375 0.026562
1 0.600781 0.196094 0.022656 0.028906
1 0.589844 0.192969 0.020313 0.028906
1 0.581250 0.191406 0.020313 0.027344
1 0.639062 0.149219 0.026562 0.030469
1 0.626563 0.147656 0.025781 0.029687
1 0.614062 0.146094 0.021094 0.028906
1 0.604688 0.144531 0.022656 0.028906
1 0.593750 0.142187 0.021094 0.027344
1 0.583594 0.140625 0.017969 0.026562
1 0.575781 0.139844 0.019531 0.026562
1 0.764844 0.182812 0.035937 0.041406
1 0.746094 0.179688 0.034375 0.038281
1 0.706250 0.175000 0.019531 0.032813
1 0.723437 0.178125 0.021094 0.035156
1 0.734375 0.144531 0.034375 0.037500
1 0.714844 0.141406 0.029687 0.035937
1 0.700781 0.139844 0.030469 0.035156
1 0.684375 0.137500 0.025781 0.032813
1 0.690625 0.171875 0.019531 0.032813
1 0.675781 0.169531 0.017188 0.030469
1 0.662500 0.165625 0.015625 0.034375
