3 0.207031 0.503125 0.083594 0.178125
2 0.015625 0.649219 0.030469 0.063281
2 0.467187 0.577344 0.057031 0.064062
2 0.946094 0.685937 0.107031 0.173437
2 0.548438 0.442188 0.082812 0.065625
2 0.599219 0.472656 0.095312 0.080469
2 0.672656 0.523438 0.109375 0.100000
2 0.382031 0.477344 0.040625 0.038281
2 0.426563 0.374219 0.060156 0.039062
2 0.450000 0.388281 0.064844 0.043750
2 0.542969 0.671094 0.071875 0.095312
1 0.417969 0.446094 0.014844 0.014844
1 0.407813 0.443750 0.014844 0.015625
1 0.408594 0.432031 0.014844 0.015625
1 0.393750 0.427344 0.014063 0.014063
1 0.404687 0.431250 0.014063 0.013281
2 0.750781 0.907813 0.122656 0.182031
2 0.610156 0.759375 0.087500 0.110156
2 0.814063 0.958594 0.036719 0.081250
2 0.494531 0.530469 0.067969 0.066406
1 0.896094 0.871875 0.090625 0.174219
1 0.830469 0.835938 0.071094 0.118750
1 0.784375 0.771094 0.073438 0.140625
1 0.850781 0.767969 0.083594 0.142969
1 0.582812 0.549219 0.047656 0.075000
1 0.581250 0.597656 0.047656 0.065625
1 0.548438 0.580469 0.020313 0.057031
1 0.529687 0.555469 0.019531 0.068750
1 0.557813 0.532813 0.036719 0.069531
1 0.511719 0.288281 0.044531 0.057031
1 0.493750 0.283594 0.042969 0.054688
1 0.450781 0.278906 0.014844 0.046094
1 0.464844 0.282031 0.014844 0.048438
1 0.477344 0.235156 0.042188 0.050000
1 0.459375 0.233594 0.033594 0.046875
1 0.447656 0.232031 0.036719 0.045312
1 0.430469 0.230469 0.025781 0.043750
1 0.437500 0.275000 0.013281 0.044531
1 0.425781 0.271875 0.012500 0.041406
1 0.414844 0.267969 0.011719 0.041406
1 0.402344 0.246875 0.033594 0.039062
1 0.391406 0.246094 0.028906 0.038281
1 0.378906 0.243750 0.019531 0.035937
1 0.374219 0.242969 0.025000 0.035156
1 0.367188 0.241406 0.024219 0.034375
1 0.360156 0.239844 0.022656 0.033594
1 0.353906 0.238281 0.022656 0.032031
1 0.407813 0.347656 0.032031 0.038281
1 0.398438 0.344531 0.029687 0.040625
1 0.380469 0.342969 0.009375 0.033594
1 0.389062 0.309375 0.031250 0.038281
1 0.373437 0.338281 0.008594 0.032031
1 0.366406 0.333594 0.008594 0.030469
1 0.359375 0.330469 0.007812 0.030469
1 0.353125 0.325781 0.007812 0.030469
1 0.380469 0.306250 0.028125 0.035937
1 0.372656 0.303125 0.027344 0.034375
1 0.366406 0.300781 0.027344 0.034375
2 0.646094 0.442969 0.039844 0.030469
2 0.972656 0.388281 0.053906 0.039844
2 0.550000 0.356250 0.013281 0.005469
2 0.615625 0.383594 0.027344 0.013281
2 0.645312 0.393750 0.030469 0.014063
2 0.677344 0.407031 0.032031 0.015625
2 0.734375 0.335156 0.048438 0.025781
2 0.773438 0.342969 0.057031 0.026562
2 0.825781 0.357031 0.060156 0.031250
2 0.800000 0.520312 0.056250 0.048438
2 0.675781 0.457031 0.042969 0.033594
2 0.554688 0.396875 0.025000 0.021094
2 0.623437 0.310156 0.038281 0.018750
2 0.647656 0.315625 0.040625 0.020313
2 0.715625 0.479687 0.044531 0.039062
1 0.959375 0.515625 0.038281 0.017969
2 0.865625 0.552344 0.064062 0.056250
2 0.927344 0.582812 0.071875 0.065625
2 0.979688 0.609375 0.039844 0.057031
2 0.884375 0.486719 0.061719 0.025781
1 0.812500 0.457813 0.020313 0.008594
1 0.792188 0.450000 0.019531 0.007031
1 0.808594 0.386719 0.019531 0.005469
1 0.732031 0.426563 0.015625 0.007031
1 0.716406 0.421094 0.014844 0.006250
1 0.600781 0.296875 0.020313 0.025781
1 0.590625 0.294531 0.019531 0.025000
1 0.576562 0.294531 0.009375 0.021875
1 0.582031 0.271875 0.019531 0.024219
1 0.567187 0.292187 0.008594 0.021094
1 0.558594 0.290625 0.008594 0.021094
1 0.550781 0.289062 0.008594 0.020313
1 0.545312 0.285938 0.001563 0.021875
1 0.572656 0.271094 0.018750 0.023438
1 0.563281 0.269531 0.015625 0.021875
1 0.555469 0.267969 0.017969 0.021875
1 0.605469 0.228906 0.021094 0.025000
1 0.593750 0.228906 0.018750 0.024219
1 0.582031 0.227344 0.013281 0.023438
1 0.574219 0.226562 0.017969 0.021875
1 0.562500 0.225781 0.010937 0.021875
1 0.557813 0.225781 0.018750 0.021875
1 0.548438 0.225781 0.003906 0.021094
1 0.712500 0.248438 0.027344 0.030469
1 0.696875 0.246875 0.026562 0.030469
1 0.663281 0.244531 0.015625 0.026562
1 0.677344 0.246094 0.016406 0.028125
1 0.685156 0.218750 0.025781 0.028125
1 0.666406 0.217969 0.015625 0.026562
1 0.652344 0.217188 0.014844 0.026562
1 0.644531 0.216406 0.023438 0.025781
1 0.650781 0.243750 0.014844 0.025781
1 0.638281 0.242969 0.013281 0.025781
1 0.625781 0.240625 0.012500 0.025781
