3 0.266406 0.485938 0.064844 0.146875
2 0.085156 0.836719 0.080469 0.135156
2 0.089844 0.536719 0.050781 0.060156
2 0.061719 0.679688 0.059375 0.094531
2 0.055469 0.743750 0.072656 0.113281
2 0.042969 0.833594 0.085156 0.133594
2 0.015625 0.790625 0.031250 0.125000
2 0.121875 0.603906 0.028906 0.057031
2 0.032031 0.546094 0.064062 0.058594
2 0.027344 0.598437 0.054688 0.084375
2 0.092969 0.988281 0.032813 0.021094
1 0.008594 0.984375 0.017188 0.029687
1 0.033594 0.967969 0.031250 0.061719
1 0.032813 0.928906 0.047656 0.092969
1 0.013281 0.944531 0.026562 0.104688
1 0.001563 0.447656 0.002344 0.011719
1 0.005469 0.425781 0.010156 0.044531
1 0.010156 0.371875 0.020313 0.055469
1 0.017188 0.357812 0.019531 0.053125
1 0.019531 0.348438 0.025781 0.050000
1 0.021094 0.339062 0.032031 0.046875
1 0.021875 0.331250 0.039062 0.046094
1 0.023438 0.324219 0.046094 0.044531
1 0.025000 0.317188 0.050000 0.041406
1 0.031250 0.503125 0.061719 0.064062
1 0.040625 0.478906 0.050000 0.050000
1 0.061719 0.465625 0.014844 0.046875
1 0.031250 0.434375 0.053125 0.057031
1 0.065625 0.453125 0.013281 0.044531
1 0.068750 0.441406 0.013281 0.043750
1 0.071875 0.430469 0.011719 0.040625
1 0.073438 0.420312 0.014063 0.040625
1 0.032813 0.417969 0.057813 0.046094
1 0.050781 0.407031 0.028125 0.043750
1 0.055469 0.396875 0.027344 0.042969
2 0.475000 0.555469 0.046094 0.051562
2 0.921094 0.789062 0.156250 0.216406
2 0.802344 0.682813 0.128906 0.156250
2 0.536719 0.459375 0.064844 0.059375
2 0.572656 0.489063 0.071094 0.070312
2 0.617188 0.534375 0.070312 0.082031
2 0.403906 0.461719 0.034375 0.033594
2 0.442969 0.386719 0.049219 0.038281
2 0.461719 0.403125 0.052344 0.042969
2 0.532813 0.634375 0.057031 0.075000
1 0.853906 0.896094 0.096875 0.144531
1 0.435156 0.442188 0.012500 0.014063
1 0.426563 0.438281 0.012500 0.014063
1 0.427344 0.427344 0.011719 0.014063
1 0.414844 0.421875 0.011719 0.011719
1 0.423438 0.425781 0.011719 0.010937
2 0.671094 0.817187 0.084375 0.134375
2 0.581250 0.703906 0.066406 0.080469
2 0.736719 0.903906 0.099219 0.167969
2 0.807813 0.953906 0.091406 0.089844
2 0.496875 0.521875 0.054688 0.056250
1 0.752344 0.780469 0.060156 0.110937
1 0.719531 0.761719 0.055469 0.071094
1 0.686719 0.715625 0.042969 0.095312
1 0.725781 0.716406 0.053125 0.085938
1 0.560937 0.546875 0.036719 0.055469
1 0.560156 0.582031 0.036719 0.049219
1 0.535156 0.567187 0.014844 0.045312
1 0.521875 0.546875 0.013281 0.053125
1 0.540625 0.532031 0.024219 0.053125
1 0.509375 0.338281 0.035156 0.045312
1 0.489063 0.330469 0.021094 0.046094
1 0.462500 0.319531 0.010937 0.038281
1 0.472656 0.325781 0.011719 0.040625
1 0.483594 0.288281 0.032813 0.046094
1 0.471875 0.282813 0.031250 0.043750
1 0.460938 0.278125 0.030469 0.041406
1 0.451562 0.274219 0.029687 0.040625
1 0.451562 0.314063 0.010156 0.036719
1 0.442188 0.308594 0.010156 0.035156
1 0.432812 0.301563 0.010156 0.036719
1 0.422656 0.279687 0.027344 0.033594
1 0.407031 0.275781 0.010156 0.034375
1 0.403125 0.271094 0.017188 0.034375
1 0.400000 0.267188 0.022656 0.032031
1 0.393750 0.264062 0.023438 0.031250
1 0.388281 0.260937 0.022656 0.031250
1 0.382031 0.257812 0.021875 0.030469
1 0.426563 0.360938 0.026562 0.035937
1 0.418750 0.355469 0.024219 0.036719
1 0.403906 0.353125 0.007031 0.028906
1 0.410938 0.325781 0.025781 0.034375
1 0.397656 0.347656 0.007031 0.028906
1 0.391406 0.342969 0.007031 0.028125
1 0.385937 0.338281 0.007031 0.025781
1 0.379688 0.332031 0.007031 0.028125
1 0.402344 0.321094 0.021094 0.032031
1 0.396094 0.316406 0.021094 0.032031
1 0.390625 0.311719 0.020313 0.031250
2 0.971875 0.441406 0.054688 0.049219
2 0.916406 0.419531 0.071094 0.048438
2 0.556250 0.342969 0.027344 0.019531
2 0.617188 0.375781 0.035156 0.025000
2 0.642969 0.386719 0.037500 0.026562
2 0.669531 0.399219 0.038281 0.025781
2 0.714844 0.348438 0.042969 0.025781
2 0.746875 0.359375 0.050781 0.031250
2 0.789844 0.376563 0.052344 0.034375
2 0.675000 0.460156 0.008594 0.010937
2 0.619531 0.314063 0.035156 0.021094
2 0.640625 0.321875 0.036719 0.021875
2 0.682031 0.463281 0.007031 0.007031
1 0.897656 0.505469 0.049219 0.050781
1 0.578125 0.349219 0.017188 0.024219
2 0.837500 0.484375 0.058594 0.043750
1 0.782031 0.446875 0.028906 0.039844
1 0.764844 0.442969 0.027344 0.030469
1 0.746875 0.431250 0.021094 0.036719
1 0.770312 0.414844 0.028125 0.039062
1 0.733594 0.399219 0.025781 0.035156
1 0.730469 0.425000 0.025781 0.029687
1 0.712500 0.418750 0.016406 0.028125
1 0.700000 0.409375 0.016406 0.032031
1 0.719531 0.392969 0.025000 0.034375
1 0.600000 0.300000 0.019531 0.025781
1 0.591406 0.296875 0.018750 0.025000
1 0.578906 0.295312 0.008594 0.020313
1 0.584375 0.275781 0.018750 0.023438
1 0.570312 0.292969 0.007812 0.020313
1 0.562500 0.290625 0.007812 0.019531
1 0.555469 0.287500 0.007031 0.019531
1 0.548438 0.283594 0.007031 0.021094
1 0.576562 0.272656 0.017969 0.023438
1 0.567969 0.270313 0.016406 0.021875
1 0.560937 0.267969 0.016406 0.021094
1 0.702344 0.268750 0.015625 0.029687
1 0.676562 0.271875 0.010156 0.014063
1 0.653906 0.266406 0.012500 0.014844
1 0.665625 0.269531 0.013281 0.014844
1 0.642969 0.263281 0.011719 0.014063
1 0.632031 0.260937 0.010937 0.013281
1 0.621875 0.258594 0.010156 0.013281
