3 0.037500 0.868750 0.074219 0.239063
2 0.427344 0.605469 0.064844 0.071094
2 0.963281 0.461719 0.073438 0.073438
2 0.907813 0.455469 0.138281 0.079687
2 0.553906 0.415625 0.062500 0.071094
2 0.621094 0.423438 0.076563 0.067969
2 0.703906 0.435937 0.091406 0.061719
2 0.230469 0.562500 0.074219 0.061719
2 0.342187 0.394531 0.079687 0.061719
2 0.393750 0.401562 0.076563 0.064844
2 0.550781 0.637500 0.059375 0.078906
1 0.936719 0.600000 0.084375 0.091406
1 0.316406 0.493750 0.020313 0.023438
1 0.296875 0.496094 0.021094 0.026562
1 0.289844 0.482031 0.020313 0.029687
1 0.256250 0.485156 0.021094 0.023438
1 0.276562 0.481250 0.021094 0.024219
2 0.757812 0.679688 0.088281 0.091406
2 0.635938 0.654687 0.067187 0.084375
2 0.835938 0.707812 0.084375 0.070312
2 0.910156 0.721094 0.094531 0.079687
2 0.479687 0.535937 0.061719 0.079687
1 0.856250 0.582812 0.046875 0.078906
1 0.818750 0.574219 0.052344 0.084375
1 0.782813 0.568750 0.057813 0.084375
1 0.826562 0.535937 0.065625 0.079687
1 0.603906 0.500781 0.030469 0.070312
1 0.600781 0.554688 0.030469 0.043750
1 0.574219 0.549219 0.028906 0.042188
1 0.547656 0.528906 0.028906 0.074219
1 0.575781 0.496875 0.029687 0.070312
1 0.497656 0.263281 0.030469 0.071094
1 0.469531 0.260937 0.039062 0.071094
1 0.405469 0.262500 0.032813 0.057813
1 0.435156 0.264844 0.032031 0.057813
1 0.438281 0.203125 0.044531 0.067969
1 0.407813 0.201563 0.043750 0.067187
1 0.378125 0.200781 0.046094 0.065625
1 0.350781 0.200000 0.047656 0.065625
1 0.377344 0.261719 0.032813 0.055469
1 0.349219 0.259375 0.032813 0.055469
1 0.321875 0.251563 0.032813 0.067187
1 0.269531 0.228125 0.059375 0.062500
1 0.239063 0.225781 0.053125 0.062500
1 0.215625 0.224219 0.053906 0.061719
1 0.191406 0.224219 0.055469 0.060937
1 0.167187 0.222656 0.056250 0.060937
1 0.144531 0.221094 0.057813 0.059375
1 0.121875 0.219531 0.056250 0.058594
1 0.290625 0.371094 0.050781 0.064844
1 0.264062 0.367969 0.046094 0.064062
1 0.233594 0.375781 0.030469 0.044531
1 0.237500 0.322656 0.057813 0.062500
1 0.210938 0.372656 0.030469 0.044531
1 0.189844 0.370312 0.030469 0.044531
1 0.168750 0.367188 0.030469 0.042188
1 0.147656 0.359375 0.030469 0.053906
1 0.210938 0.321094 0.050000 0.062500
1 0.188281 0.318750 0.050781 0.060937
1 0.167187 0.315625 0.050781 0.059375
2 0.497656 0.372656 0.027344 0.023438
2 0.755469 0.261719 0.039062 0.021094
2 0.721875 0.259375 0.046094 0.021094
2 0.379688 0.314063 0.032031 0.008594
2 0.467187 0.322656 0.030469 0.009375
2 0.497656 0.324219 0.027344 0.008594
2 0.535156 0.328906 0.014844 0.009375
2 0.567187 0.253125 0.028906 0.021094
2 0.599219 0.254688 0.034375 0.020313
2 0.635938 0.257812 0.037500 0.019531
2 0.626563 0.384375 0.034375 0.022656
2 0.534375 0.375000 0.015625 0.022656
2 0.387500 0.359375 0.034375 0.022656
2 0.565625 0.376563 0.029687 0.019531
1 0.712500 0.343750 0.021094 0.008594
1 0.415625 0.315625 0.020313 0.006250
2 0.667188 0.390625 0.035156 0.026562
2 0.700781 0.395313 0.035937 0.026562
2 0.732031 0.398438 0.032031 0.026562
2 0.675781 0.339844 0.035937 0.009375
1 0.633594 0.335938 0.014063 0.005469
1 0.619531 0.334375 0.014063 0.005469
1 0.606250 0.332813 0.012500 0.003906
1 0.589063 0.331250 0.012500 0.005469
1 0.576562 0.330469 0.012500 0.005469
1 0.562500 0.328906 0.012500 0.005469
1 0.432812 0.159375 0.017188 0.017188
1 0.419531 0.159375 0.015625 0.017188
1 0.406250 0.159375 0.014844 0.017969
1 0.395313 0.159375 0.017969 0.017969
1 0.382812 0.158594 0.017969 0.017188
1 0.370312 0.158594 0.017188 0.017188
1 0.357812 0.157812 0.015625 0.017969
1 0.543750 0.177344 0.014844 0.029687
1 0.534375 0.177344 0.008594 0.028906
1 0.502344 0.177344 0.012500 0.025781
1 0.512500 0.177344 0.005469 0.025781
1 0.512500 0.150781 0.005469 0.027344
1 0.502344 0.150000 0.014063 0.027344
1 0.489063 0.150000 0.017188 0.027344
1 0.475781 0.150000 0.015625 0.027344
1 0.488281 0.177344 0.012500 0.025781
1 0.475781 0.177344 0.012500 0.024219
1 0.462500 0.175781 0.014063 0.028906
2 0.825781 0.435156 0.012500 0.006250
