2 0.407031 0.704688 0.083594 0.103906
2 0.740625 0.358594 0.060156 0.023438
2 0.710938 0.363281 0.066406 0.025000
2 0.535937 0.396875 0.076563 0.040625
2 0.580469 0.389062 0.077344 0.035156
2 0.629687 0.382031 0.066406 0.030469
2 0.028906 0.903906 0.057031 0.142969
2 0.291406 0.443750 0.094531 0.071094
2 0.373437 0.429688 0.088281 0.060937
2 0.539844 0.636719 0.073438 0.075781
1 0.729688 0.451562 0.038281 0.039062
1 0.210938 0.643750 0.027344 0.044531
1 0.175781 0.664844 0.032031 0.050000
1 0.146875 0.656250 0.035156 0.064062
1 0.057813 0.703125 0.047656 0.056250
1 0.110156 0.673438 0.039844 0.050781
2 0.665625 0.574219 0.063281 0.040625
2 0.599219 0.611719 0.068750 0.049219
2 0.703906 0.558594 0.042188 0.034375
2 0.732031 0.544531 0.036719 0.031250
2 0.475000 0.560937 0.078906 0.076563
1 0.708594 0.463281 0.014844 0.041406
1 0.688281 0.467969 0.031250 0.041406
1 0.671094 0.470313 0.039062 0.048438
1 0.689063 0.431250 0.035156 0.046094
1 0.573438 0.464844 0.039844 0.059375
1 0.582031 0.512500 0.019531 0.046875
1 0.556250 0.517969 0.033594 0.053125
1 0.532031 0.519531 0.041406 0.066406
1 0.553125 0.471094 0.042188 0.061719
1 0.494531 0.242969 0.035156 0.061719
1 0.467969 0.241406 0.030469 0.065625
1 0.401562 0.238281 0.038281 0.070312
1 0.435156 0.239844 0.037500 0.066406
1 0.434375 0.171875 0.035156 0.073438
1 0.398438 0.167187 0.039844 0.076563
1 0.358594 0.160938 0.044531 0.081250
1 0.314844 0.153906 0.053125 0.085938
1 0.363281 0.235937 0.042969 0.073438
1 0.321875 0.232813 0.048438 0.076563
1 0.275781 0.229687 0.055469 0.083594
1 0.144531 0.183594 0.088281 0.100781
1 0.068750 0.176563 0.092188 0.107031
1 0.021094 0.173437 0.041406 0.107031
1 0.176563 0.436719 0.074219 0.098437
1 0.113281 0.446094 0.080469 0.104688
1 0.044531 0.464844 0.088281 0.094531
1 0.048438 0.374219 0.096875 0.101562
1 0.009375 0.471875 0.018750 0.086719
2 0.334375 0.485156 0.038281 0.021875
2 0.541406 0.327344 0.031250 0.010156
2 0.518750 0.328906 0.033594 0.010937
2 0.290625 0.428125 0.021094 0.021875
2 0.330469 0.416406 0.039844 0.014844
2 0.364844 0.411719 0.027344 0.014063
2 0.399219 0.339062 0.033594 0.014844
2 0.426563 0.336719 0.036719 0.013281
2 0.458594 0.335156 0.034375 0.013281
2 0.464062 0.455469 0.033594 0.017969
2 0.369531 0.476562 0.035156 0.020313
2 0.153906 0.527344 0.060156 0.030469
2 0.278125 0.347656 0.036719 0.017969
2 0.313281 0.345313 0.035937 0.016406
2 0.410156 0.467969 0.033594 0.019531
1 0.521094 0.376563 0.017969 0.005469
1 0.214844 0.432031 0.012500 0.032031
2 0.495312 0.448437 0.032813 0.014844
2 0.521094 0.442969 0.025781 0.014844
2 0.542188 0.436719 0.025781 0.013281
2 0.492969 0.396094 0.030469 0.011719
1 0.466406 0.392969 0.010937 0.025000
1 0.452344 0.395313 0.016406 0.024219
1 0.441406 0.396094 0.015625 0.025781
1 0.451562 0.373437 0.017969 0.025000
1 0.425000 0.376563 0.016406 0.025781
1 0.428125 0.400781 0.011719 0.023438
1 0.415625 0.402344 0.013281 0.023438
1 0.400781 0.400000 0.017969 0.024219
1 0.412500 0.378125 0.017969 0.026562
1 0.239844 0.341406 0.012500 0.030469
1 0.208594 0.343750 0.013281 0.031250
1 0.192969 0.346094 0.024219 0.030469
1 0.190625 0.314844 0.028125 0.031250
1 0.171094 0.346875 0.025781 0.031250
1 0.148438 0.348438 0.027344 0.031250
1 0.125000 0.349219 0.028125 0.032031
1 0.100781 0.349219 0.028906 0.035937
1 0.167187 0.315625 0.026562 0.032031
1 0.143750 0.315625 0.028906 0.033594
1 0.119531 0.316406 0.028906 0.033594
1 0.230469 0.250781 0.014844 0.031250
2 0.971875 0.685937 0.055469 0.081250
2 0.617188 0.434375 0.026562 0.017969
