3 0.228906 0.942187 0.162500 0.112500
2 0.990625 0.960938 0.017969 0.075781
2 0.979688 0.671094 0.008594 0.043750
2 0.979688 0.706250 0.008594 0.050781
2 0.989844 0.869531 0.020313 0.103125
2 0.987500 0.755469 0.022656 0.071094
2 0.439063 0.651563 0.062500 0.069531
2 0.649219 0.384375 0.040625 0.019531
2 0.630469 0.389844 0.042188 0.020313
2 0.519531 0.425781 0.053125 0.032031
2 0.546094 0.417187 0.053906 0.027344
2 0.578125 0.409375 0.043750 0.024219
2 0.164062 0.840625 0.105469 0.144531
2 0.375781 0.473438 0.072656 0.053125
2 0.422656 0.459375 0.067969 0.046094
2 0.523438 0.596094 0.053125 0.050000
1 0.644531 0.451562 0.024219 0.028906
1 0.319531 0.617969 0.019531 0.029687
1 0.300781 0.632812 0.020313 0.030469
1 0.278906 0.630469 0.020313 0.041406
1 0.229687 0.665625 0.021094 0.035937
1 0.255469 0.644531 0.020313 0.034375
2 0.603906 0.544531 0.043750 0.026562
2 0.560937 0.574219 0.047656 0.034375
2 0.631250 0.530469 0.024219 0.024219
2 0.647656 0.517969 0.023438 0.023438
2 0.482031 0.543750 0.059375 0.050781
1 0.630469 0.461719 0.008594 0.029687
1 0.614844 0.465625 0.025781 0.030469
1 0.606250 0.467969 0.025781 0.034375
1 0.615625 0.439063 0.026562 0.032031
1 0.542188 0.471094 0.029687 0.041406
1 0.550781 0.503906 0.011719 0.034375
1 0.538281 0.510156 0.012500 0.035156
1 0.517188 0.512500 0.029687 0.044531
1 0.530469 0.476562 0.029687 0.042188
1 0.491406 0.328906 0.032031 0.040625
1 0.482031 0.329688 0.017188 0.042188
1 0.443750 0.334375 0.021094 0.043750
1 0.464062 0.332813 0.019531 0.041406
1 0.462500 0.289844 0.019531 0.043750
1 0.442188 0.289062 0.021094 0.044531
1 0.421094 0.289062 0.023438 0.046875
1 0.389844 0.289062 0.041406 0.049219
1 0.422656 0.335938 0.023438 0.046094
1 0.399219 0.337500 0.024219 0.046875
1 0.367188 0.338281 0.041406 0.053125
1 0.300000 0.323437 0.044531 0.057813
1 0.267969 0.325000 0.042188 0.060937
1 0.228906 0.327344 0.047656 0.064062
1 0.185938 0.328906 0.053906 0.067187
1 0.137500 0.332031 0.061719 0.072656
1 0.081250 0.335156 0.071094 0.076563
1 0.029687 0.336719 0.059375 0.082031
1 0.310156 0.475781 0.043750 0.067969
1 0.281250 0.484375 0.039062 0.072656
1 0.246875 0.501563 0.042188 0.062500
1 0.237500 0.442188 0.047656 0.072656
1 0.207031 0.512500 0.047656 0.065625
1 0.163281 0.521875 0.053906 0.079687
1 0.114062 0.540625 0.061719 0.074219
1 0.059375 0.547656 0.071094 0.100000
1 0.199219 0.451562 0.050781 0.077344
1 0.153906 0.460938 0.056250 0.082812
1 0.102344 0.471094 0.064844 0.090625
2 0.282813 0.448437 0.032813 0.007812
2 0.319531 0.445312 0.038281 0.015625
2 0.351562 0.440625 0.032813 0.019531
2 0.343750 0.496094 0.006250 0.006250
2 0.275781 0.387500 0.035156 0.019531
2 0.304688 0.383594 0.037500 0.017969
1 0.478906 0.403906 0.014844 0.019531
2 0.457031 0.415625 0.028906 0.011719
1 0.435156 0.415625 0.008594 0.022656
1 0.422656 0.417187 0.015625 0.020313
1 0.414062 0.419531 0.014063 0.023438
1 0.421875 0.398438 0.015625 0.022656
1 0.399219 0.403125 0.015625 0.023438
1 0.403125 0.424219 0.010937 0.020313
1 0.393750 0.426563 0.010937 0.021094
1 0.380469 0.426563 0.015625 0.025781
1 0.389062 0.405469 0.017969 0.023438
1 0.237500 0.389062 0.019531 0.021094
1 0.219531 0.392188 0.019531 0.022656
1 0.200781 0.395313 0.020313 0.022656
1 0.181250 0.396875 0.022656 0.023438
1 0.160938 0.400000 0.023438 0.023438
1 0.139844 0.402344 0.024219 0.024219
1 0.117188 0.405469 0.026562 0.025781
1 0.168750 0.296094 0.020313 0.006250
1 0.149219 0.305469 0.025781 0.026562
1 0.353906 0.306250 0.012500 0.010937
1 0.345313 0.312500 0.005469 0.023438
1 0.329688 0.312500 0.008594 0.021094
1 0.328125 0.289062 0.009375 0.023438
1 0.310937 0.285938 0.010937 0.015625
1 0.297656 0.285938 0.014844 0.015625
1 0.280469 0.285156 0.021094 0.017188
2 0.799219 0.587500 0.060937 0.050000
2 0.562500 0.441406 0.027344 0.012500
