2 0.379688 0.794531 0.082031 0.056250
2 0.696875 0.550781 0.048438 0.016406
2 0.667969 0.546875 0.056250 0.017969
2 0.017188 0.672656 0.033594 0.032031
2 0.308594 0.663281 0.088281 0.030469
2 0.385937 0.659375 0.078906 0.026562
2 0.452344 0.657031 0.069531 0.025000
2 0.507812 0.525000 0.062500 0.021875
2 0.553906 0.531250 0.052344 0.020313
2 0.600000 0.538281 0.040625 0.018750
2 0.603125 0.749219 0.064844 0.034375
2 0.444531 0.781250 0.077344 0.049219
2 0.010156 0.853906 0.019531 0.038281
2 0.307031 0.491406 0.071875 0.035937
2 0.373437 0.501563 0.064844 0.032031
2 0.516406 0.767969 0.071875 0.042969
1 0.678125 0.637500 0.033594 0.032031
1 0.109375 0.650781 0.097656 0.070312
2 0.646875 0.741406 0.061719 0.025781
2 0.685937 0.735938 0.041406 0.023438
2 0.714063 0.730469 0.038281 0.021094
2 0.643750 0.649219 0.053906 0.014844
1 0.608594 0.639062 0.016406 0.036719
1 0.592969 0.639062 0.016406 0.038281
1 0.573438 0.639844 0.022656 0.039062
1 0.582812 0.601562 0.034375 0.038281
1 0.552344 0.599219 0.017969 0.039844
1 0.553125 0.640625 0.017969 0.040625
1 0.534375 0.641406 0.018750 0.041406
1 0.510156 0.641406 0.028906 0.043750
1 0.525781 0.599219 0.035156 0.040625
1 0.223438 0.465625 0.047656 0.060937
1 0.178125 0.458594 0.049219 0.063281
1 0.131250 0.450781 0.053906 0.066406
1 0.142969 0.392969 0.064062 0.070312
1 0.080469 0.442188 0.059375 0.069531
1 0.028906 0.433594 0.057813 0.071875
1 0.088281 0.380469 0.058594 0.071875
1 0.032813 0.368750 0.065625 0.075781
1 0.004687 0.361719 0.009375 0.067969
1 0.238281 0.300781 0.042969 0.059375
1 0.196875 0.286719 0.045312 0.060937
1 0.153125 0.271875 0.049219 0.064062
1 0.106250 0.256250 0.053906 0.067969
1 0.054688 0.238281 0.060156 0.071094
1 0.015625 0.223438 0.031250 0.065625
1 0.475000 0.397656 0.021875 0.041406
1 0.452344 0.390625 0.022656 0.043750
1 0.403906 0.375000 0.027344 0.046094
1 0.428906 0.383594 0.024219 0.044531
1 0.429688 0.343750 0.024219 0.048438
1 0.404687 0.334375 0.026562 0.050000
1 0.378125 0.324219 0.028125 0.053125
1 0.348438 0.314063 0.033594 0.053906
1 0.376563 0.366406 0.028906 0.048438
1 0.348438 0.357031 0.030469 0.050000
1 0.317188 0.347656 0.033594 0.053125
2 0.878125 0.715625 0.071094 0.028906
