3 0.672656 0.855469 0.132031 0.287500
2 0.867188 0.772656 0.082812 0.094531
2 0.769531 0.408594 0.037500 0.014844
2 0.778906 0.417187 0.041406 0.020313
2 0.939844 0.740625 0.120313 0.112500
2 0.887500 0.669531 0.090625 0.076563
2 0.857812 0.621875 0.079687 0.058594
2 0.841406 0.480469 0.074219 0.038281
2 0.824219 0.460156 0.060937 0.026562
2 0.808594 0.443750 0.044531 0.019531
2 0.951562 0.591406 0.096875 0.072656
2 0.928906 0.547656 0.117188 0.050000
2 0.817969 0.659375 0.059375 0.058594
1 0.760156 0.469531 0.011719 0.026562
1 0.760938 0.483594 0.005469 0.026562
1 0.775781 0.489063 0.028906 0.027344
1 0.780469 0.497656 0.030469 0.032813
1 0.778125 0.467187 0.028906 0.029687
1 0.812500 0.517188 0.024219 0.038281
1 0.800781 0.547656 0.009375 0.038281
1 0.807031 0.557813 0.009375 0.039062
1 0.831250 0.574219 0.046094 0.050000
1 0.827344 0.529687 0.042188 0.046875
1 0.869531 0.382031 0.032031 0.044531
1 0.874219 0.385937 0.019531 0.049219
1 0.903906 0.397656 0.024219 0.053906
1 0.888281 0.392188 0.021094 0.050000
1 0.917188 0.344531 0.067187 0.049219
1 0.932813 0.347656 0.067969 0.053125
1 0.957031 0.351562 0.079687 0.056250
1 0.967187 0.355469 0.061719 0.061719
1 0.921094 0.404687 0.027344 0.058594
1 0.942187 0.412500 0.030469 0.062500
1 0.973437 0.420312 0.053125 0.068750
1 0.989062 0.624219 0.019531 0.080469
2 0.746875 0.528125 0.012500 0.022656
2 0.750781 0.544531 0.008594 0.024219
2 0.797656 0.613281 0.050781 0.047656
2 0.772656 0.564844 0.037500 0.032031
2 0.467187 0.641406 0.047656 0.053125
2 0.549219 0.392188 0.025781 0.014063
2 0.542188 0.397656 0.027344 0.014844
2 0.499219 0.438281 0.044531 0.023438
2 0.510156 0.425781 0.037500 0.019531
2 0.524219 0.417187 0.027344 0.019531
2 0.330469 0.896875 0.102344 0.144531
2 0.450781 0.494531 0.052344 0.042188
2 0.462500 0.475781 0.059375 0.035937
2 0.503906 0.578125 0.037500 0.037500
1 0.552344 0.444531 0.010937 0.023438
1 0.408594 0.634375 0.021094 0.020313
1 0.404687 0.652344 0.022656 0.026562
1 0.387500 0.659375 0.023438 0.035156
1 0.364844 0.701562 0.025781 0.030469
1 0.374219 0.677344 0.024219 0.027344
2 0.538281 0.521094 0.021094 0.022656
2 0.518750 0.550781 0.032813 0.027344
2 0.549219 0.507031 0.012500 0.020313
2 0.553906 0.494531 0.010937 0.017188
2 0.487500 0.539062 0.047656 0.037500
1 0.547656 0.453906 0.002344 0.022656
1 0.539844 0.459375 0.011719 0.022656
1 0.534375 0.461719 0.017969 0.025781
1 0.537500 0.438281 0.017188 0.023438
1 0.515625 0.471875 0.011719 0.030469
1 0.519531 0.497656 0.003906 0.028906
1 0.514844 0.503906 0.003906 0.029687
1 0.500781 0.509375 0.024219 0.035156
1 0.505469 0.477344 0.023438 0.032031
1 0.496875 0.360938 0.012500 0.032813
1 0.493750 0.364063 0.006250 0.034375
1 0.478906 0.369531 0.007812 0.037500
1 0.486719 0.366406 0.007812 0.035156
1 0.478906 0.332813 0.023438 0.035156
1 0.467969 0.334375 0.029687 0.037500
1 0.460938 0.335938 0.028906 0.038281
1 0.447656 0.337500 0.037500 0.041406
1 0.471094 0.373437 0.008594 0.038281
1 0.461719 0.376563 0.010937 0.040625
1 0.442969 0.379688 0.028906 0.046875
1 0.407813 0.372656 0.043750 0.052344
1 0.390625 0.377344 0.050000 0.056250
1 0.372656 0.382812 0.055469 0.059375
1 0.352344 0.389062 0.057813 0.065625
1 0.327344 0.396875 0.064062 0.072656
1 0.299219 0.404687 0.073438 0.079687
1 0.264844 0.414844 0.085156 0.089063
1 0.417187 0.506250 0.030469 0.059375
1 0.410938 0.521094 0.015625 0.060937
1 0.395313 0.537500 0.017969 0.060937
1 0.375781 0.487500 0.052344 0.065625
1 0.376563 0.554688 0.021094 0.067187
1 0.355469 0.575781 0.025781 0.072656
1 0.330469 0.597656 0.029687 0.080469
1 0.281250 0.618750 0.077344 0.100781
1 0.356250 0.500781 0.057813 0.072656
1 0.333594 0.516406 0.062500 0.079687
1 0.308594 0.534375 0.067969 0.088281
2 0.244531 0.566406 0.037500 0.035156
2 0.033594 0.612500 0.067187 0.058594
2 0.200781 0.525781 0.059375 0.032813
2 0.237500 0.505469 0.038281 0.029687
2 0.272656 0.491406 0.042188 0.019531
2 0.255469 0.546875 0.011719 0.010937
2 0.042969 0.699219 0.085938 0.072656
2 0.185156 0.445312 0.061719 0.026562
2 0.210156 0.434375 0.037500 0.023438
1 0.385156 0.436719 0.012500 0.005469
1 0.105469 0.561719 0.044531 0.050781
2 0.371094 0.444531 0.015625 0.010937
1 0.349219 0.455469 0.007812 0.005469
1 0.342187 0.459375 0.007812 0.005469
1 0.332031 0.464062 0.010937 0.006250
1 0.322656 0.469531 0.008594 0.006250
1 0.313281 0.474219 0.009375 0.007812
1 0.302344 0.478906 0.012500 0.007812
1 0.137500 0.449219 0.040625 0.038281
1 0.120313 0.455469 0.029687 0.040625
1 0.097656 0.464062 0.030469 0.039062
1 0.084375 0.428906 0.046094 0.041406
1 0.070312 0.472656 0.034375 0.042188
1 0.039844 0.480469 0.037500 0.044531
1 0.014063 0.489063 0.027344 0.046875
1 0.055469 0.435156 0.050000 0.044531
1 0.025781 0.441406 0.051562 0.048438
1 0.010937 0.448437 0.021094 0.046094
1 0.124219 0.351562 0.040625 0.035156
1 0.102344 0.353906 0.038281 0.038281
1 0.074219 0.357031 0.044531 0.039062
1 0.046094 0.360156 0.049219 0.041406
1 0.019531 0.363281 0.039062 0.043750
1 0.003125 0.367188 0.006250 0.035937
1 0.268750 0.348438 0.020313 0.026562
1 0.261719 0.349219 0.008594 0.024219
1 0.231250 0.353906 0.015625 0.027344
1 0.239063 0.352344 0.003906 0.026562
1 0.235937 0.325781 0.006250 0.026562
1 0.227344 0.327344 0.017188 0.026562
1 0.207813 0.327344 0.025781 0.028906
1 0.187500 0.328125 0.035156 0.028906
1 0.215625 0.355469 0.017969 0.028906
1 0.203906 0.357031 0.009375 0.028906
1 0.172656 0.359375 0.025781 0.032813
2 0.663281 0.510938 0.037500 0.019531
2 0.460938 0.449219 0.020313 0.010937
