3 0.182812 0.549219 0.083594 0.182031
2 0.460156 0.607031 0.057031 0.048438
2 0.931250 0.481250 0.136719 0.068750
2 0.545312 0.430469 0.072656 0.029687
2 0.596094 0.438281 0.083594 0.035156
2 0.667188 0.450000 0.091406 0.040625
2 0.360938 0.545312 0.042969 0.029687
2 0.417969 0.413281 0.055469 0.020313
2 0.444531 0.417187 0.060937 0.023438
2 0.545312 0.664062 0.071094 0.069531
1 0.996875 0.735938 0.004687 0.063281
1 0.407031 0.496875 0.011719 0.013281
1 0.394531 0.496094 0.014844 0.010937
1 0.394531 0.485938 0.014844 0.010937
1 0.378125 0.487500 0.014063 0.011719
1 0.388281 0.488281 0.011719 0.011719
2 0.766406 0.807031 0.108594 0.138281
2 0.619531 0.715625 0.083594 0.081250
2 0.890625 0.882812 0.147656 0.182031
2 0.974219 0.931250 0.050000 0.135937
2 0.491406 0.539062 0.062500 0.044531
1 0.888281 0.676562 0.067969 0.118750
1 0.831250 0.663281 0.057813 0.091406
1 0.783594 0.636719 0.053125 0.100000
1 0.838281 0.592969 0.059375 0.101562
1 0.583594 0.515625 0.041406 0.060937
1 0.582812 0.563281 0.040625 0.057031
1 0.552344 0.556250 0.021094 0.050000
1 0.532031 0.543750 0.019531 0.057031
1 0.561719 0.509375 0.039062 0.057031
1 0.508594 0.301563 0.038281 0.045312
1 0.480469 0.303125 0.017188 0.043750
1 0.449219 0.307812 0.014844 0.039844
1 0.464062 0.305469 0.014844 0.040625
1 0.474219 0.265625 0.036719 0.043750
1 0.449219 0.268750 0.014844 0.042969
1 0.435156 0.271875 0.013281 0.040625
1 0.421875 0.275000 0.012500 0.039062
1 0.435156 0.309375 0.013281 0.038281
1 0.422656 0.311719 0.012500 0.035937
1 0.410938 0.312500 0.011719 0.035937
1 0.395313 0.303125 0.030469 0.033594
1 0.375781 0.304688 0.010156 0.031250
1 0.366406 0.306250 0.009375 0.030469
1 0.357812 0.307812 0.008594 0.030469
1 0.349219 0.309375 0.008594 0.029687
1 0.341406 0.310937 0.008594 0.028906
1 0.334375 0.311719 0.007812 0.028125
1 0.397656 0.399219 0.030469 0.032031
1 0.385937 0.399219 0.026562 0.031250
1 0.368750 0.398438 0.008594 0.029687
1 0.377344 0.368750 0.028906 0.028906
1 0.360938 0.396875 0.008594 0.028125
1 0.352344 0.396094 0.008594 0.028125
1 0.345313 0.396094 0.007812 0.026562
1 0.337500 0.393750 0.007812 0.026562
1 0.359375 0.368750 0.008594 0.028125
1 0.351562 0.368750 0.008594 0.028125
1 0.343750 0.367969 0.008594 0.026562
2 0.616406 0.509375 0.025000 0.020313
2 0.949219 0.410938 0.075000 0.020313
2 0.883594 0.407031 0.062500 0.018750
2 0.682031 0.398438 0.038281 0.013281
2 0.714844 0.399219 0.043750 0.014063
2 0.757812 0.403125 0.045312 0.014844
2 0.755469 0.548438 0.039062 0.029687
2 0.639062 0.516406 0.037500 0.021875
2 0.519531 0.484375 0.018750 0.014844
2 0.583594 0.392188 0.030469 0.010156
2 0.606250 0.393750 0.033594 0.010937
2 0.678125 0.528125 0.040625 0.025781
2 0.798438 0.560937 0.030469 0.029687
2 0.878906 0.582031 0.022656 0.029687
2 0.921875 0.593750 0.067969 0.044531
1 0.760156 0.462500 0.021094 0.008594
1 0.748437 0.460938 0.008594 0.004687
1 0.724219 0.457813 0.015625 0.004687
1 0.749219 0.446875 0.012500 0.028906
1 0.707031 0.441406 0.019531 0.026562
1 0.714063 0.455469 0.003906 0.005469
1 0.679688 0.449219 0.003906 0.004687
1 0.692187 0.439063 0.019531 0.026562
1 0.564063 0.384375 0.017188 0.019531
1 0.551562 0.384375 0.010156 0.019531
1 0.541406 0.384375 0.008594 0.018750
1 0.546094 0.365625 0.016406 0.018750
1 0.532813 0.383594 0.007812 0.017969
1 0.525000 0.383594 0.007031 0.017969
1 0.517188 0.383594 0.007031 0.016406
1 0.511719 0.382031 0.002344 0.016406
1 0.533594 0.365625 0.007812 0.017969
1 0.525000 0.365625 0.007812 0.017969
1 0.517188 0.365625 0.007031 0.017969
1 0.657813 0.336719 0.019531 0.005469
1 0.641406 0.338281 0.012500 0.005469
1 0.617188 0.338281 0.011719 0.004687
1 0.628906 0.338281 0.011719 0.005469
1 0.633594 0.303906 0.018750 0.016406
1 0.618750 0.305469 0.011719 0.017969
1 0.607031 0.306250 0.011719 0.016406
1 0.596094 0.307031 0.010156 0.015625
1 0.606250 0.339062 0.010937 0.005469
1 0.594531 0.339062 0.010156 0.004687
1 0.584375 0.339844 0.010156 0.005469
