3 0.040625 0.780469 0.081250 0.326562
2 0.428906 0.622656 0.061719 0.055469
2 0.915625 0.434375 0.120313 0.044531
2 0.840625 0.431250 0.109375 0.043750
2 0.546094 0.420312 0.052344 0.042188
2 0.605469 0.422656 0.065625 0.039062
2 0.675000 0.428125 0.077344 0.037500
2 0.233594 0.599219 0.073438 0.049219
2 0.355469 0.414062 0.069531 0.038281
2 0.403125 0.415625 0.065625 0.040625
2 0.549219 0.638281 0.056250 0.059375
1 0.880469 0.560937 0.065625 0.070312
1 0.322656 0.517969 0.012500 0.019531
1 0.306250 0.521094 0.019531 0.021094
1 0.299219 0.510938 0.019531 0.026562
1 0.266406 0.515625 0.020313 0.020313
1 0.285938 0.511719 0.019531 0.019531
2 0.738281 0.660156 0.080469 0.067187
2 0.627344 0.647656 0.064844 0.061719
2 0.808594 0.675000 0.074219 0.053906
2 0.874219 0.680469 0.084375 0.060937
2 0.480469 0.540625 0.053906 0.055469
1 0.814063 0.551562 0.035156 0.064844
1 0.779687 0.549219 0.044531 0.065625
1 0.750781 0.546094 0.047656 0.064844
1 0.783594 0.508594 0.052344 0.064062
1 0.592187 0.494531 0.027344 0.059375
1 0.591406 0.543750 0.025781 0.040625
1 0.567187 0.541406 0.025781 0.040625
1 0.542969 0.529687 0.024219 0.059375
1 0.567969 0.492969 0.025781 0.058594
1 0.498437 0.288281 0.026562 0.049219
1 0.471875 0.288281 0.026562 0.049219
1 0.419531 0.288281 0.026562 0.046875
1 0.445312 0.288281 0.026562 0.046875
1 0.447656 0.239063 0.035156 0.049219
1 0.417187 0.239063 0.026562 0.049219
1 0.392188 0.239063 0.027344 0.049219
1 0.366406 0.239844 0.026562 0.047656
1 0.394531 0.287500 0.026562 0.046094
1 0.369531 0.287500 0.026562 0.046094
1 0.346094 0.287500 0.027344 0.046875
1 0.298438 0.268750 0.046094 0.046094
1 0.264844 0.268750 0.027344 0.046094
1 0.242188 0.268750 0.027344 0.046094
1 0.219531 0.267969 0.027344 0.044531
1 0.196875 0.267969 0.027344 0.044531
1 0.175781 0.269531 0.027344 0.044531
1 0.153906 0.269531 0.027344 0.044531
1 0.308594 0.397656 0.042188 0.050000
1 0.285156 0.396094 0.040625 0.050000
1 0.256250 0.400000 0.025781 0.040625
1 0.261719 0.355469 0.046875 0.047656
1 0.235156 0.399219 0.025781 0.040625
1 0.213281 0.398438 0.026562 0.039062
1 0.193750 0.397656 0.025781 0.039062
1 0.173437 0.392969 0.025781 0.046094
1 0.237500 0.355469 0.042188 0.046875
1 0.217188 0.354687 0.046094 0.046094
1 0.196094 0.353906 0.043750 0.046875
2 0.486719 0.453125 0.026562 0.008594
2 0.716406 0.340625 0.037500 0.011719
2 0.682813 0.340625 0.038281 0.012500
2 0.377344 0.390625 0.032813 0.009375
2 0.460156 0.398438 0.030469 0.015625
2 0.488281 0.398438 0.029687 0.015625
2 0.516406 0.400781 0.024219 0.017969
2 0.549219 0.339062 0.024219 0.012500
2 0.575781 0.339062 0.029687 0.012500
2 0.607812 0.340625 0.032813 0.012500
2 0.606250 0.460938 0.029687 0.009375
2 0.514062 0.455469 0.027344 0.008594
2 0.379688 0.447656 0.029687 0.007812
2 0.455469 0.337500 0.027344 0.012500
2 0.478906 0.337500 0.027344 0.014063
2 0.550000 0.457813 0.027344 0.008594
1 0.680469 0.399219 0.021094 0.022656
1 0.408594 0.388281 0.021094 0.021094
2 0.643750 0.462500 0.032031 0.008594
2 0.674219 0.464844 0.030469 0.008594
2 0.704688 0.466406 0.030469 0.009375
2 0.647656 0.405469 0.032813 0.014844
1 0.610938 0.395313 0.012500 0.020313
1 0.597656 0.394531 0.012500 0.020313
1 0.585938 0.392969 0.014063 0.020313
1 0.598437 0.376563 0.014063 0.025781
1 0.571094 0.375781 0.011719 0.025781
1 0.570312 0.398438 0.012500 0.020313
1 0.559375 0.396094 0.011719 0.015625
1 0.547656 0.392969 0.011719 0.020313
1 0.558594 0.375000 0.012500 0.024219
1 0.430469 0.335156 0.015625 0.010937
1 0.416406 0.335156 0.011719 0.010937
1 0.405469 0.334375 0.010937 0.011719
1 0.394531 0.334375 0.010937 0.010937
1 0.383594 0.334375 0.011719 0.010937
1 0.372656 0.334375 0.011719 0.010937
1 0.361719 0.333594 0.010937 0.011719
1 0.354687 0.259375 0.003125 0.008594
1 0.527344 0.275000 0.010937 0.022656
1 0.502344 0.251563 0.014063 0.022656
1 0.489063 0.251563 0.012500 0.022656
1 0.477344 0.252344 0.011719 0.021094
1 0.467969 0.252344 0.006250 0.021094
2 0.809375 0.490625 0.050000 0.030469
