2 0.417187 0.686719 0.078906 0.114062
2 0.731250 0.301563 0.060937 0.037500
2 0.706250 0.312500 0.059375 0.041406
2 0.532813 0.389844 0.076563 0.069531
2 0.575781 0.369531 0.077344 0.058594
2 0.625000 0.351562 0.064844 0.050000
2 0.057813 0.927344 0.114844 0.142187
2 0.302344 0.502344 0.097656 0.124219
2 0.377344 0.467187 0.091406 0.105469
2 0.535156 0.600781 0.067969 0.085156
1 0.715625 0.391406 0.037500 0.042188
1 0.237500 0.682031 0.023438 0.050781
1 0.207813 0.712500 0.025781 0.056250
1 0.178906 0.705469 0.028906 0.067187
1 0.102344 0.768750 0.037500 0.064844
1 0.146094 0.727344 0.030469 0.057813
2 0.650000 0.519531 0.059375 0.044531
2 0.589063 0.567969 0.064062 0.053125
2 0.687500 0.497656 0.035156 0.039062
2 0.712500 0.478125 0.034375 0.035156
2 0.475781 0.553906 0.077344 0.097656
1 0.694531 0.411719 0.014844 0.042188
1 0.678125 0.419531 0.026562 0.041406
1 0.659375 0.421094 0.038281 0.053125
1 0.675781 0.384375 0.039062 0.049219
1 0.572656 0.446094 0.032031 0.059375
1 0.575781 0.489844 0.019531 0.046094
1 0.548438 0.494531 0.039062 0.059375
1 0.528906 0.501563 0.040625 0.073438
1 0.549219 0.455469 0.041406 0.062500
1 0.487500 0.255469 0.050781 0.076563
1 0.467969 0.261719 0.032031 0.080469
1 0.400781 0.282813 0.041406 0.074219
1 0.435937 0.275781 0.035937 0.072656
1 0.424219 0.203125 0.056250 0.080469
1 0.388281 0.207813 0.059375 0.085938
1 0.349219 0.212500 0.060937 0.091406
1 0.305469 0.219531 0.064844 0.096094
1 0.362500 0.292187 0.046094 0.079687
1 0.320312 0.300781 0.053125 0.082812
1 0.271875 0.302344 0.064844 0.105469
1 0.132031 0.296875 0.096094 0.123438
1 0.054688 0.309375 0.109375 0.132031
1 0.017188 0.317188 0.034375 0.131250
1 0.189062 0.520312 0.069531 0.125781
1 0.130469 0.543750 0.080469 0.135937
1 0.067187 0.571094 0.092188 0.139063
1 0.051562 0.499219 0.103125 0.144531
1 0.025000 0.619531 0.050000 0.092188
1 0.010156 0.514062 0.020313 0.135937
2 0.320312 0.411719 0.040625 0.035937
2 0.528906 0.225000 0.034375 0.015625
2 0.508594 0.227344 0.014844 0.014063
2 0.113281 0.409375 0.064844 0.039062
2 0.450781 0.367188 0.035156 0.027344
2 0.353906 0.400000 0.040625 0.034375
2 0.137500 0.471094 0.058594 0.041406
2 0.237500 0.282813 0.012500 0.026562
2 0.397656 0.385937 0.035156 0.032031
1 0.180469 0.387500 0.038281 0.023438
2 0.482031 0.359375 0.034375 0.020313
2 0.505469 0.350781 0.019531 0.017188
2 0.533594 0.342187 0.017969 0.015625
1 0.210938 0.275781 0.012500 0.039062
1 0.178906 0.281250 0.021094 0.041406
1 0.152344 0.249219 0.030469 0.034375
1 0.125000 0.237500 0.026562 0.006250
1 0.100000 0.240625 0.027344 0.007812
1 0.073438 0.244531 0.029687 0.007812
1 0.190625 0.176563 0.015625 0.038281
1 0.154688 0.178906 0.022656 0.040625
1 0.134375 0.180469 0.034375 0.041406
1 0.108594 0.182812 0.035937 0.043750
1 0.080469 0.184375 0.038281 0.044531
1 0.052344 0.185938 0.040625 0.046094
1 0.021875 0.187500 0.043750 0.046094
1 0.342187 0.165625 0.021094 0.007812
1 0.327344 0.166406 0.017188 0.007812
1 0.292969 0.169531 0.017969 0.005469
1 0.310937 0.168750 0.017188 0.005469
1 0.307812 0.149219 0.023438 0.034375
1 0.289062 0.150781 0.025781 0.034375
1 0.270313 0.151562 0.025781 0.035156
1 0.250781 0.152344 0.025781 0.035937
1 0.274219 0.184375 0.019531 0.032813
1 0.257031 0.187500 0.024219 0.034375
1 0.236719 0.186719 0.026562 0.037500
2 0.940625 0.660156 0.106250 0.114062
2 0.597656 0.336719 0.009375 0.009375
