3 0.033594 0.585156 0.067187 0.250000
2 0.436719 0.693750 0.083594 0.051562
2 0.550000 0.373437 0.069531 0.046875
2 0.642188 0.348438 0.114844 0.059375
2 0.776563 0.306250 0.152344 0.078906
2 0.304688 0.646094 0.058594 0.028906
2 0.375000 0.426563 0.051562 0.029687
2 0.417187 0.415625 0.074219 0.033594
2 0.573438 0.746875 0.110937 0.085156
1 0.366406 0.561719 0.016406 0.011719
1 0.350781 0.561719 0.020313 0.011719
1 0.351562 0.550781 0.019531 0.007031
1 0.328125 0.559375 0.014063 0.010156
1 0.338281 0.559375 0.005469 0.010156
2 0.967969 0.888281 0.063281 0.140625
2 0.711719 0.800781 0.138281 0.125781
2 0.486719 0.569531 0.092969 0.029687
1 0.989844 0.560937 0.019531 0.109375
1 0.630469 0.481250 0.057031 0.075781
1 0.632031 0.555469 0.057031 0.075000
1 0.585156 0.554688 0.035937 0.070312
1 0.551562 0.553906 0.032031 0.066406
1 0.584375 0.485156 0.035156 0.070312
1 0.509375 0.238281 0.049219 0.078125
1 0.472656 0.242969 0.022656 0.057031
1 0.431250 0.268750 0.018750 0.050781
1 0.450781 0.256250 0.021094 0.053906
1 0.464062 0.211719 0.046094 0.061719
1 0.431250 0.225781 0.017969 0.059375
1 0.413281 0.239063 0.017188 0.056250
1 0.396875 0.251563 0.015625 0.053125
1 0.413281 0.281250 0.017969 0.046875
1 0.396094 0.291406 0.015625 0.045312
1 0.381250 0.300781 0.014844 0.044531
1 0.358594 0.306250 0.030469 0.039062
1 0.337500 0.314063 0.011719 0.036719
1 0.326562 0.321094 0.010937 0.035156
1 0.315625 0.328125 0.010156 0.034375
1 0.306250 0.335156 0.010156 0.033594
1 0.296875 0.341406 0.008594 0.031250
1 0.288281 0.347656 0.008594 0.030469
1 0.357031 0.426563 0.033594 0.039062
1 0.335156 0.430469 0.011719 0.038281
1 0.323437 0.433594 0.010937 0.035937
1 0.335938 0.399219 0.034375 0.039062
1 0.313281 0.437500 0.010156 0.034375
1 0.303125 0.440625 0.010156 0.033594
1 0.293750 0.443750 0.008594 0.032031
1 0.285156 0.446875 0.008594 0.032031
1 0.314063 0.403906 0.010156 0.039062
1 0.303906 0.408594 0.010156 0.036719
1 0.294531 0.412500 0.008594 0.035937
2 0.613281 0.619531 0.032813 0.008594
2 0.986719 0.439063 0.025781 0.021875
2 0.951562 0.442969 0.059375 0.024219
2 0.505469 0.550781 0.033594 0.007031
2 0.664062 0.553906 0.007812 0.010937
2 0.690625 0.471094 0.035156 0.014063
2 0.732812 0.467187 0.049219 0.015625
2 0.786719 0.461719 0.052344 0.017969
2 0.797656 0.643750 0.055469 0.014063
2 0.650000 0.624219 0.039062 0.010156
2 0.504687 0.604688 0.028906 0.005469
2 0.564844 0.483594 0.003906 0.009375
2 0.700781 0.631250 0.046094 0.010937
1 0.950781 0.548438 0.050000 0.038281
1 0.528906 0.544531 0.013281 0.019531
2 0.860156 0.652344 0.042969 0.014063
2 0.961719 0.665625 0.053906 0.015625
2 0.993750 0.669531 0.011719 0.010937
2 0.869531 0.558594 0.063281 0.013281
1 0.796094 0.546875 0.022656 0.031250
1 0.774219 0.546875 0.021875 0.029687
1 0.753125 0.546875 0.020313 0.028906
1 0.773438 0.516406 0.021875 0.030469
1 0.727344 0.517969 0.021094 0.028125
1 0.728125 0.546875 0.021094 0.028906
1 0.708594 0.546094 0.017969 0.028125
1 0.691406 0.546094 0.016406 0.028125
1 0.708594 0.518750 0.017969 0.028125
1 0.556250 0.478906 0.016406 0.021094
1 0.536719 0.481250 0.002344 0.019531
1 0.530469 0.481250 0.009375 0.020313
1 0.532031 0.461719 0.011719 0.021094
1 0.521094 0.482812 0.009375 0.019531
1 0.501563 0.485156 0.006250 0.018750
1 0.493750 0.485938 0.008594 0.019531
1 0.521094 0.463281 0.009375 0.020313
1 0.501563 0.466406 0.007031 0.019531
