2 0.403125 0.792188 0.123438 0.088281
2 0.580469 0.296094 0.112500 0.092188
2 0.730469 0.228906 0.188281 0.128906
2 0.920312 0.142187 0.159375 0.125781
2 0.232813 0.717187 0.082031 0.041406
2 0.325000 0.415625 0.069531 0.047656
2 0.373437 0.393750 0.087500 0.055469
2 0.621094 0.899219 0.175781 0.180469
1 0.310156 0.603906 0.022656 0.014844
1 0.292187 0.602344 0.026562 0.015625
1 0.296875 0.590625 0.027344 0.010937
1 0.264844 0.603906 0.019531 0.014063
1 0.277344 0.602344 0.006250 0.014063
2 0.864844 0.935937 0.185156 0.125781
2 0.477344 0.603906 0.135156 0.040625
1 0.709375 0.450000 0.080469 0.127344
1 0.715625 0.569531 0.084375 0.126562
1 0.643750 0.572656 0.065625 0.114844
1 0.585156 0.574219 0.055469 0.105469
1 0.639844 0.463281 0.064844 0.115625
1 0.511719 0.144531 0.065625 0.122656
1 0.462500 0.149219 0.032813 0.076563
1 0.403906 0.198437 0.025781 0.064844
1 0.431250 0.175781 0.028906 0.070312
1 0.444531 0.121094 0.052344 0.085938
1 0.405469 0.146094 0.025781 0.079687
1 0.380469 0.169531 0.023438 0.075781
1 0.359375 0.190625 0.021094 0.071094
1 0.379688 0.219531 0.023438 0.059375
1 0.357812 0.237500 0.021094 0.056250
1 0.337500 0.253906 0.020313 0.055469
1 0.310156 0.269531 0.037500 0.043750
1 0.284375 0.282813 0.014844 0.044531
1 0.271094 0.295312 0.014063 0.041406
1 0.258594 0.305469 0.012500 0.039062
1 0.246875 0.316406 0.012500 0.039062
1 0.235937 0.326562 0.011719 0.035937
1 0.225781 0.335938 0.010937 0.034375
1 0.299219 0.423438 0.032813 0.046875
1 0.275781 0.429688 0.015625 0.049219
1 0.262500 0.436719 0.014844 0.046094
1 0.282813 0.393750 0.050781 0.050781
1 0.250000 0.442188 0.012500 0.044531
1 0.238281 0.448437 0.012500 0.041406
1 0.227344 0.453906 0.011719 0.040625
1 0.217188 0.458594 0.011719 0.038281
1 0.252344 0.402344 0.012500 0.049219
1 0.240625 0.409375 0.012500 0.047656
1 0.228906 0.415625 0.011719 0.046094
2 0.618750 0.674219 0.043750 0.017969
2 0.970313 0.468750 0.059375 0.028125
2 0.494531 0.601562 0.002344 0.005469
2 0.764844 0.497656 0.029687 0.015625
2 0.815625 0.490625 0.065625 0.020313
2 0.838281 0.699219 0.072656 0.027344
2 0.660156 0.678906 0.047656 0.020313
2 0.490625 0.659375 0.035937 0.012500
2 0.575000 0.519531 0.017969 0.012500
2 0.597656 0.516406 0.025781 0.014063
2 0.720313 0.685937 0.053125 0.023438
1 0.991406 0.588281 0.014844 0.042188
1 0.521875 0.582812 0.022656 0.003906
2 0.934375 0.709375 0.092188 0.032031
2 0.985156 0.715625 0.029687 0.026562
2 0.924219 0.602344 0.089063 0.014844
1 0.832812 0.589063 0.029687 0.035937
1 0.805469 0.589844 0.026562 0.035156
1 0.780469 0.589844 0.025781 0.035156
1 0.802344 0.553906 0.028906 0.035937
1 0.756250 0.556250 0.006250 0.034375
1 0.758594 0.589844 0.006250 0.032813
1 0.544531 0.517188 0.014844 0.025781
1 0.532031 0.518750 0.010937 0.022656
1 0.528906 0.496875 0.007812 0.021094
1 0.507031 0.522656 0.007812 0.022656
1 0.497656 0.524219 0.009375 0.022656
1 0.486719 0.524219 0.009375 0.021094
1 0.477344 0.525781 0.009375 0.022656
1 0.507031 0.500781 0.007812 0.022656
1 0.497656 0.502344 0.009375 0.023438
1 0.487500 0.503906 0.009375 0.022656
1 0.544531 0.444531 0.014063 0.023438
1 0.531250 0.447656 0.011719 0.024219
1 0.506250 0.453906 0.006250 0.022656
1 0.497656 0.455469 0.010937 0.022656
1 0.487500 0.459375 0.009375 0.022656
1 0.477344 0.460938 0.008594 0.021094
1 0.633594 0.403906 0.020313 0.023438
1 0.615625 0.409375 0.014844 0.023438
1 0.600781 0.415625 0.014063 0.027344
1 0.586719 0.419531 0.014063 0.026562
1 0.600781 0.440625 0.014844 0.026562
1 0.586719 0.443750 0.014063 0.025781
1 0.573438 0.446875 0.012500 0.025781
