3 0.057813 0.895312 0.115625 0.207813
2 0.427344 0.589844 0.061719 0.069531
2 0.948438 0.456250 0.103125 0.085156
2 0.876563 0.449219 0.119531 0.082812
2 0.551562 0.418750 0.058594 0.085938
2 0.617969 0.423438 0.074219 0.078906
2 0.694531 0.437500 0.087500 0.065625
2 0.225781 0.560156 0.074219 0.060937
2 0.335938 0.403906 0.077344 0.079687
2 0.389844 0.409375 0.073438 0.082031
2 0.549219 0.609375 0.056250 0.076563
1 0.892188 0.565625 0.070312 0.082812
1 0.310937 0.490625 0.019531 0.026562
1 0.292187 0.496094 0.020313 0.028906
1 0.283594 0.480469 0.020313 0.034375
1 0.247656 0.485156 0.021094 0.027344
1 0.268750 0.478906 0.020313 0.026562
2 0.733594 0.635938 0.075781 0.080469
2 0.625781 0.621094 0.062500 0.078906
2 0.796094 0.644531 0.078906 0.082812
2 0.857812 0.653906 0.085156 0.084375
2 0.478906 0.527344 0.056250 0.085938
1 0.825000 0.557813 0.041406 0.065625
1 0.793750 0.548438 0.044531 0.077344
1 0.762500 0.544531 0.049219 0.076563
1 0.800781 0.523438 0.059375 0.059375
1 0.600000 0.500781 0.029687 0.056250
1 0.596094 0.544531 0.028906 0.035156
1 0.571094 0.540625 0.027344 0.035156
1 0.545312 0.518750 0.026562 0.073438
1 0.573438 0.497656 0.029687 0.056250
1 0.497656 0.277344 0.034375 0.084375
1 0.467187 0.274219 0.038281 0.084375
1 0.400781 0.282813 0.035937 0.055469
1 0.434375 0.277344 0.037500 0.073438
1 0.432812 0.216406 0.044531 0.084375
1 0.400000 0.214844 0.044531 0.082812
1 0.367188 0.212500 0.047656 0.082812
1 0.336719 0.210938 0.050000 0.082031
1 0.370312 0.280469 0.035937 0.055469
1 0.339844 0.278125 0.037500 0.053906
1 0.310937 0.263281 0.038281 0.079687
1 0.248438 0.237500 0.064844 0.079687
1 0.213281 0.235937 0.056250 0.078906
1 0.184375 0.234375 0.058594 0.078906
1 0.157031 0.232813 0.060937 0.077344
1 0.128906 0.230469 0.061719 0.076563
1 0.101562 0.228906 0.062500 0.076563
1 0.075781 0.226562 0.064062 0.076563
1 0.279687 0.378906 0.053125 0.073438
1 0.250000 0.377344 0.046875 0.073438
1 0.219531 0.390625 0.035937 0.042188
1 0.217969 0.334375 0.061719 0.071094
1 0.194531 0.387500 0.037500 0.042188
1 0.169531 0.384375 0.037500 0.041406
1 0.145313 0.382812 0.037500 0.041406
1 0.121094 0.371094 0.038281 0.057813
1 0.185938 0.332813 0.050000 0.071094
1 0.160938 0.329688 0.050781 0.070312
1 0.134375 0.327344 0.052344 0.070312
2 0.746094 0.189844 0.046875 0.026562
2 0.707812 0.187500 0.046094 0.026562
2 0.526563 0.256250 0.002344 0.027344
2 0.552344 0.182812 0.028906 0.027344
2 0.584375 0.184375 0.035156 0.025781
2 0.622656 0.187500 0.038281 0.022656
2 0.444531 0.177344 0.030469 0.023438
2 0.471094 0.180469 0.032031 0.026562
1 0.699219 0.260937 0.025781 0.035937
2 0.660937 0.262500 0.037500 0.025781
1 0.620313 0.253906 0.014844 0.034375
1 0.606250 0.253906 0.014844 0.032813
1 0.592969 0.252344 0.015625 0.034375
1 0.608594 0.229687 0.017188 0.034375
1 0.576562 0.227344 0.014844 0.034375
1 0.575000 0.256250 0.014063 0.023438
1 0.562500 0.255469 0.014063 0.023438
1 0.549219 0.249219 0.014063 0.034375
1 0.562500 0.226562 0.014844 0.034375
1 0.412500 0.162500 0.019531 0.023438
1 0.398438 0.161719 0.017969 0.023438
1 0.383594 0.165625 0.014063 0.014063
1 0.384375 0.140625 0.021094 0.032813
1 0.369531 0.164062 0.014063 0.014063
1 0.357031 0.163281 0.014063 0.014063
1 0.344531 0.163281 0.014063 0.014063
1 0.330469 0.161719 0.014844 0.027344
1 0.369531 0.140625 0.019531 0.032813
1 0.355469 0.139844 0.020313 0.032813
1 0.342187 0.139063 0.019531 0.032031
1 0.407031 0.085156 0.020313 0.034375
1 0.392188 0.085156 0.020313 0.034375
1 0.377344 0.084375 0.019531 0.034375
1 0.364063 0.084375 0.021094 0.034375
1 0.350781 0.082812 0.020313 0.034375
1 0.335938 0.082812 0.021094 0.034375
1 0.323437 0.082812 0.021094 0.032813
1 0.532813 0.111719 0.005469 0.014844
1 0.511719 0.100781 0.012500 0.035156
1 0.482812 0.102344 0.014063 0.029687
1 0.497656 0.103125 0.014063 0.029687
1 0.497656 0.070312 0.017188 0.034375
1 0.482812 0.069531 0.017188 0.035156
1 0.467969 0.069531 0.017188 0.035156
1 0.453906 0.068750 0.017969 0.035156
1 0.467969 0.101562 0.014844 0.028906
1 0.453125 0.101562 0.014844 0.028906
1 0.439063 0.097656 0.014844 0.034375
2 0.822656 0.389844 0.059375 0.041406
