3 0.701562 0.939844 0.157031 0.118750
2 0.950781 0.899219 0.097656 0.150000
2 0.824219 0.394531 0.042969 0.020313
2 0.840625 0.408594 0.054688 0.028125
2 0.997656 0.831250 0.003906 0.019531
2 0.965625 0.768750 0.067969 0.115625
2 0.947656 0.689063 0.103906 0.083594
2 0.935156 0.505469 0.111719 0.060937
2 0.907031 0.469531 0.088281 0.038281
2 0.884375 0.445312 0.067969 0.028125
2 0.992969 0.597656 0.012500 0.034375
2 0.889062 0.720313 0.082031 0.089063
1 0.814063 0.466406 0.016406 0.032031
1 0.814844 0.484375 0.008594 0.032031
1 0.832031 0.492969 0.035156 0.034375
1 0.839844 0.505469 0.039844 0.041406
1 0.837500 0.468750 0.036719 0.039062
1 0.888281 0.541406 0.039844 0.048438
1 0.868750 0.577344 0.014844 0.049219
1 0.878906 0.593750 0.017188 0.051562
1 0.913281 0.618750 0.066406 0.069531
1 0.907813 0.562500 0.060937 0.064062
1 0.979688 0.379688 0.039844 0.063281
1 0.989844 0.388281 0.019531 0.066406
2 0.793750 0.532031 0.015625 0.028125
2 0.800000 0.554688 0.011719 0.031250
2 0.859375 0.652344 0.067969 0.067969
2 0.827344 0.583594 0.049219 0.043750
2 0.458594 0.665625 0.057813 0.069531
2 0.565625 0.367969 0.029687 0.016406
2 0.557813 0.375000 0.032031 0.018750
2 0.501563 0.425781 0.052344 0.031250
2 0.515625 0.410938 0.045312 0.025000
2 0.533594 0.400000 0.032813 0.024219
2 0.279687 0.957031 0.092969 0.083594
2 0.425781 0.506250 0.072656 0.060156
2 0.453125 0.478906 0.065625 0.050000
2 0.506250 0.583594 0.044531 0.046875
1 0.567969 0.426563 0.013281 0.026562
1 0.375781 0.675781 0.025781 0.029687
1 0.368750 0.700781 0.027344 0.035937
1 0.344531 0.708594 0.028906 0.046875
1 0.309375 0.771875 0.033594 0.044531
1 0.325000 0.735938 0.030469 0.039844
2 0.548438 0.513281 0.028906 0.026562
2 0.528125 0.550781 0.034375 0.034375
2 0.563281 0.496875 0.014063 0.023438
2 0.571094 0.482812 0.013281 0.021094
2 0.485156 0.545312 0.057031 0.048438
1 0.562500 0.438281 0.003906 0.025000
1 0.551562 0.443750 0.017969 0.025781
1 0.546875 0.446875 0.021094 0.029687
1 0.551562 0.421094 0.020313 0.025781
1 0.521094 0.464062 0.014844 0.035156
1 0.525781 0.491406 0.005469 0.033594
1 0.519531 0.500000 0.006250 0.035156
1 0.502344 0.506250 0.028125 0.041406
1 0.509375 0.471094 0.027344 0.036719
1 0.495312 0.338281 0.017969 0.040625
1 0.490625 0.342969 0.008594 0.042969
1 0.470313 0.351562 0.011719 0.045312
1 0.481250 0.346875 0.010156 0.043750
1 0.467969 0.306250 0.035156 0.043750
1 0.457813 0.308594 0.035156 0.046094
1 0.442969 0.310937 0.041406 0.049219
1 0.427344 0.313281 0.047656 0.053125
1 0.457813 0.356250 0.013281 0.048438
1 0.444531 0.361719 0.014844 0.051562
1 0.415625 0.367188 0.044531 0.058594
1 0.365625 0.361719 0.060156 0.069531
1 0.339844 0.369531 0.065625 0.076563
1 0.308594 0.378906 0.075000 0.084375
1 0.272656 0.390625 0.085156 0.093750
1 0.228906 0.404687 0.097656 0.105469
1 0.175000 0.421094 0.113281 0.120313
1 0.113281 0.442969 0.124219 0.139844
1 0.376563 0.526563 0.050781 0.078906
1 0.366406 0.546875 0.028906 0.083594
1 0.341406 0.576562 0.032031 0.080469
1 0.317969 0.511719 0.071094 0.091406
1 0.310937 0.603906 0.039844 0.089844
1 0.274219 0.637500 0.047656 0.100781
1 0.229687 0.678125 0.058594 0.114062
1 0.162500 0.714063 0.100000 0.160156
1 0.285156 0.534375 0.078906 0.101562
1 0.245312 0.561719 0.089844 0.115625
1 0.197656 0.594531 0.103906 0.133594
2 0.008594 0.597656 0.017188 0.035937
2 0.187500 0.520312 0.047656 0.025781
2 0.230469 0.497656 0.037500 0.019531
2 0.268750 0.478125 0.029687 0.015625
2 0.353125 0.478125 0.024219 0.021094
2 0.021875 0.692187 0.043750 0.059375
1 0.049219 0.560937 0.012500 0.046875
2 0.371094 0.465625 0.032031 0.017969
2 0.392188 0.455469 0.021094 0.017969
2 0.403906 0.446094 0.013281 0.014063
1 0.025781 0.457031 0.021094 0.040625
1 0.016406 0.416406 0.025781 0.046094
1 0.082031 0.324219 0.044531 0.040625
1 0.055469 0.327344 0.042188 0.043750
1 0.039844 0.328906 0.011719 0.040625
1 0.002344 0.332813 0.004687 0.043750
1 0.252344 0.317969 0.025781 0.028906
1 0.241406 0.319531 0.018750 0.030469
1 0.208594 0.324219 0.021094 0.030469
1 0.225781 0.321875 0.019531 0.029687
1 0.221875 0.293750 0.020313 0.029687
1 0.200000 0.294531 0.030469 0.031250
1 0.181250 0.296094 0.032031 0.032031
1 0.158594 0.296875 0.039844 0.034375
1 0.189844 0.327344 0.022656 0.032031
1 0.170313 0.329688 0.024219 0.033594
1 0.142187 0.331250 0.041406 0.036719
2 0.694531 0.508594 0.043750 0.025781
2 0.471875 0.425781 0.022656 0.013281
