3 0.550781 0.694531 0.303125 0.608594
2 0.844531 0.446094 0.014844 0.014844
2 0.864844 0.439844 0.037500 0.018750
2 0.977344 0.577344 0.044531 0.038281
2 0.953906 0.404687 0.091406 0.039062
2 0.918750 0.418750 0.052344 0.026562
2 0.888281 0.428906 0.010156 0.015625
2 0.958594 0.699219 0.081250 0.060156
1 0.856250 0.525000 0.010937 0.028125
1 0.859375 0.528125 0.004687 0.031250
1 0.875781 0.528906 0.027344 0.032031
1 0.889062 0.531250 0.042969 0.035937
1 0.882031 0.496094 0.040625 0.033594
1 0.919531 0.496094 0.010156 0.046094
1 0.919531 0.542969 0.010156 0.046875
1 0.930469 0.545312 0.011719 0.050000
1 0.967969 0.547656 0.062500 0.053125
1 0.960938 0.496094 0.072656 0.050781
1 0.973437 0.213281 0.017969 0.067969
1 0.991406 0.192969 0.016406 0.069531
2 0.844531 0.605469 0.010156 0.019531
2 0.854688 0.615625 0.011719 0.021875
2 0.935937 0.660937 0.094531 0.040625
2 0.877344 0.628906 0.035156 0.028125
2 0.468750 0.646094 0.025000 0.034375
2 0.592969 0.459375 0.013281 0.008594
2 0.588281 0.458594 0.004687 0.006250
2 0.167187 0.799219 0.160938 0.132031
2 0.414844 0.415625 0.066406 0.029687
2 0.457031 0.424219 0.041406 0.025000
2 0.511719 0.615625 0.049219 0.028125
1 0.349219 0.563281 0.025000 0.017969
1 0.335938 0.566406 0.026562 0.020313
1 0.310156 0.562500 0.027344 0.032031
1 0.263281 0.578906 0.031250 0.023438
1 0.285938 0.571875 0.028906 0.021094
2 0.525781 0.602344 0.021094 0.011719
2 0.489063 0.541406 0.049219 0.017969
1 0.532813 0.496875 0.006250 0.028906
1 0.532813 0.525781 0.007031 0.028906
1 0.525781 0.526563 0.007031 0.029687
1 0.507031 0.527344 0.028906 0.032031
1 0.514844 0.496094 0.028125 0.029687
1 0.500000 0.338281 0.010156 0.035937
1 0.489063 0.331250 0.010156 0.036719
1 0.464844 0.315625 0.012500 0.041406
1 0.477344 0.323437 0.011719 0.039844
1 0.477344 0.289062 0.011719 0.043750
1 0.464844 0.278906 0.012500 0.046875
1 0.451562 0.267969 0.014063 0.050781
1 0.423438 0.255469 0.039844 0.053906
1 0.451562 0.306250 0.014063 0.043750
1 0.435937 0.296094 0.014844 0.046875
1 0.407031 0.283594 0.042969 0.050781
1 0.370312 0.230469 0.024219 0.061719
1 0.344531 0.210938 0.027344 0.067969
1 0.314844 0.189062 0.031250 0.074219
1 0.279687 0.164062 0.036719 0.081250
1 0.239063 0.133594 0.042969 0.092969
1 0.191406 0.097656 0.052344 0.104688
1 0.121875 0.057031 0.084375 0.114062
1 0.368750 0.388281 0.024219 0.056250
1 0.342187 0.380469 0.027344 0.060937
1 0.312500 0.371875 0.031250 0.065625
1 0.312500 0.313281 0.032031 0.071094
1 0.277344 0.361719 0.037500 0.071094
1 0.236719 0.349219 0.043750 0.078906
1 0.187500 0.334375 0.053125 0.089063
1 0.121094 0.316406 0.079687 0.100781
1 0.277344 0.298438 0.037500 0.078906
1 0.236719 0.280469 0.043750 0.088281
1 0.175781 0.258594 0.075781 0.099219
2 0.028906 0.543750 0.057813 0.018750
2 0.211719 0.532031 0.056250 0.014844
2 0.252344 0.528906 0.049219 0.014063
2 0.289062 0.526563 0.042188 0.010937
2 0.319531 0.458594 0.036719 0.010156
2 0.346094 0.460938 0.028906 0.009375
2 0.376563 0.464062 0.014844 0.007031
2 0.017969 0.641406 0.035156 0.030469
2 0.206250 0.448437 0.052344 0.014844
2 0.248438 0.451562 0.033594 0.014063
1 0.108594 0.529687 0.043750 0.033594
2 0.387500 0.519531 0.013281 0.006250
1 0.376563 0.515625 0.008594 0.018750
1 0.370312 0.515625 0.002344 0.018750
1 0.355469 0.516406 0.010156 0.019531
1 0.362500 0.496094 0.017969 0.018750
1 0.345313 0.496875 0.009375 0.019531
1 0.345313 0.517969 0.009375 0.020313
1 0.335156 0.517969 0.010156 0.020313
1 0.319531 0.517969 0.021094 0.021094
1 0.329688 0.496094 0.020313 0.020313
1 0.162500 0.435156 0.021875 0.031250
1 0.139844 0.432031 0.022656 0.033594
1 0.114844 0.430469 0.025000 0.034375
1 0.114844 0.409375 0.025000 0.013281
1 0.091406 0.428125 0.021094 0.033594
1 0.024219 0.420312 0.025781 0.039062
1 0.005469 0.417969 0.010937 0.038281
1 0.093750 0.406250 0.017188 0.011719
1 0.021875 0.383594 0.030469 0.040625
1 0.025000 0.306250 0.022656 0.040625
1 0.006250 0.300781 0.012500 0.039062
2 0.725000 0.578906 0.049219 0.017969
