3 0.556250 0.877344 0.112500 0.242188
2 0.812500 0.817187 0.067187 0.109375
2 0.785156 0.412500 0.027344 0.020313
2 0.792188 0.428906 0.034375 0.028906
2 0.842187 0.809375 0.058594 0.117969
2 0.830469 0.724219 0.067969 0.082031
2 0.810937 0.667969 0.046875 0.064062
2 0.821094 0.530469 0.061719 0.055469
2 0.812500 0.496094 0.047656 0.035156
2 0.807813 0.474219 0.035937 0.034375
2 0.884375 0.687500 0.103125 0.087500
2 0.865625 0.634375 0.091406 0.074219
2 0.782031 0.685937 0.023438 0.060937
1 0.775000 0.474219 0.009375 0.026562
1 0.772656 0.492969 0.005469 0.026562
1 0.778906 0.501563 0.015625 0.026562
1 0.782813 0.514062 0.021094 0.034375
1 0.780469 0.480469 0.012500 0.030469
1 0.792969 0.553906 0.009375 0.034375
1 0.787500 0.580469 0.006250 0.037500
1 0.789062 0.593750 0.006250 0.038281
1 0.803906 0.614062 0.032031 0.049219
1 0.800781 0.568750 0.017969 0.046094
1 0.842187 0.446094 0.022656 0.047656
1 0.844531 0.459375 0.015625 0.050781
1 0.857031 0.487500 0.015625 0.057813
1 0.850000 0.472656 0.014844 0.053125
1 0.884375 0.428906 0.067187 0.053906
1 0.889062 0.442188 0.062500 0.058594
1 0.903125 0.457031 0.074219 0.062500
1 0.919531 0.479687 0.087500 0.080469
1 0.865625 0.503906 0.017969 0.060937
1 0.875000 0.522656 0.020313 0.065625
1 0.918750 0.546875 0.090625 0.080469
1 0.953125 0.582812 0.091406 0.091406
1 0.961719 0.617188 0.076563 0.100781
1 0.971094 0.658594 0.057813 0.112500
1 0.982031 0.708594 0.035937 0.129688
1 0.996875 0.772656 0.006250 0.026562
1 0.905469 0.751563 0.076563 0.088281
1 0.897656 0.796094 0.038281 0.097656
1 0.907813 0.849219 0.032813 0.107813
1 0.937500 0.792188 0.059375 0.108594
1 0.925781 0.910937 0.039062 0.121094
1 0.949219 0.958594 0.046875 0.080469
1 0.959375 0.852344 0.069531 0.124219
1 0.973437 0.927344 0.053125 0.143750
1 0.985938 0.966406 0.027344 0.064844
2 0.758594 0.530469 0.006250 0.026562
2 0.760938 0.550781 0.003906 0.027344
2 0.774219 0.630469 0.017969 0.044531
2 0.768750 0.576562 0.015625 0.035937
2 0.465625 0.625781 0.044531 0.053906
2 0.567187 0.374219 0.025781 0.017969
2 0.558594 0.382812 0.029687 0.019531
2 0.503125 0.439063 0.042188 0.030469
2 0.516406 0.423438 0.037500 0.025781
2 0.533594 0.410938 0.028906 0.024219
2 0.334375 0.834375 0.076563 0.111719
2 0.437500 0.512500 0.056250 0.049219
2 0.460156 0.489844 0.050000 0.043750
2 0.507812 0.564063 0.035937 0.038281
1 0.567187 0.425000 0.014063 0.024219
1 0.403906 0.631250 0.017188 0.020313
1 0.399219 0.647656 0.017969 0.024219
1 0.383594 0.651563 0.017969 0.030469
1 0.362500 0.691406 0.020313 0.027344
1 0.371094 0.668750 0.020313 0.026562
2 0.547656 0.501563 0.028906 0.024219
2 0.525781 0.535937 0.032813 0.028906
2 0.562500 0.487500 0.012500 0.022656
2 0.570312 0.474219 0.012500 0.020313
2 0.488281 0.534375 0.044531 0.041406
1 0.561719 0.437500 0.003906 0.022656
1 0.550781 0.442969 0.017188 0.022656
1 0.546875 0.447656 0.019531 0.026562
1 0.551562 0.423438 0.017969 0.023438
1 0.521094 0.467187 0.012500 0.029687
1 0.524219 0.489844 0.005469 0.026562
1 0.518750 0.497656 0.005469 0.027344
1 0.503906 0.501563 0.022656 0.035156
1 0.510156 0.473438 0.022656 0.029687
1 0.496094 0.375000 0.014844 0.035156
1 0.492188 0.381250 0.007812 0.035156
1 0.474219 0.396094 0.009375 0.035937
1 0.484375 0.389062 0.008594 0.035156
1 0.474219 0.357031 0.028906 0.037500
1 0.464062 0.362500 0.029687 0.040625
1 0.453125 0.368750 0.032031 0.041406
1 0.444531 0.375000 0.028906 0.043750
1 0.464062 0.402344 0.009375 0.037500
1 0.453906 0.410156 0.011719 0.039062
1 0.431250 0.415625 0.035156 0.046875
1 0.398438 0.422656 0.039062 0.053125
1 0.382031 0.432812 0.042188 0.057813
1 0.364063 0.444531 0.044531 0.060937
1 0.343750 0.457031 0.049219 0.064844
1 0.321875 0.470313 0.052344 0.070312
1 0.296875 0.485938 0.057813 0.076563
1 0.269531 0.503906 0.060937 0.082031
1 0.405469 0.530469 0.032813 0.056250
1 0.399219 0.546875 0.019531 0.057813
1 0.384375 0.567187 0.019531 0.052344
1 0.371875 0.526563 0.037500 0.059375
1 0.365625 0.585938 0.021094 0.053906
1 0.346094 0.605469 0.023438 0.059375
1 0.324219 0.628906 0.026562 0.062500
1 0.286719 0.645312 0.056250 0.085938
1 0.352344 0.542969 0.041406 0.064844
1 0.332031 0.561719 0.044531 0.070312
1 0.307812 0.580469 0.053125 0.074219
2 0.422656 0.347656 0.024219 0.014063
2 0.410938 0.352344 0.023438 0.014063
2 0.122656 0.570312 0.064844 0.050781
2 0.235937 0.498437 0.010937 0.017969
2 0.328906 0.388281 0.035156 0.019531
2 0.347656 0.379688 0.034375 0.019531
2 0.371094 0.371094 0.028906 0.017188
2 0.139063 0.632812 0.062500 0.056250
2 0.240625 0.429688 0.043750 0.027344
2 0.267188 0.416406 0.041406 0.026562
1 0.414062 0.392188 0.014844 0.014844
1 0.180469 0.528125 0.032031 0.041406
1 0.367188 0.401562 0.017188 0.020313
1 0.349219 0.409375 0.017969 0.015625
1 0.328906 0.428906 0.009375 0.005469
1 0.340625 0.415625 0.019531 0.021094
1 0.196094 0.436719 0.020313 0.035156
1 0.189062 0.444531 0.022656 0.037500
1 0.171875 0.453125 0.022656 0.032031
1 0.161719 0.424219 0.034375 0.038281
1 0.152344 0.461719 0.024219 0.034375
1 0.132812 0.471094 0.026562 0.035156
1 0.110156 0.480469 0.028906 0.037500
1 0.082812 0.485938 0.038281 0.046875
1 0.142187 0.432031 0.035156 0.040625
1 0.121094 0.439844 0.037500 0.041406
1 0.098437 0.448437 0.039062 0.043750
1 0.189062 0.358594 0.032813 0.034375
1 0.171094 0.363281 0.034375 0.035156
1 0.152344 0.367188 0.034375 0.037500
1 0.131250 0.373437 0.037500 0.038281
1 0.109375 0.378906 0.038281 0.039062
1 0.085938 0.384375 0.041406 0.041406
1 0.060156 0.391406 0.043750 0.044531
1 0.303906 0.335938 0.023438 0.025781
1 0.297656 0.339844 0.012500 0.026562
1 0.274219 0.347656 0.014844 0.025781
1 0.286719 0.344531 0.014063 0.024219
1 0.278906 0.320312 0.024219 0.025781
1 0.267188 0.323437 0.024219 0.027344
1 0.253906 0.327344 0.025781 0.028906
1 0.239063 0.329688 0.028906 0.029687
1 0.261719 0.351562 0.014844 0.026562
1 0.248438 0.355469 0.015625 0.026562
1 0.228906 0.357031 0.026562 0.030469
2 0.672656 0.505469 0.035156 0.025781
2 0.492188 0.415625 0.011719 0.011719
