3 0.311719 0.507031 0.043750 0.121094
2 0.064062 0.689063 0.100781 0.070312
2 0.167969 0.503906 0.055469 0.023438
2 0.079687 0.548438 0.094531 0.031250
2 0.050781 0.573438 0.100781 0.044531
2 0.028906 0.606250 0.057813 0.050781
2 0.173437 0.575000 0.053906 0.031250
2 0.083594 0.430469 0.084375 0.019531
2 0.050000 0.436719 0.099219 0.025000
1 0.005469 0.283594 0.010937 0.055469
1 0.042188 0.294531 0.024219 0.053906
1 0.019531 0.287500 0.028906 0.058594
1 0.014063 0.233594 0.028125 0.064062
1 0.036719 0.244531 0.025781 0.058594
1 0.057031 0.253906 0.022656 0.054688
1 0.074219 0.262500 0.019531 0.050781
1 0.061719 0.300781 0.021875 0.049219
1 0.078125 0.305469 0.019531 0.046094
1 0.093750 0.310937 0.017188 0.043750
1 0.106250 0.303906 0.044531 0.040625
1 0.132812 0.309375 0.013281 0.036719
1 0.142969 0.313281 0.011719 0.035156
1 0.152344 0.316406 0.010156 0.033594
1 0.160156 0.319531 0.010156 0.031250
1 0.167969 0.321875 0.008594 0.029687
1 0.174219 0.325000 0.008594 0.029687
1 0.113281 0.415625 0.050000 0.034375
1 0.142187 0.414844 0.011719 0.033594
1 0.151562 0.414062 0.010156 0.031250
1 0.132812 0.381250 0.044531 0.032031
1 0.160156 0.413281 0.009375 0.029687
1 0.167969 0.411719 0.009375 0.029687
1 0.175000 0.410938 0.008594 0.028125
1 0.181250 0.410938 0.007812 0.026562
1 0.157812 0.382031 0.010156 0.030469
1 0.165625 0.382031 0.009375 0.029687
1 0.172656 0.382031 0.008594 0.028125
2 0.489844 0.601562 0.046094 0.039062
2 0.949219 0.533594 0.100000 0.107031
2 0.847656 0.503906 0.265625 0.101562
2 0.532031 0.434375 0.068750 0.024219
2 0.561719 0.440625 0.078906 0.029687
2 0.600781 0.451562 0.093750 0.039062
2 0.448437 0.537500 0.030469 0.021094
2 0.468750 0.421094 0.042969 0.014063
2 0.481250 0.423438 0.051562 0.016406
2 0.525000 0.668750 0.054688 0.064062
1 0.942187 0.915625 0.114844 0.166406
1 0.461719 0.495312 0.010156 0.009375
1 0.464844 0.487500 0.011719 0.008594
1 0.456250 0.487500 0.010937 0.008594
1 0.462500 0.487500 0.009375 0.004687
2 0.664062 0.908594 0.116406 0.176563
2 0.571875 0.739062 0.085156 0.084375
2 0.706250 0.970313 0.050781 0.057031
2 0.495312 0.538281 0.045312 0.034375
1 0.782031 0.771875 0.116406 0.169531
1 0.728906 0.732031 0.098437 0.124219
1 0.665625 0.689063 0.039062 0.117969
1 0.734375 0.640625 0.100781 0.129688
1 0.551562 0.521094 0.045312 0.056250
1 0.551562 0.568750 0.044531 0.056250
1 0.523438 0.558594 0.010156 0.051562
1 0.514062 0.548438 0.008594 0.050000
1 0.539844 0.513281 0.042188 0.053906
1 0.512500 0.310937 0.036719 0.042969
1 0.490625 0.315625 0.007031 0.039844
1 0.477344 0.323437 0.005469 0.035156
1 0.483594 0.319531 0.005469 0.036719
1 0.496875 0.283594 0.032813 0.041406
1 0.477344 0.289062 0.005469 0.039062
1 0.471875 0.293750 0.005469 0.035937
1 0.466406 0.298438 0.004687 0.035156
1 0.471875 0.326562 0.005469 0.032031
1 0.467187 0.328906 0.004687 0.030469
1 0.461719 0.331250 0.003906 0.029687
1 0.457031 0.325781 0.013281 0.026562
1 0.448437 0.328125 0.003906 0.025781
1 0.445312 0.330469 0.003125 0.025000
1 0.442188 0.332031 0.003125 0.024219
1 0.439063 0.334375 0.002344 0.021875
1 0.436719 0.335938 0.002344 0.021875
1 0.433594 0.337500 0.002344 0.021094
1 0.463281 0.404687 0.023438 0.016406
1 0.455469 0.404687 0.014844 0.016406
1 0.446094 0.409375 0.002344 0.024219
1 0.455469 0.383594 0.022656 0.025000
1 0.442969 0.408594 0.002344 0.024219
1 0.439844 0.407813 0.002344 0.023438
1 0.437500 0.407031 0.002344 0.021875
1 0.435156 0.407031 0.002344 0.021094
1 0.442969 0.384375 0.003125 0.024219
1 0.439844 0.384375 0.002344 0.023438
1 0.436719 0.384375 0.002344 0.021875
2 0.718750 0.554688 0.041406 0.024219
2 0.702344 0.478125 0.026562 0.006250
2 0.812500 0.421875 0.064844 0.014844
2 0.860156 0.425781 0.078125 0.017969
2 0.928125 0.430469 0.089844 0.021094
2 0.915625 0.642188 0.090625 0.050781
2 0.753906 0.568750 0.053906 0.028906
2 0.632812 0.513281 0.024219 0.014844
2 0.697656 0.414062 0.029687 0.010156
2 0.717969 0.416406 0.047656 0.011719
2 0.803906 0.591406 0.064844 0.035156
1 0.653125 0.460938 0.013281 0.010937
2 0.979688 0.675781 0.039062 0.042969
1 0.672656 0.404687 0.021875 0.016406
1 0.657031 0.405469 0.009375 0.017969
1 0.649219 0.405469 0.008594 0.017969
1 0.655469 0.385937 0.021094 0.019531
1 0.640625 0.405469 0.007812 0.017969
1 0.633594 0.405469 0.007031 0.017969
1 0.625781 0.405469 0.007031 0.017969
1 0.641406 0.385937 0.007812 0.019531
1 0.633594 0.385937 0.007031 0.018750
1 0.626563 0.385937 0.007031 0.018750
1 0.675781 0.340625 0.022656 0.021094
1 0.660156 0.341406 0.009375 0.021094
1 0.651563 0.343750 0.007812 0.020313
1 0.642969 0.344531 0.008594 0.020313
1 0.635938 0.345313 0.007812 0.020313
1 0.628125 0.346875 0.007031 0.019531
1 0.782031 0.334375 0.032813 0.030469
1 0.757812 0.335938 0.017188 0.029687
1 0.728906 0.340625 0.014844 0.026562
1 0.742969 0.339062 0.014844 0.028125
1 0.751563 0.311719 0.029687 0.028906
1 0.730469 0.314063 0.014063 0.028906
1 0.717187 0.317188 0.013281 0.026562
1 0.705469 0.319531 0.011719 0.025781
1 0.716406 0.342969 0.013281 0.025781
1 0.703906 0.343750 0.012500 0.025000
1 0.692969 0.345313 0.010937 0.024219
