3 0.047656 0.939063 0.095312 0.119531
2 0.425000 0.607812 0.058594 0.064062
2 0.903125 0.410938 0.107813 0.058594
2 0.835938 0.410938 0.103906 0.058594
2 0.550781 0.413281 0.056250 0.068750
2 0.610156 0.412500 0.072656 0.060156
2 0.679688 0.416406 0.080469 0.053125
2 0.204687 0.607031 0.081250 0.064062
2 0.332813 0.419531 0.075781 0.068750
2 0.389062 0.419531 0.068750 0.068750
2 0.548438 0.611719 0.057031 0.064844
1 0.855469 0.521094 0.061719 0.068750
1 0.300781 0.519531 0.015625 0.025781
1 0.282813 0.526563 0.021094 0.028906
1 0.271875 0.512500 0.021094 0.034375
1 0.233594 0.521875 0.022656 0.025781
1 0.256250 0.514062 0.021094 0.025781
2 0.721875 0.611719 0.074219 0.064844
2 0.621875 0.611719 0.064062 0.064844
2 0.782813 0.623437 0.063281 0.042969
2 0.836719 0.621094 0.066406 0.046875
2 0.478906 0.533594 0.050781 0.074219
1 0.800000 0.519531 0.034375 0.060156
1 0.770312 0.516406 0.042969 0.066406
1 0.744531 0.516406 0.044531 0.066406
1 0.775781 0.486719 0.053906 0.056250
1 0.596094 0.486719 0.028906 0.057031
1 0.592969 0.532813 0.027344 0.034375
1 0.568750 0.533594 0.025781 0.033594
1 0.543750 0.516406 0.027344 0.066406
1 0.569531 0.486719 0.031250 0.057031
1 0.497656 0.276562 0.030469 0.071875
1 0.466406 0.276562 0.032031 0.071875
1 0.403906 0.286719 0.034375 0.053125
1 0.435156 0.286719 0.032813 0.053125
1 0.434375 0.223438 0.039062 0.071875
1 0.401562 0.223438 0.039844 0.071875
1 0.370312 0.223438 0.042188 0.071875
1 0.339062 0.223438 0.045312 0.071875
1 0.373437 0.286719 0.035156 0.053125
1 0.342969 0.286719 0.036719 0.053125
1 0.312500 0.276562 0.038281 0.071875
1 0.245312 0.256250 0.063281 0.073438
1 0.209375 0.256250 0.056250 0.073438
1 0.178906 0.256250 0.058594 0.073438
1 0.147656 0.256250 0.061719 0.073438
1 0.117188 0.256250 0.064844 0.073438
1 0.086719 0.256250 0.067187 0.073438
1 0.056250 0.256250 0.069531 0.073438
1 0.272656 0.401562 0.052344 0.069531
1 0.242188 0.401562 0.047656 0.069531
1 0.209375 0.414844 0.038281 0.042969
1 0.208594 0.358594 0.061719 0.070312
1 0.182031 0.414844 0.039062 0.042969
1 0.153906 0.414844 0.040625 0.042969
1 0.126562 0.415625 0.040625 0.041406
1 0.099219 0.406250 0.042188 0.060156
1 0.175000 0.358594 0.053906 0.070312
1 0.146875 0.358594 0.056250 0.070312
1 0.118750 0.358594 0.058594 0.070312
2 0.459375 0.350781 0.029687 0.023438
2 0.696875 0.225781 0.041406 0.019531
2 0.664062 0.225781 0.040625 0.019531
2 0.524219 0.227344 0.026562 0.021094
2 0.553125 0.227344 0.032813 0.019531
2 0.587500 0.228125 0.035156 0.017969
2 0.582812 0.351562 0.032031 0.023438
2 0.488281 0.350781 0.028125 0.023438
2 0.339844 0.350000 0.036719 0.021875
2 0.457031 0.228906 0.007812 0.021094
2 0.525781 0.351562 0.028906 0.023438
1 0.660156 0.282031 0.021094 0.010156
2 0.618750 0.351562 0.033594 0.023438
2 0.650000 0.351562 0.032031 0.021875
2 0.678125 0.351562 0.033594 0.023438
1 0.589844 0.281250 0.012500 0.011719
1 0.575781 0.281250 0.014844 0.011719
1 0.563281 0.281250 0.014844 0.011719
1 0.576562 0.267969 0.016406 0.030469
1 0.547656 0.267969 0.013281 0.030469
1 0.525781 0.281250 0.005469 0.011719
1 0.535156 0.267969 0.013281 0.030469
1 0.359375 0.183594 0.018750 0.004687
1 0.316406 0.224219 0.007812 0.024219
1 0.307031 0.221094 0.016406 0.030469
1 0.345313 0.183594 0.017969 0.004687
1 0.332031 0.187500 0.018750 0.011719
1 0.318750 0.196094 0.019531 0.029687
1 0.382812 0.142969 0.020313 0.030469
1 0.367969 0.142969 0.017969 0.030469
1 0.353906 0.142969 0.018750 0.030469
1 0.339844 0.142969 0.019531 0.030469
1 0.325781 0.142969 0.019531 0.030469
1 0.311719 0.142969 0.019531 0.030469
1 0.297656 0.142969 0.021094 0.030469
1 0.498437 0.153125 0.013281 0.030469
1 0.484375 0.153125 0.014063 0.030469
1 0.456250 0.155469 0.014063 0.025781
1 0.470313 0.155469 0.014063 0.025781
1 0.470313 0.126562 0.014844 0.029687
1 0.456250 0.126562 0.014844 0.029687
1 0.441406 0.126562 0.015625 0.029687
1 0.427344 0.126562 0.015625 0.029687
1 0.442969 0.155469 0.014844 0.025781
1 0.428906 0.155469 0.014844 0.025781
1 0.414844 0.153125 0.014844 0.030469
2 0.768750 0.388281 0.032031 0.025000
