3 0.378906 0.735156 0.512500 0.527344
2 0.901563 0.436719 0.030469 0.015625
2 0.917188 0.432031 0.042188 0.019531
2 0.982031 0.403906 0.035937 0.035937
2 0.961719 0.415625 0.027344 0.027344
2 0.942969 0.423438 0.009375 0.017188
2 0.985938 0.739844 0.027344 0.058594
1 0.906250 0.526563 0.012500 0.032031
1 0.909375 0.532031 0.006250 0.035937
1 0.932813 0.534375 0.041406 0.038281
1 0.945312 0.539062 0.053906 0.044531
1 0.938281 0.498437 0.050781 0.037500
1 0.978906 0.507812 0.014063 0.055469
1 0.977344 0.562500 0.012500 0.058594
1 0.990625 0.567187 0.014844 0.061719
1 0.998437 0.569531 0.003125 0.060937
1 0.992188 0.509375 0.014844 0.058594
2 0.892969 0.616406 0.011719 0.024219
2 0.903125 0.630469 0.012500 0.027344
2 0.968750 0.693750 0.062500 0.050000
2 0.927344 0.649219 0.038281 0.035937
2 0.437500 0.654687 0.058594 0.046094
2 0.609375 0.449219 0.020313 0.009375
2 0.590625 0.448437 0.034375 0.011719
2 0.512500 0.439063 0.050000 0.015625
2 0.546094 0.442188 0.017188 0.014063
2 0.560156 0.444531 0.026562 0.012500
2 0.087500 0.835938 0.078906 0.123438
2 0.397656 0.419531 0.075781 0.026562
2 0.435937 0.425781 0.067969 0.023438
2 0.537500 0.616406 0.010937 0.020313
1 0.599219 0.510938 0.010937 0.022656
1 0.306250 0.573438 0.012500 0.008594
1 0.284375 0.564844 0.019531 0.012500
1 0.242188 0.601562 0.007812 0.009375
2 0.578125 0.587500 0.037500 0.019531
2 0.550781 0.603906 0.034375 0.023438
2 0.598437 0.579688 0.017969 0.017188
2 0.483594 0.543750 0.060937 0.023438
1 0.596094 0.514062 0.003906 0.023438
1 0.589844 0.514844 0.005469 0.023438
1 0.575781 0.515625 0.022656 0.024219
1 0.509375 0.527344 0.029687 0.035156
1 0.515625 0.507812 0.020313 0.006250
1 0.499219 0.330469 0.011719 0.037500
1 0.487500 0.324219 0.012500 0.039062
1 0.458594 0.310156 0.014844 0.043750
1 0.474219 0.317188 0.014063 0.041406
1 0.474219 0.280469 0.014063 0.046094
1 0.458594 0.271094 0.014844 0.049219
1 0.441406 0.260156 0.017188 0.052344
1 0.412500 0.249219 0.041406 0.055469
1 0.441406 0.300781 0.017188 0.046875
1 0.423438 0.291406 0.019531 0.049219
1 0.392188 0.280469 0.043750 0.053906
1 0.345313 0.228906 0.028906 0.064844
1 0.314063 0.211719 0.032813 0.070312
1 0.278906 0.191406 0.037500 0.076563
1 0.238281 0.167969 0.044531 0.085156
1 0.190625 0.140625 0.052344 0.096094
1 0.134375 0.107813 0.062500 0.107813
1 0.064062 0.069531 0.080469 0.123438
1 0.344531 0.396094 0.028906 0.057813
1 0.313281 0.389062 0.032813 0.061719
1 0.278906 0.383594 0.037500 0.067187
1 0.277344 0.321094 0.038281 0.072656
1 0.237500 0.375781 0.043750 0.073438
1 0.189844 0.366406 0.052344 0.079687
1 0.133594 0.355469 0.062500 0.089063
1 0.064062 0.342187 0.080469 0.100781
1 0.237500 0.309375 0.044531 0.079687
1 0.189062 0.294531 0.052344 0.088281
1 0.127344 0.275781 0.073438 0.099219
2 0.447656 0.457813 0.024219 0.007812
2 0.430469 0.457031 0.028906 0.007812
2 0.047656 0.542188 0.072656 0.023438
2 0.230469 0.527344 0.047656 0.015625
2 0.267188 0.522656 0.046875 0.014063
2 0.303125 0.520312 0.040625 0.012500
2 0.329688 0.451562 0.027344 0.009375
2 0.363281 0.453125 0.017969 0.008594
2 0.392188 0.455469 0.014844 0.008594
2 0.372656 0.563281 0.003125 0.005469
2 0.041406 0.629687 0.055469 0.029687
2 0.221875 0.446094 0.047656 0.012500
2 0.261719 0.446875 0.034375 0.012500
1 0.433594 0.505469 0.015625 0.011719
1 0.128906 0.525781 0.041406 0.032813
2 0.412500 0.510156 0.030469 0.007812
1 0.391406 0.507031 0.008594 0.017969
1 0.385937 0.507812 0.003125 0.017969
1 0.359375 0.488281 0.010937 0.019531
1 0.357812 0.505469 0.005469 0.012500
1 0.350000 0.510156 0.010937 0.020313
1 0.335938 0.510156 0.014844 0.022656
1 0.346094 0.489063 0.019531 0.020313
1 0.178906 0.441406 0.021094 0.014844
1 0.157031 0.440625 0.022656 0.015625
1 0.133594 0.439063 0.024219 0.015625
1 0.107813 0.437500 0.026562 0.017188
1 0.080469 0.435937 0.027344 0.017969
1 0.051562 0.434375 0.030469 0.017188
1 0.025000 0.432812 0.022656 0.017969
1 0.015625 0.309375 0.019531 0.039062
2 0.752344 0.582812 0.053906 0.022656
