2 0.419531 0.657813 0.060937 0.050000
2 0.790625 0.420312 0.053906 0.014844
2 0.742188 0.420312 0.071094 0.014844
2 0.539062 0.423438 0.056250 0.017188
2 0.592187 0.423438 0.050781 0.017188
2 0.643750 0.424219 0.053125 0.015625
2 0.135156 0.693750 0.112500 0.064062
2 0.339844 0.421875 0.060937 0.020313
2 0.397656 0.422656 0.055469 0.019531
2 0.547656 0.643750 0.058594 0.044531
1 0.775000 0.517969 0.041406 0.038281
1 0.287500 0.558594 0.019531 0.019531
1 0.264844 0.562500 0.021094 0.020313
1 0.250000 0.555469 0.021094 0.029687
1 0.202344 0.565625 0.024219 0.020313
1 0.230469 0.559375 0.022656 0.019531
2 0.694531 0.625781 0.067969 0.034375
2 0.611719 0.637500 0.065625 0.037500
2 0.743750 0.624219 0.053125 0.026562
2 0.782813 0.618750 0.052344 0.026562
2 0.480469 0.549219 0.053906 0.035937
1 0.740625 0.520312 0.017969 0.038281
1 0.714063 0.521094 0.035937 0.040625
1 0.699219 0.521875 0.032031 0.041406
1 0.714063 0.485938 0.037500 0.038281
1 0.578125 0.491406 0.030469 0.042188
1 0.582812 0.532031 0.021094 0.040625
1 0.562500 0.534375 0.020313 0.040625
1 0.535937 0.531250 0.029687 0.046094
1 0.557813 0.492188 0.032031 0.043750
1 0.497656 0.295312 0.023438 0.043750
1 0.473438 0.293750 0.023438 0.044531
1 0.422656 0.289062 0.026562 0.044531
1 0.448437 0.291406 0.024219 0.044531
1 0.449219 0.246875 0.025781 0.046875
1 0.422656 0.244531 0.025781 0.049219
1 0.396094 0.242188 0.027344 0.049219
1 0.367969 0.239063 0.027344 0.050000
1 0.396094 0.287500 0.026562 0.044531
1 0.370312 0.285156 0.027344 0.046875
1 0.342187 0.282813 0.028906 0.046875
1 0.277344 0.257812 0.041406 0.050000
1 0.240625 0.253906 0.034375 0.050781
1 0.207813 0.250781 0.034375 0.050781
1 0.174219 0.248438 0.035156 0.052344
1 0.139844 0.245312 0.037500 0.053906
1 0.103906 0.242188 0.038281 0.053906
1 0.067187 0.239063 0.040625 0.055469
1 0.280469 0.407813 0.041406 0.049219
1 0.244531 0.407813 0.032813 0.049219
1 0.211719 0.407813 0.034375 0.049219
1 0.217188 0.357812 0.050000 0.050000
1 0.178906 0.407031 0.035156 0.050000
1 0.145313 0.407031 0.037500 0.050000
1 0.110937 0.406250 0.037500 0.050781
1 0.075000 0.405469 0.039062 0.053125
1 0.176563 0.356250 0.035937 0.050781
1 0.142969 0.354687 0.037500 0.052344
1 0.107813 0.353906 0.038281 0.053906
2 0.408594 0.540625 0.008594 0.014063
2 0.285938 0.492188 0.037500 0.012500
2 0.385937 0.489063 0.030469 0.012500
2 0.416406 0.488281 0.028906 0.012500
2 0.445312 0.487500 0.024219 0.012500
2 0.475781 0.427344 0.023438 0.007812
2 0.499219 0.427344 0.022656 0.007812
2 0.446094 0.538281 0.020313 0.014844
2 0.287500 0.547656 0.035156 0.015625
2 0.389062 0.427344 0.006250 0.007812
2 0.410156 0.427344 0.009375 0.007812
2 0.477344 0.535156 0.026562 0.010937
1 0.589063 0.477344 0.015625 0.019531
1 0.325781 0.485938 0.024219 0.022656
2 0.596875 0.530469 0.006250 0.010937
2 0.609375 0.528906 0.026562 0.011719
1 0.532813 0.478906 0.010937 0.020313
1 0.522656 0.479687 0.007812 0.019531
1 0.510156 0.480469 0.003125 0.020313
1 0.523438 0.460938 0.008594 0.019531
1 0.496094 0.460938 0.012500 0.019531
1 0.496875 0.480469 0.010937 0.017969
1 0.485938 0.480469 0.010937 0.019531
1 0.474219 0.480469 0.012500 0.020313
1 0.485156 0.460938 0.012500 0.020313
1 0.352344 0.421094 0.014844 0.020313
1 0.327344 0.399219 0.012500 0.021094
1 0.311719 0.399219 0.003906 0.021094
1 0.300000 0.399219 0.002344 0.021094
1 0.352344 0.353906 0.014844 0.021094
1 0.337500 0.353906 0.012500 0.021094
1 0.325000 0.353125 0.011719 0.021094
1 0.310937 0.353125 0.003906 0.021094
1 0.295312 0.352344 0.009375 0.021094
1 0.283594 0.351562 0.014063 0.022656
1 0.269531 0.351562 0.014063 0.022656
1 0.453906 0.367188 0.011719 0.019531
1 0.440625 0.366406 0.011719 0.020313
1 0.417187 0.366406 0.011719 0.020313
1 0.430469 0.365625 0.011719 0.019531
1 0.428906 0.347656 0.011719 0.015625
1 0.417187 0.347656 0.011719 0.015625
1 0.404687 0.346094 0.011719 0.015625
1 0.392969 0.346094 0.011719 0.017188
1 0.405469 0.366406 0.012500 0.020313
1 0.393750 0.365625 0.012500 0.020313
1 0.380469 0.364844 0.012500 0.021094
2 0.673438 0.525781 0.006250 0.011719
