3 0.036719 0.666406 0.073438 0.292187
2 0.432812 0.622656 0.070312 0.067969
2 0.952344 0.463281 0.094531 0.068750
2 0.557031 0.414062 0.075000 0.050781
2 0.625000 0.423438 0.085156 0.054688
2 0.723437 0.438281 0.103125 0.056250
2 0.267188 0.559375 0.064844 0.048438
2 0.362500 0.390625 0.077344 0.038281
2 0.405469 0.396094 0.077344 0.041406
2 0.556250 0.674219 0.073438 0.086719
1 0.339844 0.493750 0.019531 0.017969
1 0.323437 0.494531 0.020313 0.020313
1 0.319531 0.482812 0.019531 0.025000
1 0.292187 0.483594 0.019531 0.018750
1 0.309375 0.482031 0.019531 0.018750
2 0.814063 0.771875 0.117969 0.126562
2 0.650781 0.710938 0.078906 0.100781
2 0.929688 0.822656 0.132812 0.125000
2 0.985156 0.842187 0.028125 0.095312
2 0.482812 0.543750 0.071094 0.067969
1 0.943750 0.646094 0.066406 0.104688
1 0.886719 0.629687 0.071094 0.107031
1 0.836719 0.617969 0.071094 0.101562
1 0.894531 0.571875 0.085938 0.103906
1 0.609375 0.510938 0.036719 0.076563
1 0.607031 0.561719 0.035937 0.073438
1 0.575781 0.561719 0.030469 0.053906
1 0.547656 0.543750 0.028906 0.074219
1 0.580469 0.504687 0.036719 0.074219
1 0.503906 0.252344 0.042969 0.058594
1 0.468750 0.253125 0.028906 0.057031
1 0.417187 0.253906 0.025781 0.053125
1 0.442188 0.253906 0.027344 0.054688
1 0.450000 0.197656 0.045312 0.058594
1 0.414844 0.199219 0.025781 0.056250
1 0.390625 0.201563 0.025781 0.054688
1 0.367969 0.203125 0.025000 0.053906
1 0.392969 0.254688 0.025000 0.051562
1 0.370312 0.255469 0.024219 0.050781
1 0.349219 0.254688 0.023438 0.050000
1 0.314063 0.236719 0.047656 0.048438
1 0.282813 0.237500 0.022656 0.046875
1 0.264844 0.238281 0.021094 0.045312
1 0.247656 0.239063 0.021094 0.044531
1 0.231250 0.239063 0.020313 0.043750
1 0.216406 0.240625 0.019531 0.043750
1 0.202344 0.240625 0.021094 0.042969
1 0.323437 0.369531 0.043750 0.049219
1 0.302344 0.367969 0.037500 0.048438
1 0.277344 0.368750 0.019531 0.041406
1 0.285938 0.326562 0.046094 0.044531
1 0.260937 0.366406 0.019531 0.040625
1 0.245312 0.364844 0.019531 0.039062
1 0.230469 0.363281 0.018750 0.039062
1 0.216406 0.359375 0.017969 0.039844
1 0.265625 0.325781 0.038281 0.043750
1 0.250000 0.324219 0.038281 0.042969
1 0.235937 0.323437 0.039844 0.041406
2 0.543750 0.455469 0.022656 0.011719
2 0.834375 0.344531 0.055469 0.018750
2 0.785156 0.341406 0.052344 0.018750
2 0.439844 0.382812 0.026562 0.014063
2 0.512500 0.393750 0.027344 0.017969
2 0.547656 0.394531 0.028125 0.014844
2 0.578125 0.398438 0.024219 0.014844
2 0.614062 0.333594 0.032031 0.015625
2 0.645312 0.335938 0.036719 0.015625
2 0.685937 0.338281 0.039844 0.015625
2 0.678906 0.479687 0.036719 0.016406
2 0.571094 0.459375 0.031250 0.014063
2 0.437500 0.435937 0.028125 0.010156
2 0.510156 0.328906 0.027344 0.013281
2 0.537500 0.330469 0.032031 0.014063
2 0.610938 0.467969 0.032813 0.014844
1 0.779687 0.417969 0.029687 0.034375
1 0.465625 0.381250 0.020313 0.024219
2 0.725000 0.487500 0.041406 0.017969
2 0.766406 0.495312 0.042188 0.018750
2 0.818750 0.503906 0.028906 0.015625
2 0.732031 0.412500 0.041406 0.010156
1 0.685937 0.400781 0.016406 0.020313
1 0.671094 0.403906 0.015625 0.028906
1 0.656250 0.396094 0.014844 0.015625
1 0.672656 0.380469 0.016406 0.029687
1 0.638281 0.377344 0.015625 0.028906
1 0.636719 0.395313 0.014844 0.013281
1 0.622656 0.394531 0.013281 0.010156
1 0.609375 0.390625 0.013281 0.014844
1 0.624219 0.375781 0.015625 0.028125
1 0.486719 0.320312 0.014844 0.021875
1 0.477344 0.319531 0.016406 0.023438
1 0.463281 0.320312 0.010156 0.020313
1 0.466406 0.305469 0.016406 0.008594
1 0.453125 0.319531 0.010156 0.020313
1 0.442969 0.319531 0.010156 0.020313
1 0.432812 0.318750 0.010156 0.020313
1 0.423438 0.317188 0.010156 0.021094
1 0.453125 0.305469 0.010156 0.008594
1 0.442188 0.303906 0.010156 0.008594
1 0.432812 0.303906 0.010156 0.008594
1 0.589844 0.261719 0.014063 0.025000
1 0.575781 0.261719 0.014063 0.025000
1 0.550000 0.261719 0.013281 0.024219
1 0.562500 0.261719 0.013281 0.024219
1 0.564844 0.236719 0.016406 0.024219
1 0.550000 0.237500 0.013281 0.025000
1 0.539844 0.238281 0.007031 0.024219
1 0.526563 0.238281 0.002344 0.023438
1 0.539844 0.262500 0.007031 0.023438
1 0.526563 0.262500 0.002344 0.023438
2 0.957812 0.554688 0.083594 0.048438
