3 0.319531 0.502344 0.038281 0.112500
2 0.130469 0.680469 0.077344 0.067969
2 0.183594 0.505469 0.046094 0.025781
2 0.137500 0.553906 0.058594 0.029687
2 0.115625 0.581250 0.082031 0.041406
2 0.102344 0.615625 0.069531 0.050781
2 0.051562 0.507812 0.103125 0.046094
2 0.032031 0.537500 0.064062 0.064062
2 0.190625 0.571094 0.044531 0.032813
2 0.130469 0.452344 0.067969 0.023438
2 0.109375 0.464844 0.084375 0.034375
2 0.064062 0.796875 0.106250 0.096094
1 0.026562 0.639844 0.053125 0.085938
1 0.030469 0.698438 0.060937 0.092188
1 0.065625 0.667969 0.024219 0.072656
1 0.080469 0.646094 0.023438 0.067187
1 0.035156 0.614062 0.070312 0.071094
1 0.042188 0.342187 0.082031 0.055469
1 0.087500 0.344531 0.019531 0.049219
1 0.110937 0.346094 0.014063 0.042188
1 0.099219 0.344531 0.015625 0.044531
1 0.067969 0.297656 0.070312 0.052344
1 0.105469 0.301563 0.015625 0.046094
1 0.116406 0.305469 0.014063 0.042188
1 0.126562 0.307812 0.012500 0.040625
1 0.121094 0.346094 0.012500 0.041406
1 0.130469 0.346094 0.012500 0.039062
1 0.138281 0.346094 0.010937 0.037500
1 0.145313 0.334375 0.026562 0.034375
1 0.160938 0.334375 0.008594 0.032813
1 0.165625 0.335938 0.008594 0.030469
1 0.171094 0.335938 0.007812 0.029687
1 0.175781 0.336719 0.007812 0.028906
1 0.180469 0.337500 0.006250 0.026562
1 0.184375 0.337500 0.005469 0.026562
1 0.147656 0.432031 0.041406 0.029687
1 0.155469 0.430469 0.038281 0.032813
1 0.175000 0.427344 0.007812 0.030469
1 0.157812 0.398438 0.038281 0.030469
1 0.179688 0.424219 0.006250 0.029687
1 0.185156 0.421875 0.006250 0.028906
1 0.188281 0.419531 0.006250 0.026562
1 0.192188 0.417187 0.005469 0.026562
1 0.164062 0.396094 0.032813 0.028906
1 0.169531 0.394531 0.032031 0.027344
1 0.175000 0.392969 0.028906 0.026562
2 0.034375 0.924219 0.067969 0.144531
2 0.485938 0.580469 0.040625 0.035156
2 0.834375 0.584375 0.162500 0.114062
2 0.733594 0.535156 0.132812 0.076563
2 0.528906 0.449219 0.058594 0.026562
2 0.554688 0.460156 0.062500 0.030469
2 0.587500 0.476562 0.069531 0.038281
2 0.439844 0.522656 0.028906 0.021094
2 0.465625 0.425000 0.040625 0.015625
2 0.477344 0.430469 0.041406 0.020313
2 0.522656 0.635156 0.046094 0.050781
1 0.799219 0.776563 0.100000 0.134375
1 0.462500 0.488281 0.010937 0.008594
1 0.457031 0.485938 0.007812 0.008594
1 0.457813 0.479687 0.009375 0.008594
1 0.449219 0.478906 0.010937 0.007812
2 0.632031 0.785156 0.074219 0.100000
2 0.560937 0.686719 0.060937 0.060937
2 0.702344 0.868750 0.114844 0.135156
2 0.761719 0.935937 0.089063 0.126562
2 0.496094 0.528906 0.041406 0.032813
1 0.703125 0.688281 0.064062 0.097656
1 0.674219 0.670312 0.058594 0.074219
1 0.635938 0.644531 0.026562 0.077344
1 0.677344 0.612500 0.060937 0.084375
1 0.546094 0.521094 0.035156 0.047656
1 0.546094 0.559375 0.035156 0.043750
1 0.524219 0.550000 0.009375 0.040625
1 0.514062 0.539844 0.009375 0.041406
1 0.535937 0.512500 0.032813 0.044531
1 0.510156 0.347656 0.030469 0.032813
1 0.490625 0.347656 0.007812 0.032031
1 0.476562 0.349219 0.006250 0.029687
1 0.482812 0.349219 0.006250 0.029687
1 0.493750 0.316406 0.027344 0.030469
1 0.476562 0.319531 0.006250 0.029687
1 0.470313 0.319531 0.006250 0.028906
1 0.464062 0.321094 0.005469 0.027344
1 0.470313 0.348438 0.006250 0.028906
1 0.464062 0.348438 0.005469 0.026562
1 0.459375 0.348438 0.005469 0.026562
1 0.453125 0.339062 0.014844 0.025781
1 0.443750 0.339844 0.003906 0.024219
1 0.439063 0.340625 0.003906 0.023438
1 0.435156 0.340625 0.003906 0.022656
1 0.431250 0.341406 0.003125 0.021094
1 0.428125 0.341406 0.003125 0.021094
1 0.425000 0.342187 0.003125 0.020313
1 0.457813 0.409375 0.021094 0.017969
1 0.452344 0.410156 0.020313 0.024219
1 0.439844 0.409375 0.003125 0.022656
1 0.447656 0.387500 0.021094 0.022656
1 0.435937 0.409375 0.003906 0.022656
1 0.432812 0.407813 0.003125 0.021094
1 0.428906 0.405469 0.003125 0.020313
1 0.425781 0.403906 0.003125 0.020313
1 0.442969 0.386719 0.017969 0.022656
1 0.433594 0.385937 0.005469 0.021094
1 0.436719 0.384375 0.017969 0.020313
2 0.961719 0.454688 0.076563 0.028125
2 0.595313 0.448437 0.024219 0.011719
2 0.650781 0.467187 0.035937 0.015625
2 0.675781 0.475000 0.038281 0.017969
2 0.701562 0.484375 0.041406 0.020313
2 0.742188 0.422656 0.046875 0.015625
2 0.776563 0.427344 0.055469 0.019531
2 0.820312 0.435937 0.057813 0.020313
2 0.650781 0.409375 0.034375 0.011719
2 0.671094 0.411719 0.038281 0.012500
1 0.967187 0.559375 0.049219 0.050000
1 0.614844 0.450000 0.014844 0.019531
2 0.969531 0.665625 0.019531 0.034375
2 0.982031 0.676562 0.035937 0.046875
2 0.885938 0.546875 0.067187 0.032031
1 0.821094 0.514062 0.034375 0.037500
1 0.802344 0.509375 0.030469 0.032031
1 0.779687 0.502344 0.019531 0.032813
1 0.805469 0.480469 0.032031 0.034375
1 0.766406 0.471094 0.028906 0.030469
1 0.764062 0.498437 0.027344 0.028906
1 0.743750 0.492969 0.014844 0.026562
1 0.730469 0.487500 0.014063 0.029687
1 0.750781 0.467969 0.025781 0.029687
1 0.630469 0.400000 0.012500 0.019531
1 0.621094 0.399219 0.007812 0.019531
1 0.613281 0.398438 0.007812 0.017969
1 0.597656 0.396094 0.002344 0.015625
1 0.593750 0.395313 0.006250 0.015625
1 0.587500 0.394531 0.005469 0.017188
1 0.634375 0.342187 0.012500 0.019531
1 0.624219 0.342187 0.007812 0.019531
1 0.616406 0.342969 0.007812 0.017969
1 0.611719 0.341406 0.002344 0.014844
1 0.600000 0.343750 0.002344 0.017188
1 0.596094 0.343750 0.006250 0.017188
1 0.589063 0.344531 0.006250 0.015625
1 0.721094 0.349219 0.025781 0.023438
1 0.703125 0.350000 0.012500 0.023438
1 0.680469 0.350000 0.011719 0.021094
1 0.690625 0.350781 0.011719 0.022656
1 0.699219 0.327344 0.023438 0.022656
1 0.681250 0.328125 0.011719 0.022656
1 0.671094 0.328906 0.010937 0.021094
1 0.660937 0.329688 0.009375 0.021094
1 0.670312 0.350781 0.010937 0.020313
1 0.660156 0.350781 0.009375 0.020313
1 0.652344 0.350781 0.006250 0.020313
