3 0.085938 0.480469 0.167969 0.259375
2 0.446875 0.546875 0.057813 0.085156
2 0.572656 0.452344 0.117188 0.150781
2 0.653125 0.529687 0.140625 0.189062
2 0.775000 0.660937 0.167187 0.237500
2 0.328906 0.380469 0.042188 0.052344
2 0.384375 0.285156 0.087500 0.085156
2 0.420312 0.319531 0.093750 0.096875
2 0.549219 0.694531 0.077344 0.126562
1 0.380469 0.360156 0.020313 0.026562
1 0.364844 0.351562 0.019531 0.022656
1 0.366406 0.334375 0.020313 0.023438
1 0.344531 0.322656 0.019531 0.023438
1 0.359375 0.327344 0.019531 0.023438
2 0.765625 0.950781 0.042188 0.096094
2 0.636719 0.817187 0.094531 0.161719
2 0.490625 0.518750 0.089063 0.124219
1 0.950781 0.976562 0.003125 0.044531
1 0.897656 0.937500 0.107813 0.123438
1 0.971094 0.977344 0.040625 0.042188
1 0.613281 0.614844 0.053906 0.091406
1 0.611719 0.656250 0.061719 0.080469
1 0.570312 0.624219 0.032031 0.070312
1 0.548438 0.573438 0.037500 0.103906
1 0.577344 0.578906 0.040625 0.087500
1 0.517188 0.209375 0.073438 0.117969
1 0.476562 0.192969 0.053125 0.115625
1 0.414062 0.171094 0.027344 0.084375
1 0.437500 0.186719 0.028906 0.088281
1 0.453906 0.100781 0.072656 0.110937
1 0.427344 0.089063 0.067187 0.103125
1 0.403125 0.078125 0.065625 0.099219
1 0.382031 0.067969 0.061719 0.093750
1 0.392188 0.157031 0.026562 0.079687
1 0.372656 0.143750 0.025781 0.076563
1 0.353906 0.128906 0.025781 0.078906
1 0.328906 0.077344 0.053906 0.077344
1 0.314063 0.069531 0.050781 0.075781
1 0.300000 0.062500 0.049219 0.070312
1 0.282813 0.055469 0.038281 0.070312
1 0.275781 0.049219 0.046094 0.065625
1 0.265625 0.044531 0.044531 0.064844
1 0.255469 0.037500 0.043750 0.061719
1 0.353906 0.232813 0.050781 0.070312
1 0.337500 0.221875 0.043750 0.071094
1 0.314063 0.217969 0.017969 0.053125
1 0.321094 0.167969 0.050781 0.065625
1 0.302344 0.207813 0.017969 0.050781
1 0.292187 0.196875 0.017969 0.049219
1 0.282031 0.187500 0.017188 0.049219
1 0.272656 0.175781 0.015625 0.050000
1 0.300000 0.159375 0.029687 0.060937
1 0.289062 0.150781 0.028906 0.060937
1 0.278125 0.142187 0.026562 0.058594
2 0.655469 0.287500 0.046094 0.034375
2 0.544531 0.155469 0.029687 0.022656
2 0.628906 0.207813 0.047656 0.039062
2 0.665625 0.225000 0.050781 0.043750
2 0.703906 0.245312 0.049219 0.047656
2 0.782031 0.165625 0.061719 0.049219
2 0.833594 0.184375 0.073438 0.053125
2 0.902344 0.210938 0.077344 0.056250
2 0.836719 0.396094 0.058594 0.053906
2 0.689063 0.309375 0.044531 0.039062
2 0.553906 0.221875 0.005469 0.017969
2 0.635938 0.115625 0.049219 0.035937
2 0.668750 0.126562 0.052344 0.038281
2 0.741406 0.339844 0.050781 0.043750
1 0.571094 0.169531 0.024219 0.037500
2 0.907813 0.439844 0.065625 0.062500
2 0.969531 0.477344 0.060937 0.061719
2 0.950781 0.365625 0.078906 0.076563
1 0.872656 0.314063 0.042188 0.061719
1 0.844531 0.307812 0.035937 0.049219
1 0.824219 0.291406 0.038281 0.057813
1 0.860938 0.267188 0.042188 0.060937
1 0.804688 0.243750 0.039062 0.055469
1 0.795312 0.280469 0.037500 0.044531
1 0.771094 0.273438 0.028906 0.040625
1 0.753906 0.257812 0.030469 0.050781
1 0.784375 0.234375 0.037500 0.053125
1 0.606250 0.092969 0.027344 0.041406
1 0.592969 0.087500 0.026562 0.041406
1 0.578906 0.089063 0.003125 0.029687
1 0.587500 0.053125 0.014844 0.040625
1 0.559375 0.082031 0.008594 0.029687
1 0.550000 0.078125 0.012500 0.032813
1 0.539062 0.073438 0.011719 0.029687
1 0.527344 0.068750 0.010937 0.035156
1 0.569531 0.050000 0.025781 0.035937
1 0.555469 0.046094 0.022656 0.037500
1 0.545312 0.042969 0.022656 0.037500
1 0.614062 0.005469 0.026562 0.010937
1 0.593750 0.003906 0.015625 0.007812
1 0.584375 0.002344 0.003125 0.003906
1 0.767188 0.035156 0.040625 0.053125
1 0.744531 0.030469 0.038281 0.052344
1 0.699219 0.025781 0.024219 0.044531
1 0.719531 0.028906 0.027344 0.046094
1 0.728125 0.004687 0.030469 0.009375
1 0.703906 0.002344 0.020313 0.004687
1 0.680469 0.021094 0.023438 0.042188
1 0.662500 0.019531 0.021094 0.039062
1 0.646094 0.017188 0.019531 0.034375
