3 0.289062 0.500781 0.048438 0.128906
2 0.064062 0.744531 0.100781 0.099219
2 0.126562 0.513281 0.057813 0.035937
2 0.061719 0.588281 0.091406 0.050781
2 0.046875 0.626563 0.093750 0.064844
2 0.034375 0.682031 0.067969 0.080469
2 0.006250 0.542969 0.011719 0.032031
2 0.138281 0.586719 0.054688 0.044531
2 0.050781 0.460938 0.096875 0.031250
2 0.040625 0.483594 0.080469 0.046094
2 0.023438 0.917188 0.046875 0.134375
1 0.003125 0.739062 0.005469 0.038281
1 0.017969 0.338281 0.025000 0.055469
1 0.007031 0.338281 0.014063 0.057813
1 0.002344 0.296094 0.004687 0.026562
1 0.010937 0.281250 0.021094 0.056250
1 0.024219 0.282813 0.024219 0.054688
1 0.037500 0.285156 0.021094 0.051562
1 0.032813 0.336719 0.022656 0.050781
1 0.046094 0.335938 0.019531 0.049219
1 0.057813 0.334375 0.017969 0.046094
1 0.066406 0.315625 0.039844 0.042969
1 0.087500 0.315625 0.013281 0.039062
1 0.095312 0.315625 0.012500 0.036719
1 0.102344 0.316406 0.011719 0.035937
1 0.109375 0.316406 0.010937 0.034375
1 0.114844 0.316406 0.009375 0.032031
1 0.120313 0.316406 0.009375 0.032031
1 0.075781 0.433594 0.057031 0.036719
1 0.085156 0.429688 0.053125 0.040625
1 0.112500 0.425781 0.010937 0.038281
1 0.086719 0.392188 0.051562 0.039844
1 0.118750 0.420312 0.010156 0.035156
1 0.124219 0.416406 0.009375 0.034375
1 0.128906 0.412500 0.008594 0.032031
1 0.133594 0.409375 0.008594 0.031250
1 0.094531 0.387500 0.048438 0.035937
1 0.102344 0.384375 0.043750 0.034375
1 0.109375 0.382031 0.039844 0.032031
2 0.478125 0.582031 0.040625 0.043750
2 0.926562 0.640625 0.145313 0.146094
2 0.808594 0.575781 0.162500 0.114844
2 0.534375 0.446875 0.064844 0.034375
2 0.567187 0.461719 0.072656 0.042969
2 0.610938 0.485938 0.081250 0.051562
2 0.422656 0.511719 0.031250 0.025000
2 0.455469 0.411719 0.046875 0.021875
2 0.470313 0.419531 0.050781 0.024219
2 0.530469 0.647656 0.057031 0.064062
1 0.900000 0.863281 0.133594 0.175781
1 0.450000 0.478906 0.011719 0.010156
1 0.442188 0.475781 0.011719 0.009375
1 0.446094 0.468750 0.008594 0.010937
1 0.432031 0.466406 0.007031 0.009375
1 0.441406 0.467969 0.010156 0.008594
2 0.672656 0.831250 0.096875 0.129688
2 0.578125 0.710938 0.072656 0.075000
2 0.757031 0.921094 0.133594 0.155469
2 0.819531 0.968750 0.050000 0.060156
2 0.496875 0.530469 0.051562 0.040625
1 0.762500 0.740625 0.074219 0.121094
1 0.723437 0.717187 0.067187 0.085938
1 0.678125 0.678906 0.037500 0.096875
1 0.728906 0.650781 0.069531 0.104688
1 0.557031 0.527344 0.039844 0.056250
1 0.556250 0.569531 0.038281 0.049219
1 0.530469 0.558594 0.012500 0.046094
1 0.518750 0.545312 0.011719 0.048438
1 0.542969 0.517969 0.036719 0.051562
1 0.510156 0.331250 0.034375 0.038281
1 0.487500 0.330469 0.010156 0.036719
1 0.469531 0.329688 0.008594 0.033594
1 0.478125 0.330469 0.008594 0.034375
1 0.489844 0.294531 0.032031 0.034375
1 0.469531 0.296094 0.008594 0.034375
1 0.460938 0.296875 0.007812 0.032031
1 0.453906 0.297656 0.007031 0.030469
1 0.461719 0.329688 0.007812 0.031250
1 0.454688 0.328906 0.007031 0.030469
1 0.447656 0.328906 0.007031 0.029687
1 0.440625 0.316406 0.020313 0.028125
1 0.427344 0.316406 0.005469 0.025781
1 0.422656 0.316406 0.005469 0.025781
1 0.417187 0.316406 0.004687 0.024219
1 0.413281 0.316406 0.003906 0.024219
1 0.408594 0.316406 0.003906 0.024219
1 0.404687 0.316406 0.003906 0.021875
1 0.443750 0.395313 0.024219 0.025781
1 0.438281 0.394531 0.022656 0.028125
1 0.424219 0.392969 0.004687 0.025000
1 0.432812 0.368750 0.023438 0.025781
1 0.419531 0.390625 0.004687 0.024219
1 0.414844 0.389062 0.004687 0.024219
1 0.410938 0.386719 0.003906 0.021875
1 0.407031 0.384375 0.003906 0.023438
1 0.425000 0.366406 0.017969 0.025781
1 0.421094 0.365625 0.017969 0.025000
1 0.416406 0.364063 0.017188 0.024219
2 0.671094 0.503125 0.029687 0.013281
2 0.582812 0.426563 0.026562 0.014063
2 0.642969 0.448437 0.036719 0.017969
2 0.669531 0.454688 0.039844 0.018750
2 0.699219 0.466406 0.038281 0.023438
2 0.732812 0.409375 0.030469 0.005469
2 0.771094 0.416406 0.039844 0.007031
2 0.819531 0.425781 0.047656 0.009375
2 0.697656 0.515625 0.033594 0.016406
2 0.729688 0.530469 0.022656 0.010156
1 0.969531 0.547656 0.060156 0.053125
1 0.603906 0.428906 0.017969 0.021094
2 0.893750 0.533594 0.073438 0.035937
1 0.824219 0.499219 0.032813 0.039062
1 0.803906 0.494531 0.031250 0.032031
1 0.782031 0.486719 0.021094 0.035156
1 0.807813 0.465625 0.032031 0.035937
1 0.765625 0.453906 0.028906 0.032031
1 0.763281 0.481250 0.028125 0.029687
1 0.742969 0.476562 0.016406 0.028906
1 0.728906 0.469531 0.016406 0.030469
1 0.750000 0.450000 0.026562 0.031250
1 0.609375 0.353125 0.017969 0.013281
1 0.598437 0.351562 0.011719 0.011719
1 0.592969 0.350781 0.013281 0.010937
1 0.585938 0.350000 0.014063 0.010937
1 0.628125 0.317188 0.019531 0.019531
1 0.614062 0.317188 0.008594 0.019531
1 0.606250 0.317188 0.008594 0.019531
1 0.598437 0.316406 0.007812 0.018750
1 0.590625 0.317188 0.007812 0.017969
1 0.583594 0.317188 0.007031 0.017969
1 0.577344 0.317188 0.006250 0.017969
1 0.719531 0.326562 0.025781 0.025000
1 0.700781 0.326562 0.014844 0.024219
1 0.674219 0.325781 0.009375 0.021875
1 0.691406 0.326562 0.006250 0.023438
1 0.698438 0.302344 0.017188 0.023438
1 0.675781 0.303125 0.009375 0.021875
1 0.666406 0.303125 0.011719 0.021875
1 0.656250 0.303906 0.009375 0.021875
1 0.664844 0.325781 0.011719 0.021875
1 0.655469 0.325781 0.009375 0.021094
