3 0.254688 0.560937 0.050781 0.136719
2 0.058594 0.547656 0.076563 0.017969
2 0.010156 0.535156 0.019531 0.021875
2 0.052344 0.641406 0.078906 0.023438
2 0.029687 0.388281 0.026562 0.040625
2 0.008594 0.368750 0.017188 0.035156
1 0.007031 0.153906 0.014063 0.076563
1 0.019531 0.180469 0.016406 0.068750
1 0.005469 0.201563 0.010156 0.051562
1 0.015625 0.221094 0.016406 0.055469
1 0.028906 0.242188 0.014844 0.050781
1 0.047656 0.263281 0.027344 0.048438
1 0.064844 0.281250 0.010156 0.039844
1 0.073438 0.294531 0.008594 0.038281
1 0.080469 0.307031 0.008594 0.034375
1 0.087500 0.318750 0.007812 0.032031
1 0.093750 0.328906 0.007031 0.030469
1 0.099219 0.339062 0.007031 0.029687
1 0.035156 0.391406 0.035156 0.049219
1 0.057031 0.403125 0.011719 0.040625
1 0.065625 0.411719 0.010156 0.038281
1 0.044531 0.371094 0.057031 0.055469
1 0.073438 0.418750 0.009375 0.035937
1 0.080469 0.425781 0.008594 0.034375
1 0.087500 0.432031 0.007812 0.032031
1 0.092969 0.437500 0.007031 0.030469
1 0.075781 0.385937 0.009375 0.042969
1 0.082812 0.393750 0.008594 0.039844
1 0.089063 0.401562 0.007812 0.038281
2 0.473438 0.636719 0.050781 0.023438
2 0.976562 0.149219 0.046094 0.079687
2 0.870313 0.210938 0.176563 0.139063
2 0.519531 0.415625 0.033594 0.032031
2 0.560156 0.393750 0.047656 0.039844
2 0.621094 0.362500 0.074219 0.053125
2 0.406250 0.617969 0.035937 0.014063
2 0.439063 0.460938 0.030469 0.020313
2 0.458594 0.451562 0.039844 0.023438
2 0.539844 0.655469 0.072656 0.033594
1 0.988281 0.458594 0.021875 0.107031
1 0.435937 0.553906 0.006250 0.006250
1 0.428125 0.554688 0.008594 0.007031
1 0.418750 0.556250 0.007812 0.006250
2 0.753125 0.717969 0.144531 0.076563
2 0.603906 0.675781 0.092969 0.041406
2 0.896875 0.761719 0.202344 0.117969
2 0.994531 0.783594 0.009375 0.083594
2 0.490625 0.545312 0.049219 0.018750
1 0.854688 0.478125 0.087500 0.096875
1 0.785937 0.488281 0.057813 0.085156
1 0.735938 0.496094 0.046094 0.076563
1 0.792188 0.409375 0.076563 0.091406
1 0.567187 0.478906 0.042969 0.050000
1 0.567969 0.524219 0.043750 0.048438
1 0.538281 0.526563 0.015625 0.044531
1 0.523438 0.529687 0.014063 0.042969
1 0.537500 0.483594 0.014844 0.046875
1 0.508594 0.321875 0.032031 0.039062
1 0.486719 0.333594 0.010156 0.036719
1 0.467187 0.353125 0.008594 0.033594
1 0.476562 0.342969 0.009375 0.034375
1 0.485156 0.314063 0.027344 0.040625
1 0.467187 0.324219 0.008594 0.039062
1 0.458594 0.333594 0.007812 0.035937
1 0.450781 0.342969 0.007031 0.035156
1 0.458594 0.360938 0.008594 0.031250
1 0.450000 0.368750 0.007812 0.029687
1 0.442969 0.375781 0.007031 0.028906
1 0.432031 0.381250 0.014844 0.025000
1 0.421094 0.386719 0.005469 0.025000
1 0.415625 0.392969 0.005469 0.024219
1 0.410156 0.398438 0.004687 0.021875
1 0.405469 0.403125 0.004687 0.021875
1 0.400781 0.407813 0.003906 0.021094
1 0.396094 0.411719 0.003906 0.020313
1 0.430469 0.461719 0.015625 0.025781
1 0.420312 0.465625 0.005469 0.025000
1 0.414062 0.468750 0.005469 0.024219
1 0.423438 0.445312 0.023438 0.028125
1 0.408594 0.471875 0.005469 0.023438
1 0.403906 0.475000 0.004687 0.021875
1 0.399219 0.478125 0.004687 0.021875
1 0.394531 0.480469 0.003906 0.021094
1 0.409375 0.449219 0.004687 0.025781
1 0.404687 0.453125 0.004687 0.025781
1 0.399219 0.456250 0.003906 0.024219
2 0.668750 0.615625 0.040625 0.011719
2 0.957812 0.428125 0.042969 0.026562
2 0.820312 0.630469 0.032031 0.016406
2 0.700000 0.617969 0.042969 0.011719
2 0.575781 0.606250 0.028906 0.009375
2 0.630469 0.496094 0.027344 0.011719
2 0.656250 0.491406 0.038281 0.013281
2 0.917188 0.632031 0.070312 0.006250
2 0.975781 0.646094 0.047656 0.024219
1 0.614062 0.494531 0.017969 0.019531
1 0.600781 0.496094 0.008594 0.018750
1 0.592969 0.498437 0.007031 0.018750
1 0.597656 0.480469 0.016406 0.018750
1 0.614062 0.436719 0.017969 0.019531
1 0.600781 0.439844 0.008594 0.018750
1 0.592187 0.442969 0.007812 0.018750
1 0.585156 0.446094 0.007031 0.017969
1 0.577344 0.448437 0.007031 0.016406
1 0.570312 0.449219 0.006250 0.013281
1 0.563281 0.449219 0.006250 0.008594
1 0.704688 0.414062 0.022656 0.024219
1 0.685937 0.417969 0.013281 0.024219
1 0.658594 0.427344 0.004687 0.021094
1 0.675781 0.421094 0.007031 0.021875
1 0.680469 0.402344 0.016406 0.019531
1 0.658594 0.410938 0.003906 0.014063
1 0.650781 0.413281 0.010156 0.015625
1 0.640625 0.417969 0.010156 0.015625
1 0.650781 0.429688 0.010156 0.021875
1 0.640625 0.433594 0.010156 0.021875
1 0.630469 0.436719 0.009375 0.021094
2 0.342969 0.903906 0.300000 0.190625
