3 0.659375 0.874219 0.119531 0.249219
2 0.854688 0.784375 0.075781 0.098437
2 0.771875 0.400781 0.037500 0.017969
2 0.781250 0.412500 0.041406 0.023438
2 0.928125 0.767969 0.116406 0.121094
2 0.878906 0.687500 0.087500 0.082031
2 0.852344 0.630469 0.077344 0.054688
2 0.840625 0.491406 0.074219 0.044531
2 0.824219 0.464844 0.060937 0.029687
2 0.810156 0.448437 0.047656 0.029687
2 0.946875 0.627344 0.104688 0.082031
2 0.921875 0.574219 0.113281 0.057031
2 0.811719 0.663281 0.054688 0.063281
1 0.761719 0.461719 0.011719 0.026562
1 0.761719 0.477344 0.006250 0.026562
1 0.775781 0.484375 0.027344 0.028125
1 0.780469 0.493750 0.029687 0.034375
1 0.778906 0.463281 0.027344 0.032031
1 0.809375 0.522656 0.022656 0.038281
1 0.798438 0.551562 0.009375 0.038281
1 0.803906 0.563281 0.010156 0.039844
1 0.828125 0.581250 0.046094 0.051562
1 0.824219 0.536719 0.040625 0.048438
1 0.869531 0.398438 0.032813 0.046875
1 0.875000 0.406250 0.020313 0.050781
1 0.902344 0.425000 0.025000 0.057031
1 0.887500 0.415625 0.021875 0.053125
1 0.921094 0.368750 0.073438 0.053125
1 0.939844 0.376563 0.081250 0.056250
1 0.957812 0.384375 0.083594 0.060937
1 0.967187 0.395313 0.064844 0.068750
1 0.919531 0.436719 0.027344 0.061719
1 0.939063 0.449219 0.032031 0.066406
1 0.971094 0.464062 0.056250 0.074219
1 0.982812 0.681250 0.033594 0.094531
1 0.997656 0.725781 0.003906 0.021875
2 0.746875 0.518750 0.011719 0.023438
2 0.750781 0.536719 0.008594 0.025781
2 0.792188 0.613281 0.046094 0.050000
2 0.770312 0.560156 0.033594 0.033594
2 0.467969 0.642188 0.047656 0.054688
2 0.550781 0.378125 0.025000 0.015625
2 0.543750 0.385937 0.027344 0.017969
2 0.499219 0.435937 0.044531 0.028906
2 0.510938 0.421094 0.038281 0.021094
2 0.524219 0.410156 0.028125 0.021875
2 0.335938 0.907813 0.096094 0.141406
2 0.446875 0.507031 0.057031 0.049219
2 0.462500 0.483594 0.058594 0.041406
2 0.503906 0.573438 0.037500 0.039062
1 0.553125 0.431250 0.010937 0.024219
1 0.409375 0.646094 0.021094 0.020313
1 0.405469 0.665625 0.021875 0.026562
1 0.388281 0.671875 0.022656 0.036719
1 0.367188 0.719531 0.025781 0.031250
1 0.374219 0.692969 0.024219 0.028906
2 0.537500 0.509375 0.023438 0.023438
2 0.519531 0.543750 0.032031 0.029687
2 0.550000 0.494531 0.011719 0.020313
2 0.555469 0.482031 0.011719 0.019531
2 0.488281 0.539062 0.047656 0.039844
1 0.548438 0.442188 0.002344 0.021094
1 0.539062 0.447656 0.014844 0.021094
1 0.535156 0.450781 0.018750 0.025781
1 0.538281 0.428125 0.017969 0.024219
1 0.516406 0.467969 0.010156 0.029687
1 0.519531 0.491406 0.003906 0.028125
1 0.514844 0.499219 0.003906 0.029687
1 0.500781 0.505469 0.024219 0.035156
1 0.505469 0.474219 0.023438 0.032031
1 0.496875 0.363281 0.013281 0.035156
1 0.493750 0.367188 0.007031 0.035937
1 0.478906 0.378125 0.008594 0.039062
1 0.486719 0.372656 0.007031 0.035937
1 0.474219 0.338281 0.031250 0.038281
1 0.465625 0.341406 0.033594 0.040625
1 0.457813 0.345313 0.032031 0.042969
1 0.446094 0.350000 0.037500 0.044531
1 0.470313 0.382812 0.008594 0.039844
1 0.460938 0.389062 0.010156 0.042969
1 0.442188 0.393750 0.028906 0.049219
1 0.405469 0.394531 0.046094 0.056250
1 0.389062 0.403906 0.050781 0.060937
1 0.371094 0.413281 0.055469 0.065625
1 0.350000 0.424219 0.060156 0.071875
1 0.325781 0.437500 0.066406 0.078906
1 0.297656 0.453125 0.074219 0.086719
1 0.264062 0.470313 0.084375 0.096094
1 0.416406 0.524219 0.032031 0.061719
1 0.410156 0.542969 0.017188 0.063281
1 0.394531 0.563281 0.018750 0.061719
1 0.378125 0.514062 0.048438 0.069531
1 0.376563 0.584375 0.021875 0.067969
1 0.356250 0.608594 0.025781 0.073438
1 0.332031 0.635938 0.029687 0.081250
1 0.284375 0.659375 0.075000 0.106250
1 0.358594 0.532031 0.053125 0.075000
1 0.335938 0.553125 0.058594 0.083594
1 0.308594 0.576562 0.067969 0.091406
2 0.239844 0.559375 0.035156 0.035156
2 0.392969 0.361719 0.026562 0.011719
2 0.378125 0.366406 0.028906 0.013281
2 0.039062 0.619531 0.077344 0.066406
2 0.199219 0.521094 0.046094 0.039062
2 0.222656 0.500781 0.015625 0.008594
2 0.292969 0.400781 0.039844 0.018750
2 0.314063 0.392969 0.038281 0.016406
2 0.338281 0.383594 0.031250 0.014063
2 0.053906 0.698438 0.089063 0.075000
2 0.188281 0.444531 0.060156 0.028125
2 0.220312 0.431250 0.038281 0.025000
1 0.112500 0.564063 0.043750 0.051562
2 0.378906 0.474219 0.011719 0.008594
2 0.391406 0.464844 0.012500 0.009375
2 0.404687 0.454688 0.011719 0.009375
1 0.140625 0.450781 0.039844 0.040625
1 0.125000 0.459375 0.029687 0.042969
1 0.101562 0.470313 0.030469 0.040625
1 0.088281 0.435937 0.046094 0.043750
1 0.075781 0.480469 0.033594 0.041406
1 0.047656 0.490625 0.036719 0.044531
1 0.017969 0.501563 0.035937 0.046875
1 0.002344 0.517969 0.004687 0.021094
1 0.060937 0.443750 0.050000 0.046094
1 0.031250 0.453125 0.053906 0.050000
1 0.014063 0.461719 0.028125 0.051562
1 0.125000 0.356250 0.042188 0.038281
1 0.102344 0.359375 0.042969 0.039844
1 0.075781 0.364844 0.046875 0.042969
1 0.046875 0.369531 0.051562 0.044531
1 0.021875 0.375781 0.043750 0.046875
1 0.006250 0.380469 0.011719 0.043750
1 0.264844 0.341406 0.027344 0.026562
1 0.258594 0.343750 0.014844 0.028125
1 0.226562 0.350781 0.008594 0.026562
1 0.250000 0.346094 0.007812 0.025781
1 0.235156 0.319531 0.030469 0.026562
1 0.217969 0.321875 0.019531 0.029687
1 0.207031 0.324219 0.028906 0.030469
1 0.195312 0.326562 0.021094 0.031250
1 0.216406 0.353125 0.018750 0.029687
1 0.200781 0.356250 0.018750 0.031250
1 0.176563 0.359375 0.033594 0.033594
2 0.663281 0.501563 0.036719 0.021094
2 0.462500 0.432031 0.021094 0.011719
