3 0.254688 0.533594 0.061719 0.139844
2 0.092188 0.806250 0.016406 0.078906
2 0.071875 0.560937 0.021094 0.031250
2 0.060156 0.646094 0.021094 0.057031
2 0.060156 0.678906 0.035937 0.060156
2 0.060156 0.736719 0.039844 0.081250
2 0.035937 0.592187 0.071875 0.084375
2 0.028125 0.651563 0.056250 0.121875
2 0.089844 0.646875 0.011719 0.039062
2 0.031250 0.494531 0.062500 0.032031
2 0.029687 0.517969 0.059375 0.051562
2 0.089844 0.963281 0.011719 0.071094
1 0.034375 0.811719 0.021094 0.108594
1 0.037500 0.885938 0.039844 0.144531
1 0.053125 0.830469 0.014063 0.109375
1 0.053125 0.793750 0.016406 0.099219
1 0.042969 0.767969 0.011719 0.086719
1 0.003125 0.359375 0.006250 0.050000
1 0.003906 0.353906 0.007812 0.054688
1 0.014844 0.331250 0.003906 0.028125
1 0.007031 0.278906 0.002344 0.014063
1 0.009375 0.285938 0.013281 0.061719
1 0.013281 0.288281 0.011719 0.059375
1 0.018750 0.346094 0.011719 0.060156
1 0.021875 0.346094 0.010937 0.056250
1 0.025000 0.346094 0.010156 0.054688
1 0.025781 0.326562 0.015625 0.049219
1 0.030469 0.327344 0.008594 0.046875
1 0.040625 0.331250 0.004687 0.033594
1 0.041406 0.332031 0.006250 0.038281
1 0.025781 0.464844 0.051562 0.042969
1 0.026562 0.457813 0.053125 0.035937
1 0.023438 0.418750 0.046875 0.046875
1 0.056250 0.445312 0.004687 0.033594
1 0.058594 0.455469 0.002344 0.010937
1 0.052344 0.415625 0.002344 0.018750
2 0.468750 0.584375 0.046094 0.036719
2 0.886719 0.519531 0.122656 0.066406
2 0.782031 0.496875 0.096094 0.053906
2 0.535156 0.446875 0.056250 0.028125
2 0.571094 0.455469 0.062500 0.030469
2 0.617188 0.466406 0.063281 0.033594
2 0.386719 0.533594 0.035156 0.025000
2 0.435937 0.427344 0.044531 0.019531
2 0.457031 0.432031 0.048438 0.021094
2 0.534375 0.627344 0.055469 0.050781
1 0.849219 0.668750 0.077344 0.093750
1 0.425781 0.494531 0.009375 0.010156
1 0.413281 0.492969 0.007031 0.010156
1 0.415625 0.485938 0.011719 0.010937
1 0.401562 0.485938 0.010937 0.009375
1 0.410156 0.486719 0.010156 0.009375
2 0.684375 0.721094 0.076563 0.084375
2 0.587500 0.664062 0.062500 0.053125
2 0.753125 0.764062 0.086719 0.103125
2 0.841406 0.818750 0.103125 0.128906
2 0.492969 0.530469 0.047656 0.034375
1 0.753906 0.626563 0.042969 0.076563
1 0.722656 0.618750 0.041406 0.060156
1 0.690625 0.601562 0.031250 0.067969
1 0.726562 0.569531 0.042188 0.068750
1 0.562500 0.513281 0.032031 0.046094
1 0.561719 0.549219 0.032031 0.042969
1 0.538281 0.543750 0.014844 0.038281
1 0.523438 0.534375 0.014063 0.043750
1 0.546094 0.507812 0.030469 0.043750
1 0.506250 0.346875 0.029687 0.033594
1 0.485156 0.347656 0.013281 0.032031
1 0.460938 0.347656 0.010937 0.030469
1 0.472656 0.347656 0.011719 0.030469
1 0.481250 0.315625 0.028906 0.031250
1 0.460938 0.317188 0.010937 0.030469
1 0.450000 0.317969 0.010937 0.030469
1 0.439063 0.318750 0.010156 0.028906
1 0.450000 0.347656 0.010937 0.028906
1 0.439844 0.348438 0.010156 0.028125
1 0.430469 0.348438 0.010156 0.028125
1 0.417187 0.336719 0.024219 0.025781
1 0.400781 0.337500 0.008594 0.025000
1 0.392969 0.338281 0.007812 0.024219
1 0.385937 0.338281 0.007812 0.024219
1 0.378906 0.338281 0.007031 0.023438
1 0.371875 0.339062 0.007031 0.021875
1 0.365625 0.339062 0.006250 0.021875
1 0.418750 0.414844 0.024219 0.028125
1 0.406250 0.413281 0.014844 0.026562
1 0.395313 0.413281 0.007812 0.024219
1 0.402344 0.388281 0.023438 0.025000
1 0.388281 0.411719 0.007031 0.023438
1 0.380469 0.409375 0.007031 0.023438
1 0.374219 0.408594 0.007031 0.021875
1 0.367969 0.407031 0.007031 0.023438
1 0.392188 0.387500 0.017969 0.025000
1 0.385937 0.386719 0.019531 0.023438
1 0.379688 0.385937 0.019531 0.023438
2 0.603125 0.504687 0.030469 0.018750
2 0.875000 0.428906 0.054688 0.020313
2 0.824219 0.424219 0.049219 0.018750
2 0.662500 0.409375 0.033594 0.011719
2 0.692969 0.412500 0.033594 0.014063
2 0.725000 0.416406 0.039062 0.014063
2 0.719531 0.536719 0.038281 0.018750
2 0.626563 0.511719 0.032813 0.020313
2 0.524219 0.480469 0.025781 0.013281
2 0.580469 0.401562 0.028906 0.010156
2 0.599219 0.403906 0.030469 0.010937
2 0.659375 0.523438 0.035156 0.020313
1 0.821094 0.495312 0.032813 0.029687
1 0.544531 0.434375 0.014844 0.004687
2 0.767188 0.554688 0.041406 0.029687
2 0.807031 0.567187 0.046094 0.032031
2 0.853906 0.581250 0.050781 0.035937
2 0.772656 0.498437 0.039844 0.008594
1 0.727344 0.476562 0.019531 0.025781
1 0.712500 0.475781 0.018750 0.023438
1 0.696875 0.471094 0.014063 0.024219
1 0.714063 0.453125 0.019531 0.026562
1 0.683594 0.448437 0.018750 0.024219
1 0.682813 0.469531 0.017969 0.021875
1 0.667969 0.466406 0.012500 0.018750
1 0.659375 0.464062 0.005469 0.021875
1 0.671094 0.446875 0.016406 0.023438
1 0.562500 0.393750 0.014844 0.017969
1 0.552344 0.392969 0.010156 0.017969
1 0.542969 0.392969 0.007031 0.015625
1 0.546875 0.381250 0.014844 0.005469
1 0.535937 0.392188 0.007031 0.015625
1 0.530469 0.392188 0.002344 0.015625
1 0.521094 0.391406 0.005469 0.015625
1 0.514844 0.390625 0.006250 0.015625
1 0.535937 0.381250 0.007031 0.005469
1 0.531250 0.381250 0.001563 0.004687
1 0.520312 0.380469 0.004687 0.005469
1 0.564063 0.341406 0.015625 0.016406
1 0.552344 0.341406 0.008594 0.016406
1 0.544531 0.341406 0.007031 0.016406
1 0.536719 0.342187 0.007031 0.015625
1 0.531250 0.342187 0.003125 0.015625
1 0.522656 0.342187 0.002344 0.015625
1 0.642969 0.348438 0.017969 0.020313
1 0.628906 0.348438 0.010937 0.019531
1 0.607812 0.348438 0.010156 0.019531
1 0.617969 0.348438 0.010156 0.019531
1 0.622656 0.328906 0.017969 0.018750
1 0.608594 0.328906 0.010156 0.019531
1 0.599219 0.329688 0.009375 0.018750
1 0.589844 0.329688 0.009375 0.018750
1 0.598437 0.348438 0.009375 0.017969
1 0.589063 0.348438 0.009375 0.017969
1 0.579688 0.348438 0.008594 0.017969
2 0.976562 0.651563 0.046094 0.041406
