3 0.597656 0.755469 0.168750 0.488281
2 0.941406 0.753125 0.116406 0.089063
2 0.802344 0.446094 0.033594 0.010156
2 0.806250 0.444531 0.027344 0.010937
2 0.962500 0.630469 0.046094 0.055469
2 0.938281 0.601562 0.096094 0.048438
2 0.914062 0.578906 0.103906 0.033594
2 0.871094 0.438281 0.071094 0.019531
2 0.861719 0.442188 0.071094 0.015625
2 0.822656 0.443750 0.006250 0.011719
2 0.967969 0.421875 0.051562 0.035937
2 0.924219 0.428906 0.036719 0.029687
2 0.875781 0.668750 0.075781 0.051562
1 0.798438 0.514062 0.007812 0.024219
1 0.800781 0.518750 0.003906 0.028125
1 0.811719 0.520312 0.017969 0.028125
1 0.822656 0.524219 0.032813 0.031250
1 0.818750 0.494531 0.032031 0.028125
1 0.860938 0.505469 0.042969 0.036719
1 0.842187 0.541406 0.007031 0.039062
1 0.849219 0.546094 0.007812 0.040625
1 0.879687 0.549219 0.053906 0.040625
1 0.871875 0.509375 0.050781 0.042969
1 0.882812 0.298438 0.011719 0.049219
1 0.895312 0.287500 0.013281 0.053125
1 0.924219 0.262500 0.017969 0.061719
1 0.908594 0.276562 0.014844 0.056250
1 0.910156 0.226562 0.015625 0.066406
1 0.925781 0.209375 0.018750 0.074219
1 0.944531 0.189062 0.021094 0.080469
1 0.976562 0.162500 0.046094 0.096875
1 0.942187 0.246875 0.021094 0.067969
1 0.963281 0.228125 0.024219 0.075781
1 0.986719 0.207031 0.025781 0.082031
2 0.789062 0.582031 0.007812 0.017969
2 0.796094 0.592187 0.008594 0.019531
2 0.852344 0.634375 0.066406 0.033594
2 0.811719 0.604688 0.024219 0.024219
2 0.458594 0.633594 0.055469 0.039062
2 0.573438 0.449219 0.014844 0.007031
2 0.561719 0.448437 0.023438 0.008594
2 0.505469 0.446094 0.041406 0.011719
2 0.532031 0.446875 0.010937 0.010937
2 0.543750 0.448437 0.011719 0.010156
2 0.260156 0.776563 0.122656 0.109375
2 0.435937 0.439063 0.052344 0.017969
2 0.470313 0.441406 0.028906 0.016406
2 0.507812 0.599219 0.042188 0.026562
1 0.570312 0.502344 0.014063 0.019531
1 0.382031 0.570312 0.021875 0.016406
1 0.374219 0.576562 0.022656 0.019531
1 0.353906 0.574219 0.024219 0.029687
1 0.321094 0.593750 0.027344 0.021875
1 0.335156 0.583594 0.025000 0.019531
2 0.552344 0.567969 0.026562 0.010937
2 0.521875 0.588281 0.023438 0.014844
2 0.566406 0.563281 0.014844 0.014844
2 0.571875 0.556250 0.008594 0.013281
2 0.485938 0.537500 0.051562 0.021094
1 0.564844 0.505469 0.003125 0.020313
1 0.557031 0.506250 0.011719 0.020313
1 0.549219 0.507031 0.019531 0.021875
1 0.553125 0.485938 0.018750 0.020313
1 0.519531 0.492188 0.017969 0.026562
1 0.525781 0.517969 0.005469 0.026562
1 0.520312 0.520312 0.005469 0.028125
1 0.503906 0.521094 0.025781 0.029687
1 0.510938 0.493750 0.024219 0.028125
1 0.500000 0.355469 0.007812 0.031250
1 0.491406 0.350781 0.007812 0.033594
1 0.472656 0.341406 0.010156 0.035937
1 0.482812 0.346875 0.008594 0.034375
1 0.482812 0.314844 0.008594 0.036719
1 0.472656 0.307812 0.010156 0.039844
1 0.461719 0.300781 0.010156 0.042969
1 0.441406 0.292969 0.029687 0.045312
1 0.461719 0.335938 0.010156 0.038281
1 0.450000 0.328906 0.011719 0.039844
1 0.425781 0.321875 0.037500 0.042969
1 0.400781 0.284375 0.017969 0.051562
1 0.381250 0.272656 0.020313 0.054688
1 0.360156 0.259375 0.022656 0.060156
1 0.335156 0.245312 0.027344 0.064844
1 0.307031 0.228125 0.030469 0.071094
1 0.274219 0.208594 0.036719 0.079687
1 0.220312 0.185156 0.072656 0.089063
1 0.400781 0.423438 0.017969 0.046094
1 0.381250 0.421094 0.020313 0.049219
1 0.360156 0.417969 0.022656 0.053125
1 0.359375 0.367188 0.022656 0.056250
1 0.335938 0.415625 0.026562 0.056250
1 0.307812 0.410938 0.030469 0.060937
1 0.275000 0.407031 0.035156 0.066406
1 0.221875 0.401562 0.071875 0.074219
1 0.335156 0.360938 0.026562 0.060156
1 0.306250 0.353125 0.030469 0.066406
1 0.259375 0.343750 0.064844 0.071875
2 0.257031 0.580469 0.047656 0.011719
2 0.043750 0.550781 0.085156 0.026562
2 0.221094 0.525781 0.053906 0.016406
2 0.257031 0.521094 0.047656 0.015625
2 0.290625 0.516406 0.041406 0.013281
2 0.366406 0.553125 0.032813 0.014063
2 0.289844 0.574219 0.039062 0.018750
2 0.054688 0.639844 0.074219 0.040625
2 0.323437 0.564844 0.038281 0.016406
1 0.407031 0.496094 0.016406 0.016406
1 0.126562 0.529687 0.039062 0.035156
2 0.389062 0.546875 0.029687 0.010937
2 0.408594 0.542969 0.019531 0.010156
2 0.419531 0.538281 0.024219 0.008594
2 0.388281 0.503906 0.027344 0.007031
1 0.370312 0.500781 0.007812 0.018750
1 0.360156 0.501563 0.013281 0.018750
1 0.352344 0.502344 0.011719 0.019531
1 0.357031 0.483594 0.017969 0.018750
1 0.339844 0.484375 0.012500 0.019531
1 0.342187 0.503906 0.008594 0.019531
1 0.332813 0.505469 0.009375 0.020313
1 0.317969 0.506250 0.021094 0.021875
1 0.327344 0.485156 0.019531 0.020313
1 0.177344 0.430469 0.007031 0.014063
1 0.150781 0.435937 0.015625 0.030469
1 0.131250 0.435156 0.023438 0.031250
1 0.130469 0.403906 0.024219 0.032031
1 0.106250 0.433594 0.025781 0.032031
1 0.079687 0.432812 0.028125 0.034375
1 0.050781 0.431250 0.030469 0.035937
1 0.017969 0.428906 0.035937 0.039062
1 0.105469 0.401562 0.026562 0.034375
1 0.078906 0.398438 0.028125 0.035937
1 0.045312 0.396094 0.039844 0.038281
1 0.177344 0.349219 0.013281 0.030469
1 0.148438 0.342969 0.014844 0.032031
1 0.129688 0.339062 0.024219 0.035156
1 0.104688 0.333594 0.026562 0.035937
1 0.078125 0.328125 0.028125 0.039062
1 0.049219 0.321875 0.031250 0.041406
1 0.017188 0.315625 0.034375 0.043750
1 0.220312 0.344531 0.013281 0.025000
1 0.226562 0.361719 0.001563 0.007031
1 0.217188 0.360156 0.014844 0.010937
2 0.696094 0.561719 0.030469 0.013281
2 0.482031 0.523438 0.017969 0.006250
