3 0.292187 0.505469 0.053906 0.125000
2 0.171094 0.755469 0.029687 0.067969
2 0.153906 0.535156 0.014063 0.031250
2 0.150781 0.623437 0.010937 0.035937
2 0.157812 0.666406 0.013281 0.051562
2 0.157031 0.725781 0.024219 0.070312
2 0.128125 0.664062 0.055469 0.086719
2 0.083594 0.742969 0.130469 0.136719
2 0.096875 0.871875 0.047656 0.188281
2 0.169531 0.601562 0.010937 0.036719
2 0.130469 0.520312 0.025000 0.036719
2 0.127344 0.553125 0.030469 0.054688
2 0.185156 0.910937 0.014844 0.105469
1 0.147656 0.821094 0.006250 0.065625
1 0.153125 0.860938 0.017188 0.094531
1 0.156250 0.817969 0.010156 0.073438
1 0.153125 0.784375 0.014844 0.069531
1 0.147656 0.783594 0.005469 0.053125
1 0.058594 0.487500 0.085156 0.088281
1 0.056250 0.446094 0.064062 0.025000
1 0.102344 0.443750 0.011719 0.044531
1 0.100781 0.447656 0.011719 0.050781
1 0.057031 0.408594 0.078125 0.071875
1 0.058594 0.374219 0.067187 0.016406
1 0.066406 0.382812 0.069531 0.046875
1 0.070312 0.377344 0.064844 0.049219
1 0.105469 0.430469 0.009375 0.050781
1 0.107031 0.421094 0.010156 0.046875
1 0.107813 0.411719 0.010937 0.046094
1 0.104688 0.381250 0.017188 0.043750
1 0.100000 0.357031 0.009375 0.005469
1 0.091406 0.353125 0.025000 0.004687
1 0.097656 0.364063 0.038281 0.034375
1 0.097656 0.360156 0.040625 0.033594
1 0.097656 0.356250 0.042188 0.032031
1 0.098437 0.351562 0.041406 0.033594
1 0.127344 0.486719 0.015625 0.040625
1 0.125781 0.463281 0.003906 0.007031
1 0.119531 0.439063 0.013281 0.038281
1 0.132812 0.459375 0.005469 0.029687
1 0.132812 0.446094 0.003906 0.016406
1 0.133594 0.442969 0.004687 0.023438
1 0.133594 0.439063 0.006250 0.029687
1 0.121094 0.428906 0.018750 0.032031
1 0.121094 0.424219 0.019531 0.034375
1 0.128125 0.417969 0.006250 0.032031
2 0.190625 0.990625 0.008594 0.016406
2 0.475781 0.559375 0.040625 0.041406
2 0.810156 0.626563 0.106250 0.106250
2 0.731250 0.578125 0.089844 0.084375
2 0.530469 0.459375 0.052344 0.039844
2 0.560156 0.477344 0.057031 0.045312
2 0.599219 0.503906 0.060156 0.051562
2 0.409375 0.491406 0.032031 0.028125
2 0.448437 0.414062 0.042188 0.026562
2 0.465625 0.424219 0.044531 0.030469
2 0.528125 0.615625 0.048438 0.054688
1 0.775000 0.737500 0.063281 0.093750
1 0.440625 0.466406 0.009375 0.009375
1 0.432031 0.465625 0.010937 0.010156
1 0.432031 0.456250 0.010156 0.010156
1 0.420312 0.453125 0.010156 0.010156
1 0.426563 0.455469 0.006250 0.009375
2 0.645312 0.735156 0.067187 0.086719
2 0.571094 0.661719 0.055469 0.057031
2 0.697656 0.788281 0.077344 0.103125
2 0.761719 0.851562 0.089063 0.132031
2 0.496094 0.521875 0.046875 0.041406
1 0.703125 0.675781 0.042969 0.076563
1 0.678906 0.664844 0.040625 0.055469
1 0.651563 0.639062 0.027344 0.068750
1 0.682813 0.624219 0.041406 0.066406
1 0.552344 0.527344 0.029687 0.045312
1 0.551562 0.558594 0.029687 0.039844
1 0.531250 0.549219 0.011719 0.035937
1 0.519531 0.535937 0.011719 0.042969
1 0.537500 0.517969 0.024219 0.043750
1 0.507031 0.361719 0.028125 0.036719
1 0.496094 0.358594 0.027344 0.036719
1 0.467187 0.353125 0.009375 0.029687
1 0.476562 0.356250 0.010156 0.031250
1 0.485156 0.326562 0.027344 0.034375
1 0.475000 0.323437 0.025781 0.033594
1 0.465625 0.321094 0.025000 0.032031
1 0.456250 0.318750 0.022656 0.031250
1 0.457813 0.349219 0.008594 0.028906
1 0.449219 0.346094 0.008594 0.028125
1 0.441406 0.342969 0.008594 0.029687
1 0.431250 0.325781 0.023438 0.028906
1 0.423438 0.323437 0.020313 0.028125
1 0.414844 0.321094 0.016406 0.026562
1 0.410156 0.318750 0.019531 0.026562
1 0.403906 0.316406 0.018750 0.025781
1 0.399219 0.315625 0.019531 0.025000
1 0.393750 0.313281 0.019531 0.024219
1 0.433594 0.396094 0.022656 0.028906
1 0.426563 0.392969 0.021094 0.028906
1 0.412500 0.390625 0.007031 0.024219
1 0.417969 0.367188 0.019531 0.026562
1 0.407031 0.387500 0.006250 0.023438
1 0.400781 0.383594 0.006250 0.023438
1 0.395313 0.380469 0.005469 0.021875
1 0.390625 0.376563 0.005469 0.023438
1 0.412500 0.364063 0.020313 0.026562
1 0.407031 0.360938 0.019531 0.025781
1 0.400781 0.358594 0.019531 0.025781
2 0.617188 0.467187 0.030469 0.023438
2 0.883594 0.441406 0.053906 0.035156
2 0.835938 0.428125 0.053906 0.031250
2 0.637500 0.436719 0.008594 0.004687
2 0.677344 0.384375 0.035156 0.020313
2 0.704688 0.391406 0.041406 0.021875
2 0.738281 0.403125 0.041406 0.024219
2 0.725000 0.523438 0.038281 0.033594
2 0.639062 0.478125 0.032813 0.024219
2 0.543750 0.430469 0.025000 0.017969
2 0.597656 0.362500 0.029687 0.015625
2 0.614844 0.367969 0.030469 0.016406
2 0.668750 0.494531 0.035937 0.028125
1 0.828906 0.489063 0.032031 0.014844
1 0.562500 0.389062 0.014063 0.006250
2 0.769531 0.544531 0.044531 0.038281
2 0.808594 0.564844 0.049219 0.042969
2 0.850000 0.586719 0.047656 0.046875
1 0.738281 0.453125 0.018750 0.011719
1 0.730469 0.449219 0.005469 0.004687
1 0.708594 0.442188 0.012500 0.008594
1 0.725000 0.436719 0.022656 0.029687
1 0.695312 0.426563 0.021094 0.028906
1 0.700781 0.439063 0.006250 0.005469
1 0.668750 0.428125 0.010156 0.007031
1 0.683594 0.421875 0.019531 0.026562
1 0.581250 0.351562 0.016406 0.020313
1 0.573438 0.349219 0.014844 0.019531
1 0.561719 0.348438 0.007031 0.017969
1 0.566406 0.331250 0.015625 0.018750
1 0.554688 0.346875 0.007031 0.016406
1 0.548438 0.344531 0.007031 0.015625
1 0.541406 0.342969 0.006250 0.015625
1 0.535156 0.340625 0.006250 0.017969
1 0.559375 0.329688 0.014844 0.018750
1 0.551562 0.328125 0.013281 0.018750
1 0.546094 0.326562 0.014063 0.017969
1 0.583594 0.299219 0.016406 0.019531
1 0.575781 0.298438 0.015625 0.018750
1 0.567969 0.296875 0.015625 0.018750
1 0.560937 0.296094 0.014844 0.017969
1 0.553906 0.294531 0.014844 0.017969
1 0.547656 0.293750 0.014844 0.017969
1 0.542188 0.292969 0.010937 0.017969
1 0.660937 0.319531 0.019531 0.021875
1 0.649219 0.317969 0.016406 0.023438
1 0.625781 0.315625 0.010156 0.019531
1 0.632031 0.316406 0.003906 0.019531
1 0.641406 0.296094 0.018750 0.021094
1 0.627344 0.295312 0.010156 0.020313
1 0.617188 0.294531 0.010156 0.020313
1 0.608594 0.292969 0.009375 0.019531
1 0.616406 0.313281 0.010156 0.019531
1 0.607031 0.311719 0.009375 0.018750
1 0.598437 0.309375 0.008594 0.021094
2 0.952344 0.693750 0.083594 0.081250
