2 0.025781 0.782813 0.051562 0.056250
2 0.044531 0.350781 0.051562 0.085938
2 0.017969 0.288281 0.035156 0.106250
2 0.061719 0.718750 0.075000 0.031250
2 0.092188 0.467187 0.010156 0.034375
2 0.075781 0.445312 0.025781 0.044531
1 0.061719 0.618750 0.027344 0.013281
1 0.075781 0.614062 0.025781 0.021875
1 0.090625 0.618750 0.006250 0.010937
2 0.023438 0.610938 0.046875 0.031250
1 0.059375 0.161719 0.010937 0.035937
1 0.074219 0.216406 0.003906 0.030469
1 0.084375 0.259375 0.007031 0.036719
1 0.078906 0.235156 0.007031 0.040625
1 0.075781 0.193750 0.025781 0.089063
1 0.088281 0.225781 0.010156 0.069531
1 0.092969 0.249219 0.009375 0.064844
1 0.096875 0.269531 0.008594 0.060937
1 0.089063 0.281250 0.006250 0.034375
1 0.093750 0.300781 0.005469 0.030469
1 0.097656 0.316406 0.004687 0.028125
1 0.103125 0.336719 0.008594 0.035156
1 0.113281 0.359375 0.002344 0.017969
1 0.114844 0.369531 0.002344 0.016406
1 0.117188 0.378906 0.002344 0.015625
1 0.118750 0.389062 0.002344 0.014844
1 0.121094 0.396094 0.002344 0.014844
1 0.090625 0.450781 0.005469 0.010156
1 0.100000 0.478125 0.003906 0.028906
1 0.081250 0.441406 0.046875 0.054688
1 0.102344 0.484375 0.005469 0.028125
1 0.105469 0.489844 0.003906 0.025781
1 0.107813 0.494531 0.003906 0.025000
1 0.110156 0.500000 0.003906 0.024219
1 0.105469 0.460156 0.005469 0.029687
1 0.108594 0.461719 0.005469 0.038281
1 0.110156 0.467969 0.005469 0.036719
2 0.496875 0.702344 0.052344 0.023438
2 0.961719 0.370312 0.075000 0.060937
2 0.863281 0.401562 0.125781 0.069531
2 0.407031 0.620313 0.027344 0.009375
2 0.467187 0.618750 0.046094 0.011719
2 0.487500 0.618750 0.034375 0.013281
2 0.521875 0.617969 0.052344 0.014063
2 0.558594 0.503906 0.046094 0.024219
2 0.596094 0.491406 0.050781 0.028906
2 0.657813 0.473438 0.072656 0.035156
2 0.678906 0.748437 0.089844 0.048438
2 0.526563 0.709375 0.057813 0.026562
2 0.411719 0.681250 0.037500 0.014844
2 0.457813 0.532813 0.030469 0.017969
2 0.485156 0.526563 0.047656 0.018750
2 0.572656 0.721875 0.067969 0.032031
1 0.894531 0.590625 0.100000 0.074219
1 0.429688 0.612500 0.021094 0.025000
2 0.779687 0.774219 0.112500 0.064844
2 0.896875 0.803906 0.146094 0.085938
2 0.982812 0.821094 0.032813 0.068750
2 0.776563 0.615625 0.108594 0.023438
1 0.675781 0.601562 0.044531 0.049219
1 0.642188 0.603125 0.025781 0.046094
1 0.618750 0.603906 0.022656 0.044531
1 0.649219 0.556250 0.041406 0.048438
1 0.599219 0.564063 0.036719 0.042969
1 0.595313 0.605469 0.026562 0.041406
1 0.573438 0.605469 0.017188 0.039062
1 0.556250 0.606250 0.016406 0.038281
1 0.571875 0.566406 0.017188 0.039844
1 0.449219 0.532031 0.024219 0.025000
1 0.433594 0.534375 0.007031 0.025000
1 0.426563 0.536719 0.007031 0.024219
1 0.434375 0.514062 0.021875 0.025000
1 0.419531 0.539062 0.006250 0.023438
1 0.413281 0.541406 0.006250 0.021875
1 0.407031 0.543750 0.005469 0.021875
1 0.401562 0.545312 0.005469 0.021875
1 0.419531 0.517188 0.006250 0.025000
1 0.413281 0.519531 0.006250 0.024219
1 0.407813 0.522656 0.005469 0.023438
1 0.448437 0.455469 0.017969 0.024219
1 0.435156 0.460156 0.007031 0.024219
1 0.428125 0.464062 0.007031 0.023438
1 0.421094 0.468750 0.006250 0.021875
1 0.414844 0.471875 0.006250 0.021875
1 0.409375 0.476562 0.005469 0.021094
1 0.403125 0.479687 0.005469 0.020313
1 0.535937 0.417187 0.030469 0.032031
1 0.514062 0.424219 0.012500 0.033594
1 0.491406 0.437500 0.010156 0.030469
1 0.501563 0.431250 0.010937 0.031250
1 0.510938 0.403125 0.028125 0.034375
1 0.491406 0.410938 0.010156 0.034375
1 0.480469 0.417969 0.009375 0.031250
1 0.471094 0.424219 0.008594 0.031250
1 0.480469 0.442969 0.009375 0.028906
1 0.471094 0.449219 0.008594 0.028125
1 0.461719 0.453906 0.008594 0.026562
