2 0.478125 0.714844 0.057813 0.029687
2 0.978125 0.433594 0.042969 0.042969
2 0.900781 0.446094 0.131250 0.053906
2 0.361719 0.620313 0.036719 0.010937
2 0.438281 0.624219 0.046094 0.014844
2 0.475781 0.625781 0.052344 0.015625
2 0.515625 0.628125 0.060156 0.018750
2 0.557031 0.507031 0.042969 0.021875
2 0.610156 0.499219 0.062500 0.025000
2 0.678125 0.488281 0.074219 0.028906
2 0.697656 0.767969 0.084375 0.056250
2 0.516406 0.723437 0.061719 0.034375
2 0.365625 0.688281 0.045312 0.019531
2 0.432031 0.528125 0.035156 0.017969
2 0.467187 0.523438 0.054688 0.019531
2 0.573438 0.739062 0.069531 0.040625
1 0.922656 0.628125 0.089844 0.069531
1 0.390625 0.613281 0.025781 0.028125
2 0.810937 0.794531 0.106250 0.071875
2 0.928125 0.821875 0.142969 0.088281
2 0.989062 0.815625 0.021094 0.026562
2 0.804688 0.642188 0.100781 0.028906
1 0.695312 0.621094 0.038281 0.050000
1 0.662500 0.620313 0.029687 0.048438
1 0.635156 0.619531 0.026562 0.046094
1 0.664844 0.572656 0.036719 0.046875
1 0.606250 0.575781 0.035156 0.043750
1 0.606250 0.618750 0.032031 0.043750
1 0.579688 0.618750 0.021094 0.042969
1 0.559375 0.617969 0.020313 0.040625
1 0.578906 0.576562 0.021094 0.041406
1 0.417187 0.525000 0.027344 0.028125
1 0.397656 0.526563 0.010156 0.028125
1 0.388281 0.528906 0.009375 0.026562
1 0.396875 0.503125 0.026562 0.028125
1 0.378906 0.530469 0.009375 0.025781
1 0.369531 0.532031 0.008594 0.025781
1 0.360938 0.533594 0.008594 0.025000
1 0.353125 0.535156 0.007812 0.024219
1 0.378906 0.505469 0.009375 0.026562
1 0.370312 0.507031 0.009375 0.025781
1 0.361719 0.509375 0.008594 0.025781
1 0.418750 0.440625 0.025781 0.030469
1 0.400781 0.442969 0.010156 0.026562
1 0.390625 0.446875 0.010156 0.025781
1 0.381250 0.450781 0.008594 0.025781
1 0.372656 0.453906 0.008594 0.025000
1 0.364063 0.457031 0.008594 0.024219
1 0.356250 0.460938 0.007812 0.023438
1 0.529687 0.414062 0.030469 0.043750
1 0.506250 0.415625 0.015625 0.035156
1 0.475781 0.427344 0.013281 0.032031
1 0.490625 0.421875 0.014844 0.034375
1 0.498437 0.391406 0.029687 0.035937
1 0.475781 0.396875 0.013281 0.035156
1 0.462500 0.403125 0.013281 0.034375
1 0.450000 0.408594 0.011719 0.033594
1 0.462500 0.432031 0.013281 0.031250
1 0.449219 0.436719 0.011719 0.030469
1 0.437500 0.440625 0.011719 0.029687
