3 0.317969 0.502344 0.042188 0.109375
2 0.189844 0.688281 0.024219 0.057813
2 0.030469 0.907813 0.060937 0.181250
2 0.190625 0.515625 0.028906 0.027344
2 0.172656 0.579688 0.035156 0.044531
2 0.170313 0.601562 0.040625 0.041406
2 0.170313 0.637500 0.032031 0.050000
2 0.121094 0.559375 0.107813 0.061719
2 0.100781 0.595313 0.117969 0.075781
2 0.060937 0.674219 0.121875 0.129688
2 0.203906 0.575781 0.017188 0.030469
2 0.155469 0.477344 0.059375 0.024219
2 0.148438 0.496094 0.064844 0.039062
2 0.175781 0.798438 0.026562 0.082031
1 0.089063 0.989062 0.008594 0.019531
1 0.098437 0.956250 0.037500 0.085156
1 0.065625 0.952344 0.047656 0.092188
1 0.139063 0.675781 0.032813 0.079687
1 0.132812 0.728906 0.057813 0.092188
1 0.160938 0.692187 0.010937 0.061719
1 0.163281 0.671875 0.011719 0.058594
1 0.152344 0.649219 0.014844 0.062500
1 0.109375 0.405469 0.061719 0.056250
1 0.117969 0.396094 0.059375 0.042188
1 0.151562 0.389844 0.009375 0.041406
1 0.148438 0.394531 0.009375 0.043750
1 0.117969 0.353906 0.057813 0.046094
1 0.125000 0.350781 0.052344 0.041406
1 0.130469 0.348438 0.047656 0.039062
1 0.135937 0.347656 0.044531 0.037500
1 0.156250 0.386719 0.008594 0.039062
1 0.160156 0.383594 0.007812 0.037500
1 0.162500 0.380469 0.007812 0.035937
1 0.162500 0.362500 0.012500 0.032813
1 0.165625 0.357812 0.017969 0.030469
1 0.166406 0.356250 0.020313 0.029687
1 0.167187 0.355469 0.023438 0.027344
1 0.167969 0.353906 0.025781 0.027344
1 0.169531 0.352344 0.026562 0.026562
1 0.162500 0.453125 0.035156 0.029687
1 0.164844 0.437500 0.023438 0.006250
1 0.184375 0.452344 0.002344 0.015625
1 0.168750 0.419531 0.026562 0.034375
1 0.185938 0.450000 0.002344 0.010937
1 0.187500 0.436719 0.003906 0.028906
1 0.188281 0.433594 0.003906 0.026562
1 0.189062 0.428906 0.003906 0.026562
1 0.180469 0.410938 0.006250 0.024219
1 0.181250 0.410938 0.007812 0.027344
1 0.182031 0.407813 0.010937 0.027344
2 0.164062 0.904687 0.030469 0.115625
2 0.480469 0.565625 0.035937 0.034375
2 0.773438 0.582812 0.110937 0.084375
2 0.700781 0.544531 0.090625 0.065625
2 0.527344 0.458594 0.050000 0.027344
2 0.552344 0.471094 0.053125 0.034375
2 0.584375 0.489844 0.057813 0.039062
2 0.428125 0.509375 0.028906 0.021094
2 0.460156 0.427344 0.039062 0.020313
2 0.474219 0.434375 0.041406 0.021094
2 0.524219 0.614844 0.044531 0.046875
1 0.745313 0.708594 0.062500 0.089063
1 0.453906 0.482031 0.010937 0.008594
1 0.446875 0.479687 0.010937 0.008594
1 0.448437 0.472656 0.009375 0.009375
1 0.437500 0.471094 0.009375 0.008594
1 0.445312 0.472656 0.009375 0.007812
2 0.625000 0.726562 0.060937 0.074219
2 0.562500 0.657031 0.053906 0.050000
2 0.677344 0.780469 0.079687 0.088281
2 0.734375 0.841406 0.088281 0.127344
2 0.496875 0.524219 0.040625 0.032813
1 0.679688 0.653906 0.044531 0.071094
1 0.657031 0.642188 0.041406 0.052344
1 0.628125 0.621094 0.022656 0.062500
1 0.659375 0.598437 0.042188 0.064844
1 0.546094 0.520312 0.029687 0.042188
1 0.544531 0.553125 0.029687 0.035937
1 0.525000 0.545312 0.009375 0.035156
1 0.515625 0.535937 0.009375 0.037500
1 0.534375 0.512500 0.027344 0.040625
1 0.507812 0.367188 0.026562 0.030469
1 0.498437 0.365625 0.024219 0.029687
1 0.474219 0.363281 0.007812 0.026562
1 0.481250 0.364844 0.007812 0.027344
1 0.488281 0.338281 0.021094 0.027344
1 0.479687 0.336719 0.019531 0.026562
1 0.472656 0.335938 0.019531 0.025781
1 0.460938 0.335938 0.006250 0.024219
1 0.467187 0.362500 0.006250 0.026562
1 0.460938 0.360938 0.006250 0.025781
1 0.453906 0.359375 0.005469 0.024219
1 0.446875 0.346875 0.019531 0.023438
1 0.442188 0.346094 0.017969 0.023438
1 0.432812 0.345313 0.009375 0.022656
1 0.430469 0.344531 0.017188 0.021094
1 0.425000 0.343750 0.014063 0.021094
1 0.422656 0.342969 0.017188 0.020313
1 0.416406 0.342187 0.014063 0.020313
1 0.449219 0.411719 0.020313 0.023438
1 0.442188 0.410938 0.019531 0.025781
1 0.430469 0.409375 0.003906 0.021094
1 0.437500 0.387500 0.020313 0.023438
1 0.425781 0.407813 0.005469 0.021094
1 0.422656 0.404687 0.003906 0.020313
1 0.417969 0.402344 0.003906 0.019531
1 0.414062 0.400781 0.003906 0.020313
1 0.432812 0.386719 0.017969 0.022656
1 0.427344 0.384375 0.017188 0.022656
1 0.422656 0.382812 0.015625 0.021094
2 0.635938 0.500781 0.032031 0.017188
2 0.913281 0.462500 0.067187 0.032031
2 0.857812 0.450781 0.060937 0.025781
2 0.564063 0.432031 0.022656 0.012500
2 0.615625 0.450781 0.019531 0.017188
2 0.637500 0.457813 0.032813 0.017969
2 0.659375 0.466406 0.034375 0.017969
2 0.694531 0.415625 0.037500 0.015625
2 0.721094 0.421094 0.043750 0.019531
2 0.753906 0.430469 0.042188 0.020313
2 0.657813 0.511719 0.034375 0.019531
2 0.619531 0.398438 0.019531 0.011719
2 0.633594 0.402344 0.032813 0.012500
1 0.853125 0.528906 0.035937 0.037500
1 0.582812 0.434375 0.014844 0.019531
2 0.852344 0.607812 0.020313 0.025781
2 0.883594 0.623437 0.062500 0.049219
2 0.799219 0.519531 0.046094 0.026562
1 0.754687 0.492969 0.024219 0.030469
1 0.739844 0.489844 0.022656 0.026562
1 0.723437 0.484375 0.014844 0.028906
1 0.741406 0.474219 0.021094 0.012500
1 0.710938 0.464844 0.020313 0.010937
1 0.710938 0.479687 0.021094 0.023438
1 0.694531 0.475781 0.012500 0.023438
1 0.684375 0.469531 0.012500 0.026562
1 0.696094 0.460938 0.011719 0.011719
1 0.596875 0.389062 0.008594 0.017188
1 0.592969 0.387500 0.015625 0.017969
1 0.582812 0.387500 0.006250 0.017188
1 0.587500 0.370312 0.014844 0.017188
1 0.575781 0.385937 0.006250 0.015625
1 0.569531 0.384375 0.005469 0.014844
1 0.563281 0.383594 0.005469 0.015625
1 0.557813 0.381250 0.005469 0.015625
1 0.578906 0.369531 0.012500 0.015625
1 0.572656 0.368750 0.011719 0.015625
1 0.566406 0.367188 0.011719 0.015625
1 0.603125 0.338281 0.017188 0.017188
1 0.590625 0.337500 0.007812 0.015625
1 0.587500 0.337500 0.012500 0.017188
1 0.578906 0.337500 0.009375 0.017188
1 0.571094 0.336719 0.006250 0.015625
1 0.567969 0.335938 0.012500 0.015625
1 0.560937 0.335938 0.009375 0.015625
1 0.675781 0.352344 0.020313 0.021094
1 0.665625 0.351562 0.017969 0.020313
1 0.642188 0.349219 0.009375 0.020313
1 0.650781 0.350781 0.010937 0.020313
1 0.657813 0.330469 0.019531 0.020313
1 0.647656 0.330469 0.014063 0.020313
1 0.630469 0.329688 0.003125 0.019531
1 0.625000 0.329688 0.009375 0.019531
1 0.628906 0.348438 0.003125 0.017969
1 0.624219 0.348438 0.008594 0.017969
1 0.616406 0.347656 0.007812 0.017969
2 0.457813 0.971094 0.111719 0.055469
2 0.969531 0.717187 0.060937 0.074219
