3 0.250000 0.477344 0.067187 0.156250
2 0.022656 0.836719 0.045312 0.117188
2 0.048438 0.514844 0.076563 0.057031
2 0.010937 0.646875 0.021875 0.066406
2 0.000781 0.693750 0.001563 0.009375
2 0.076563 0.596875 0.064844 0.067969
1 0.005469 0.277344 0.010156 0.041406
1 0.009375 0.270313 0.018750 0.043750
1 0.005469 0.442969 0.010937 0.048438
1 0.010156 0.426563 0.020313 0.050781
1 0.003906 0.391406 0.007812 0.034375
1 0.018750 0.415625 0.021094 0.048438
1 0.028125 0.405469 0.019531 0.046875
1 0.035937 0.396094 0.017969 0.043750
1 0.042188 0.386719 0.017969 0.042969
1 0.008594 0.373437 0.017188 0.050000
1 0.013281 0.366406 0.025781 0.046875
1 0.017188 0.358594 0.034375 0.044531
2 0.473438 0.571094 0.048438 0.056250
2 0.911719 0.767969 0.175781 0.253906
2 0.542969 0.449219 0.078906 0.063281
2 0.585156 0.483594 0.089844 0.079687
2 0.641406 0.539062 0.094531 0.103125
2 0.406250 0.467969 0.035156 0.033594
2 0.442969 0.374219 0.055469 0.035937
2 0.461719 0.390625 0.060156 0.041406
2 0.536719 0.667188 0.067969 0.089844
1 0.436719 0.441406 0.013281 0.011719
1 0.428125 0.437500 0.013281 0.011719
1 0.432031 0.426563 0.009375 0.014844
1 0.416406 0.421094 0.010937 0.013281
1 0.425781 0.423438 0.012500 0.010156
2 0.713281 0.915625 0.120313 0.166406
2 0.593750 0.759375 0.083594 0.107031
2 0.768750 0.972656 0.035937 0.053125
2 0.497656 0.528125 0.064844 0.063281
1 0.840625 0.906250 0.096094 0.176563
1 0.786719 0.866406 0.084375 0.110156
1 0.737500 0.792969 0.064844 0.138281
1 0.797656 0.800781 0.082031 0.135156
1 0.570312 0.556250 0.046094 0.069531
1 0.569531 0.601562 0.046094 0.059375
1 0.539062 0.581250 0.016406 0.056250
1 0.523438 0.557813 0.014844 0.061719
1 0.546875 0.538281 0.030469 0.064844
1 0.512500 0.300781 0.042969 0.055469
1 0.497656 0.296094 0.039844 0.051562
1 0.460156 0.288281 0.010937 0.043750
1 0.471875 0.292969 0.011719 0.045312
1 0.482031 0.249219 0.034375 0.048438
1 0.471094 0.246094 0.035156 0.045312
1 0.459375 0.243750 0.032031 0.043750
1 0.450781 0.241406 0.033594 0.041406
1 0.450000 0.283594 0.010156 0.041406
1 0.440625 0.280469 0.010156 0.039844
1 0.432031 0.275781 0.009375 0.039062
1 0.421875 0.254688 0.025781 0.036719
1 0.415625 0.252344 0.026562 0.035937
1 0.408594 0.250781 0.025781 0.034375
1 0.400000 0.248438 0.019531 0.033594
1 0.396094 0.246875 0.022656 0.032031
1 0.391406 0.244531 0.024219 0.030469
1 0.387500 0.242969 0.024219 0.030469
1 0.428125 0.347656 0.028906 0.034375
1 0.420312 0.344531 0.027344 0.036719
1 0.404687 0.341406 0.007031 0.031250
1 0.413281 0.311719 0.028906 0.034375
1 0.398438 0.337500 0.007031 0.030469
1 0.392969 0.332813 0.006250 0.028906
1 0.388281 0.328125 0.006250 0.028906
1 0.382812 0.323437 0.005469 0.028906
1 0.404687 0.307812 0.021094 0.034375
1 0.400000 0.303906 0.024219 0.032031
1 0.395313 0.300781 0.024219 0.031250
2 0.668750 0.454688 0.039062 0.029687
2 0.994531 0.417969 0.010156 0.028906
2 0.762500 0.350000 0.053906 0.028125
2 0.803906 0.361719 0.063281 0.032031
2 0.859375 0.379688 0.068750 0.036719
2 0.826562 0.549219 0.061719 0.053125
2 0.699219 0.467969 0.044531 0.025781
2 0.578125 0.400000 0.030469 0.020313
2 0.650000 0.317969 0.040625 0.020313
2 0.674219 0.324219 0.042969 0.021094
2 0.741406 0.499219 0.050781 0.038281
1 0.995313 0.510938 0.007812 0.005469
1 0.605469 0.349219 0.013281 0.006250
2 0.897656 0.590625 0.074219 0.064844
2 0.961719 0.632031 0.075781 0.076563
1 0.853906 0.450781 0.027344 0.015625
1 0.842187 0.444531 0.005469 0.004687
1 0.807813 0.431250 0.017969 0.010937
1 0.833594 0.425781 0.035156 0.042969
1 0.786719 0.407813 0.032031 0.038281
1 0.795312 0.426563 0.005469 0.006250
1 0.770312 0.400781 0.027344 0.035156
1 0.628125 0.303125 0.021875 0.026562
1 0.617969 0.300781 0.020313 0.025000
1 0.603906 0.299219 0.009375 0.021875
1 0.610156 0.276562 0.021094 0.024219
1 0.595313 0.296875 0.008594 0.021094
1 0.586719 0.293750 0.008594 0.021094
1 0.578906 0.292187 0.007812 0.021094
1 0.571094 0.289062 0.007031 0.021875
1 0.600781 0.275000 0.018750 0.024219
1 0.592969 0.273438 0.019531 0.021875
1 0.584375 0.271094 0.017969 0.021875
1 0.634375 0.234375 0.022656 0.025000
1 0.621875 0.233594 0.017969 0.024219
1 0.610938 0.232031 0.014844 0.024219
1 0.603125 0.231250 0.016406 0.023438
1 0.595313 0.230469 0.019531 0.021875
1 0.586719 0.229687 0.017969 0.021875
1 0.577344 0.228906 0.014063 0.021875
1 0.747656 0.258594 0.017188 0.031250
1 0.717969 0.256250 0.015625 0.030469
1 0.690625 0.253906 0.016406 0.028125
1 0.704688 0.255469 0.017188 0.028906
1 0.714063 0.226562 0.028906 0.029687
1 0.696094 0.225781 0.021094 0.028906
1 0.684375 0.225000 0.024219 0.028125
1 0.671875 0.223438 0.022656 0.026562
1 0.677344 0.251563 0.014844 0.026562
1 0.664844 0.250000 0.014063 0.025781
1 0.653125 0.247656 0.013281 0.026562
