3 0.196094 0.557813 0.082812 0.172656
2 0.459375 0.601562 0.052344 0.041406
2 0.946875 0.471875 0.106250 0.046875
2 0.850781 0.463281 0.114062 0.043750
2 0.540625 0.437500 0.061719 0.023438
2 0.585938 0.441406 0.069531 0.025781
2 0.646094 0.448437 0.072656 0.028906
2 0.356250 0.554688 0.042188 0.026562
2 0.419531 0.426563 0.052344 0.017188
2 0.445312 0.428906 0.053906 0.019531
2 0.541406 0.642188 0.061719 0.053906
1 0.928906 0.648438 0.089063 0.099219
1 0.403906 0.505469 0.014063 0.010937
1 0.391406 0.504687 0.010937 0.011719
1 0.390625 0.499219 0.011719 0.014844
1 0.375781 0.497656 0.012500 0.010937
1 0.385937 0.498437 0.011719 0.009375
2 0.728125 0.730469 0.082031 0.090625
2 0.607812 0.675781 0.067969 0.060937
2 0.817969 0.770312 0.102344 0.108594
2 0.928906 0.821875 0.138281 0.137500
2 0.491406 0.535937 0.057813 0.035937
1 0.812500 0.612500 0.044531 0.080469
1 0.773438 0.609375 0.040625 0.060937
1 0.738281 0.592187 0.038281 0.072656
1 0.777344 0.552344 0.041406 0.072656
1 0.575781 0.509375 0.034375 0.049219
1 0.575781 0.549219 0.034375 0.049219
1 0.548438 0.546094 0.017969 0.041406
1 0.530469 0.535937 0.017969 0.049219
1 0.555469 0.504687 0.032031 0.047656
1 0.506250 0.325781 0.032031 0.039062
1 0.481250 0.327344 0.015625 0.037500
1 0.451562 0.330469 0.014063 0.034375
1 0.465625 0.329688 0.014844 0.035937
1 0.474219 0.294531 0.032031 0.037500
1 0.451562 0.296875 0.014063 0.035937
1 0.437500 0.299219 0.012500 0.035156
1 0.424219 0.302344 0.012500 0.034375
1 0.437500 0.332813 0.014063 0.032813
1 0.425781 0.334375 0.012500 0.032031
1 0.413281 0.334375 0.011719 0.032813
1 0.395313 0.325781 0.028906 0.030469
1 0.375781 0.326562 0.011719 0.029687
1 0.366406 0.328125 0.009375 0.028906
1 0.357812 0.329688 0.009375 0.027344
1 0.348438 0.331250 0.009375 0.026562
1 0.339844 0.332813 0.009375 0.026562
1 0.332031 0.333594 0.008594 0.026562
1 0.397656 0.414844 0.027344 0.029687
1 0.382812 0.414062 0.019531 0.029687
1 0.368750 0.413281 0.009375 0.026562
1 0.376563 0.386719 0.027344 0.026562
1 0.360156 0.412500 0.009375 0.025781
1 0.350781 0.412500 0.009375 0.026562
1 0.342187 0.411719 0.008594 0.025781
1 0.335156 0.410938 0.008594 0.025781
1 0.359375 0.385937 0.009375 0.025781
1 0.350000 0.385937 0.008594 0.025781
1 0.341406 0.385937 0.008594 0.024219
2 0.597656 0.516406 0.011719 0.015625
2 0.862500 0.420312 0.055469 0.014844
2 0.812500 0.417187 0.046875 0.014063
2 0.499219 0.457813 0.025781 0.005469
2 0.560156 0.466406 0.024219 0.007812
2 0.585938 0.471094 0.026562 0.007812
2 0.612500 0.474219 0.026562 0.008594
2 0.647656 0.412500 0.032031 0.010937
2 0.674219 0.414062 0.032031 0.010937
2 0.714844 0.415625 0.034375 0.010937
2 0.714063 0.543750 0.028906 0.023438
2 0.612500 0.520312 0.032813 0.019531
2 0.500781 0.496094 0.027344 0.014063
2 0.560937 0.408594 0.027344 0.008594
2 0.582031 0.409375 0.029687 0.009375
2 0.646875 0.528906 0.034375 0.020313
1 0.810937 0.502344 0.029687 0.008594
1 0.519531 0.460938 0.008594 0.003906
2 0.747656 0.551562 0.021094 0.022656
2 0.809375 0.566406 0.026562 0.022656
2 0.846094 0.572656 0.052344 0.032031
2 0.762500 0.496094 0.040625 0.010937
1 0.715625 0.488281 0.015625 0.006250
1 0.681250 0.484375 0.005469 0.003906
1 0.703906 0.450000 0.014063 0.017188
1 0.664062 0.449219 0.002344 0.005469
1 0.669531 0.481250 0.015625 0.005469
1 0.654687 0.480469 0.011719 0.005469
1 0.642969 0.478125 0.011719 0.005469
1 0.658594 0.449219 0.008594 0.006250
1 0.541406 0.402344 0.014844 0.017188
1 0.532813 0.401562 0.003125 0.015625
1 0.521094 0.401562 0.007812 0.015625
1 0.525781 0.384375 0.014844 0.017188
1 0.513281 0.401562 0.007812 0.015625
1 0.502344 0.401562 0.002344 0.015625
1 0.497656 0.401562 0.006250 0.015625
1 0.490625 0.400781 0.006250 0.015625
1 0.513281 0.384375 0.007812 0.017188
1 0.502344 0.384375 0.002344 0.017188
1 0.497656 0.384375 0.006250 0.017188
1 0.627344 0.359375 0.015625 0.005469
1 0.612500 0.359375 0.010937 0.005469
1 0.590625 0.359375 0.011719 0.005469
1 0.602344 0.359375 0.010937 0.005469
1 0.604688 0.329688 0.015625 0.017188
1 0.591406 0.330469 0.010937 0.015625
1 0.580469 0.331250 0.010937 0.015625
1 0.571094 0.332813 0.009375 0.015625
1 0.580469 0.359375 0.009375 0.003906
1 0.571094 0.360156 0.009375 0.005469
1 0.560937 0.360938 0.009375 0.003906
2 0.970313 0.620313 0.059375 0.044531
