3 0.200781 0.509375 0.087500 0.182812
2 0.009375 0.666406 0.018750 0.064062
2 0.464844 0.574219 0.055469 0.064844
2 0.937500 0.677344 0.124219 0.176563
2 0.548438 0.443750 0.079687 0.065625
2 0.599219 0.473438 0.091406 0.080469
2 0.671094 0.522656 0.103125 0.096094
2 0.375000 0.475781 0.041406 0.039062
2 0.423438 0.375000 0.059375 0.041406
2 0.447656 0.389062 0.064062 0.044531
2 0.542188 0.664062 0.070312 0.091406
1 0.987500 0.955469 0.022656 0.085938
1 0.414062 0.446094 0.014844 0.014844
1 0.403125 0.442969 0.014844 0.015625
1 0.403906 0.430469 0.014063 0.014844
1 0.387500 0.427344 0.014063 0.014063
1 0.399219 0.430469 0.014063 0.014063
2 0.742188 0.887500 0.109375 0.185156
2 0.610156 0.744531 0.084375 0.106250
2 0.812500 0.940625 0.064844 0.115625
2 0.493750 0.528906 0.065625 0.067187
1 0.875781 0.837500 0.079687 0.155469
1 0.817187 0.789844 0.064844 0.143750
1 0.775781 0.750781 0.067187 0.130469
1 0.835938 0.745313 0.074219 0.128906
1 0.582812 0.547656 0.044531 0.072656
1 0.580469 0.593750 0.044531 0.064062
1 0.549219 0.577344 0.021094 0.055469
1 0.530469 0.552344 0.019531 0.069531
1 0.557813 0.531250 0.035937 0.069531
1 0.510938 0.293750 0.043750 0.057813
1 0.491406 0.289062 0.040625 0.055469
1 0.449219 0.282813 0.014844 0.044531
1 0.463281 0.287500 0.015625 0.049219
1 0.475781 0.240625 0.041406 0.050781
1 0.459375 0.237500 0.037500 0.047656
1 0.444531 0.235156 0.035156 0.046875
1 0.432812 0.234375 0.037500 0.044531
1 0.435937 0.278906 0.014063 0.044531
1 0.423438 0.275781 0.012500 0.042188
1 0.411719 0.270313 0.012500 0.042188
1 0.397656 0.248438 0.034375 0.039062
1 0.384375 0.246094 0.026562 0.039062
1 0.373437 0.245312 0.021094 0.037500
1 0.368750 0.242188 0.028906 0.035937
1 0.360938 0.240625 0.027344 0.035156
1 0.352344 0.239063 0.026562 0.032813
1 0.347656 0.237500 0.026562 0.032031
1 0.402344 0.348438 0.032813 0.039062
1 0.392188 0.344531 0.029687 0.040625
1 0.375000 0.342187 0.009375 0.034375
1 0.380469 0.309375 0.026562 0.038281
1 0.366406 0.338281 0.009375 0.032031
1 0.360156 0.334375 0.009375 0.032031
1 0.352344 0.330469 0.008594 0.030469
1 0.346094 0.325000 0.008594 0.030469
1 0.373437 0.307031 0.027344 0.037500
1 0.365625 0.302344 0.027344 0.035937
1 0.359375 0.299219 0.026562 0.035156
2 0.635156 0.434375 0.038281 0.029687
2 0.995313 0.391406 0.009375 0.032031
2 0.954688 0.382812 0.077344 0.044531
2 0.718750 0.328906 0.046094 0.025781
2 0.753906 0.337500 0.047656 0.028906
2 0.810156 0.350781 0.046094 0.029687
2 0.783594 0.505469 0.047656 0.046094
2 0.662500 0.447656 0.040625 0.032031
2 0.540625 0.390625 0.030469 0.019531
2 0.612500 0.303906 0.037500 0.019531
2 0.635938 0.309375 0.039062 0.021094
2 0.703125 0.468750 0.044531 0.037500
2 0.842187 0.534375 0.058594 0.052344
2 0.898438 0.562500 0.064844 0.060937
2 0.963281 0.593750 0.071094 0.070312
1 0.790625 0.385156 0.017188 0.017188
1 0.742969 0.371875 0.020313 0.015625
1 0.728125 0.367188 0.022656 0.014844
1 0.589063 0.290625 0.019531 0.024219
1 0.579688 0.289062 0.019531 0.026562
1 0.565625 0.287500 0.009375 0.022656
1 0.571094 0.265625 0.019531 0.023438
1 0.556250 0.287500 0.008594 0.021094
1 0.547656 0.284375 0.008594 0.020313
1 0.539062 0.282813 0.008594 0.019531
1 0.534375 0.279687 0.003125 0.021094
1 0.562500 0.264844 0.017969 0.023438
1 0.552344 0.263281 0.015625 0.022656
1 0.544531 0.260937 0.017188 0.022656
1 0.593750 0.223438 0.021094 0.025781
1 0.583594 0.223438 0.020313 0.023438
1 0.571875 0.222656 0.015625 0.023438
1 0.562500 0.221094 0.014844 0.023438
1 0.555469 0.221094 0.017969 0.022656
1 0.532813 0.219531 0.008594 0.021094
1 0.699219 0.244531 0.025781 0.030469
1 0.682813 0.242188 0.025781 0.029687
1 0.650781 0.240625 0.014844 0.026562
1 0.664062 0.242188 0.015625 0.026562
1 0.671875 0.214844 0.024219 0.027344
1 0.653906 0.214062 0.017188 0.027344
1 0.644531 0.213281 0.021094 0.026562
1 0.628125 0.212500 0.014063 0.026562
1 0.639062 0.239063 0.014063 0.026562
1 0.625781 0.237500 0.012500 0.025781
1 0.614844 0.235937 0.012500 0.026562
