3 0.432812 0.902344 0.167187 0.192188
2 0.784375 0.944531 0.022656 0.108594
2 0.855469 0.444531 0.011719 0.026562
2 0.856250 0.463281 0.012500 0.032813
2 0.825000 0.949219 0.039062 0.099219
2 0.824219 0.865625 0.046094 0.126562
2 0.817969 0.773438 0.021094 0.074219
2 0.846094 0.600000 0.034375 0.065625
2 0.850781 0.555469 0.022656 0.041406
2 0.857812 0.528906 0.010937 0.044531
2 0.848437 0.842187 0.046094 0.132812
2 0.850000 0.761719 0.038281 0.114844
2 0.803906 0.782813 0.007812 0.070312
1 0.839844 0.557813 0.003125 0.017188
1 0.831250 0.653906 0.007812 0.032031
1 0.828125 0.706250 0.009375 0.049219
1 0.853906 0.640625 0.015625 0.008594
1 0.889844 0.509375 0.022656 0.064844
1 0.889062 0.526563 0.017969 0.067969
1 0.889844 0.572656 0.015625 0.078906
1 0.888281 0.549219 0.014844 0.072656
1 0.942187 0.492969 0.096875 0.075781
1 0.947656 0.513281 0.103906 0.079687
1 0.948438 0.532031 0.103125 0.076563
1 0.951562 0.587500 0.096875 0.140625
1 0.890625 0.598437 0.017188 0.084375
1 0.890625 0.650781 0.014063 0.050000
1 0.942969 0.675000 0.114062 0.107813
1 0.949219 0.749219 0.100781 0.135156
1 0.951562 0.815625 0.096875 0.155469
1 0.953125 0.900781 0.091406 0.179688
1 0.957031 0.951562 0.085938 0.094531
1 0.854688 0.947656 0.032813 0.103125
1 0.858594 0.981250 0.027344 0.035156
2 0.824219 0.584375 0.005469 0.029687
2 0.821094 0.610156 0.005469 0.035156
2 0.810156 0.713281 0.007812 0.053906
2 0.817969 0.642188 0.003906 0.042188
2 0.456250 0.624219 0.049219 0.058594
2 0.605469 0.371094 0.032031 0.021094
2 0.591406 0.380469 0.034375 0.023438
2 0.511719 0.435937 0.042188 0.035937
2 0.532813 0.421094 0.039062 0.030469
2 0.553906 0.408594 0.035156 0.027344
2 0.285938 0.801562 0.075781 0.111719
2 0.414844 0.505469 0.059375 0.055469
2 0.446094 0.485156 0.055469 0.049219
2 0.514062 0.565625 0.041406 0.044531
1 0.601562 0.425781 0.020313 0.026562
1 0.375781 0.620313 0.017188 0.023438
1 0.367188 0.635156 0.017188 0.025781
1 0.350000 0.635938 0.017188 0.034375
1 0.321094 0.671094 0.017969 0.028906
1 0.334375 0.650781 0.017969 0.026562
2 0.572656 0.508594 0.034375 0.025781
2 0.540625 0.541406 0.037500 0.032031
2 0.591406 0.493750 0.021094 0.023438
2 0.603906 0.480469 0.019531 0.022656
2 0.485938 0.534375 0.046875 0.047656
1 0.592187 0.439063 0.006250 0.026562
1 0.580469 0.444531 0.019531 0.025781
1 0.573438 0.447656 0.021094 0.029687
1 0.580469 0.424219 0.021094 0.026562
1 0.531250 0.465625 0.015625 0.034375
1 0.535156 0.491406 0.008594 0.027344
1 0.526563 0.499219 0.008594 0.029687
1 0.510156 0.502344 0.024219 0.040625
1 0.521094 0.474219 0.019531 0.035156
1 0.492969 0.367188 0.022656 0.040625
1 0.487500 0.373437 0.011719 0.040625
1 0.462500 0.387500 0.014063 0.037500
1 0.475781 0.382031 0.012500 0.035937
1 0.475781 0.353906 0.012500 0.029687
1 0.460938 0.359375 0.014063 0.030469
1 0.437500 0.358594 0.032813 0.044531
1 0.422656 0.364063 0.034375 0.049219
1 0.447656 0.394531 0.014844 0.038281
1 0.432812 0.402344 0.017188 0.040625
1 0.407813 0.405469 0.035156 0.050781
1 0.363281 0.410156 0.039062 0.056250
1 0.341406 0.419531 0.042188 0.059375
1 0.318750 0.429688 0.043750 0.064062
1 0.292187 0.439844 0.046875 0.067187
1 0.264062 0.452344 0.050000 0.071094
1 0.234375 0.464844 0.053125 0.076563
1 0.200781 0.479687 0.056250 0.080469
1 0.371875 0.519531 0.037500 0.058594
1 0.357812 0.532813 0.025781 0.061719
1 0.337500 0.554688 0.025781 0.050000
1 0.325781 0.510938 0.041406 0.064844
1 0.314063 0.571094 0.028906 0.052344
1 0.288281 0.588281 0.032031 0.055469
1 0.260937 0.607812 0.035937 0.057813
1 0.224219 0.616406 0.050781 0.084375
1 0.301563 0.524219 0.043750 0.070312
1 0.275781 0.540625 0.046875 0.073438
1 0.247656 0.557031 0.050000 0.077344
2 0.320312 0.483594 0.035937 0.014063
2 0.160938 0.510156 0.037500 0.039062
2 0.364063 0.364063 0.032031 0.020313
2 0.386719 0.357812 0.026562 0.019531
2 0.403906 0.350781 0.015625 0.015625
2 0.419531 0.445312 0.021094 0.014063
2 0.346094 0.477344 0.034375 0.026562
2 0.182812 0.565625 0.047656 0.044531
2 0.275000 0.395313 0.039062 0.026562
2 0.301563 0.387500 0.037500 0.023438
2 0.375781 0.462500 0.032031 0.025781
2 0.441406 0.432812 0.017188 0.012500
2 0.457813 0.424219 0.014844 0.012500
2 0.471875 0.415625 0.014063 0.010937
1 0.401562 0.376563 0.009375 0.012500
1 0.383594 0.389062 0.014063 0.024219
1 0.387500 0.409375 0.007812 0.020313
1 0.383594 0.412500 0.003125 0.014844
1 0.375781 0.390625 0.015625 0.020313
1 0.239063 0.398438 0.023438 0.032813
1 0.225781 0.403906 0.020313 0.032813
1 0.210938 0.412500 0.020313 0.027344
1 0.203906 0.385156 0.025781 0.034375
1 0.193750 0.418750 0.021094 0.028906
1 0.175781 0.423438 0.023438 0.029687
1 0.164062 0.427344 0.010937 0.025781
1 0.132812 0.433594 0.025781 0.039062
1 0.186719 0.390625 0.026562 0.034375
1 0.167969 0.396094 0.027344 0.035937
1 0.157812 0.399219 0.012500 0.034375
1 0.229687 0.326562 0.025781 0.032031
1 0.212500 0.330469 0.025781 0.032813
1 0.196094 0.334375 0.027344 0.032031
1 0.177344 0.337500 0.027344 0.034375
1 0.159375 0.342187 0.028906 0.035156
1 0.142187 0.343750 0.021094 0.034375
1 0.114062 0.350781 0.024219 0.037500
1 0.339062 0.312500 0.019531 0.025781
1 0.332031 0.315625 0.012500 0.024219
1 0.309375 0.322656 0.014063 0.023438
1 0.321094 0.319531 0.012500 0.023438
1 0.319531 0.300781 0.012500 0.017969
1 0.307031 0.302344 0.014063 0.017969
1 0.290625 0.301563 0.021094 0.026562
1 0.276562 0.303906 0.023438 0.026562
1 0.296094 0.325000 0.014844 0.024219
1 0.282813 0.327344 0.014844 0.023438
1 0.265625 0.328906 0.023438 0.028906
2 0.715625 0.535937 0.039062 0.037500
2 0.528906 0.404687 0.023438 0.011719
