3 0.178125 0.967969 0.111719 0.061719
2 0.431250 0.674219 0.072656 0.074219
2 0.645312 0.396094 0.041406 0.014844
2 0.631250 0.399219 0.039844 0.015625
2 0.518750 0.421875 0.058594 0.025781
2 0.546875 0.416406 0.055469 0.021875
2 0.578125 0.411719 0.046094 0.019531
2 0.074219 0.909375 0.147656 0.179688
2 0.360938 0.453906 0.086719 0.043750
2 0.414062 0.443750 0.078906 0.038281
2 0.523438 0.614062 0.058594 0.051562
1 0.642969 0.466406 0.025781 0.028906
1 0.289844 0.626563 0.024219 0.033594
1 0.267188 0.642969 0.025781 0.035937
1 0.239844 0.639844 0.025000 0.050000
1 0.173437 0.681250 0.027344 0.042969
1 0.209375 0.657031 0.025781 0.039062
2 0.605469 0.560937 0.046094 0.028125
2 0.562500 0.591406 0.051562 0.034375
2 0.632812 0.547656 0.024219 0.025000
2 0.648438 0.535937 0.024219 0.021875
2 0.480469 0.549219 0.066406 0.049219
1 0.631250 0.474219 0.007812 0.029687
1 0.618750 0.478125 0.019531 0.028906
1 0.606250 0.480469 0.027344 0.034375
1 0.615625 0.450000 0.027344 0.031250
1 0.543750 0.475781 0.030469 0.041406
1 0.553125 0.510938 0.011719 0.035937
1 0.540625 0.516406 0.013281 0.038281
1 0.517188 0.519531 0.033594 0.046094
1 0.532031 0.478906 0.030469 0.043750
1 0.498437 0.306250 0.017188 0.044531
1 0.480469 0.304688 0.018750 0.046094
1 0.439844 0.300781 0.022656 0.050781
1 0.460938 0.303125 0.020313 0.048438
1 0.460156 0.255469 0.021094 0.050781
1 0.439063 0.250781 0.023438 0.053906
1 0.414844 0.245312 0.025781 0.057031
1 0.379688 0.239844 0.047656 0.060937
1 0.416406 0.298438 0.025000 0.053906
1 0.390625 0.295312 0.028906 0.055469
1 0.353125 0.291406 0.049219 0.060937
1 0.276562 0.255469 0.045312 0.071875
1 0.232031 0.248438 0.052344 0.078906
1 0.182031 0.240625 0.060156 0.085156
1 0.123438 0.232031 0.071094 0.092969
1 0.053906 0.221094 0.086719 0.101562
1 0.011719 0.216406 0.023438 0.098437
1 0.282031 0.449219 0.053125 0.071094
1 0.245312 0.456250 0.049219 0.076563
1 0.199219 0.467187 0.055469 0.075000
1 0.191406 0.396875 0.060156 0.075000
1 0.146094 0.475781 0.064844 0.081250
1 0.083594 0.485156 0.076563 0.090625
1 0.028125 0.496094 0.056250 0.092969
1 0.137500 0.400781 0.067187 0.080469
1 0.072656 0.405469 0.079687 0.088281
1 0.021875 0.407031 0.043750 0.092188
2 0.293750 0.531250 0.035156 0.026562
2 0.482031 0.382031 0.027344 0.008594
2 0.463281 0.382812 0.030469 0.008594
2 0.358594 0.392969 0.034375 0.011719
2 0.383594 0.390625 0.035156 0.010937
2 0.412500 0.388281 0.031250 0.010156
2 0.417969 0.496094 0.032813 0.019531
2 0.330469 0.521094 0.039844 0.024219
2 0.104688 0.587500 0.061719 0.043750
2 0.246094 0.402344 0.039844 0.015625
2 0.278906 0.399219 0.041406 0.014844
2 0.367969 0.510938 0.036719 0.021094
1 0.466406 0.428125 0.016406 0.011719
2 0.444531 0.489063 0.030469 0.014063
2 0.467187 0.483594 0.022656 0.013281
2 0.485156 0.478125 0.021875 0.011719
1 0.406250 0.419531 0.017969 0.014844
1 0.383594 0.421875 0.015625 0.014844
1 0.371094 0.424219 0.017969 0.015625
1 0.153125 0.357031 0.024219 0.004687
1 0.129688 0.357031 0.024219 0.005469
1 0.103906 0.357812 0.025781 0.006250
1 0.077344 0.357812 0.028125 0.004687
1 0.195312 0.317969 0.021094 0.010156
1 0.173437 0.317188 0.022656 0.010156
1 0.150781 0.316406 0.024219 0.010937
1 0.126562 0.315625 0.025781 0.011719
1 0.100781 0.314063 0.027344 0.011719
1 0.073438 0.313281 0.028906 0.013281
1 0.043750 0.310937 0.031250 0.013281
1 0.329688 0.316406 0.002344 0.005469
1 0.314063 0.318750 0.001563 0.007031
1 0.290625 0.328125 0.014063 0.018750
1 0.310937 0.318750 0.005469 0.008594
1 0.309375 0.290625 0.005469 0.004687
1 0.275781 0.327344 0.016406 0.019531
1 0.258594 0.326562 0.017969 0.019531
1 0.239063 0.325781 0.023438 0.020313
2 0.818750 0.590625 0.070312 0.046094
2 0.563281 0.468750 0.007812 0.011719
