3 0.277344 0.499219 0.554688 0.998437
2 0.911719 0.439063 0.010937 0.022656
2 0.925000 0.426563 0.020313 0.027344
2 0.981250 0.341406 0.037500 0.057813
2 0.973437 0.369531 0.040625 0.046094
2 0.952344 0.394531 0.006250 0.011719
2 0.998437 0.689844 0.003125 0.026562
1 0.928906 0.530469 0.005469 0.032813
1 0.934375 0.528125 0.006250 0.037500
1 0.938281 0.527344 0.006250 0.037500
1 0.967187 0.525781 0.039062 0.042188
1 0.959375 0.485938 0.050781 0.044531
1 0.989062 0.459375 0.012500 0.060937
1 0.992188 0.515625 0.012500 0.057813
1 0.997656 0.514844 0.003906 0.059375
1 0.996094 0.455469 0.007812 0.059375
2 0.924219 0.630469 0.010937 0.020313
2 0.946875 0.639062 0.038281 0.026562
2 0.983594 0.674219 0.032813 0.040625
2 0.953906 0.648438 0.030469 0.028906
2 0.619531 0.476562 0.017969 0.012500
2 0.599219 0.471875 0.035937 0.014063
2 0.515625 0.444531 0.044531 0.017188
2 0.544531 0.452344 0.028906 0.017188
2 0.564063 0.460156 0.029687 0.015625
2 0.155469 0.684375 0.017188 0.003906
2 0.396094 0.399219 0.070312 0.035937
2 0.442188 0.413281 0.049219 0.030469
1 0.616406 0.537500 0.015625 0.021094
1 0.333594 0.535937 0.007812 0.008594
1 0.239063 0.531250 0.009375 0.007812
2 0.585938 0.609375 0.040625 0.014844
2 0.562500 0.617969 0.024219 0.017188
2 0.610156 0.605469 0.020313 0.012500
2 0.622656 0.602344 0.020313 0.012500
2 0.489063 0.540625 0.047656 0.014844
1 0.604688 0.537500 0.005469 0.023438
1 0.599219 0.537500 0.005469 0.023438
1 0.584375 0.535937 0.023438 0.023438
1 0.590625 0.512500 0.022656 0.023438
1 0.542188 0.503125 0.009375 0.029687
1 0.542188 0.534375 0.009375 0.029687
1 0.532813 0.532031 0.009375 0.029687
1 0.502344 0.530469 0.011719 0.029687
1 0.522656 0.501563 0.028906 0.030469
1 0.499219 0.337500 0.011719 0.035937
1 0.485938 0.328906 0.012500 0.037500
1 0.457031 0.315625 0.015625 0.030469
1 0.472656 0.320312 0.014063 0.038281
1 0.472656 0.290625 0.014063 0.037500
1 0.439844 0.304688 0.015625 0.030469
1 0.313281 0.189062 0.020313 0.041406
1 0.287500 0.177344 0.034375 0.067187
1 0.250781 0.152344 0.039062 0.073438
1 0.209375 0.125781 0.044531 0.075781
1 0.175000 0.099219 0.026562 0.071094
1 0.343750 0.365625 0.027344 0.055469
1 0.312500 0.353906 0.032031 0.057813
1 0.284375 0.346875 0.026562 0.055469
1 0.282031 0.289062 0.034375 0.070312
1 0.240625 0.326562 0.037500 0.065625
1 0.200000 0.311719 0.046875 0.074219
1 0.165625 0.299219 0.025781 0.067969
1 0.244531 0.267188 0.040625 0.065625
1 0.201563 0.251563 0.046094 0.082031
1 0.167187 0.244531 0.024219 0.057813
2 0.471094 0.497656 0.009375 0.008594
2 0.356250 0.482812 0.023438 0.011719
2 0.380469 0.485938 0.022656 0.009375
2 0.399219 0.488281 0.014844 0.008594
2 0.244531 0.467187 0.038281 0.012500
1 0.162500 0.530469 0.032031 0.025781
1 0.378906 0.517188 0.002344 0.012500
1 0.364063 0.537500 0.008594 0.015625
1 0.351562 0.537500 0.015625 0.015625
1 0.360938 0.519531 0.017188 0.019531
1 0.207813 0.453125 0.019531 0.027344
1 0.189062 0.449219 0.020313 0.028906
1 0.167187 0.446875 0.022656 0.029687
1 0.169531 0.419531 0.021094 0.029687
1 0.152344 0.444531 0.010937 0.027344
1 0.153125 0.416406 0.010937 0.028906
1 0.296875 0.416406 0.012500 0.005469
1 0.307031 0.419531 0.007812 0.003906
1 0.282813 0.412500 0.014063 0.006250
1 0.267188 0.409375 0.014844 0.006250
1 0.249219 0.403906 0.021094 0.008594
2 0.769531 0.598437 0.057813 0.015625
