2 0.470313 0.616406 0.050781 0.055469
2 0.946094 0.607812 0.107031 0.095312
2 0.857812 0.578906 0.107813 0.088281
2 0.341406 0.490625 0.046094 0.035937
2 0.430469 0.534375 0.052344 0.046875
2 0.468750 0.548438 0.053906 0.050000
2 0.507031 0.567969 0.053125 0.058594
2 0.560937 0.486719 0.057813 0.054688
2 0.607812 0.501563 0.064844 0.057031
2 0.671094 0.524219 0.066406 0.058594
2 0.657031 0.721875 0.060156 0.085156
2 0.507031 0.636719 0.053125 0.060937
2 0.349219 0.550781 0.045312 0.039844
2 0.558594 0.667969 0.056250 0.069531
1 0.838281 0.701562 0.062500 0.090625
1 0.371875 0.498437 0.027344 0.041406
2 0.733594 0.763281 0.068750 0.099219
2 0.807031 0.803125 0.080469 0.108594
2 0.889062 0.846875 0.098437 0.124219
2 0.752344 0.671094 0.073438 0.088281
1 0.670312 0.625000 0.030469 0.070312
1 0.645312 0.621875 0.029687 0.051562
1 0.621875 0.604688 0.027344 0.064844
1 0.649219 0.582031 0.030469 0.064062
1 0.596875 0.560937 0.029687 0.059375
1 0.595313 0.596094 0.029687 0.053906
1 0.571094 0.593750 0.021094 0.039844
1 0.551562 0.575781 0.020313 0.058594
1 0.575781 0.553125 0.028906 0.057031
1 0.390625 0.331250 0.030469 0.033594
1 0.373437 0.328125 0.026562 0.029687
1 0.358594 0.325781 0.021094 0.030469
1 0.350781 0.323437 0.029687 0.028906
1 0.338281 0.321875 0.028125 0.028906
1 0.327344 0.319531 0.025781 0.028125
1 0.525000 0.368750 0.031250 0.042969
1 0.505469 0.359375 0.031250 0.030469
1 0.463281 0.353906 0.016406 0.014844
1 0.480469 0.357031 0.017969 0.015625
1 0.487500 0.328906 0.032031 0.044531
1 0.468750 0.326562 0.030469 0.043750
1 0.452344 0.324219 0.030469 0.042969
1 0.435937 0.321875 0.029687 0.041406
1 0.446094 0.350781 0.016406 0.014844
1 0.430469 0.347656 0.015625 0.014063
1 0.414844 0.342187 0.014844 0.019531
