2 0.447656 0.753125 0.068750 0.042969
2 0.982031 0.480469 0.034375 0.035156
2 0.918750 0.484375 0.144531 0.041406
2 0.276562 0.635156 0.057813 0.018750
2 0.398438 0.642969 0.067969 0.023438
2 0.448437 0.646094 0.067969 0.025000
2 0.496875 0.649219 0.057813 0.028125
2 0.560937 0.513281 0.053125 0.021875
2 0.621875 0.509375 0.068750 0.024219
2 0.702344 0.503906 0.082031 0.025000
2 0.724219 0.802344 0.091406 0.065625
2 0.499219 0.761719 0.069531 0.046094
2 0.278125 0.723437 0.064844 0.030469
2 0.389062 0.524219 0.050781 0.019531
2 0.433594 0.521875 0.063281 0.019531
2 0.574219 0.776563 0.071094 0.053906
1 0.942969 0.658594 0.086719 0.070312
1 0.321094 0.628125 0.036719 0.036719
2 0.843750 0.822656 0.116406 0.075000
2 0.942187 0.842187 0.114062 0.075000
2 0.996094 0.826562 0.006250 0.018750
2 0.833594 0.667969 0.110156 0.035937
1 0.719531 0.646094 0.036719 0.057031
1 0.685156 0.644531 0.035156 0.055469
1 0.654687 0.642969 0.032031 0.054688
1 0.683594 0.593750 0.035156 0.050781
1 0.614844 0.593750 0.029687 0.048438
1 0.616406 0.641406 0.030469 0.051562
1 0.588281 0.641406 0.027344 0.048438
1 0.561719 0.639062 0.025781 0.050000
1 0.587500 0.593750 0.026562 0.046094
1 0.360156 0.517969 0.035156 0.035937
1 0.335156 0.519531 0.016406 0.035156
1 0.319531 0.521094 0.015625 0.034375
1 0.330469 0.487500 0.035156 0.034375
1 0.304688 0.521875 0.014844 0.033594
1 0.289844 0.523438 0.014844 0.033594
1 0.275781 0.524219 0.014844 0.032031
1 0.262500 0.525000 0.014063 0.031250
1 0.305469 0.489063 0.014844 0.033594
1 0.291406 0.490625 0.014844 0.033594
1 0.277344 0.492969 0.014063 0.033594
1 0.364063 0.414062 0.033594 0.040625
1 0.339062 0.414062 0.016406 0.033594
1 0.324219 0.417187 0.015625 0.032031
1 0.309375 0.419531 0.014844 0.032031
1 0.294531 0.423438 0.014844 0.031250
1 0.281250 0.425781 0.013281 0.030469
1 0.267969 0.428125 0.013281 0.030469
1 0.519531 0.400781 0.031250 0.053125
1 0.492188 0.398438 0.021094 0.039844
1 0.450781 0.407031 0.019531 0.038281
1 0.471094 0.403125 0.020313 0.039062
1 0.476562 0.366406 0.032031 0.041406
1 0.450781 0.370312 0.019531 0.040625
1 0.431250 0.374219 0.019531 0.039844
1 0.413281 0.378906 0.017969 0.039062
1 0.431250 0.410156 0.019531 0.036719
1 0.412500 0.414062 0.017969 0.035937
1 0.394531 0.417187 0.017969 0.035937
