3 0.318750 0.527344 0.037500 0.103906
2 0.144531 0.657813 0.070312 0.047656
2 0.185156 0.525781 0.042188 0.015625
2 0.151562 0.544531 0.053906 0.017188
2 0.154688 0.558594 0.041406 0.027344
2 0.149219 0.571094 0.029687 0.030469
2 0.142187 0.439844 0.025781 0.022656
2 0.105469 0.435156 0.055469 0.027344
2 0.039062 0.428906 0.078125 0.035937
2 0.186719 0.592187 0.041406 0.024219
2 0.169531 0.446094 0.027344 0.014063
2 0.165625 0.445312 0.020313 0.015625
2 0.114844 0.722656 0.061719 0.061719
1 0.080469 0.537500 0.067969 0.064844
1 0.083594 0.596094 0.064844 0.071094
1 0.121094 0.583594 0.011719 0.058594
1 0.128906 0.574219 0.009375 0.055469
1 0.089063 0.530469 0.071094 0.055469
1 0.111719 0.298438 0.046875 0.047656
1 0.144531 0.316406 0.003906 0.037500
1 0.155469 0.328125 0.006250 0.035156
1 0.150000 0.321094 0.006250 0.038281
1 0.125781 0.280469 0.053125 0.056250
1 0.153906 0.292969 0.006250 0.043750
1 0.159375 0.300781 0.006250 0.042188
1 0.164062 0.307812 0.005469 0.039062
1 0.160938 0.334375 0.005469 0.034375
1 0.165625 0.339844 0.005469 0.030469
1 0.170313 0.344531 0.003906 0.029687
1 0.172656 0.342187 0.009375 0.032031
1 0.185938 0.350781 0.003125 0.023438
1 0.187500 0.354687 0.003125 0.024219
1 0.190625 0.358594 0.003125 0.023438
1 0.193750 0.361719 0.002344 0.021094
1 0.196094 0.364063 0.002344 0.020313
1 0.164062 0.430469 0.032813 0.017969
1 0.187500 0.439844 0.003125 0.026562
1 0.172656 0.410938 0.032813 0.029687
1 0.190625 0.440625 0.002344 0.026562
1 0.192969 0.440625 0.003125 0.026562
1 0.196094 0.441406 0.002344 0.023438
1 0.197656 0.441406 0.002344 0.023438
1 0.189844 0.413281 0.003125 0.026562
1 0.192188 0.414844 0.002344 0.025781
1 0.194531 0.415625 0.002344 0.025781
2 0.057813 0.803125 0.115625 0.110937
2 0.020313 0.944531 0.040625 0.108594
2 0.481250 0.589063 0.035156 0.023438
2 0.778906 0.427344 0.105469 0.032813
2 0.707031 0.433594 0.099219 0.026562
2 0.524219 0.446875 0.043750 0.012500
2 0.543750 0.446094 0.038281 0.014844
2 0.584375 0.443750 0.059375 0.017188
2 0.431250 0.557813 0.028906 0.014844
2 0.450781 0.449219 0.014063 0.009375
2 0.475781 0.448437 0.041406 0.009375
2 0.525000 0.617969 0.046094 0.032031
1 0.767188 0.599219 0.075781 0.075781
1 0.453906 0.516406 0.005469 0.005469
1 0.449219 0.515625 0.009375 0.007812
1 0.450781 0.509375 0.010937 0.005469
1 0.440625 0.512500 0.007812 0.005469
1 0.446094 0.512500 0.002344 0.005469
2 0.633594 0.691406 0.067187 0.055469
2 0.564063 0.644531 0.058594 0.037500
2 0.694531 0.727344 0.093750 0.072656
2 0.762500 0.775781 0.096875 0.103906
2 0.492188 0.530469 0.034375 0.019531
1 0.690625 0.575000 0.049219 0.060937
1 0.653906 0.570312 0.023438 0.050781
1 0.632031 0.562500 0.021094 0.052344
1 0.665625 0.522656 0.046094 0.050781
1 0.546094 0.503125 0.030469 0.034375
1 0.546094 0.536719 0.030469 0.035156
1 0.525000 0.532813 0.009375 0.032031
1 0.515625 0.529687 0.009375 0.034375
1 0.535156 0.500781 0.029687 0.034375
1 0.507812 0.362500 0.026562 0.029687
1 0.490625 0.366406 0.008594 0.028906
1 0.475781 0.372656 0.006250 0.024219
1 0.482812 0.369531 0.007812 0.026562
1 0.491406 0.343750 0.025781 0.029687
1 0.475781 0.348438 0.006250 0.028906
1 0.469531 0.351562 0.006250 0.026562
1 0.463281 0.354687 0.005469 0.026562
1 0.469531 0.375781 0.006250 0.025781
1 0.463281 0.377344 0.005469 0.023438
1 0.457813 0.380469 0.005469 0.023438
1 0.450781 0.376563 0.017188 0.021094
1 0.440625 0.378906 0.003906 0.020313
1 0.435937 0.380469 0.003906 0.020313
1 0.432031 0.382812 0.003906 0.019531
1 0.427344 0.384375 0.003125 0.020313
1 0.424219 0.385937 0.003125 0.019531
1 0.419531 0.387500 0.003125 0.017969
1 0.452344 0.444531 0.020313 0.021094
1 0.440625 0.444531 0.003906 0.021094
1 0.435937 0.445312 0.003125 0.020313
1 0.443750 0.424219 0.019531 0.020313
1 0.431250 0.444531 0.003125 0.019531
1 0.427344 0.445312 0.003125 0.017969
1 0.424219 0.446094 0.003125 0.017188
1 0.419531 0.446094 0.003125 0.017188
1 0.430469 0.425000 0.003906 0.020313
1 0.427344 0.425781 0.003125 0.019531
1 0.424219 0.426563 0.003125 0.019531
2 0.942969 0.442188 0.073438 0.015625
2 0.881250 0.444531 0.050000 0.014063
2 0.573438 0.498437 0.023438 0.007812
2 0.625000 0.505469 0.030469 0.010937
2 0.637500 0.507812 0.010937 0.008594
2 0.575781 0.537500 0.025781 0.010937
2 0.719531 0.572656 0.009375 0.012500
1 0.887500 0.530469 0.035937 0.034375
1 0.589063 0.496094 0.010937 0.015625
2 0.825781 0.600000 0.047656 0.023438
2 0.873437 0.614844 0.064062 0.032031
2 0.932031 0.630469 0.070312 0.038281
2 0.827344 0.532813 0.055469 0.015625
1 0.773438 0.517188 0.025781 0.026562
1 0.753125 0.515625 0.014844 0.024219
1 0.739062 0.513281 0.014063 0.024219
1 0.759375 0.490625 0.024219 0.024219
1 0.725781 0.489063 0.022656 0.023438
1 0.725781 0.511719 0.021094 0.023438
1 0.708594 0.510156 0.012500 0.022656
1 0.696875 0.509375 0.010937 0.022656
1 0.709375 0.487500 0.012500 0.022656
1 0.614062 0.444531 0.003125 0.012500
1 0.591406 0.429688 0.008594 0.010937
1 0.583594 0.430469 0.005469 0.009375
1 0.577344 0.430469 0.005469 0.009375
1 0.571875 0.430469 0.005469 0.010937
1 0.610156 0.395313 0.014063 0.015625
1 0.590625 0.398438 0.006250 0.015625
1 0.585156 0.399219 0.006250 0.015625
1 0.577344 0.400781 0.006250 0.014844
1 0.572656 0.402344 0.006250 0.014844
1 0.566406 0.403125 0.005469 0.014844
1 0.682813 0.390625 0.020313 0.020313
1 0.667188 0.392969 0.010937 0.020313
1 0.648438 0.396094 0.009375 0.019531
1 0.657813 0.394531 0.009375 0.020313
1 0.662500 0.375000 0.019531 0.020313
1 0.648438 0.377344 0.009375 0.020313
1 0.639062 0.378906 0.008594 0.020313
1 0.634375 0.380469 0.002344 0.017969
1 0.639062 0.397656 0.008594 0.017969
1 0.634375 0.398438 0.002344 0.015625
1 0.622656 0.399219 0.006250 0.017969
2 0.407813 0.884375 0.155469 0.167969
