2 0.464062 0.695312 0.066406 0.064844
2 0.971875 0.554688 0.054688 0.063281
2 0.313281 0.548438 0.045312 0.031250
2 0.417187 0.586719 0.065625 0.046094
2 0.463281 0.600000 0.068750 0.051562
2 0.510938 0.619531 0.069531 0.061719
2 0.580469 0.499219 0.074219 0.044531
2 0.644531 0.509375 0.086719 0.049219
2 0.740625 0.525781 0.100781 0.053906
2 0.731250 0.835938 0.094531 0.125000
2 0.510938 0.719531 0.069531 0.074219
2 0.324219 0.623437 0.054688 0.041406
2 0.410156 0.473438 0.066406 0.030469
2 0.446094 0.479687 0.068750 0.033594
2 0.580469 0.758594 0.075781 0.089844
1 0.990625 0.760938 0.017969 0.099219
1 0.350781 0.552344 0.032031 0.045312
2 0.865625 0.903125 0.132812 0.158594
2 0.960156 0.941406 0.078906 0.114844
2 0.884375 0.743750 0.142187 0.118750
1 0.742969 0.678906 0.042969 0.093750
1 0.703906 0.678125 0.039062 0.066406
1 0.669531 0.655469 0.036719 0.084375
1 0.707031 0.614062 0.039844 0.084375
1 0.630469 0.593750 0.038281 0.074219
1 0.629687 0.645312 0.038281 0.070312
1 0.596875 0.641406 0.028906 0.055469
1 0.570312 0.623437 0.026562 0.071094
1 0.602344 0.585938 0.038281 0.070312
1 0.378906 0.456250 0.035156 0.040625
1 0.360938 0.453906 0.028906 0.039844
1 0.340625 0.453906 0.014063 0.034375
1 0.350781 0.418750 0.035156 0.035937
1 0.328125 0.452344 0.013281 0.034375
1 0.316406 0.450781 0.013281 0.033594
1 0.304688 0.449219 0.011719 0.031250
1 0.294531 0.446094 0.011719 0.033594
1 0.336719 0.418750 0.032031 0.035156
1 0.321094 0.417187 0.025781 0.034375
1 0.312500 0.416406 0.030469 0.033594
1 0.376563 0.345313 0.036719 0.039062
1 0.351562 0.346094 0.014844 0.038281
1 0.337500 0.346875 0.014063 0.035937
1 0.324219 0.346875 0.013281 0.035156
1 0.312500 0.348438 0.013281 0.034375
1 0.300781 0.349219 0.011719 0.033594
1 0.289844 0.350000 0.011719 0.033594
1 0.532813 0.353906 0.039844 0.050000
1 0.501563 0.354687 0.023438 0.048438
1 0.457813 0.356250 0.019531 0.044531
1 0.478906 0.356250 0.021094 0.045312
1 0.487500 0.309375 0.039062 0.048438
1 0.457813 0.311719 0.020313 0.046094
1 0.437500 0.314063 0.019531 0.045312
1 0.418750 0.316406 0.017969 0.043750
1 0.438281 0.357031 0.019531 0.042969
1 0.420312 0.358594 0.017969 0.040625
1 0.403125 0.358594 0.017188 0.040625
