1 0.738281 0.750000 0.187500 0.482812
1 0.872656 0.741406 0.120313 0.328906
1 0.479687 0.715625 0.372656 0.560156
1 0.267969 0.568750 0.064844 0.136719
1 0.152344 0.557813 0.040625 0.098437
1 0.107813 0.557813 0.038281 0.098437
1 0.053125 0.502344 0.105469 0.226562
1 0.019531 0.572656 0.038281 0.188281
1 0.167187 0.328906 0.040625 0.093750
1 0.117969 0.322656 0.038281 0.107031
1 0.053125 0.301563 0.048438 0.107031
1 0.363281 0.322656 0.057813 0.115625
1 0.428125 0.239063 0.062500 0.179688
1 0.507031 0.139063 0.100781 0.226562
1 0.607812 0.093750 0.096094 0.179688
1 0.818750 0.252344 0.189844 0.392969
1 0.680469 0.357031 0.105469 0.235156
1 0.600000 0.333594 0.069531 0.221875
1 0.531250 0.371875 0.057813 0.179688
1 0.472656 0.380469 0.069531 0.128125
1 0.417969 0.403906 0.057813 0.124219
0 0.220312 0.561719 0.026562 0.124219
0 0.192188 0.542969 0.019531 0.085156
