3 0.394531 0.882812 0.257812 0.232813
2 0.905469 0.965625 0.042188 0.065625
2 0.917969 0.437500 0.059375 0.021094
2 0.921094 0.453125 0.056250 0.034375
2 0.967187 0.955469 0.043750 0.085938
2 0.957812 0.865625 0.084375 0.144531
2 0.948438 0.779687 0.092188 0.114844
2 0.953125 0.553906 0.091406 0.073438
2 0.953906 0.515625 0.091406 0.043750
2 0.950000 0.495312 0.078906 0.041406
2 0.989062 0.740625 0.020313 0.091406
2 0.978125 0.675000 0.043750 0.099219
2 0.894531 0.808594 0.028906 0.087500
1 0.890625 0.519531 0.007812 0.014844
1 0.889062 0.544531 0.007812 0.038281
1 0.896875 0.549219 0.019531 0.032031
1 0.905469 0.567187 0.029687 0.049219
1 0.900000 0.527344 0.017188 0.034375
1 0.915625 0.602344 0.014844 0.058594
1 0.906250 0.646875 0.010937 0.057813
1 0.907813 0.678125 0.005469 0.022656
1 0.940625 0.700000 0.057813 0.091406
1 0.928906 0.624219 0.032031 0.073438
1 0.987500 0.390625 0.023438 0.075781
1 0.992969 0.397656 0.014063 0.080469
1 0.998437 0.433594 0.003125 0.015625
2 0.869531 0.603906 0.005469 0.030469
2 0.871094 0.628906 0.005469 0.035937
2 0.885938 0.732812 0.020313 0.064844
2 0.878906 0.659375 0.017969 0.046875
2 0.449219 0.640625 0.057813 0.058594
2 0.612500 0.396094 0.032813 0.014844
2 0.597656 0.400781 0.037500 0.017969
2 0.512500 0.434375 0.046875 0.026562
2 0.535937 0.425781 0.041406 0.023438
2 0.557813 0.417187 0.037500 0.020313
2 0.225000 0.828125 0.099219 0.132812
2 0.401562 0.478906 0.067187 0.044531
2 0.437500 0.464062 0.062500 0.037500
2 0.515625 0.587500 0.046875 0.042188
1 0.609375 0.454688 0.020313 0.026562
1 0.352344 0.613281 0.019531 0.024219
1 0.339844 0.626563 0.020313 0.027344
1 0.319531 0.625781 0.020313 0.037500
1 0.279687 0.660156 0.023438 0.030469
1 0.300000 0.641406 0.021094 0.029687
2 0.578906 0.537500 0.037500 0.023438
2 0.546094 0.564844 0.041406 0.029687
2 0.600781 0.524219 0.019531 0.022656
2 0.613281 0.513281 0.017969 0.020313
2 0.484375 0.540625 0.053906 0.042188
1 0.600000 0.463281 0.006250 0.024219
1 0.586719 0.467187 0.020313 0.026562
1 0.580469 0.469531 0.022656 0.030469
1 0.587500 0.444531 0.021094 0.027344
1 0.530469 0.473438 0.025781 0.035937
1 0.539062 0.502344 0.009375 0.029687
1 0.530469 0.508594 0.009375 0.032031
1 0.511719 0.511719 0.027344 0.040625
1 0.524219 0.478906 0.022656 0.037500
1 0.492969 0.349219 0.024219 0.035937
1 0.485938 0.350781 0.012500 0.037500
1 0.457813 0.353906 0.014844 0.038281
1 0.472656 0.352344 0.014844 0.035937
1 0.471875 0.316406 0.014063 0.037500
1 0.457031 0.315625 0.015625 0.038281
1 0.439844 0.315625 0.017969 0.040625
1 0.412500 0.316406 0.038281 0.041406
1 0.440625 0.355469 0.015625 0.039062
1 0.423438 0.357812 0.019531 0.041406
1 0.399219 0.359375 0.032031 0.046094
1 0.345313 0.346094 0.039062 0.050000
1 0.321094 0.348438 0.034375 0.053906
1 0.285938 0.350781 0.050000 0.056250
1 0.253906 0.353125 0.052344 0.059375
1 0.217188 0.355469 0.055469 0.064844
1 0.175781 0.359375 0.059375 0.069531
1 0.126562 0.362500 0.065625 0.074219
1 0.349219 0.482812 0.042188 0.058594
1 0.330469 0.491406 0.029687 0.064062
1 0.303906 0.505469 0.032813 0.056250
1 0.292187 0.453906 0.047656 0.064062
1 0.272656 0.517188 0.037500 0.059375
1 0.237500 0.530469 0.041406 0.064844
1 0.198437 0.544531 0.047656 0.069531
1 0.150781 0.552344 0.061719 0.091406
1 0.260937 0.462500 0.050781 0.069531
1 0.225781 0.471094 0.055469 0.074219
1 0.185938 0.481250 0.059375 0.079687
2 0.132812 0.517969 0.046875 0.034375
2 0.330469 0.455469 0.028906 0.010937
2 0.357031 0.394531 0.032813 0.011719
2 0.124219 0.600781 0.003906 0.009375
2 0.258594 0.410938 0.040625 0.017969
2 0.289062 0.405469 0.037500 0.017188
2 0.377344 0.498437 0.008594 0.005469
1 0.452344 0.420312 0.014844 0.019531
2 0.431250 0.431250 0.028906 0.011719
1 0.412500 0.432031 0.008594 0.021094
1 0.400781 0.435937 0.014063 0.020313
1 0.393750 0.437500 0.012500 0.022656
1 0.399219 0.417187 0.017188 0.021094
1 0.375000 0.422656 0.009375 0.022656
1 0.383594 0.442969 0.009375 0.017969
1 0.373437 0.445312 0.010937 0.020313
1 0.361719 0.444531 0.014844 0.021094
1 0.370312 0.424219 0.014844 0.023438
1 0.222656 0.415625 0.017969 0.017188
1 0.204687 0.418750 0.017969 0.015625
1 0.186719 0.421875 0.020313 0.017969
1 0.165625 0.425781 0.021094 0.017188
1 0.146094 0.428906 0.023438 0.019531
1 0.122656 0.432812 0.024219 0.019531
1 0.105469 0.435937 0.014844 0.017969
1 0.213281 0.320312 0.017969 0.006250
1 0.194531 0.320312 0.020313 0.006250
1 0.172656 0.321094 0.024219 0.007812
1 0.153906 0.321094 0.022656 0.007812
1 0.132031 0.321875 0.023438 0.007812
1 0.107813 0.321875 0.024219 0.007812
1 0.087500 0.334375 0.019531 0.032031
1 0.310156 0.310937 0.014063 0.017969
1 0.296875 0.311719 0.014844 0.019531
1 0.282813 0.311719 0.014844 0.019531
1 0.264062 0.312500 0.022656 0.020313
2 0.740625 0.555469 0.047656 0.034375
2 0.532031 0.451562 0.021094 0.011719
