2 0.408594 0.703906 0.061719 0.078906
2 0.692187 0.419531 0.052344 0.026562
2 0.664844 0.426563 0.053906 0.028906
2 0.075781 0.744531 0.133594 0.121094
2 0.345313 0.644531 0.069531 0.079687
2 0.405469 0.615625 0.066406 0.068750
2 0.460156 0.596094 0.058594 0.064844
2 0.508594 0.469531 0.057813 0.043750
2 0.546875 0.458594 0.060156 0.038281
2 0.589063 0.450000 0.053906 0.033594
2 0.587500 0.616406 0.053906 0.051562
2 0.457813 0.679688 0.060156 0.070312
2 0.108594 0.853906 0.117969 0.134375
2 0.327344 0.521875 0.063281 0.065625
2 0.382812 0.507031 0.063281 0.060156
2 0.514844 0.653906 0.057031 0.063281
1 0.664844 0.505469 0.030469 0.035937
1 0.196094 0.685937 0.067969 0.076563
2 0.625781 0.600781 0.051562 0.036719
2 0.661719 0.588281 0.034375 0.031250
2 0.686719 0.575000 0.033594 0.028125
2 0.628125 0.527344 0.052344 0.030469
1 0.598437 0.532031 0.014844 0.044531
1 0.576562 0.539062 0.029687 0.044531
1 0.566406 0.541406 0.021094 0.050000
1 0.577344 0.506250 0.031250 0.046875
1 0.541406 0.518750 0.029687 0.050000
1 0.547656 0.557031 0.016406 0.036719
1 0.525000 0.560156 0.028906 0.046094
1 0.509375 0.563281 0.025781 0.055469
1 0.524219 0.524219 0.031250 0.051562
1 0.252344 0.521875 0.040625 0.074219
1 0.214844 0.531250 0.043750 0.078906
1 0.176563 0.540625 0.047656 0.081250
1 0.171875 0.490625 0.057031 0.078906
1 0.135156 0.561719 0.052344 0.061719
1 0.089844 0.572656 0.057031 0.065625
1 0.041406 0.585938 0.062500 0.067969
1 0.011719 0.583594 0.023438 0.085938
1 0.126562 0.498437 0.057813 0.082031
1 0.081250 0.507031 0.066406 0.086719
1 0.035937 0.516406 0.071094 0.090625
1 0.235937 0.370312 0.046094 0.064844
1 0.195312 0.374219 0.048438 0.068750
1 0.153125 0.378125 0.054688 0.071094
1 0.107813 0.382031 0.061719 0.074219
1 0.059375 0.386719 0.071094 0.078125
1 0.024219 0.390625 0.047656 0.079687
1 0.470313 0.365625 0.033594 0.049219
1 0.453125 0.367969 0.023438 0.050000
1 0.403906 0.375781 0.027344 0.048438
1 0.428906 0.373437 0.025000 0.046094
1 0.424219 0.326562 0.033594 0.049219
1 0.399219 0.328125 0.034375 0.050781
1 0.371875 0.330469 0.034375 0.053125
1 0.342969 0.332031 0.036719 0.054688
1 0.376563 0.379688 0.029687 0.050000
1 0.348438 0.382812 0.032031 0.050781
1 0.317188 0.382812 0.035937 0.060156
2 0.825000 0.590625 0.057031 0.051562
