3 0.539062 0.875000 0.135156 0.248438
2 0.853906 0.855469 0.086719 0.124219
2 0.816406 0.419531 0.039844 0.019531
2 0.822656 0.435937 0.044531 0.029687
2 0.896875 0.843750 0.088281 0.143750
2 0.869531 0.749219 0.078125 0.100000
2 0.850000 0.683594 0.062500 0.069531
2 0.859375 0.528906 0.078906 0.057031
2 0.849219 0.496094 0.063281 0.035156
2 0.842969 0.475781 0.050781 0.032031
2 0.936719 0.687500 0.125000 0.099219
2 0.917188 0.631250 0.118750 0.082031
2 0.814063 0.710938 0.028906 0.067969
1 0.800000 0.488281 0.007812 0.028125
1 0.798438 0.505469 0.005469 0.029687
1 0.807031 0.514062 0.019531 0.031250
1 0.811719 0.525781 0.024219 0.038281
1 0.809375 0.490625 0.017188 0.035156
1 0.825000 0.559375 0.011719 0.042969
1 0.817187 0.590625 0.007812 0.042969
1 0.819531 0.604688 0.006250 0.044531
1 0.841406 0.628906 0.043750 0.060937
1 0.834375 0.575781 0.025000 0.053125
1 0.878906 0.425000 0.025781 0.053906
1 0.882031 0.435156 0.017969 0.057031
1 0.900000 0.458594 0.021094 0.064844
1 0.889844 0.446094 0.017969 0.060156
1 0.932031 0.394531 0.083594 0.060156
1 0.937500 0.403906 0.075781 0.064844
1 0.955469 0.414062 0.088281 0.069531
1 0.961719 0.431250 0.075781 0.085938
1 0.910937 0.471875 0.022656 0.068750
1 0.924219 0.488281 0.025781 0.075781
1 0.961719 0.507031 0.075781 0.086719
1 0.985938 0.535156 0.027344 0.109375
1 0.960938 0.757031 0.076563 0.109375
1 0.967187 0.810156 0.052344 0.124219
1 0.981250 0.874219 0.036719 0.141406
1 0.991406 0.792969 0.016406 0.095312
1 0.993750 0.945312 0.010937 0.064844
2 0.783594 0.549219 0.005469 0.026562
2 0.785937 0.569531 0.005469 0.028906
2 0.803125 0.651563 0.021094 0.048438
2 0.795312 0.594531 0.019531 0.035937
2 0.460938 0.631250 0.049219 0.055469
2 0.576562 0.384375 0.028125 0.016406
2 0.566406 0.391406 0.030469 0.017969
2 0.507031 0.437500 0.040625 0.028906
2 0.520312 0.425000 0.039844 0.024219
2 0.539062 0.414844 0.030469 0.021875
2 0.306250 0.838281 0.078906 0.125000
2 0.430469 0.499219 0.056250 0.046875
2 0.453125 0.480469 0.057031 0.041406
2 0.509375 0.571875 0.039844 0.039844
1 0.576562 0.436719 0.015625 0.024219
1 0.389844 0.625781 0.018750 0.021875
1 0.382812 0.641406 0.019531 0.025000
1 0.364844 0.643750 0.020313 0.034375
1 0.338281 0.682031 0.021875 0.028906
1 0.350000 0.660937 0.021094 0.026562
2 0.554688 0.515625 0.029687 0.023438
2 0.530469 0.546875 0.035156 0.028906
2 0.570312 0.501563 0.017188 0.021094
2 0.579688 0.489063 0.014844 0.020313
2 0.486719 0.536719 0.047656 0.040625
1 0.570312 0.448437 0.003906 0.021875
1 0.560156 0.453125 0.016406 0.023438
1 0.553906 0.456250 0.019531 0.026562
1 0.559375 0.432812 0.019531 0.025000
1 0.522656 0.469531 0.016406 0.031250
1 0.527344 0.494531 0.006250 0.028125
1 0.521094 0.501563 0.006250 0.028906
1 0.505469 0.506250 0.024219 0.035937
1 0.512500 0.475781 0.024219 0.033594
1 0.495312 0.365625 0.017969 0.035156
1 0.490625 0.370312 0.008594 0.035156
1 0.470313 0.380469 0.010937 0.035937
1 0.480469 0.375781 0.010156 0.035156
1 0.471094 0.342187 0.028125 0.035937
1 0.459375 0.345313 0.030469 0.039062
1 0.447656 0.349219 0.032813 0.040625
1 0.435156 0.353125 0.033594 0.042969
1 0.458594 0.384375 0.011719 0.038281
1 0.446094 0.390625 0.013281 0.039844
1 0.421875 0.393750 0.036719 0.046094
1 0.382812 0.392969 0.042969 0.051562
1 0.363281 0.399219 0.046094 0.056250
1 0.342187 0.407031 0.049219 0.059375
1 0.318750 0.416406 0.052344 0.064062
1 0.291406 0.425781 0.056250 0.069531
1 0.261719 0.436719 0.061719 0.075000
1 0.232813 0.449219 0.055469 0.081250
1 0.389062 0.511719 0.039062 0.057031
1 0.381250 0.525781 0.021094 0.060156
1 0.361719 0.544531 0.022656 0.053906
1 0.347656 0.498437 0.046875 0.063281
1 0.339844 0.560937 0.025781 0.058594
1 0.315625 0.578906 0.029687 0.060937
1 0.288281 0.599219 0.033594 0.066406
1 0.246094 0.612500 0.061719 0.089844
1 0.325000 0.511719 0.050000 0.067969
1 0.299219 0.526563 0.053906 0.074219
1 0.271094 0.543750 0.058594 0.079687
2 0.407031 0.365625 0.009375 0.010156
2 0.110156 0.556250 0.067187 0.046875
2 0.320312 0.471094 0.019531 0.009375
2 0.383594 0.474219 0.030469 0.020313
2 0.126562 0.622656 0.063281 0.053125
1 0.169531 0.521094 0.024219 0.038281
2 0.405469 0.463281 0.021875 0.015625
2 0.423438 0.453125 0.017969 0.014063
2 0.436719 0.446094 0.017969 0.014063
1 0.185156 0.432031 0.017969 0.035156
1 0.160938 0.442188 0.014063 0.028906
1 0.152344 0.411719 0.021875 0.035937
1 0.145313 0.446875 0.025781 0.033594
1 0.124219 0.453906 0.027344 0.035156
1 0.100781 0.460938 0.028906 0.035937
1 0.071875 0.465625 0.039062 0.044531
1 0.136719 0.416406 0.034375 0.036719
1 0.114062 0.421875 0.036719 0.039062
1 0.090625 0.428125 0.038281 0.041406
1 0.189062 0.346094 0.028906 0.029687
1 0.172656 0.349219 0.018750 0.031250
1 0.143750 0.353125 0.021094 0.033594
1 0.127344 0.356250 0.035156 0.035937
1 0.104688 0.359375 0.036719 0.036719
1 0.079687 0.363281 0.039062 0.039062
1 0.052344 0.367969 0.041406 0.040625
1 0.308594 0.337500 0.021094 0.025000
1 0.300781 0.339062 0.013281 0.025000
1 0.276562 0.344531 0.014844 0.025000
1 0.289062 0.342969 0.014063 0.024219
1 0.282813 0.318750 0.022656 0.025000
1 0.268750 0.320312 0.024219 0.025781
1 0.257031 0.321875 0.022656 0.025781
1 0.240625 0.324219 0.027344 0.028125
1 0.262500 0.346875 0.015625 0.025781
1 0.248438 0.349219 0.016406 0.026562
1 0.228906 0.350781 0.028125 0.029687
2 0.689063 0.520312 0.038281 0.025781
