3 0.094531 0.726562 0.188281 0.246094
2 0.441406 0.581250 0.053125 0.058594
2 0.892188 0.492969 0.104688 0.074219
2 0.817969 0.480469 0.095312 0.070312
2 0.542969 0.434375 0.052344 0.061719
2 0.593750 0.442969 0.058594 0.060156
2 0.659375 0.457031 0.066406 0.053906
2 0.282031 0.538281 0.057031 0.050781
2 0.376563 0.410938 0.060937 0.054688
2 0.416406 0.417969 0.059375 0.056250
2 0.541406 0.610938 0.050000 0.065625
1 0.846094 0.594531 0.055469 0.075000
1 0.352344 0.485938 0.014844 0.020313
1 0.337500 0.487500 0.016406 0.021094
1 0.332031 0.475781 0.015625 0.025000
1 0.304688 0.476562 0.016406 0.020313
1 0.321094 0.474219 0.016406 0.019531
2 0.707812 0.653125 0.064062 0.075000
2 0.609375 0.628125 0.051562 0.068750
2 0.767969 0.674219 0.064062 0.065625
2 0.827344 0.688281 0.071094 0.071875
2 0.483594 0.526563 0.048438 0.065625
1 0.781250 0.577344 0.035156 0.065625
1 0.753125 0.569531 0.035156 0.069531
1 0.725781 0.564063 0.038281 0.067969
1 0.758594 0.541406 0.043750 0.060937
1 0.581250 0.505469 0.024219 0.053906
1 0.579688 0.546875 0.023438 0.034375
1 0.557813 0.541406 0.022656 0.034375
1 0.537500 0.523438 0.022656 0.060156
1 0.560156 0.500781 0.024219 0.053906
1 0.497656 0.317188 0.023438 0.060156
1 0.477344 0.314063 0.031250 0.059375
1 0.427344 0.316406 0.024219 0.042969
1 0.450781 0.318750 0.024219 0.043750
1 0.453906 0.270313 0.034375 0.057031
1 0.429688 0.267969 0.033594 0.056250
1 0.407813 0.266406 0.035156 0.056250
1 0.385937 0.264062 0.035156 0.055469
1 0.405469 0.314063 0.024219 0.042969
1 0.384375 0.311719 0.024219 0.041406
1 0.363281 0.301563 0.024219 0.055469
1 0.321875 0.280469 0.042188 0.053906
1 0.300000 0.278125 0.038281 0.053125
1 0.280469 0.276562 0.038281 0.053125
1 0.262500 0.274219 0.039062 0.051562
1 0.243750 0.272656 0.039844 0.050781
1 0.225781 0.270313 0.039844 0.050000
1 0.207813 0.268750 0.039844 0.050000
1 0.335156 0.389844 0.037500 0.053906
1 0.314844 0.386719 0.034375 0.053125
1 0.291406 0.392188 0.022656 0.034375
1 0.294531 0.350781 0.041406 0.051562
1 0.274219 0.389062 0.022656 0.034375
1 0.257031 0.386719 0.022656 0.034375
1 0.239844 0.383594 0.022656 0.033594
1 0.223438 0.375781 0.022656 0.043750
1 0.274219 0.348438 0.035937 0.051562
1 0.257031 0.346094 0.036719 0.050781
1 0.239844 0.342969 0.036719 0.050781
2 0.505469 0.375000 0.022656 0.020313
2 0.743750 0.284375 0.041406 0.023438
2 0.706250 0.281250 0.033594 0.021875
2 0.536719 0.324219 0.024219 0.010937
2 0.570312 0.270313 0.026562 0.021875
2 0.596875 0.273438 0.030469 0.020313
2 0.631250 0.277344 0.032813 0.019531
2 0.623437 0.392969 0.029687 0.024219
2 0.535156 0.378906 0.024219 0.021094
2 0.407813 0.360156 0.030469 0.018750
2 0.481250 0.264062 0.021094 0.020313
2 0.498437 0.265625 0.023438 0.020313
2 0.567187 0.384375 0.028125 0.023438
1 0.702344 0.339062 0.021875 0.019531
2 0.660156 0.398438 0.031250 0.025000
2 0.688281 0.403125 0.027344 0.024219
2 0.723437 0.410938 0.030469 0.019531
2 0.666406 0.339844 0.032031 0.013281
1 0.630469 0.330469 0.013281 0.020313
1 0.617969 0.329688 0.012500 0.018750
1 0.605469 0.327344 0.013281 0.019531
1 0.619531 0.313281 0.014844 0.029687
1 0.590625 0.309375 0.013281 0.028906
1 0.589844 0.328906 0.012500 0.011719
1 0.577344 0.328125 0.011719 0.011719
1 0.566406 0.322656 0.011719 0.019531
1 0.578906 0.308594 0.013281 0.028906
1 0.430469 0.228906 0.016406 0.021094
1 0.418750 0.228906 0.016406 0.020313
1 0.407813 0.228125 0.015625 0.020313
1 0.397656 0.226562 0.016406 0.020313
1 0.450000 0.189062 0.014844 0.025781
1 0.439063 0.188281 0.015625 0.025781
1 0.428125 0.188281 0.016406 0.025781
1 0.416406 0.186719 0.014844 0.025781
1 0.406250 0.185938 0.016406 0.025781
1 0.395313 0.185938 0.017188 0.025000
1 0.384375 0.185156 0.016406 0.025781
1 0.548438 0.204687 0.013281 0.025781
1 0.536719 0.203906 0.013281 0.025000
1 0.507812 0.203125 0.004687 0.023438
1 0.524219 0.204687 0.011719 0.021875
1 0.525000 0.180469 0.011719 0.025000
1 0.512500 0.178125 0.013281 0.026562
1 0.500781 0.178125 0.014844 0.025781
1 0.488281 0.177344 0.014844 0.026562
1 0.499219 0.203125 0.011719 0.021875
1 0.487500 0.202344 0.011719 0.023438
1 0.475781 0.199219 0.011719 0.026562
2 0.794531 0.446094 0.008594 0.004687
