2 0.411719 0.684375 0.058594 0.078125
2 0.797656 0.414062 0.077344 0.040625
2 0.753906 0.420312 0.078125 0.042969
2 0.106250 0.656250 0.119531 0.090625
2 0.338281 0.615625 0.072656 0.076563
2 0.406250 0.596875 0.063281 0.071094
2 0.469531 0.587500 0.055469 0.075000
2 0.531250 0.454688 0.060937 0.055469
2 0.582031 0.446875 0.069531 0.049219
2 0.639844 0.441406 0.069531 0.044531
2 0.628906 0.632031 0.064844 0.063281
2 0.467187 0.669531 0.058594 0.073438
2 0.139844 0.751563 0.105469 0.096875
2 0.314844 0.491406 0.072656 0.071094
2 0.376563 0.482031 0.060937 0.068750
2 0.536719 0.657031 0.057031 0.069531
1 0.745313 0.517969 0.044531 0.049219
1 0.201563 0.627344 0.064844 0.071094
2 0.683594 0.621875 0.066406 0.053125
2 0.732812 0.618750 0.049219 0.035156
2 0.771875 0.607031 0.050781 0.035156
2 0.691406 0.536719 0.069531 0.045312
1 0.644531 0.535937 0.022656 0.059375
1 0.617969 0.541406 0.034375 0.057031
1 0.600000 0.543750 0.028906 0.061719
1 0.619531 0.506250 0.037500 0.057031
1 0.571875 0.515625 0.032031 0.059375
1 0.575000 0.561719 0.022656 0.039062
1 0.550000 0.558594 0.028906 0.054688
1 0.527344 0.558594 0.031250 0.064844
1 0.550000 0.519531 0.032813 0.060937
1 0.244531 0.482031 0.049219 0.075781
1 0.209375 0.486719 0.050781 0.076563
1 0.170313 0.503906 0.045312 0.053125
1 0.169531 0.442969 0.066406 0.076563
1 0.135156 0.509375 0.047656 0.053906
1 0.097656 0.514062 0.050781 0.054688
1 0.059375 0.519531 0.052344 0.054688
1 0.024219 0.515625 0.047656 0.076563
1 0.128906 0.446875 0.063281 0.078125
1 0.091406 0.451562 0.067969 0.080469
1 0.053125 0.456250 0.074219 0.082031
1 0.219531 0.328906 0.055469 0.070312
1 0.181250 0.330469 0.058594 0.071875
1 0.143750 0.332813 0.064062 0.073438
1 0.103906 0.335938 0.068750 0.075000
1 0.063281 0.338281 0.075781 0.075781
1 0.030469 0.340625 0.060937 0.078125
1 0.010937 0.306250 0.021875 0.005469
1 0.482031 0.331250 0.033594 0.060937
1 0.456250 0.333594 0.029687 0.063281
1 0.396875 0.343750 0.032813 0.053906
1 0.427344 0.341406 0.031250 0.053125
1 0.425000 0.285156 0.032813 0.060937
1 0.393750 0.286719 0.034375 0.061719
1 0.361719 0.288281 0.036719 0.063281
1 0.328906 0.289844 0.038281 0.064844
1 0.365625 0.345313 0.035156 0.055469
1 0.334375 0.348438 0.036719 0.055469
1 0.300781 0.344531 0.039844 0.067969
2 0.967969 0.682813 0.063281 0.084375
