3 0.341406 0.486719 0.035937 0.105469
2 0.169531 0.644531 0.067187 0.055469
2 0.227344 0.485938 0.035937 0.023438
2 0.174219 0.534375 0.060937 0.027344
2 0.157812 0.559375 0.070312 0.038281
2 0.137500 0.592187 0.067187 0.046094
2 0.075781 0.504687 0.121094 0.043750
2 0.049219 0.534375 0.098437 0.059375
2 0.010937 0.564063 0.021094 0.039062
2 0.233594 0.543750 0.035156 0.027344
2 0.171094 0.443750 0.060937 0.021094
2 0.150000 0.457031 0.072656 0.030469
2 0.105469 0.748437 0.090625 0.082031
1 0.050000 0.618750 0.082812 0.077344
1 0.057813 0.666406 0.082031 0.079687
1 0.103906 0.638281 0.022656 0.061719
1 0.117188 0.620313 0.022656 0.057813
1 0.074219 0.594531 0.069531 0.061719
1 0.087500 0.360938 0.067187 0.046875
1 0.110156 0.357812 0.050000 0.043750
1 0.149219 0.355469 0.014844 0.038281
1 0.137500 0.355469 0.015625 0.039062
1 0.112500 0.315625 0.058594 0.041406
1 0.144531 0.315625 0.014844 0.038281
1 0.154688 0.316406 0.014063 0.037500
1 0.164062 0.317188 0.011719 0.034375
1 0.159375 0.353125 0.012500 0.035937
1 0.168750 0.352344 0.011719 0.034375
1 0.177344 0.350781 0.011719 0.034375
1 0.182812 0.336719 0.027344 0.030469
1 0.199219 0.335938 0.008594 0.028906
1 0.204687 0.335938 0.007812 0.026562
1 0.210938 0.335938 0.007812 0.026562
1 0.215625 0.335156 0.007812 0.025781
1 0.220312 0.334375 0.006250 0.024219
1 0.224219 0.334375 0.006250 0.023438
1 0.188281 0.424219 0.035937 0.028906
1 0.196094 0.420312 0.034375 0.029687
1 0.213281 0.417969 0.007812 0.027344
1 0.197656 0.392188 0.034375 0.028906
1 0.219531 0.414062 0.006250 0.026562
1 0.223438 0.410938 0.006250 0.026562
1 0.227344 0.409375 0.006250 0.024219
1 0.232031 0.405469 0.006250 0.024219
1 0.203906 0.389844 0.032031 0.026562
1 0.210938 0.387500 0.026562 0.025781
1 0.214062 0.384375 0.028906 0.024219
2 0.052344 0.857812 0.103906 0.129688
2 0.492188 0.574219 0.038281 0.035156
2 0.782031 0.651563 0.185156 0.147656
2 0.686719 0.576562 0.128906 0.096094
2 0.525781 0.454688 0.055469 0.028906
2 0.542188 0.469531 0.052344 0.035937
2 0.569531 0.492188 0.064062 0.046094
2 0.457813 0.509375 0.026562 0.020313
2 0.475000 0.419531 0.037500 0.017969
2 0.485938 0.427344 0.042188 0.020313
2 0.519531 0.634375 0.042188 0.052344
1 0.733594 0.832812 0.088281 0.141406
1 0.469531 0.477344 0.009375 0.007812
1 0.472656 0.470313 0.010937 0.008594
1 0.464844 0.467187 0.008594 0.007812
2 0.596094 0.803906 0.060937 0.103125
2 0.550000 0.690625 0.059375 0.062500
2 0.655469 0.899219 0.106250 0.142187
2 0.682031 0.958594 0.050781 0.080469
2 0.496094 0.527344 0.035937 0.034375
1 0.660156 0.723437 0.064844 0.100000
1 0.636719 0.699219 0.058594 0.076563
1 0.600781 0.668750 0.020313 0.075781
1 0.639062 0.644531 0.059375 0.082031
1 0.537500 0.527344 0.035156 0.046875
1 0.538281 0.564063 0.034375 0.044531
1 0.517188 0.552344 0.006250 0.041406
1 0.510156 0.541406 0.007812 0.040625
1 0.524219 0.519531 0.021094 0.042188
1 0.510938 0.350781 0.029687 0.034375
1 0.502344 0.349219 0.023438 0.032813
1 0.482812 0.348438 0.003906 0.028906
1 0.487500 0.349219 0.003906 0.029687
1 0.499219 0.317969 0.027344 0.029687
1 0.482031 0.319531 0.003906 0.029687
1 0.477344 0.319531 0.003906 0.028906
1 0.473438 0.319531 0.003906 0.026562
1 0.477344 0.347656 0.003906 0.027344
1 0.473438 0.347656 0.003906 0.026562
1 0.469531 0.345313 0.003125 0.026562
1 0.465625 0.334375 0.011719 0.023438
1 0.457813 0.334375 0.003125 0.023438
1 0.454688 0.334375 0.003125 0.022656
1 0.452344 0.334375 0.002344 0.021094
1 0.450000 0.334375 0.002344 0.021094
1 0.446875 0.333594 0.002344 0.020313
1 0.444531 0.333594 0.002344 0.020313
1 0.471094 0.402344 0.020313 0.019531
1 0.466406 0.402344 0.017969 0.021094
1 0.455469 0.402344 0.003125 0.021094
1 0.464062 0.380469 0.019531 0.022656
1 0.452344 0.399219 0.003125 0.022656
1 0.450781 0.397656 0.002344 0.020313
1 0.447656 0.395313 0.002344 0.020313
1 0.446094 0.394531 0.002344 0.020313
1 0.459375 0.378125 0.014063 0.022656
1 0.454688 0.376563 0.011719 0.021094
1 0.453125 0.375781 0.012500 0.021094
2 0.696094 0.528125 0.040625 0.024219
2 0.982812 0.476562 0.034375 0.029687
2 0.619531 0.440625 0.024219 0.012500
2 0.675000 0.464844 0.037500 0.019531
2 0.699219 0.474219 0.041406 0.021094
2 0.725000 0.487500 0.046094 0.022656
2 0.771094 0.420312 0.053906 0.010937
2 0.806250 0.429688 0.061719 0.014844
2 0.850781 0.442188 0.061719 0.020313
2 0.837500 0.614844 0.067969 0.046875
2 0.721094 0.543750 0.044531 0.027344
2 0.621094 0.484375 0.028906 0.014844
2 0.676562 0.399219 0.038281 0.005469
2 0.696094 0.405469 0.041406 0.011719
2 0.759375 0.566406 0.052344 0.032813
1 0.985938 0.594531 0.027344 0.053125
1 0.639062 0.444531 0.017188 0.020313
2 0.905469 0.657031 0.084375 0.060937
2 0.961719 0.699219 0.076563 0.073438
2 0.925781 0.576562 0.088281 0.042188
1 0.865625 0.532813 0.011719 0.032813
1 0.823438 0.524219 0.021094 0.035937
1 0.804688 0.515625 0.020313 0.034375
1 0.824219 0.509375 0.017188 0.008594
1 0.785156 0.493750 0.017188 0.006250
1 0.787500 0.507812 0.025781 0.032031
1 0.767188 0.500781 0.015625 0.030469
1 0.753906 0.494531 0.015625 0.029687
1 0.769531 0.487500 0.014063 0.005469
1 0.659375 0.390625 0.019531 0.014844
1 0.650781 0.388281 0.015625 0.014844
1 0.639062 0.387500 0.007812 0.012500
1 0.646094 0.371094 0.019531 0.020313
1 0.632031 0.385156 0.006250 0.012500
1 0.627344 0.384375 0.003125 0.011719
1 0.617188 0.382812 0.002344 0.011719
1 0.613281 0.382031 0.005469 0.012500
1 0.637500 0.370312 0.017969 0.019531
1 0.633594 0.369531 0.014063 0.017188
1 0.625000 0.367188 0.015625 0.015625
1 0.662500 0.332813 0.021094 0.019531
1 0.649219 0.332813 0.007812 0.019531
1 0.642188 0.332813 0.007812 0.017969
1 0.635938 0.332813 0.007812 0.017969
1 0.629687 0.332813 0.003906 0.017969
1 0.615625 0.332813 0.006250 0.015625
1 0.749219 0.345313 0.028906 0.026562
1 0.728906 0.344531 0.014063 0.025781
1 0.705469 0.344531 0.011719 0.023438
1 0.717187 0.344531 0.012500 0.023438
1 0.725781 0.320312 0.027344 0.023438
1 0.707812 0.320312 0.012500 0.023438
1 0.697656 0.321094 0.011719 0.022656
1 0.687500 0.321094 0.010937 0.022656
1 0.695312 0.344531 0.011719 0.022656
1 0.685937 0.343750 0.010937 0.021094
1 0.675781 0.342187 0.009375 0.021094
2 0.294531 0.983594 0.020313 0.030469
