3 0.474219 0.771094 0.185156 0.455469
2 0.878906 0.790625 0.067969 0.099219
2 0.839063 0.444531 0.040625 0.010937
2 0.845313 0.446094 0.047656 0.012500
2 0.986719 0.959375 0.026562 0.078906
2 0.939063 0.691406 0.121094 0.097656
2 0.914062 0.645312 0.120313 0.073438
2 0.889062 0.610938 0.091406 0.049219
2 0.874219 0.455469 0.082812 0.019531
2 0.865625 0.452344 0.062500 0.015625
2 0.864062 0.451562 0.039062 0.014063
2 0.902344 0.468750 0.049219 0.035156
2 0.895312 0.462500 0.062500 0.027344
2 0.853906 0.692187 0.039062 0.053906
1 0.835156 0.532813 0.012500 0.032813
1 0.846094 0.500000 0.032031 0.032031
1 0.864062 0.507812 0.040625 0.015625
1 0.841406 0.560937 0.002344 0.030469
1 0.869531 0.570312 0.042188 0.042188
1 0.871094 0.527344 0.041406 0.049219
1 0.868750 0.306250 0.005469 0.040625
1 0.874219 0.298438 0.007812 0.043750
1 0.886719 0.278906 0.009375 0.050781
1 0.879687 0.289062 0.008594 0.047656
1 0.882031 0.240625 0.008594 0.067187
1 0.889062 0.226562 0.010937 0.072656
1 0.897656 0.210938 0.011719 0.080469
1 0.921094 0.187500 0.042188 0.097656
1 0.894531 0.267188 0.010937 0.057813
1 0.902344 0.253906 0.011719 0.060937
1 0.960156 0.235937 0.079687 0.071875
1 0.951562 0.139844 0.022656 0.096875
1 0.973437 0.101562 0.027344 0.114062
1 0.992188 0.071094 0.015625 0.099219
1 0.935937 0.447656 0.022656 0.097656
1 0.953906 0.448437 0.027344 0.109375
1 0.978906 0.451562 0.034375 0.124219
1 0.983594 0.327344 0.032813 0.129688
1 0.993750 0.452344 0.012500 0.129688
1 0.998437 0.362500 0.003125 0.049219
2 0.817187 0.590625 0.003906 0.019531
2 0.819531 0.601562 0.003125 0.022656
2 0.843750 0.653125 0.032031 0.038281
2 0.825781 0.617969 0.010937 0.027344
2 0.460156 0.624219 0.043750 0.037500
2 0.597656 0.442969 0.011719 0.007812
2 0.577344 0.444531 0.032031 0.007812
2 0.509375 0.448437 0.041406 0.011719
2 0.538281 0.447656 0.014844 0.010937
2 0.548438 0.446875 0.026562 0.010937
2 0.264844 0.732812 0.089063 0.082812
2 0.424219 0.452344 0.053125 0.015625
2 0.450000 0.450781 0.055469 0.014844
2 0.512500 0.594531 0.041406 0.020313
1 0.589063 0.496094 0.017969 0.019531
1 0.375000 0.568750 0.017969 0.015625
1 0.365625 0.573438 0.019531 0.017188
1 0.347656 0.571094 0.019531 0.026562
1 0.315625 0.587500 0.020313 0.020313
1 0.330469 0.578906 0.019531 0.017969
2 0.567187 0.563281 0.029687 0.015625
2 0.543750 0.579688 0.025781 0.019531
2 0.584375 0.555469 0.017188 0.015625
2 0.594531 0.549219 0.015625 0.014063
2 0.485938 0.534375 0.049219 0.020313
1 0.581250 0.500000 0.005469 0.021094
1 0.576562 0.501563 0.003906 0.020313
1 0.564844 0.502344 0.019531 0.023438
1 0.569531 0.480469 0.017969 0.020313
1 0.525781 0.489844 0.019531 0.026562
1 0.532031 0.514844 0.006250 0.025781
1 0.525000 0.517188 0.007812 0.026562
1 0.507812 0.519531 0.024219 0.029687
1 0.515625 0.491406 0.023438 0.027344
1 0.499219 0.364844 0.009375 0.029687
1 0.489063 0.361719 0.010937 0.029687
1 0.467187 0.356250 0.011719 0.034375
1 0.478906 0.359375 0.010937 0.030469
1 0.478906 0.328906 0.010937 0.034375
1 0.467187 0.325000 0.012500 0.035156
1 0.455469 0.321094 0.012500 0.037500
1 0.432031 0.315625 0.032031 0.038281
1 0.455469 0.353125 0.012500 0.034375
1 0.441406 0.350781 0.012500 0.035156
1 0.417187 0.346094 0.032813 0.038281
1 0.387500 0.320312 0.019531 0.042188
1 0.367188 0.313281 0.021094 0.046094
1 0.345313 0.307812 0.022656 0.049219
1 0.321094 0.300000 0.026562 0.050781
1 0.293750 0.291406 0.029687 0.055469
1 0.264062 0.282813 0.032813 0.058594
1 0.225781 0.272656 0.046875 0.064844
1 0.387500 0.440625 0.019531 0.039062
1 0.367188 0.441406 0.020313 0.042188
1 0.346094 0.442188 0.022656 0.043750
1 0.345313 0.399219 0.022656 0.044531
1 0.322656 0.442188 0.025781 0.046875
1 0.296094 0.443750 0.028906 0.049219
1 0.265625 0.443750 0.032031 0.050781
1 0.229687 0.442969 0.042188 0.056250
1 0.321094 0.396094 0.025781 0.046875
1 0.295312 0.394531 0.028906 0.050000
1 0.257812 0.390625 0.049219 0.053906
2 0.301563 0.562500 0.039062 0.019531
2 0.136719 0.533594 0.058594 0.022656
2 0.271094 0.514062 0.042188 0.017188
2 0.302344 0.509375 0.038281 0.014063
2 0.330469 0.505469 0.034375 0.012500
2 0.403125 0.537500 0.023438 0.012500
2 0.328906 0.555469 0.035937 0.017188
2 0.144531 0.603906 0.052344 0.030469
2 0.360938 0.548438 0.034375 0.015625
1 0.439844 0.484375 0.014063 0.015625
1 0.191406 0.521094 0.019531 0.020313
2 0.426563 0.532031 0.017188 0.010937
2 0.441406 0.528125 0.019531 0.009375
2 0.455469 0.524219 0.017188 0.009375
2 0.424219 0.492188 0.019531 0.007812
1 0.404687 0.489063 0.007812 0.017188
1 0.396094 0.490625 0.007812 0.015625
1 0.386719 0.490625 0.011719 0.017969
1 0.395313 0.478906 0.009375 0.008594
1 0.376563 0.480469 0.008594 0.008594
1 0.377344 0.492969 0.008594 0.017969
1 0.368750 0.494531 0.009375 0.019531
1 0.355469 0.494531 0.017188 0.019531
1 0.364063 0.480469 0.017188 0.008594
1 0.192188 0.412500 0.008594 0.021094
1 0.174219 0.440625 0.010937 0.026562
1 0.160156 0.440625 0.020313 0.026562
1 0.139063 0.441406 0.022656 0.027344
1 0.114062 0.440625 0.028906 0.028906
1 0.173437 0.413281 0.010937 0.026562
1 0.158594 0.412500 0.021094 0.027344
1 0.135156 0.412500 0.027344 0.027344
1 0.230469 0.365625 0.015625 0.024219
1 0.214062 0.363281 0.017188 0.026562
1 0.190625 0.360156 0.007812 0.026562
1 0.176563 0.357812 0.019531 0.026562
1 0.157812 0.355469 0.021094 0.029687
1 0.136719 0.353125 0.022656 0.029687
1 0.112500 0.350000 0.028906 0.032031
1 0.316406 0.363281 0.011719 0.020313
1 0.303906 0.361719 0.012500 0.019531
1 0.292187 0.359375 0.012500 0.021094
1 0.275781 0.358594 0.021094 0.021094
2 0.708594 0.561719 0.040625 0.019531
