2 0.417969 0.694531 0.080469 0.100781
2 0.696094 0.350781 0.052344 0.023438
2 0.675000 0.356250 0.053125 0.025781
2 0.528125 0.401562 0.070312 0.044531
2 0.564844 0.390625 0.069531 0.038281
2 0.607031 0.380469 0.057031 0.032031
2 0.046875 0.931250 0.092969 0.135156
2 0.319531 0.470313 0.092969 0.081250
2 0.388281 0.448437 0.089844 0.068750
2 0.532031 0.617969 0.066406 0.071875
1 0.688281 0.433594 0.032031 0.035937
1 0.241406 0.663281 0.024219 0.045312
1 0.211719 0.687500 0.025781 0.050781
1 0.181250 0.682813 0.027344 0.064062
1 0.099219 0.739844 0.038281 0.059375
1 0.145313 0.703906 0.030469 0.053125
2 0.635938 0.548438 0.053906 0.035937
2 0.581250 0.589063 0.060937 0.046094
2 0.667969 0.530469 0.035156 0.033594
2 0.689844 0.515625 0.032031 0.028906
2 0.476562 0.556250 0.075781 0.075000
1 0.671875 0.446875 0.011719 0.038281
1 0.656250 0.453125 0.023438 0.035937
1 0.640625 0.454688 0.033594 0.044531
1 0.653906 0.418750 0.034375 0.041406
1 0.559375 0.460156 0.036719 0.055469
1 0.568750 0.503125 0.016406 0.043750
1 0.545312 0.510156 0.030469 0.048438
1 0.525000 0.513281 0.038281 0.063281
1 0.542969 0.466406 0.039062 0.057031
1 0.498437 0.269531 0.024219 0.055469
1 0.472656 0.269531 0.025781 0.058594
1 0.415625 0.271875 0.033594 0.063281
1 0.446094 0.271094 0.028906 0.060156
1 0.443750 0.208594 0.030469 0.064062
1 0.413281 0.206250 0.035156 0.067969
1 0.378906 0.203906 0.039844 0.071875
1 0.334375 0.200781 0.057031 0.075781
1 0.382031 0.273438 0.037500 0.066406
1 0.346094 0.274219 0.042969 0.069531
1 0.300781 0.275000 0.057813 0.075781
1 0.181250 0.242969 0.071875 0.091406
1 0.115625 0.242969 0.086719 0.098437
1 0.045312 0.242188 0.090625 0.106250
1 0.007031 0.267969 0.014063 0.057031
1 0.213281 0.473438 0.060937 0.103125
1 0.157031 0.488281 0.071094 0.110937
1 0.094531 0.505469 0.083594 0.118750
1 0.081250 0.428125 0.097656 0.113281
1 0.035156 0.535937 0.070312 0.103125
1 0.025781 0.437500 0.051562 0.118750
2 0.516406 0.316406 0.019531 0.006250
2 0.489063 0.318750 0.032813 0.006250
2 0.265625 0.428125 0.045312 0.028906
2 0.306250 0.417969 0.042969 0.025781
2 0.343750 0.409375 0.036719 0.025000
2 0.373437 0.334375 0.035156 0.010937
2 0.405469 0.331250 0.028906 0.010156
2 0.434375 0.327344 0.028906 0.010156
2 0.250781 0.348438 0.041406 0.019531
2 0.289062 0.346094 0.036719 0.014063
1 0.492969 0.369531 0.017969 0.021094
1 0.171875 0.428906 0.039062 0.017969
2 0.467187 0.382031 0.033594 0.013281
1 0.440625 0.381250 0.010937 0.025781
1 0.428125 0.385937 0.014844 0.023438
1 0.417187 0.386719 0.015625 0.026562
1 0.425781 0.363281 0.018750 0.025781
1 0.399219 0.367969 0.018750 0.026562
1 0.403906 0.391406 0.011719 0.024219
1 0.392188 0.394531 0.013281 0.024219
1 0.376563 0.394531 0.019531 0.029687
1 0.387500 0.369531 0.019531 0.026562
1 0.203906 0.342969 0.024219 0.034375
1 0.182031 0.346094 0.025781 0.035937
1 0.159375 0.350000 0.027344 0.033594
1 0.157031 0.327344 0.025781 0.014063
1 0.135937 0.352344 0.028906 0.034375
1 0.110937 0.355469 0.031250 0.034375
1 0.084375 0.358594 0.033594 0.035156
1 0.057031 0.358594 0.035156 0.041406
1 0.132031 0.329688 0.026562 0.014844
1 0.106250 0.332031 0.028906 0.015625
1 0.079687 0.333594 0.030469 0.015625
1 0.306250 0.228125 0.010156 0.018750
1 0.292969 0.227344 0.018750 0.019531
1 0.275781 0.231250 0.019531 0.029687
1 0.257031 0.231250 0.022656 0.030469
1 0.271875 0.261719 0.005469 0.028906
1 0.260937 0.261719 0.021094 0.028906
1 0.241406 0.260937 0.024219 0.029687
2 0.909375 0.633594 0.099219 0.083594
2 0.591406 0.417187 0.024219 0.011719
