3 0.432812 0.772656 0.235156 0.453125
2 0.924219 0.840625 0.087500 0.128906
2 0.856250 0.442188 0.017188 0.010937
2 0.878906 0.442969 0.055469 0.011719
2 0.961719 0.721875 0.076563 0.105469
2 0.946094 0.665625 0.107813 0.079687
2 0.935156 0.629687 0.114844 0.061719
2 0.888281 0.450781 0.046875 0.021094
2 0.884375 0.448437 0.037500 0.015625
2 0.885156 0.448437 0.012500 0.015625
2 0.957812 0.460938 0.067969 0.041406
2 0.948438 0.455469 0.085938 0.032813
2 0.890625 0.719531 0.050000 0.067187
1 0.867188 0.537500 0.014844 0.037500
1 0.878906 0.502344 0.037500 0.034375
1 0.904687 0.510156 0.056250 0.015625
1 0.875781 0.571094 0.003906 0.035937
1 0.913281 0.580469 0.058594 0.050000
1 0.913281 0.534375 0.053906 0.055469
1 0.909375 0.278125 0.008594 0.047656
1 0.915625 0.266406 0.008594 0.052344
1 0.932813 0.239063 0.012500 0.062500
1 0.924219 0.254688 0.009375 0.056250
1 0.927344 0.199219 0.011719 0.080469
1 0.936719 0.178906 0.014063 0.089063
1 0.947656 0.156250 0.015625 0.100000
1 0.975781 0.122656 0.047656 0.123438
1 0.943750 0.221094 0.012500 0.067969
1 0.956250 0.202344 0.017188 0.078906
1 0.981250 0.171094 0.037500 0.090625
1 0.994531 0.431250 0.010937 0.114062
2 0.846094 0.601562 0.003906 0.022656
2 0.849219 0.614062 0.003906 0.024219
2 0.877344 0.673438 0.038281 0.044531
2 0.856250 0.630469 0.012500 0.029687
2 0.452344 0.628906 0.055469 0.039062
2 0.608594 0.442188 0.010937 0.007812
2 0.586719 0.442188 0.032813 0.008594
2 0.510938 0.446094 0.042188 0.012500
2 0.537500 0.445312 0.024219 0.011719
2 0.555469 0.444531 0.025781 0.010937
2 0.235156 0.745313 0.100000 0.090625
2 0.414062 0.448437 0.058594 0.015625
2 0.446094 0.447656 0.055469 0.014844
2 0.514844 0.597656 0.044531 0.027344
1 0.599219 0.497656 0.019531 0.020313
1 0.362500 0.569531 0.019531 0.017969
1 0.351562 0.575781 0.020313 0.017969
1 0.332031 0.573438 0.019531 0.027344
1 0.295312 0.590625 0.022656 0.020313
1 0.312500 0.582031 0.021094 0.019531
2 0.572656 0.567187 0.035156 0.015625
2 0.542188 0.584375 0.039062 0.021094
2 0.592187 0.560156 0.019531 0.015625
2 0.603906 0.553906 0.017188 0.014844
2 0.485938 0.537500 0.050781 0.023438
1 0.589844 0.500781 0.005469 0.021094
1 0.581250 0.502344 0.011719 0.021094
1 0.571875 0.503125 0.020313 0.023438
1 0.577344 0.480469 0.019531 0.022656
1 0.528125 0.490625 0.022656 0.027344
1 0.535156 0.516406 0.008594 0.026562
1 0.527344 0.519531 0.008594 0.027344
1 0.509375 0.520312 0.025781 0.032031
1 0.518750 0.490625 0.024219 0.028906
1 0.500000 0.357812 0.010937 0.032031
1 0.488281 0.353906 0.010937 0.032031
1 0.464062 0.347656 0.012500 0.034375
1 0.475781 0.350781 0.011719 0.034375
1 0.475781 0.319531 0.011719 0.035937
1 0.464062 0.314063 0.012500 0.037500
1 0.449219 0.309375 0.014063 0.040625
1 0.425781 0.304688 0.034375 0.041406
1 0.449219 0.344531 0.014063 0.035937
1 0.435156 0.340625 0.014844 0.038281
1 0.409375 0.335156 0.035156 0.040625
1 0.373437 0.306250 0.021094 0.046875
1 0.350781 0.300000 0.024219 0.049219
1 0.325781 0.291406 0.026562 0.050781
1 0.299219 0.284375 0.029687 0.055469
1 0.267188 0.273438 0.034375 0.059375
1 0.232813 0.263281 0.037500 0.064844
1 0.187500 0.250781 0.053906 0.070312
1 0.374219 0.435937 0.021094 0.042188
1 0.350781 0.435937 0.023438 0.044531
1 0.327344 0.435937 0.026562 0.046875
1 0.325781 0.389062 0.026562 0.047656
1 0.300000 0.435937 0.029687 0.049219
1 0.269531 0.435156 0.032813 0.050781
1 0.235937 0.435156 0.037500 0.055469
1 0.192188 0.434375 0.050781 0.060937
1 0.299219 0.387500 0.029687 0.050781
1 0.267188 0.382812 0.032813 0.055469
1 0.227344 0.378906 0.050781 0.058594
2 0.302344 0.562500 0.039062 0.019531
2 0.132031 0.532031 0.055469 0.021094
2 0.271094 0.512500 0.042188 0.017188
2 0.302344 0.508594 0.039062 0.014844
2 0.332813 0.505469 0.034375 0.012500
2 0.405469 0.537500 0.029687 0.012500
2 0.331250 0.555469 0.035156 0.017969
2 0.137500 0.603906 0.050000 0.028906
2 0.360938 0.548438 0.027344 0.015625
1 0.446875 0.484375 0.014844 0.015625
1 0.194531 0.515625 0.030469 0.029687
2 0.427344 0.532813 0.027344 0.009375
2 0.447656 0.528906 0.020313 0.008594
2 0.462500 0.525781 0.017969 0.009375
2 0.426563 0.492188 0.027344 0.007812
1 0.408594 0.489063 0.008594 0.017188
1 0.397656 0.489844 0.014063 0.015625
1 0.390625 0.490625 0.011719 0.020313
1 0.397656 0.475781 0.015625 0.011719
1 0.382812 0.477344 0.003906 0.011719
1 0.382812 0.492969 0.005469 0.017969
1 0.370312 0.494531 0.006250 0.019531
1 0.358594 0.495312 0.017188 0.020313
1 0.366406 0.478906 0.014063 0.012500
1 0.194531 0.402344 0.017969 0.006250
1 0.132812 0.437500 0.019531 0.027344
1 0.110937 0.437500 0.027344 0.029687
1 0.175781 0.402344 0.017188 0.008594
1 0.129688 0.409375 0.023438 0.028906
1 0.211719 0.350781 0.017188 0.008594
1 0.194531 0.357812 0.017969 0.027344
1 0.174219 0.355469 0.021094 0.029687
1 0.130469 0.348438 0.017969 0.030469
1 0.107813 0.346094 0.027344 0.032031
1 0.342969 0.385937 0.007812 0.020313
1 0.317188 0.358594 0.011719 0.014844
1 0.305469 0.355469 0.012500 0.015625
1 0.292187 0.354687 0.012500 0.015625
1 0.275781 0.351562 0.021094 0.015625
2 0.725781 0.567187 0.044531 0.022656
