3 0.246875 0.546875 0.050781 0.141406
2 0.043750 0.543750 0.067187 0.021875
2 0.039844 0.639062 0.078906 0.036719
2 0.000781 0.411719 0.001563 0.021094
1 0.007812 0.258594 0.005469 0.042969
1 0.016406 0.267188 0.011719 0.046875
1 0.027344 0.278125 0.010937 0.044531
1 0.037500 0.288281 0.009375 0.041406
1 0.046094 0.296875 0.008594 0.039062
1 0.054688 0.306250 0.007031 0.035937
1 0.062500 0.313281 0.007031 0.034375
1 0.010156 0.402344 0.006250 0.045312
1 0.018750 0.405469 0.011719 0.046094
1 0.030469 0.410156 0.010156 0.042969
1 0.021094 0.368750 0.027344 0.048438
1 0.039844 0.413281 0.009375 0.039844
1 0.049219 0.417187 0.008594 0.038281
1 0.057031 0.419531 0.007812 0.035937
1 0.064062 0.421875 0.007031 0.035156
1 0.039844 0.374219 0.009375 0.043750
1 0.048438 0.380469 0.008594 0.041406
1 0.056250 0.384375 0.007812 0.039844
2 0.472656 0.625781 0.052344 0.034375
2 0.912500 0.324219 0.174219 0.091406
2 0.529687 0.420312 0.051562 0.024219
2 0.566406 0.410938 0.052344 0.029687
2 0.642188 0.396875 0.097656 0.038281
2 0.403125 0.583594 0.036719 0.019531
2 0.428906 0.439063 0.018750 0.015625
2 0.463281 0.435937 0.056250 0.017969
2 0.541406 0.667969 0.074219 0.053125
1 0.432812 0.529687 0.007031 0.007031
1 0.425781 0.528125 0.011719 0.009375
1 0.428906 0.519531 0.013281 0.006250
1 0.416406 0.525000 0.011719 0.007031
1 0.420312 0.525781 0.002344 0.006250
2 0.763281 0.806250 0.147656 0.135156
2 0.607031 0.711719 0.093750 0.066406
2 0.904687 0.896875 0.189062 0.203906
2 0.490625 0.544531 0.052344 0.025000
1 0.887500 0.607031 0.089063 0.115625
1 0.820312 0.596875 0.078906 0.096094
1 0.757031 0.583594 0.050000 0.089844
1 0.821875 0.510938 0.079687 0.089844
1 0.571875 0.498437 0.045312 0.049219
1 0.571875 0.547656 0.044531 0.050781
1 0.540625 0.543750 0.016406 0.046875
1 0.525000 0.540625 0.014844 0.046875
1 0.540625 0.498437 0.016406 0.046094
1 0.510156 0.308594 0.036719 0.041406
1 0.485156 0.316406 0.011719 0.040625
1 0.464062 0.331250 0.009375 0.035937
1 0.474219 0.324219 0.010156 0.038281
1 0.484375 0.289844 0.029687 0.042969
1 0.464062 0.298438 0.009375 0.040625
1 0.454688 0.306250 0.008594 0.039844
1 0.445312 0.313281 0.007812 0.036719
1 0.454688 0.337500 0.008594 0.034375
1 0.446094 0.342969 0.007031 0.032031
1 0.438281 0.348438 0.007031 0.031250
1 0.426563 0.348438 0.017188 0.028125
1 0.414844 0.352344 0.005469 0.026562
1 0.408594 0.356250 0.005469 0.025781
1 0.403125 0.360938 0.005469 0.025000
1 0.397656 0.364063 0.003906 0.024219
1 0.392969 0.367969 0.003906 0.024219
1 0.388281 0.371094 0.003906 0.023438
1 0.431250 0.435156 0.026562 0.028125
1 0.414062 0.436719 0.005469 0.026562
1 0.408594 0.438281 0.005469 0.025781
1 0.417969 0.412500 0.025000 0.026562
1 0.403125 0.439063 0.005469 0.025000
1 0.397656 0.440625 0.004687 0.024219
1 0.392969 0.442188 0.004687 0.023438
1 0.388281 0.442969 0.003906 0.023438
1 0.403125 0.414844 0.004687 0.025781
1 0.397656 0.416406 0.004687 0.025781
1 0.392969 0.418750 0.003906 0.025000
2 0.660937 0.575781 0.030469 0.014844
2 0.975000 0.425000 0.048438 0.021875
2 0.635156 0.517969 0.034375 0.010937
2 0.660937 0.519531 0.031250 0.011719
2 0.692187 0.521875 0.033594 0.013281
2 0.735938 0.446094 0.024219 0.011719
2 0.773438 0.442969 0.049219 0.014063
2 0.828906 0.439063 0.060156 0.015625
2 0.690625 0.584375 0.035156 0.014844
2 0.630469 0.453906 0.028125 0.009375
2 0.657031 0.452344 0.038281 0.010156
2 0.727344 0.589844 0.008594 0.014844
1 0.984375 0.535156 0.030469 0.040625
1 0.598437 0.508594 0.007812 0.018750
2 0.939063 0.635156 0.017188 0.020313
2 0.971875 0.641406 0.055469 0.031250
2 0.915625 0.541406 0.075781 0.019531
1 0.781250 0.521094 0.002344 0.028125
1 0.768750 0.492969 0.026562 0.028125
1 0.768750 0.520312 0.026562 0.028125
1 0.747656 0.518750 0.016406 0.026562
1 0.731250 0.517969 0.015625 0.026562
1 0.747656 0.492188 0.016406 0.026562
1 0.613281 0.450000 0.017969 0.018750
1 0.599219 0.451562 0.008594 0.017969
1 0.591406 0.452344 0.007812 0.017969
1 0.583594 0.453125 0.007031 0.016406
1 0.575781 0.453906 0.007031 0.016406
1 0.567969 0.453906 0.007031 0.015625
1 0.560937 0.454688 0.006250 0.016406
1 0.614062 0.384375 0.017969 0.010156
1 0.600781 0.387500 0.008594 0.010156
1 0.592187 0.390625 0.007812 0.011719
1 0.583594 0.391406 0.007031 0.009375
1 0.575781 0.393750 0.007031 0.009375
1 0.568750 0.395313 0.007031 0.009375
1 0.561719 0.398438 0.007031 0.009375
1 0.703906 0.375781 0.012500 0.025781
1 0.693750 0.378906 0.006250 0.024219
1 0.664844 0.376563 0.011719 0.006250
1 0.674219 0.377344 0.005469 0.010156
1 0.682031 0.360938 0.021875 0.023438
1 0.664844 0.363281 0.011719 0.024219
1 0.653125 0.366406 0.010937 0.024219
1 0.642188 0.369531 0.010156 0.023438
