3 0.155469 0.575781 0.103125 0.199219
2 0.453125 0.606250 0.055469 0.044531
2 0.954688 0.469531 0.089844 0.046875
2 0.870313 0.461719 0.125781 0.046094
2 0.542969 0.433594 0.063281 0.026562
2 0.591406 0.439063 0.071094 0.029687
2 0.657031 0.446094 0.072656 0.031250
2 0.335938 0.557813 0.046094 0.030469
2 0.407813 0.421094 0.055469 0.020313
2 0.436719 0.424219 0.057813 0.021875
2 0.543750 0.646875 0.063281 0.058594
1 0.946094 0.644531 0.085156 0.098437
1 0.389062 0.504687 0.014844 0.010937
1 0.376563 0.503906 0.013281 0.011719
1 0.375000 0.496875 0.014063 0.016406
1 0.356250 0.496875 0.014063 0.010937
1 0.368750 0.497656 0.014063 0.011719
2 0.744531 0.728906 0.082812 0.091406
2 0.615625 0.676562 0.068750 0.069531
2 0.835938 0.766406 0.104688 0.108594
2 0.937500 0.809375 0.124219 0.125000
2 0.489063 0.536719 0.058594 0.040625
1 0.832812 0.611719 0.046875 0.080469
1 0.792188 0.600781 0.042188 0.078125
1 0.755469 0.591406 0.038281 0.074219
1 0.795312 0.550781 0.046094 0.074219
1 0.581250 0.508594 0.033594 0.053906
1 0.580469 0.549219 0.032813 0.050781
1 0.553906 0.547656 0.021094 0.043750
1 0.533594 0.536719 0.019531 0.051562
1 0.560156 0.503906 0.032813 0.050781
1 0.505469 0.315625 0.033594 0.040625
1 0.479687 0.317188 0.017969 0.039844
1 0.445312 0.320312 0.016406 0.036719
1 0.461719 0.318750 0.017188 0.038281
1 0.469531 0.280469 0.033594 0.040625
1 0.444531 0.282813 0.016406 0.038281
1 0.428906 0.285156 0.015625 0.036719
1 0.414062 0.286719 0.014844 0.036719
1 0.429688 0.321875 0.015625 0.035937
1 0.414844 0.321875 0.014844 0.035156
1 0.400781 0.323437 0.014063 0.035156
1 0.378906 0.313281 0.030469 0.033594
1 0.357812 0.314063 0.012500 0.031250
1 0.346875 0.314844 0.011719 0.031250
1 0.335156 0.316406 0.011719 0.030469
1 0.325000 0.317969 0.010937 0.029687
1 0.314844 0.317969 0.010156 0.028906
1 0.305469 0.318750 0.010156 0.028906
1 0.381250 0.408594 0.029687 0.032031
1 0.366406 0.407031 0.024219 0.031250
1 0.349219 0.407031 0.011719 0.029687
1 0.357812 0.378125 0.030469 0.029687
1 0.339062 0.407031 0.011719 0.028906
1 0.328906 0.405469 0.010156 0.028125
1 0.318750 0.405469 0.010156 0.026562
1 0.309375 0.403906 0.010156 0.028125
1 0.337500 0.377344 0.011719 0.028906
1 0.327344 0.378125 0.010937 0.028125
1 0.317969 0.377344 0.010156 0.026562
2 0.839063 0.408594 0.053125 0.014844
2 0.792969 0.406250 0.046094 0.014844
2 0.633594 0.401562 0.031250 0.011719
2 0.660937 0.403125 0.035937 0.010937
2 0.694531 0.403906 0.028906 0.011719
2 0.694531 0.528906 0.035156 0.021094
2 0.603125 0.510938 0.011719 0.016406
2 0.482031 0.486719 0.028125 0.014844
2 0.542969 0.396875 0.025781 0.009375
2 0.565625 0.398438 0.029687 0.010156
2 0.632031 0.517969 0.033594 0.020313
2 0.739844 0.539062 0.038281 0.025781
2 0.765625 0.543750 0.014844 0.021094
2 0.832031 0.560937 0.030469 0.019531
1 0.686719 0.440625 0.016406 0.021875
1 0.655469 0.436719 0.015625 0.018750
1 0.642969 0.436719 0.014844 0.019531
1 0.524219 0.390625 0.014844 0.018750
1 0.514844 0.390625 0.006250 0.018750
1 0.501563 0.390625 0.005469 0.017969
1 0.506250 0.372656 0.014844 0.017969
1 0.494531 0.390625 0.007812 0.017969
1 0.485938 0.389844 0.007812 0.016406
1 0.478125 0.389844 0.007031 0.016406
1 0.470313 0.389062 0.007031 0.016406
1 0.494531 0.372656 0.007812 0.017969
1 0.485938 0.371875 0.007812 0.016406
1 0.478125 0.371875 0.007812 0.016406
1 0.527344 0.330469 0.010156 0.010156
1 0.611719 0.339062 0.015625 0.020313
1 0.597656 0.339062 0.011719 0.021094
1 0.575781 0.340625 0.010156 0.019531
1 0.585938 0.339844 0.010937 0.020313
1 0.589063 0.319531 0.016406 0.020313
1 0.575781 0.319531 0.010937 0.020313
1 0.564844 0.320312 0.010156 0.020313
1 0.554688 0.321094 0.010156 0.019531
1 0.554688 0.341406 0.010156 0.019531
1 0.544531 0.341406 0.009375 0.019531
2 0.957812 0.602344 0.083594 0.045312
