0 0.714844 0.617188 0.060156 0.252344
0 0.772656 0.592187 0.035937 0.192188
0 0.806250 0.542969 0.011719 0.068750
1 0.252344 0.628125 0.221094 0.214062
1 0.216406 0.444531 0.110937 0.171094
1 0.378906 0.535937 0.214062 0.363281
1 0.044531 0.407813 0.084375 0.721875
1 0.220312 0.246094 0.127344 0.166406
1 0.225781 0.092188 0.125000 0.175000
1 0.328125 0.288281 0.079687 0.166406
1 0.431250 0.337500 0.122656 0.145313
1 0.524219 0.375781 0.071875 0.085156
1 0.591406 0.500000 0.235937 0.350781
1 0.878906 0.625781 0.146875 0.303125
1 0.748437 0.491406 0.113281 0.145313
