3 0.743750 0.831250 0.186719 0.335938
2 0.913281 0.764062 0.110156 0.096094
2 0.768750 0.417969 0.039062 0.013281
2 0.779687 0.422656 0.043750 0.015625
2 0.961719 0.700781 0.075781 0.089063
2 0.927344 0.641406 0.110937 0.064844
2 0.885938 0.599219 0.089844 0.043750
2 0.857812 0.462500 0.080469 0.028906
2 0.835156 0.449219 0.065625 0.021094
2 0.817187 0.439063 0.052344 0.015625
2 0.972656 0.531250 0.053906 0.051562
2 0.950000 0.505469 0.098437 0.042969
2 0.839063 0.655469 0.067969 0.054688
1 0.761719 0.479687 0.011719 0.025781
1 0.764062 0.489844 0.006250 0.025781
1 0.777344 0.494531 0.024219 0.026562
1 0.785156 0.500781 0.030469 0.031250
1 0.782031 0.471875 0.029687 0.028906
1 0.833594 0.508594 0.043750 0.036719
1 0.814063 0.540625 0.010156 0.038281
1 0.822656 0.548438 0.011719 0.039844
1 0.850000 0.558594 0.049219 0.045312
1 0.842969 0.517969 0.046875 0.044531
1 0.878125 0.349219 0.018750 0.043750
1 0.893750 0.348438 0.021094 0.046875
1 0.931250 0.347656 0.027344 0.053125
1 0.910937 0.348438 0.023438 0.049219
1 0.917188 0.298438 0.025000 0.053125
1 0.938281 0.294531 0.028125 0.057031
1 0.961719 0.289062 0.032031 0.061719
1 0.985156 0.284375 0.028906 0.065625
1 0.953906 0.346875 0.031250 0.057031
1 0.980469 0.346094 0.036719 0.061719
1 0.995313 0.346094 0.008594 0.063281
2 0.746875 0.540625 0.010156 0.019531
2 0.755469 0.553906 0.010156 0.023438
2 0.811719 0.613281 0.058594 0.040625
2 0.780469 0.571875 0.041406 0.029687
2 0.466406 0.648438 0.052344 0.053125
2 0.544531 0.408594 0.025781 0.010937
2 0.539062 0.412500 0.027344 0.011719
2 0.497656 0.437500 0.046094 0.019531
2 0.508594 0.430469 0.038281 0.015625
2 0.524219 0.425000 0.022656 0.014844
2 0.313281 0.915625 0.124219 0.166406
2 0.455469 0.475781 0.045312 0.034375
2 0.465625 0.463281 0.057031 0.029687
2 0.502344 0.589063 0.039844 0.035156
1 0.549219 0.461719 0.010156 0.021875
1 0.405469 0.625781 0.024219 0.018750
1 0.401562 0.642969 0.025000 0.026562
1 0.381250 0.647656 0.026562 0.038281
1 0.357031 0.690625 0.030469 0.032031
1 0.365625 0.666406 0.028125 0.028125
2 0.536719 0.536719 0.019531 0.020313
2 0.517188 0.564063 0.033594 0.026562
2 0.546094 0.525000 0.011719 0.018750
2 0.551562 0.514844 0.010937 0.016406
2 0.487500 0.540625 0.050781 0.033594
1 0.544531 0.469531 0.002344 0.021875
1 0.535156 0.473438 0.016406 0.021875
1 0.531250 0.475781 0.018750 0.025000
1 0.534375 0.452344 0.017969 0.023438
1 0.510938 0.477344 0.018750 0.030469
1 0.518750 0.503125 0.003906 0.028906
1 0.514062 0.508594 0.003906 0.030469
1 0.499219 0.511719 0.025781 0.031250
1 0.503906 0.482031 0.024219 0.032031
1 0.500000 0.351562 0.005469 0.032031
1 0.493750 0.351562 0.005469 0.034375
1 0.480469 0.350781 0.007031 0.036719
1 0.487500 0.350781 0.006250 0.035156
1 0.487500 0.314844 0.007031 0.036719
1 0.479687 0.313281 0.007812 0.039062
1 0.471875 0.310937 0.008594 0.041406
1 0.447656 0.307031 0.039062 0.044531
1 0.471875 0.350781 0.008594 0.039844
1 0.463281 0.350781 0.009375 0.041406
1 0.440625 0.349219 0.035156 0.044531
1 0.421875 0.326562 0.017969 0.054688
1 0.407031 0.323437 0.017969 0.058594
1 0.389062 0.321094 0.021094 0.064062
1 0.367188 0.317969 0.025781 0.070312
1 0.339844 0.313281 0.034375 0.076563
1 0.310156 0.307812 0.038281 0.085938
1 0.245312 0.302344 0.100781 0.096875
1 0.417187 0.478906 0.031250 0.057031
1 0.410156 0.488281 0.016406 0.061719
1 0.392969 0.500000 0.019531 0.064844
1 0.372656 0.442969 0.057031 0.064062
1 0.373437 0.511719 0.023438 0.070312
1 0.349219 0.526563 0.028906 0.078906
1 0.320312 0.543750 0.035156 0.086719
1 0.260937 0.560156 0.092188 0.107031
1 0.350781 0.450000 0.064062 0.070312
1 0.325781 0.459375 0.071094 0.078125
1 0.295312 0.469531 0.078125 0.086719
2 0.211719 0.585156 0.017188 0.029687
2 0.382031 0.401562 0.027344 0.009375
2 0.367188 0.403906 0.030469 0.010156
2 0.007031 0.602344 0.013281 0.025000
2 0.174219 0.534375 0.067187 0.030469
2 0.219531 0.516406 0.046094 0.028125
2 0.234375 0.503906 0.014844 0.016406
2 0.277344 0.421875 0.042969 0.014063
2 0.300000 0.417187 0.041406 0.011719
2 0.325000 0.413281 0.033594 0.010156
2 0.016406 0.702344 0.032031 0.045312
2 0.158594 0.444531 0.067969 0.021875
2 0.196875 0.437500 0.060156 0.019531
1 0.060937 0.565625 0.050781 0.053906
1 0.103125 0.443750 0.044531 0.039844
1 0.084375 0.448437 0.032031 0.041406
1 0.056250 0.453906 0.035156 0.041406
1 0.042188 0.415625 0.052344 0.041406
1 0.023438 0.459375 0.039062 0.043750
1 0.004687 0.463281 0.009375 0.042969
1 0.018750 0.417969 0.037500 0.045312
1 0.001563 0.429688 0.003125 0.024219
1 0.100781 0.335938 0.030469 0.036719
1 0.072656 0.335156 0.032813 0.039062
1 0.042188 0.333594 0.036719 0.041406
1 0.014844 0.332813 0.028906 0.043750
1 0.192188 0.321875 0.019531 0.031250
1 0.165625 0.321094 0.038281 0.032031
1 0.194531 0.344531 0.017969 0.013281
1 0.183594 0.344531 0.006250 0.013281
1 0.148438 0.351562 0.028906 0.032031
2 0.664062 0.524219 0.038281 0.018750
