3 0.074219 0.614844 0.147656 0.255469
2 0.442969 0.616406 0.061719 0.053906
2 0.981250 0.446875 0.036719 0.014844
2 0.924219 0.459375 0.150000 0.056250
2 0.549219 0.425000 0.067969 0.035156
2 0.606250 0.431250 0.076563 0.036719
2 0.685937 0.440625 0.082812 0.039844
2 0.303125 0.563281 0.055469 0.036719
2 0.387500 0.409375 0.064844 0.025781
2 0.422656 0.413281 0.065625 0.028125
2 0.550000 0.660937 0.067969 0.069531
1 0.978125 0.646875 0.042969 0.092969
1 0.366406 0.503125 0.016406 0.014844
1 0.352344 0.503125 0.016406 0.015625
1 0.349219 0.493750 0.016406 0.019531
1 0.326562 0.494531 0.016406 0.014063
1 0.340625 0.494531 0.016406 0.014844
2 0.780469 0.747656 0.097656 0.104688
2 0.632031 0.692969 0.071094 0.081250
2 0.882812 0.786719 0.119531 0.119531
2 0.961719 0.817187 0.075781 0.110156
2 0.485938 0.541406 0.064062 0.050781
1 0.883594 0.621875 0.055469 0.090625
1 0.835938 0.609375 0.054688 0.089844
1 0.792969 0.600000 0.052344 0.085156
1 0.839844 0.556250 0.063281 0.084375
1 0.593750 0.508594 0.034375 0.061719
1 0.592969 0.554688 0.033594 0.059375
1 0.564063 0.553125 0.025000 0.048438
1 0.539844 0.540625 0.024219 0.060156
1 0.568750 0.503906 0.033594 0.059375
1 0.504687 0.289844 0.036719 0.048438
1 0.475000 0.290625 0.022656 0.046094
1 0.433594 0.292969 0.020313 0.043750
1 0.453906 0.292187 0.021094 0.045312
1 0.460938 0.246875 0.037500 0.046875
1 0.432812 0.249219 0.020313 0.045312
1 0.413281 0.251563 0.019531 0.044531
1 0.394531 0.253906 0.018750 0.043750
1 0.414062 0.294531 0.019531 0.042969
1 0.396094 0.295312 0.017969 0.040625
1 0.378906 0.296094 0.017969 0.040625
1 0.351562 0.283594 0.037500 0.039844
1 0.326562 0.284375 0.016406 0.036719
1 0.311719 0.285156 0.015625 0.036719
1 0.298438 0.286719 0.014844 0.035937
1 0.285156 0.287500 0.014844 0.034375
1 0.273438 0.288281 0.014063 0.034375
1 0.261719 0.289062 0.013281 0.034375
1 0.355469 0.394531 0.035156 0.039062
1 0.338281 0.392969 0.029687 0.038281
1 0.317188 0.392969 0.014844 0.034375
1 0.325781 0.358594 0.036719 0.034375
1 0.304688 0.391406 0.014063 0.033594
1 0.292187 0.391406 0.014063 0.032031
1 0.279687 0.389844 0.013281 0.031250
1 0.268750 0.388281 0.013281 0.033594
1 0.302344 0.358594 0.014844 0.033594
1 0.289844 0.357812 0.014844 0.032031
1 0.277344 0.357812 0.013281 0.032031
2 0.548438 0.486719 0.017188 0.016406
2 0.830469 0.386719 0.053906 0.015625
2 0.785156 0.384375 0.047656 0.014844
2 0.621094 0.378906 0.030469 0.011719
2 0.650781 0.380469 0.035937 0.013281
2 0.688281 0.382031 0.036719 0.013281
2 0.684375 0.510938 0.035156 0.024219
2 0.460156 0.471094 0.028906 0.015625
2 0.528125 0.375000 0.027344 0.010937
2 0.550000 0.375781 0.030469 0.010937
2 0.623437 0.500781 0.025781 0.021094
1 0.782031 0.446875 0.028906 0.010937
1 0.484375 0.416406 0.017969 0.007031
2 0.729688 0.519531 0.039062 0.025781
2 0.770312 0.526563 0.042188 0.028125
2 0.799219 0.532031 0.024219 0.025000
1 0.676562 0.415625 0.014844 0.014063
1 0.644531 0.418750 0.014844 0.025000
1 0.644531 0.434375 0.001563 0.004687
1 0.631250 0.410938 0.014844 0.010937
1 0.502344 0.367969 0.009375 0.020313
1 0.495312 0.367969 0.015625 0.020313
1 0.482812 0.367969 0.008594 0.018750
1 0.485938 0.348438 0.015625 0.018750
1 0.473438 0.367188 0.008594 0.017969
1 0.464062 0.367188 0.008594 0.017969
1 0.455469 0.366406 0.008594 0.017969
1 0.446875 0.365625 0.008594 0.018750
1 0.473438 0.348438 0.008594 0.018750
1 0.464062 0.348438 0.008594 0.018750
1 0.454688 0.347656 0.008594 0.017969
1 0.597656 0.306250 0.011719 0.009375
1 0.585156 0.307031 0.011719 0.008594
1 0.560937 0.307812 0.011719 0.008594
1 0.572656 0.307031 0.011719 0.008594
1 0.575000 0.291406 0.016406 0.021875
1 0.561719 0.292187 0.011719 0.021094
1 0.550000 0.292969 0.010937 0.021094
1 0.538281 0.292969 0.010156 0.021094
1 0.549219 0.307812 0.011719 0.008594
1 0.538281 0.308594 0.010937 0.007031
1 0.528125 0.308594 0.009375 0.008594
2 0.955469 0.582812 0.088281 0.045312
