3 0.624219 0.924219 0.109375 0.150000
2 0.846094 0.839063 0.062500 0.113281
2 0.798438 0.388281 0.041406 0.024219
2 0.806250 0.407031 0.045312 0.032031
2 0.926562 0.863281 0.113281 0.158594
2 0.885156 0.753906 0.091406 0.105469
2 0.861719 0.681250 0.078906 0.075000
2 0.860938 0.527344 0.079687 0.064062
2 0.846094 0.487500 0.064844 0.043750
2 0.833594 0.459375 0.050781 0.036719
2 0.951562 0.734375 0.096094 0.117969
2 0.937500 0.660156 0.121094 0.094531
2 0.812500 0.689063 0.039844 0.071094
1 0.785937 0.451562 0.017969 0.029687
1 0.782031 0.474219 0.007812 0.029687
1 0.794531 0.483594 0.028125 0.030469
1 0.800000 0.496094 0.032031 0.039062
1 0.797656 0.463281 0.024219 0.036719
1 0.822656 0.546094 0.018750 0.041406
1 0.812500 0.575000 0.010937 0.042969
1 0.817969 0.591406 0.011719 0.043750
1 0.840625 0.614844 0.047656 0.057031
1 0.835938 0.566406 0.035156 0.055469
1 0.899219 0.441406 0.041406 0.056250
1 0.903125 0.456250 0.027344 0.059375
1 0.929688 0.494531 0.030469 0.068750
1 0.914062 0.474219 0.026562 0.064062
1 0.957031 0.426563 0.085156 0.064844
1 0.964063 0.443750 0.071094 0.069531
1 0.972656 0.464062 0.053906 0.075781
1 0.982031 0.488281 0.035156 0.085156
1 0.946875 0.517188 0.033594 0.073438
1 0.966406 0.542969 0.038281 0.080469
1 0.983594 0.574219 0.032031 0.092969
1 0.985156 0.828906 0.028906 0.109375
1 0.998437 0.885938 0.002344 0.011719
2 0.764844 0.510156 0.011719 0.028125
2 0.767188 0.533594 0.008594 0.031250
2 0.797656 0.627344 0.033594 0.056250
2 0.782031 0.564063 0.027344 0.042969
2 0.469531 0.645312 0.040625 0.060937
2 0.560156 0.350000 0.025781 0.020313
2 0.553125 0.360156 0.029687 0.021875
2 0.500781 0.430469 0.046875 0.036719
2 0.514062 0.410156 0.040625 0.028125
2 0.530469 0.394531 0.029687 0.028906
2 0.334375 0.931250 0.073438 0.135156
2 0.435156 0.528906 0.067187 0.064062
2 0.460938 0.496875 0.053906 0.053906
2 0.507031 0.565625 0.036719 0.042969
1 0.563281 0.403906 0.013281 0.026562
1 0.400781 0.670312 0.021094 0.025781
1 0.396094 0.691406 0.021875 0.029687
1 0.378125 0.700000 0.022656 0.039062
1 0.354687 0.753906 0.025000 0.035937
1 0.364063 0.723437 0.023438 0.032031
2 0.544531 0.489844 0.025000 0.028125
2 0.526563 0.530469 0.028906 0.034375
2 0.557813 0.471875 0.013281 0.025000
2 0.564844 0.455469 0.012500 0.021875
2 0.487500 0.539062 0.049219 0.049219
1 0.557813 0.419531 0.003906 0.024219
1 0.547656 0.425781 0.016406 0.024219
1 0.542188 0.429688 0.019531 0.028125
1 0.547656 0.405469 0.017969 0.025781
1 0.521094 0.458594 0.009375 0.031250
1 0.522656 0.482812 0.005469 0.030469
1 0.517969 0.491406 0.005469 0.031250
1 0.502344 0.499219 0.025000 0.036719
1 0.508594 0.467969 0.022656 0.034375
1 0.496094 0.361719 0.015625 0.040625
1 0.492188 0.370312 0.007812 0.040625
1 0.474219 0.389062 0.010156 0.042969
1 0.483594 0.379688 0.008594 0.040625
1 0.471094 0.343750 0.032813 0.044531
1 0.460938 0.350781 0.035156 0.048438
1 0.450000 0.359375 0.036719 0.050000
1 0.438281 0.367969 0.039844 0.053125
1 0.464062 0.399219 0.010937 0.044531
1 0.453125 0.409375 0.011719 0.046875
1 0.427344 0.417969 0.041406 0.057031
1 0.390625 0.432812 0.049219 0.067969
1 0.371875 0.448437 0.053906 0.073438
1 0.350781 0.466406 0.058594 0.079687
1 0.326562 0.487500 0.064062 0.085938
1 0.299219 0.510938 0.071094 0.094531
1 0.267188 0.538281 0.078906 0.104688
1 0.229687 0.569531 0.088281 0.117969
1 0.401562 0.557813 0.039844 0.069531
1 0.395313 0.582031 0.022656 0.070312
1 0.378125 0.611719 0.022656 0.064844
1 0.366406 0.566406 0.039844 0.073438
1 0.357812 0.639844 0.025781 0.070312
1 0.335156 0.671875 0.028906 0.076563
1 0.308594 0.708594 0.035156 0.084375
1 0.260156 0.738281 0.076563 0.117969
1 0.344531 0.591406 0.044531 0.079687
1 0.319531 0.621875 0.049219 0.088281
1 0.285938 0.655469 0.067187 0.096094
2 0.400781 0.321875 0.028125 0.014844
2 0.385937 0.328906 0.029687 0.015625
2 0.049219 0.613281 0.086719 0.071094
2 0.220312 0.503906 0.042969 0.043750
2 0.247656 0.478906 0.050000 0.036719
2 0.279687 0.457813 0.043750 0.030469
2 0.298438 0.375781 0.039844 0.025000
2 0.320312 0.364063 0.039062 0.021875
2 0.344531 0.353125 0.032813 0.020313
2 0.076563 0.682031 0.080469 0.075781
2 0.202344 0.431250 0.039844 0.035937
2 0.226562 0.414062 0.052344 0.032031
1 0.395313 0.375781 0.010937 0.021094
1 0.124219 0.553906 0.041406 0.053125
2 0.371875 0.394531 0.025000 0.014063
1 0.357031 0.401562 0.009375 0.024219
1 0.345313 0.408594 0.017969 0.021875
1 0.339062 0.411719 0.014063 0.025781
1 0.342187 0.388281 0.021094 0.025781
1 0.321875 0.400781 0.021094 0.026562
1 0.330469 0.421094 0.010156 0.024219
1 0.321094 0.427344 0.010937 0.025000
1 0.305469 0.432031 0.023438 0.029687
1 0.312500 0.406250 0.022656 0.028906
1 0.150781 0.442969 0.030469 0.042969
1 0.128906 0.455469 0.029687 0.041406
1 0.108594 0.467969 0.030469 0.041406
1 0.093750 0.433594 0.046094 0.046875
1 0.083594 0.480469 0.034375 0.042969
1 0.057031 0.493750 0.036719 0.045312
1 0.027344 0.508594 0.040625 0.046875
1 0.009375 0.518750 0.017969 0.048438
1 0.067969 0.445312 0.049219 0.050000
1 0.039844 0.457031 0.052344 0.053906
1 0.018750 0.470313 0.037500 0.055469
1 0.126562 0.350781 0.042188 0.042969
1 0.103125 0.358594 0.044531 0.044531
1 0.077344 0.365625 0.047656 0.046094
1 0.050000 0.374219 0.051562 0.049219
1 0.023438 0.382812 0.046875 0.053125
1 0.008594 0.392969 0.016406 0.045312
1 0.267188 0.317969 0.027344 0.029687
1 0.260156 0.321875 0.017188 0.031250
1 0.232813 0.332813 0.018750 0.030469
1 0.246875 0.328125 0.017188 0.029687
1 0.237500 0.300781 0.029687 0.032031
1 0.221875 0.304688 0.032031 0.033594
1 0.205469 0.308594 0.033594 0.034375
1 0.188281 0.313281 0.035937 0.035937
1 0.217188 0.338281 0.019531 0.031250
1 0.200781 0.343750 0.021094 0.033594
1 0.176563 0.347656 0.035937 0.038281
2 0.675781 0.488281 0.038281 0.025781
