2 0.377344 0.794531 0.083594 0.101562
2 0.701562 0.461719 0.057031 0.018750
2 0.675000 0.465625 0.060156 0.020313
2 0.290625 0.700781 0.098437 0.096094
2 0.375781 0.667188 0.086719 0.076563
2 0.447656 0.645312 0.075000 0.068750
2 0.506250 0.490625 0.071094 0.032031
2 0.550000 0.483594 0.070312 0.028906
2 0.596875 0.478906 0.061719 0.025000
2 0.598437 0.684375 0.064844 0.056250
2 0.442969 0.760938 0.078125 0.085938
2 0.270313 0.524219 0.089844 0.055469
2 0.350000 0.513281 0.080469 0.048438
2 0.514062 0.728125 0.072656 0.073438
1 0.680469 0.555469 0.032031 0.039062
1 0.057813 0.751563 0.115625 0.116406
2 0.640625 0.667969 0.060937 0.039062
2 0.680469 0.653125 0.036719 0.033594
2 0.706250 0.639844 0.035937 0.029687
2 0.644531 0.578125 0.052344 0.029687
1 0.610156 0.579688 0.015625 0.048438
1 0.584375 0.585156 0.035156 0.048438
1 0.574219 0.588281 0.023438 0.054688
1 0.584375 0.546094 0.036719 0.049219
1 0.544531 0.556250 0.036719 0.054688
1 0.553125 0.601562 0.018750 0.045312
1 0.532031 0.607812 0.024219 0.046875
1 0.508594 0.607812 0.030469 0.061719
1 0.525000 0.560937 0.038281 0.056250
1 0.163281 0.514062 0.066406 0.084375
1 0.106250 0.521094 0.075781 0.089844
1 0.037500 0.532813 0.074219 0.085938
1 0.046094 0.452344 0.091406 0.084375
1 0.003125 0.539062 0.006250 0.075000
1 0.153125 0.291406 0.070312 0.083594
1 0.087500 0.283594 0.071094 0.088281
1 0.029687 0.277344 0.058594 0.091406
1 0.468750 0.350781 0.026562 0.053125
1 0.441406 0.348438 0.028125 0.055469
1 0.380469 0.342969 0.034375 0.060156
1 0.412500 0.346094 0.030469 0.057031
1 0.410938 0.289844 0.030469 0.060937
1 0.378906 0.284375 0.034375 0.064062
1 0.343750 0.278906 0.037500 0.066406
1 0.304688 0.272656 0.042969 0.071094
1 0.345313 0.340625 0.036719 0.061719
1 0.307812 0.336719 0.041406 0.065625
1 0.266406 0.332031 0.046094 0.070312
2 0.868750 0.642969 0.070312 0.049219
