2 0.466406 0.671875 0.057031 0.049219
2 0.964063 0.544531 0.071094 0.049219
2 0.895312 0.536719 0.129688 0.053906
2 0.328906 0.551562 0.043750 0.026562
2 0.425000 0.580469 0.056250 0.035937
2 0.465625 0.589063 0.058594 0.039062
2 0.507031 0.602344 0.057031 0.045312
2 0.564063 0.499219 0.060156 0.032031
2 0.614844 0.506250 0.067969 0.034375
2 0.684375 0.515625 0.071094 0.036719
2 0.682031 0.760156 0.069531 0.081250
2 0.507031 0.687500 0.058594 0.054688
2 0.336719 0.619531 0.049219 0.034375
2 0.419531 0.482031 0.056250 0.024219
2 0.450781 0.486719 0.057031 0.026562
2 0.565625 0.714063 0.062500 0.064062
1 0.889062 0.691406 0.070312 0.089844
1 0.363281 0.553125 0.028906 0.038281
2 0.777344 0.797656 0.088281 0.096875
2 0.871094 0.834375 0.108594 0.110156
2 0.953906 0.867969 0.090625 0.110937
2 0.788281 0.674219 0.092969 0.071094
1 0.689063 0.635938 0.030469 0.067969
1 0.661719 0.634375 0.030469 0.053906
1 0.634375 0.621875 0.027344 0.061719
1 0.663281 0.586719 0.030469 0.060937
1 0.604688 0.574219 0.030469 0.056250
1 0.603906 0.616406 0.030469 0.054688
1 0.578125 0.614062 0.022656 0.043750
1 0.556250 0.602344 0.021094 0.054688
1 0.582031 0.569531 0.030469 0.054688
1 0.390625 0.468750 0.029687 0.034375
1 0.375781 0.467187 0.027344 0.034375
1 0.356250 0.467187 0.012500 0.030469
1 0.364063 0.436719 0.030469 0.030469
1 0.344531 0.465625 0.011719 0.029687
1 0.332813 0.464062 0.011719 0.028906
1 0.321875 0.463281 0.010937 0.028906
1 0.311719 0.460938 0.010937 0.029687
1 0.347656 0.435937 0.020313 0.030469
1 0.340625 0.435156 0.028906 0.029687
1 0.325781 0.434375 0.021094 0.028906
1 0.389062 0.373437 0.031250 0.033594
1 0.367188 0.373437 0.013281 0.032031
1 0.354687 0.374219 0.013281 0.031250
1 0.342187 0.374219 0.012500 0.030469
1 0.330469 0.375000 0.011719 0.029687
1 0.319531 0.375781 0.011719 0.029687
1 0.309375 0.376563 0.011719 0.028906
1 0.525000 0.382812 0.032031 0.039844
1 0.499219 0.383594 0.019531 0.039062
1 0.462500 0.384375 0.017188 0.035937
1 0.480469 0.384375 0.017969 0.036719
1 0.486719 0.346094 0.032031 0.038281
1 0.462500 0.346875 0.017188 0.036719
1 0.444531 0.348438 0.016406 0.035937
1 0.428906 0.350000 0.015625 0.035156
1 0.445312 0.384375 0.016406 0.034375
1 0.428906 0.384375 0.015625 0.034375
1 0.414062 0.385156 0.014844 0.033594
