3 0.116406 0.509375 0.232813 0.979688
2 0.422656 0.669531 0.077344 0.044531
2 0.664844 0.462500 0.027344 0.014844
2 0.639844 0.459375 0.043750 0.015625
2 0.522656 0.432812 0.057813 0.022656
2 0.553125 0.440625 0.053125 0.019531
2 0.589063 0.447656 0.039062 0.017188
2 0.357812 0.389062 0.079687 0.040625
2 0.421094 0.403125 0.055469 0.034375
2 0.528125 0.642969 0.062500 0.032813
1 0.660937 0.535156 0.022656 0.025781
1 0.273438 0.555469 0.021094 0.017188
1 0.248438 0.555469 0.022656 0.020313
1 0.221094 0.550000 0.022656 0.032031
1 0.147656 0.559375 0.027344 0.021094
1 0.188281 0.557031 0.023438 0.020313
2 0.621094 0.621094 0.050000 0.019531
2 0.572656 0.634375 0.056250 0.023438
2 0.650781 0.615625 0.027344 0.017969
2 0.668750 0.610938 0.026562 0.015625
2 0.479687 0.548438 0.067969 0.020313
1 0.646094 0.535937 0.008594 0.026562
1 0.637500 0.535156 0.008594 0.027344
1 0.617969 0.535937 0.027344 0.028906
1 0.627344 0.507812 0.026562 0.027344
1 0.557813 0.500781 0.012500 0.035156
1 0.558594 0.535937 0.012500 0.034375
1 0.544531 0.535937 0.014063 0.035937
1 0.520312 0.535937 0.034375 0.037500
1 0.534375 0.500000 0.032813 0.035937
1 0.499219 0.310156 0.017188 0.041406
1 0.480469 0.300781 0.017188 0.044531
1 0.439844 0.281250 0.022656 0.047656
1 0.461719 0.291406 0.019531 0.046875
1 0.461719 0.252344 0.019531 0.050781
1 0.440625 0.240625 0.021094 0.053906
1 0.417969 0.227344 0.023438 0.057813
1 0.386719 0.213281 0.039062 0.060937
1 0.417969 0.270313 0.023438 0.050781
1 0.392188 0.257812 0.025781 0.052344
1 0.359375 0.244531 0.041406 0.057813
1 0.289062 0.185156 0.037500 0.065625
1 0.250000 0.164062 0.040625 0.072656
1 0.207813 0.141406 0.046875 0.076563
1 0.158594 0.115625 0.053125 0.084375
1 0.102344 0.086719 0.061719 0.092188
1 0.038281 0.052344 0.067969 0.100781
1 0.002344 0.009375 0.003906 0.017969
1 0.284375 0.357812 0.038281 0.064062
1 0.243750 0.346094 0.042188 0.069531
1 0.199219 0.335156 0.049219 0.072656
1 0.200000 0.273438 0.049219 0.078906
1 0.148438 0.321875 0.053906 0.077344
1 0.089844 0.309375 0.062500 0.077344
1 0.029687 0.289062 0.059375 0.089063
1 0.150000 0.255469 0.055469 0.084375
1 0.097656 0.240625 0.053125 0.082812
1 0.021094 0.246094 0.042188 0.023438
2 0.302344 0.604688 0.029687 0.015625
2 0.501563 0.487500 0.017969 0.009375
2 0.478906 0.485938 0.029687 0.008594
2 0.122656 0.544531 0.043750 0.012500
2 0.271875 0.542969 0.043750 0.009375
2 0.311719 0.542188 0.035937 0.008594
2 0.335156 0.541406 0.010937 0.008594
2 0.376563 0.477344 0.032031 0.009375
2 0.405469 0.479687 0.025781 0.008594
2 0.430469 0.482812 0.025781 0.009375
2 0.430469 0.590625 0.032813 0.011719
2 0.343750 0.600000 0.032031 0.014844
2 0.123438 0.624219 0.044531 0.022656
2 0.268750 0.465625 0.035156 0.014063
2 0.302344 0.469531 0.030469 0.012500
2 0.379688 0.596875 0.035937 0.012500
1 0.478906 0.532813 0.011719 0.012500
1 0.183594 0.535156 0.037500 0.027344
2 0.459375 0.588281 0.028906 0.010937
2 0.482031 0.587500 0.023438 0.008594
2 0.501563 0.584375 0.017969 0.008594
2 0.458594 0.540625 0.029687 0.005469
1 0.434375 0.530469 0.009375 0.009375
1 0.425000 0.530469 0.009375 0.009375
1 0.412500 0.534375 0.012500 0.020313
1 0.421094 0.515625 0.017188 0.019531
1 0.400781 0.515625 0.010937 0.020313
1 0.400781 0.528125 0.010937 0.005469
1 0.389062 0.535937 0.010937 0.020313
1 0.375781 0.535937 0.017188 0.020313
1 0.387500 0.514062 0.017188 0.020313
1 0.227344 0.454688 0.019531 0.026562
1 0.208594 0.452344 0.019531 0.027344
1 0.188281 0.450781 0.021094 0.028906
1 0.189844 0.423438 0.020313 0.029687
1 0.167187 0.448437 0.022656 0.028906
1 0.145313 0.446094 0.022656 0.029687
1 0.121875 0.442969 0.024219 0.030469
1 0.105469 0.440625 0.008594 0.030469
1 0.167969 0.419531 0.021094 0.030469
1 0.146875 0.416406 0.023438 0.030469
1 0.122656 0.413281 0.024219 0.032813
1 0.317969 0.380469 0.003906 0.022656
1 0.303906 0.378906 0.003906 0.023438
2 0.862500 0.621094 0.084375 0.029687
2 0.569531 0.572656 0.028906 0.008594
