3 0.4421875 0.66796875 0.059375 0.05859375
3 0.9375 0.5140625 0.12421875 0.05625
3 0.85703125 0.50703125 0.11328125 0.053125
3 0.2515625 0.55234375 0.06328125 0.04140625
3 0.38828125 0.578125 0.06484375 0.04921875
3 0.43984375 0.58203125 0.0625 0.05
3 0.49140625 0.59296875 0.05390625 0.05859375
3 0.55546875 0.48203125 0.053125 0.0453125
3 0.61171875 0.48671875 0.06484375 0.04453125
3 0.68203125 0.4953125 0.07578125 0.040625
3 0.67265625 0.71796875 0.06953125 0.071875
3 0.48984375 0.678125 0.05546875 0.0609375
3 0.26484375 0.63125 0.065625 0.0484375
3 0.37734375 0.46796875 0.06484375 0.03984375
3 0.4203125 0.47265625 0.0625 0.04140625
3 0.55625 0.69453125 0.05546875 0.065625
0 0.846875 0.634375 0.06015625 0.07578125
0 0.30234375 0.553125 0.0390625 0.0515625
3 0.7515625 0.734375 0.08359375 0.078125
3 0.8265625 0.7546875 0.08125 0.06875
3 0.89921875 0.7671875 0.09296875 0.0765625
3 0.7640625 0.6296875 0.08828125 0.06328125
0 0.68515625 0.60703125 0.03046875 0.065625
0 0.65703125 0.60234375 0.03046875 0.065625
0 0.63046875 0.5984375 0.03046875 0.0640625
0 0.65859375 0.56328125 0.03359375 0.0640625
0 0.6 0.55546875 0.02578125 0.0609375
0 0.5984375 0.6046875 0.02578125 0.040625
0 0.57421875 0.60078125 0.02421875 0.040625
0 0.55078125 0.58671875 0.02421875 0.0609375
0 0.57578125 0.553125 0.025 0.059375
0 0.33515625 0.45078125 0.03828125 0.0484375
0 0.31484375 0.44921875 0.03671875 0.0484375
0 0.2890625 0.4515625 0.02109375 0.03671875
0 0.2953125 0.41171875 0.04140625 0.04453125
0 0.2703125 0.45078125 0.02109375 0.0359375
0 0.25234375 0.4484375 0.02109375 0.0359375
0 0.23515625 0.446875 0.02109375 0.03515625
0 0.21796875 0.44296875 0.0203125 0.04140625
0 0.275 0.4109375 0.03671875 0.04375
0 0.25703125 0.409375 0.0375 0.04375
0 0.2390625 0.40859375 0.03828125 0.04296875
0 0.32890625 0.33515625 0.040625 0.04296875
0 0.3078125 0.33515625 0.0390625 0.04296875
0 0.28671875 0.334375 0.03671875 0.04140625
0 0.26640625 0.334375 0.03359375 0.040625
0 0.24609375 0.33359375 0.03125 0.03984375
0 0.22578125 0.33359375 0.02734375 0.03984375
0 0.20703125 0.33359375 0.02265625 0.0390625
0 0.50859375 0.35625 0.02421875 0.0484375
0 0.48671875 0.35625 0.03046875 0.046875
0 0.4359375 0.35625 0.02421875 0.04375
0 0.459375 0.35703125 0.02421875 0.04375
0 0.4625 0.31171875 0.0328125 0.04453125
0 0.43515625 0.31171875 0.02421875 0.04453125
0 0.41171875 0.31171875 0.02421875 0.04453125
0 0.3890625 0.31171875 0.0234375 0.04296875
0 0.41328125 0.35546875 0.0234375 0.04296875
0 0.39140625 0.35546875 0.02265625 0.04140625
0 0.36953125 0.353125 0.02265625 0.04453125