2 0.40234375 0.86875 0.21953125 0.2609375
3 0.83984375 0.9453125 0.02109375 0.10703125
3 0.88203125 0.44296875 0.02578125 0.0203125
3 0.88359375 0.45703125 0.02734375 0.0296875
3 0.8875 0.9328125 0.03125 0.13203125
3 0.89453125 0.8265625 0.071875 0.1140625
3 0.871875 0.74609375 0.03359375 0.07578125
3 0.91171875 0.5609375 0.09375 0.07578125
3 0.89609375 0.51875 0.0484375 0.0359375
3 0.8984375 0.503125 0.03671875 0.04140625
3 0.9453125 0.7484375 0.10859375 0.13125
3 0.9421875 0.6765625 0.1140625 0.103125
3 0.84765625 0.78515625 0.00859375 0.07421875
0 0.86875 0.5765625 0.01171875 0.0203125
0 0.86953125 0.62265625 0.00234375 0.0140625
0 0.875 0.68046875 0.01796875 0.06875
0 0.87734375 0.63671875 0.00390625 0.02109375
0 0.928125 0.41796875 0.021875 0.06640625
0 0.9296875 0.42578125 0.01640625 0.0703125
0 0.940625 0.446875 0.01953125 0.08203125
0 0.934375 0.4359375 0.01796875 0.075
0 0.95390625 0.36640625 0.03203125 0.07578125
0 0.95625 0.371875 0.02578125 0.08203125
0 0.96015625 0.37890625 0.01796875 0.090625
0 0.9796875 0.4171875 0.03984375 0.0453125
0 0.9484375 0.46015625 0.02265625 0.090625
0 0.95625 0.47421875 0.02421875 0.09609375
0 0.98515625 0.49140625 0.02890625 0.103125
0 0.9953125 0.5375 0.00859375 0.05625
0 0.9625 0.84375 0.0734375 0.15859375
0 0.9625 0.9140625 0.05390625 0.1703125
0 0.9703125 0.95625 0.03828125 0.0859375
0 0.98671875 0.903125 0.02578125 0.19140625
3 0.84921875 0.59921875 0.003125 0.02890625
3 0.8484375 0.62265625 0.003125 0.034375
3 0.84765625 0.71796875 0.00703125 0.05546875
3 0.85 0.65703125 0.00546875 0.03125
3 0.45234375 0.63046875 0.05234375 0.05390625
3 0.60859375 0.396875 0.03203125 0.015625
3 0.59453125 0.40234375 0.034375 0.01796875
3 0.5125 0.4375 0.04453125 0.0265625
3 0.53359375 0.428125 0.03984375 0.0234375
3 0.55546875 0.4203125 0.03515625 0.0203125
3 0.25390625 0.79453125 0.08671875 0.11328125
3 0.409375 0.48203125 0.0609375 0.04296875
3 0.44140625 0.46875 0.0578125 0.03671875
3 0.515625 0.58046875 0.04375 0.040625
0 0.60625 0.453125 0.0203125 0.025
0 0.36328125 0.60546875 0.01796875 0.021875
0 0.35234375 0.61796875 0.01875 0.025
0 0.334375 0.61640625 0.01875 0.03359375
0 0.3 0.646875 0.01953125 0.028125
0 0.3171875 0.6296875 0.01953125 0.02578125
3 0.5765625 0.5328125 0.03515625 0.0234375
3 0.54453125 0.56015625 0.03984375 0.028125
3 0.59765625 0.52109375 0.01953125 0.02109375
3 0.61015625 0.509375 0.01875 0.01953125
3 0.48515625 0.53671875 0.05 0.040625
0 0.596875 0.4625 0.00625 0.025
0 0.58515625 0.46640625 0.01875 0.02421875
0 0.57734375 0.46875 0.02109375 0.02890625
0 0.584375 0.44453125 0.02109375 0.028125
0 0.5296875 0.4734375 0.0234375 0.034375
0 0.5375 0.5015625 0.00859375 0.02890625
0 0.528125 0.50703125 0.00859375 0.0296875
0 0.5109375 0.51015625 0.025 0.03671875
0 0.52265625 0.47890625 0.02109375 0.03515625
0 0.49296875 0.35859375 0.02421875 0.034375
0 0.48671875 0.3609375 0.0125 0.03515625
0 0.46015625 0.36640625 0.01484375 0.0359375
0 0.47421875 0.3640625 0.01328125 0.034375
0 0.47109375 0.3296875 0.01875 0.03515625
0 0.45078125 0.33125 0.03203125 0.0359375
0 0.43984375 0.3328125 0.02421875 0.03828125
0 0.41875 0.33359375 0.03515625 0.03984375
0 0.44453125 0.36953125 0.015625 0.03671875
0 0.42890625 0.371875 0.0171875 0.0390625
0 0.40625 0.3734375 0.02890625 0.04453125
0 0.3546875 0.3640625 0.03984375 0.04921875
0 0.33203125 0.36796875 0.04140625 0.05
0 0.30625 0.37109375 0.04375 0.05390625
0 0.278125 0.37421875 0.04609375 0.05625
0 0.24609375 0.37890625 0.04921875 0.06015625
0 0.21171875 0.38359375 0.05234375 0.0640625
0 0.17265625 0.3890625 0.05703125 0.06875
0 0.3609375 0.48671875 0.03828125 0.05546875
0 0.3453125 0.49609375 0.02578125 0.05859375
0 0.32109375 0.509375 0.028125 0.05078125
0 0.3109375 0.46328125 0.04296875 0.059375
0 0.29453125 0.5203125 0.03203125 0.05390625
0 0.26484375 0.53203125 0.03515625 0.05703125
0 0.23203125 0.5453125 0.03984375 0.0609375
0 0.19140625 0.5515625 0.053125 0.08125
0 0.284375 0.47109375 0.0453125 0.06328125
0 0.25390625 0.48046875 0.04765625 0.06640625
0 0.22109375 0.490625 0.05078125 0.07109375
3 0.15546875 0.5140625 0.05234375 0.034375
3 0.33203125 0.4640625 0.00078125 0.00703125
3 0.34453125 0.45703125 0.028125 0.01953125
3 0.15703125 0.58046875 0.02890625 0.034375
0 0.45625 0.41796875 0.01484375 0.01796875
0 0.1984375 0.49453125 0.0046875 0.02578125
3 0.4359375 0.42890625 0.02734375 0.0109375
0 0.4171875 0.4296875 0.0078125 0.0203125
0 0.40546875 0.4328125 0.01640625 0.01953125
0 0.4 0.434375 0.01015625 0.02109375
0 0.40546875 0.41796875 0.015625 0.01640625
0 0.38203125 0.4203125 0.01171875 0.021875
0 0.38671875 0.440625 0.00390625 0.01796875
0 0.38046875 0.4421875 0.009375 0.01953125
0 0.36875 0.44296875 0.0140625 0.0234375
0 0.37890625 0.421875 0.0109375 0.021875
0 0.12109375 0.43125 0.01796875 0.034375
0 0.14609375 0.39921875 0.01171875 0.0296875
0 0.23046875 0.33671875 0.021875 0.0265625
0 0.2140625 0.33828125 0.02109375 0.028125
0 0.19609375 0.3390625 0.02421875 0.028125
0 0.1765625 0.340625 0.02578125 0.02890625
0 0.15703125 0.34140625 0.02578125 0.03046875
0 0.140625 0.3421875 0.01796875 0.03046875
0 0.10859375 0.34453125 0.01640625 0.03125
0 0.34296875 0.33359375 0.015625 0.0140625
0 0.33359375 0.334375 0.01171875 0.0140625
0 0.309375 0.33671875 0.01328125 0.01328125
0 0.321875 0.3359375 0.01171875 0.01328125
0 0.31953125 0.31875 0.01640625 0.021875
0 0.30859375 0.31875 0.01328125 0.02109375
0 0.2953125 0.31953125 0.01484375 0.021875
0 0.27890625 0.31953125 0.021875 0.0234375
0 0.296875 0.33828125 0.01328125 0.01328125
0 0.28359375 0.33828125 0.01484375 0.0140625
0 0.26640625 0.3390625 0.02109375 0.015625
3 0.72890625 0.553125 0.04375 0.03359375
3 0.53671875 0.45 0.01328125 0.00703125