2 0.26484375 0.53828125 0.05625 0.12890625
3 0.08359375 0.734375 0.03125 0.06015625
3 0.07578125 0.54765625 0.05859375 0.02890625
3 0.0671875 0.58359375 0.03671875 0.02890625
3 0.06953125 0.60078125 0.03984375 0.034375
3 0.071875 0.6328125 0.0296875 0.053125
3 0.078125 0.44921875 0.0203125 0.03203125
3 0.0359375 0.453125 0.06640625 0.04375
3 0.00234375 0.453125 0.0046875 0.046875
3 0.1 0.6296875 0.01953125 0.0296875
3 0.08828125 0.4453125 0.00234375 0.01875
3 0.065625 0.86875 0.02890625 0.11328125
0 0.02421875 0.6078125 0.03984375 0.10625
0 0.02890625 0.690625 0.03984375 0.10546875
0 0.05 0.66875 0.01015625 0.09453125
0 0.05546875 0.65078125 0.01015625 0.0859375
0 0.02890625 0.590625 0.04453125 0.08984375
0 0.03671875 0.2265625 0.01796875 0.04296875
0 0.04609375 0.2390625 0.00234375 0.02578125
0 0.028125 0.19609375 0.03515625 0.0609375
0 0.059375 0.240625 0.00546875 0.06015625
0 0.06328125 0.25078125 0.00546875 0.05625
0 0.06171875 0.2765625 0.00390625 0.0234375
0 0.06484375 0.28515625 0.00390625 0.02421875
0 0.06796875 0.29296875 0.00390625 0.02421875
0 0.07109375 0.2984375 0.009375 0.03984375
0 0.07578125 0.30546875 0.00234375 0.03359375
0 0.084375 0.32109375 0.0015625 0.01015625
0 0.05390625 0.42109375 0.05546875 0.02421875
0 0.08203125 0.4234375 0.0015625 0.0203125
0 0.05703125 0.39140625 0.04921875 0.040625
0 0.08984375 0.43359375 0.0015625 0.03125
0 0.090625 0.43359375 0.00234375 0.03203125
0 0.08828125 0.40234375 0.0015625 0.02890625
3 0.05859375 0.96328125 0.01484375 0.07109375
3 0.47109375 0.5953125 0.0453125 0.0296875
3 0.86953125 0.44140625 0.11953125 0.028125
3 0.765625 0.44140625 0.08984375 0.0234375
3 0.52578125 0.44375 0.040625 0.0140625
3 0.55859375 0.44453125 0.04296875 0.01484375
3 0.609375 0.44453125 0.05859375 0.01796875
3 0.39453125 0.56015625 0.034375 0.01875
3 0.428125 0.44296875 0.0171875 0.01015625
3 0.4609375 0.44375 0.046875 0.0109375
3 0.53359375 0.62578125 0.05546875 0.0390625
0 0.84453125 0.60625 0.0796875 0.07890625
0 0.43125 0.5140625 0.00859375 0.00859375
0 0.421875 0.5140625 0.01171875 0.00703125
0 0.421875 0.50625 0.01171875 0.00546875
0 0.40859375 0.509375 0.0109375 0.00703125
0 0.4140625 0.51015625 0.00390625 0.00703125
3 0.68359375 0.69609375 0.0796875 0.06796875
3 0.5859375 0.653125 0.06328125 0.04296875
3 0.7546875 0.7296875 0.0921875 0.08359375
3 0.846875 0.7734375 0.11015625 0.10703125
3 0.49296875 0.53359375 0.04609375 0.02421875
0 0.7484375 0.58125 0.04296875 0.06484375
0 0.71640625 0.57734375 0.040625 0.0546875
0 0.68359375 0.56796875 0.028125 0.05703125
0 0.71875 0.528125 0.04140625 0.05625
0 0.559375 0.50390625 0.03203125 0.03828125
0 0.559375 0.5390625 0.03125 0.03828125
0 0.5359375 0.53671875 0.0140625 0.0359375
0 0.52265625 0.53125 0.01328125 0.03671875
0 0.54453125 0.5015625 0.0296875 0.03671875
0 0.50703125 0.3515625 0.028125 0.03203125
0 0.48671875 0.35390625 0.01171875 0.03125
0 0.46484375 0.359375 0.009375 0.0296875
0 0.475 0.35703125 0.01015625 0.03046875
0 0.48359375 0.328125 0.02734375 0.03125
0 0.4640625 0.33125 0.01015625 0.03046875
0 0.4546875 0.334375 0.009375 0.0296875
0 0.4453125 0.3375 0.00859375 0.02890625
0 0.4546875 0.36171875 0.009375 0.028125
0 0.4453125 0.3640625 0.00859375 0.028125
0 0.43671875 0.365625 0.00859375 0.02578125
0 0.42578125 0.3609375 0.02265625 0.025
0 0.41015625 0.36171875 0.00703125 0.02421875
0 0.403125 0.3640625 0.00625 0.0234375
0 0.39609375 0.36640625 0.00625 0.0234375
0 0.38984375 0.36796875 0.00625 0.021875
0 0.384375 0.36953125 0.00546875 0.021875
0 0.378125 0.37109375 0.00546875 0.02109375
0 0.42578125 0.43515625 0.0234375 0.02421875
0 0.41015625 0.4359375 0.00703125 0.0234375
0 0.403125 0.4359375 0.00703125 0.0234375
0 0.4109375 0.4125 0.02109375 0.0234375
0 0.396875 0.4359375 0.00625 0.02109375
0 0.390625 0.4359375 0.00625 0.02109375
0 0.384375 0.4359375 0.00546875 0.0203125
0 0.37890625 0.4359375 0.00546875 0.0203125
0 0.396875 0.41328125 0.00546875 0.021875
0 0.390625 0.4140625 0.00546875 0.021875
0 0.384375 0.4140625 0.00546875 0.02109375
3 0.6109375 0.54375 0.03203125 0.01484375
3 0.88046875 0.440625 0.05546875 0.01171875
3 0.8421875 0.440625 0.02265625 0.01015625
3 0.52734375 0.48671875 0.01640625 0.00703125
3 0.5890625 0.49453125 0.02734375 0.0109375
3 0.61171875 0.496875 0.03203125 0.01171875
3 0.6359375 0.49921875 0.03203125 0.01171875
3 0.66328125 0.4421875 0.025 0.00859375
3 0.69296875 0.4421875 0.034375 0.00859375
3 0.73046875 0.44296875 0.03984375 0.009375
3 0.63515625 0.5484375 0.03359375 0.01484375
3 0.659375 0.55546875 0.0203125 0.01484375
0 0.83125 0.515625 0.03515625 0.0296875
0 0.5515625 0.48046875 0.01484375 0.00625
3 0.784375 0.58359375 0.03046875 0.01640625
3 0.80078125 0.58515625 0.009375 0.01875
3 0.8890625 0.60546875 0.01640625 0.0203125
3 0.7828125 0.51796875 0.0453125 0.01484375
0 0.734375 0.50390625 0.01953125 0.025
0 0.7171875 0.496875 0.0140625 0.00859375
0 0.703125 0.50078125 0.01328125 0.021875
0 0.7203125 0.4828125 0.01953125 0.01953125
0 0.6890625 0.48046875 0.01796875 0.01875
0 0.6890625 0.5 0.01796875 0.021875
0 0.6734375 0.49921875 0.01171875 0.0203125
0 0.66171875 0.496875 0.01171875 0.021875
0 0.67421875 0.4796875 0.01171875 0.01875
0 0.56953125 0.43203125 0.01484375 0.00703125
0 0.5578125 0.43203125 0.00703125 0.00703125
0 0.55 0.4328125 0.00703125 0.00625
0 0.55390625 0.42109375 0.01484375 0.015625
0 0.54296875 0.4328125 0.00625 0.00625
0 0.5359375 0.4328125 0.00703125 0.00625
0 0.53046875 0.4328125 0.00390625 0.00625
0 0.521875 0.4328125 0.00234375 0.00625
0 0.54296875 0.42109375 0.00625 0.01484375
0 0.53671875 0.42109375 0.00625 0.01484375
0 0.53125 0.42109375 0.003125 0.01484375
0 0.5703125 0.38515625 0.01484375 0.01640625
0 0.55859375 0.3859375 0.0078125 0.01640625
0 0.55078125 0.38671875 0.00703125 0.01640625
0 0.54375 0.38828125 0.00703125 0.015625
0 0.53671875 0.3890625 0.00625 0.015625
0 0.53125 0.38984375 0.0046875 0.01484375
0 0.521875 0.390625 0.00234375 0.01484375
0 0.646875 0.38359375 0.0171875 0.01953125
0 0.6328125 0.384375 0.01015625 0.01953125
0 0.6125 0.38671875 0.009375 0.01875
0 0.62265625 0.3859375 0.009375 0.01875
0 0.62578125 0.37109375 0.01640625 0.01171875
0 0.6125 0.37265625 0.00859375 0.01015625
0 0.603125 0.37421875 0.00859375 0.0109375
0 0.59453125 0.37578125 0.00859375 0.01015625
0 0.603125 0.38828125 0.00859375 0.01796875
0 0.59453125 0.3890625 0.00859375 0.01796875
0 0.58515625 0.390625 0.00859375 0.01796875
3 0.6171875 0.95703125 0.14609375 0.08359375
3 0.9765625 0.63515625 0.0453125 0.040625