2 0.459375 0.86875 0.1640625 0.2609375
3 0.81875 0.9 0.04765625 0.1296875
3 0.83828125 0.4375 0.01875 0.02109375
3 0.840625 0.453125 0.02265625 0.0296875
3 0.83984375 0.87890625 0.02265625 0.13046875
3 0.84453125 0.78046875 0.053125 0.09296875
3 0.828125 0.71328125 0.02578125 0.0640625
3 0.84765625 0.55078125 0.04765625 0.05625
3 0.846875 0.515625 0.0328125 0.03359375
3 0.84765625 0.496875 0.02109375 0.034375
3 0.88203125 0.721875 0.0765625 0.10390625
3 0.8734375 0.65703125 0.06640625 0.0765625
3 0.80859375 0.74375 0.00703125 0.0640625
0 0.8265625 0.553125 0.00859375 0.02421875
0 0.8296875 0.51875 0.00078125 0.00546875
0 0.83125 0.58984375 0.00390625 0.02421875
0 0.82734375 0.60703125 0.003125 0.015625
0 0.83125 0.65546875 0.01328125 0.05703125
0 0.83359375 0.62109375 0.003125 0.01171875
0 0.8765625 0.44296875 0.01796875 0.05703125
0 0.87734375 0.453125 0.01328125 0.0609375
0 0.884375 0.47734375 0.01484375 0.06953125
0 0.8796875 0.46484375 0.01328125 0.06484375
0 0.9234375 0.409375 0.08203125 0.06484375
0 0.934375 0.41875 0.09453125 0.06953125
0 0.94375 0.43046875 0.10390625 0.07578125
0 0.9484375 0.453125 0.1015625 0.103125
0 0.8890625 0.49296875 0.01640625 0.0734375
0 0.89453125 0.509375 0.01796875 0.0796875
0 0.95 0.53203125 0.0984375 0.0890625
0 0.95703125 0.559375 0.08515625 0.11796875
0 0.9625 0.5953125 0.07421875 0.13359375
0 0.96953125 0.640625 0.06015625 0.1546875
0 0.978125 0.69921875 0.04296875 0.1859375
0 0.9890625 0.790625 0.0203125 0.1390625
0 0.89453125 0.7984375 0.05390625 0.11640625
0 0.890625 0.85390625 0.03515625 0.13046875
0 0.89296875 0.92421875 0.02734375 0.15
0 0.91640625 0.8421875 0.0390625 0.153125
0 0.90234375 0.9609375 0.03046875 0.0765625
0 0.93125 0.915625 0.0484375 0.16640625
0 0.94765625 0.959375 0.04609375 0.07890625
3 0.81015625 0.57578125 0.003125 0.028125
3 0.809375 0.5984375 0.00234375 0.03125
3 0.809375 0.684375 0.00625 0.04921875
3 0.8109375 0.625 0.00546875 0.0390625
3 0.45703125 0.62421875 0.04921875 0.053125
3 0.59453125 0.390625 0.03046875 0.01640625
3 0.58203125 0.396875 0.03203125 0.01875
3 0.51015625 0.4390625 0.04140625 0.02890625
3 0.5296875 0.428125 0.03515625 0.025
3 0.5484375 0.41875 0.0328125 0.021875
3 0.28671875 0.79375 0.08046875 0.10703125
3 0.42109375 0.49296875 0.05546875 0.04453125
3 0.4484375 0.4765625 0.0546875 0.03984375
3 0.51328125 0.57265625 0.040625 0.03984375
0 0.59296875 0.44453125 0.01875 0.02421875
0 0.3796875 0.61015625 0.0171875 0.021875
0 0.37109375 0.62265625 0.01796875 0.0234375
0 0.3546875 0.6234375 0.01796875 0.03203125
0 0.325 0.65546875 0.01953125 0.0265625
0 0.3390625 0.63671875 0.01875 0.025
3 0.56640625 0.521875 0.03203125 0.0234375
3 0.5375 0.55078125 0.03671875 0.02890625
3 0.584375 0.50859375 0.01953125 0.02109375
3 0.596875 0.496875 0.01640625 0.01953125
3 0.48671875 0.53515625 0.046875 0.040625
0 0.58515625 0.45390625 0.00546875 0.0234375
0 0.57421875 0.459375 0.01640625 0.0234375
0 0.5671875 0.46171875 0.01953125 0.028125
0 0.5734375 0.43828125 0.01953125 0.02578125
0 0.5265625 0.471875 0.01953125 0.03203125
0 0.5328125 0.496875 0.0078125 0.028125
0 0.525 0.503125 0.0078125 0.02890625
0 0.50859375 0.50703125 0.02421875 0.0359375
0 0.5171875 0.47734375 0.02421875 0.034375
0 0.49375 0.36796875 0.02109375 0.034375
0 0.48828125 0.371875 0.01015625 0.034375
0 0.46484375 0.38046875 0.0125 0.03515625
0 0.47734375 0.3765625 0.01171875 0.03359375
0 0.46875 0.34375 0.028125 0.0359375
0 0.45546875 0.346875 0.03046875 0.03828125
0 0.44375 0.35 0.0296875 0.0390625
0 0.428125 0.353125 0.03359375 0.040625
0 0.45234375 0.384375 0.01328125 0.0359375
0 0.43828125 0.3890625 0.01484375 0.03828125
0 0.4140625 0.39140625 0.034375 0.04453125
0 0.371875 0.38828125 0.0390625 0.04921875
0 0.3515625 0.39375 0.04140625 0.0515625
0 0.3296875 0.4 0.04296875 0.05546875
0 0.3046875 0.40703125 0.04609375 0.05859375
0 0.278125 0.4140625 0.0484375 0.06171875
0 0.24765625 0.421875 0.05234375 0.06640625
0 0.215625 0.43125 0.05390625 0.07109375
0 0.378125 0.5015625 0.03671875 0.0546875
0 0.36640625 0.51171875 0.02265625 0.05703125
0 0.34609375 0.528125 0.02421875 0.04921875
0 0.334375 0.484375 0.04140625 0.05859375
0 0.32265625 0.54140625 0.02734375 0.05078125
0 0.29765625 0.55546875 0.03046875 0.0546875
0 0.2703125 0.5703125 0.03359375 0.05703125
0 0.234375 0.57890625 0.04765625 0.0796875
0 0.3109375 0.49453125 0.04453125 0.06171875
0 0.28515625 0.50625 0.046875 0.06640625
0 0.25703125 0.51875 0.05 0.07109375
3 0.1546875 0.52421875 0.0515625 0.03828125
3 0.278125 0.47421875 0.03671875 0.01875
3 0.3078125 0.4609375 0.0359375 0.01484375
3 0.3375 0.45234375 0.03359375 0.015625
3 0.3921875 0.38359375 0.00234375 0.00859375
3 0.39375 0.3796875 0.00625 0.0109375
3 0.40703125 0.46875 0.02890625 0.01796875
3 0.16640625 0.58515625 0.04765625 0.04296875
0 0.2140625 0.49921875 0.0203125 0.028125
3 0.428125 0.46015625 0.0265625 0.01328125
3 0.446875 0.45234375 0.01875 0.01171875
3 0.4609375 0.44609375 0.01796875 0.01328125
3 0.43125 0.4234375 0.01640625 0.00625
0 0.4 0.4296875 0.00546875 0.01328125
0 0.3921875 0.43125 0.0109375 0.01640625
0 0.39453125 0.4015625 0.00546875 0.00546875
0 0.3828125 0.43671875 0.00859375 0.015625
0 0.37421875 0.43828125 0.009375 0.01953125
0 0.3609375 0.44140625 0.0171875 0.01875
0 0.19765625 0.39296875 0.02265625 0.01640625
0 0.17890625 0.43046875 0.00546875 0.01953125
0 0.1671875 0.43515625 0.02109375 0.0296875
0 0.1484375 0.440625 0.02421875 0.03046875
0 0.12578125 0.44296875 0.03046875 0.03828125
0 0.18125 0.40390625 0.02109375 0.03046875
0 0.1609375 0.4078125 0.02890625 0.03203125
0 0.14140625 0.41171875 0.0296875 0.034375
0 0.2265625 0.34296875 0.02421875 0.028125
0 0.209375 0.34453125 0.02578125 0.02890625
0 0.19140625 0.346875 0.02734375 0.0296875
0 0.175 0.34921875 0.025 0.03046875
0 0.15390625 0.3515625 0.02578125 0.03125
0 0.13359375 0.3546875 0.0296875 0.03359375
0 0.11171875 0.35703125 0.03125 0.034375
0 0.33515625 0.33671875 0.01953125 0.021875
0 0.32734375 0.33828125 0.0125 0.0234375
0 0.3046875 0.34296875 0.01328125 0.0234375
0 0.31640625 0.34140625 0.01328125 0.02109375
0 0.3109375 0.31953125 0.0203125 0.021875
0 0.29921875 0.32109375 0.0203125 0.0234375
0 0.28671875 0.321875 0.02109375 0.02421875
0 0.27265625 0.3234375 0.02265625 0.02421875
0 0.2921875 0.34453125 0.0140625 0.0234375
0 0.27890625 0.346875 0.01484375 0.0234375
0 0.26171875 0.34765625 0.0234375 0.0265625
3 0.70625 0.53671875 0.0390625 0.03046875