3 0.4203125 0.6765625 0.07734375 0.0390625
3 0.99375 0.3609375 0.0109375 0.01171875
3 0.92734375 0.35546875 0.14375 0.05
3 0.55 0.4015625 0.06015625 0.02890625
3 0.61796875 0.39453125 0.07578125 0.02890625
3 0.7046875 0.3859375 0.09296875 0.03046875
3 0.225 0.65625 0.078125 0.0296875
3 0.35234375 0.42265625 0.059375 0.025
3 0.40390625 0.4171875 0.07265625 0.0265625
3 0.56171875 0.69296875 0.07578125 0.046875
0 0.9953125 0.540625 0.00859375 0.06328125
0 0.321875 0.559375 0.02109375 0.0109375
0 0.303125 0.559375 0.01953125 0.01328125
0 0.3 0.55546875 0.02109375 0.01953125
0 0.26796875 0.559375 0.02109375 0.0109375
0 0.2828125 0.55859375 0.0109375 0.01015625
3 0.8453125 0.721875 0.1390625 0.0640625
3 0.671875 0.70390625 0.0890625 0.053125
3 0.94765625 0.734375 0.10390625 0.05859375
3 0.47734375 0.55859375 0.06484375 0.02109375
0 0.934375 0.540625 0.0515625 0.065625
0 0.8875 0.540625 0.0484375 0.0640625
0 0.8328125 0.540625 0.0671875 0.06328125
0 0.871875 0.4765625 0.07421875 0.06484375
0 0.60859375 0.48984375 0.03046875 0.05390625
0 0.609375 0.54296875 0.03203125 0.053125
0 0.57890625 0.54375 0.0296875 0.0515625
0 0.55 0.54296875 0.02890625 0.05078125
0 0.578125 0.490625 0.0296875 0.0515625
0 0.50234375 0.271875 0.034375 0.0453125
0 0.471875 0.2765625 0.025 0.04453125
0 0.42421875 0.28828125 0.02265625 0.04296875
0 0.44765625 0.2828125 0.02421875 0.04375
0 0.45390625 0.24140625 0.0359375 0.0484375
0 0.42421875 0.246875 0.02265625 0.04609375
0 0.4015625 0.253125 0.02265625 0.04609375
0 0.38046875 0.25859375 0.02109375 0.0453125
0 0.4015625 0.29296875 0.02265625 0.040625
0 0.3796875 0.296875 0.02109375 0.040625
0 0.35859375 0.3015625 0.02109375 0.040625
0 0.3234375 0.30078125 0.040625 0.046875
0 0.29375 0.3 0.01953125 0.03671875
0 0.27578125 0.30390625 0.01796875 0.0359375
0 0.2578125 0.30859375 0.0171875 0.03515625
0 0.24140625 0.31171875 0.01796875 0.03515625
0 0.225 0.31640625 0.01640625 0.034375
0 0.209375 0.31953125 0.01640625 0.034375
0 0.31953125 0.41875 0.04140625 0.03984375
0 0.2890625 0.42109375 0.01953125 0.0390625
0 0.27109375 0.4234375 0.01796875 0.03828125
0 0.284375 0.3859375 0.0421875 0.03984375
0 0.253125 0.42578125 0.01796875 0.03671875
0 0.2359375 0.428125 0.0171875 0.03671875
0 0.21953125 0.43046875 0.01640625 0.0359375
0 0.20390625 0.43125 0.01640625 0.03515625
0 0.2546875 0.38828125 0.01796875 0.03984375
0 0.2375 0.39140625 0.01796875 0.0390625
0 0.22109375 0.39375 0.01640625 0.03828125
3 0.52265625 0.61171875 0.03203125 0.01171875
3 0.78046875 0.478125 0.03671875 0.0140625
3 0.7328125 0.48046875 0.03828125 0.01328125
3 0.5265625 0.55625 0.01640625 0.00859375
3 0.62734375 0.48671875 0.00625 0.009375
3 0.65 0.4859375 0.03515625 0.01015625
3 0.65703125 0.6171875 0.0359375 0.0140625
3 0.5515625 0.61171875 0.03203125 0.01328125
3 0.41484375 0.60625 0.03359375 0.0109375
3 0.4875 0.49296875 0.0234375 0.009375
3 0.51015625 0.49140625 0.021875 0.009375
3 0.590625 0.6140625 0.03203125 0.0140625
0 0.74140625 0.54921875 0.025 0.02421875
0 0.44375 0.54375 0.01953125 0.00625
3 0.70234375 0.61953125 0.03984375 0.01484375
3 0.7375 0.6203125 0.03671875 0.01484375
3 0.7796875 0.62265625 0.04765625 0.015625
3 0.70078125 0.55703125 0.040625 0.00859375
0 0.65703125 0.54921875 0.0140625 0.0234375
0 0.64296875 0.54921875 0.01328125 0.021875
0 0.63046875 0.54921875 0.01015625 0.021875
0 0.6421875 0.52578125 0.01484375 0.021875
0 0.46640625 0.4890625 0.0140625 0.01875
0 0.45390625 0.4890625 0.01015625 0.01953125
0 0.44296875 0.48984375 0.01015625 0.01875
0 0.44609375 0.47109375 0.015625 0.01953125
0 0.4328125 0.490625 0.01015625 0.01875
0 0.42265625 0.49140625 0.009375 0.01796875
0 0.41328125 0.49140625 0.009375 0.01875
0 0.403125 0.49140625 0.00859375 0.01875
0 0.4328125 0.471875 0.01015625 0.01953125
0 0.4234375 0.471875 0.01015625 0.01875
0 0.41328125 0.4734375 0.009375 0.01875
0 0.51953125 0.40859375 0.00078125 0.0140625
0 0.5125 0.409375 0.0109375 0.01484375
0 0.5015625 0.4109375 0.01015625 0.01484375
3 0.9265625 0.61875 0.08828125 0.02109375