2 0.50078125 0.66875 0.153125 0.359375
3 0.8484375 0.71328125 0.06640625 0.065625
3 0.79296875 0.45234375 0.00546875 0.01015625
3 0.796875 0.45 0.00859375 0.0109375
3 0.93203125 0.759375 0.078125 0.16015625
3 0.9 0.60703125 0.12265625 0.0609375
3 0.86796875 0.5796875 0.09453125 0.03515625
3 0.8484375 0.56484375 0.07421875 0.02578125
3 0.81171875 0.440625 0.02265625 0.01953125
3 0.81171875 0.44453125 0.02109375 0.01484375
3 0.9234375 0.9734375 0.0828125 0.05078125
3 0.84765625 0.41640625 0.03125 0.03359375
3 0.84296875 0.42578125 0.03984375 0.0265625
3 0.82265625 0.653125 0.03125 0.0390625
0 0.80546875 0.52578125 0.009375 0.02890625
0 0.81484375 0.496875 0.02734375 0.02578125
0 0.83671875 0.54453125 0.04296875 0.04140625
0 0.83515625 0.50625 0.03828125 0.03828125
0 0.82421875 0.3015625 0.003125 0.02578125
0 0.828125 0.29296875 0.00390625 0.028125
0 0.8359375 0.26953125 0.00390625 0.03125
0 0.83203125 0.28125 0.00390625 0.0296875
0 0.83203125 0.24765625 0.00390625 0.05625
0 0.83671875 0.23359375 0.0046875 0.0609375
0 0.84140625 0.21796875 0.00546875 0.06796875
0 0.85546875 0.19375 0.02265625 0.075
0 0.840625 0.25625 0.0046875 0.034375
0 0.84375 0.2484375 0.00078125 0.0234375
0 0.8765625 0.23984375 0.04140625 0.0296875
0 0.871875 0.13671875 0.01015625 0.05546875
0 0.8828125 0.103125 0.01171875 0.06484375
0 0.896875 0.0609375 0.01484375 0.07578125
0 0.9125 0.028125 0.01796875 0.05546875
0 0.86875 0.37734375 0.01015625 0.07109375
0 0.8796875 0.36796875 0.01171875 0.0796875
0 0.8921875 0.35546875 0.01484375 0.08984375
0 0.89375 0.27109375 0.015625 0.109375
0 0.90859375 0.3390625 0.01875 0.103125
0 0.92890625 0.31953125 0.02421875 0.11953125
0 0.95625 0.29296875 0.0328125 0.14375
0 0.9765625 0.2765625 0.01171875 0.13671875
0 0.91015625 0.2453125 0.01953125 0.12578125
0 0.93125 0.21171875 0.02578125 0.1484375
0 0.9625 0.1859375 0.04140625 0.14296875
3 0.7921875 0.5859375 0.00234375 0.01484375
3 0.79453125 0.59453125 0.00234375 0.01796875
3 0.81875 0.62734375 0.03515625 0.0265625
3 0.8015625 0.60859375 0.00390625 0.01328125
3 0.4578125 0.6125 0.02109375 0.02890625
3 0.58125 0.45859375 0.02421875 0.00703125
3 0.56953125 0.45703125 0.028125 0.009375
3 0.5078125 0.453125 0.03828125 0.0109375
3 0.53359375 0.4546875 0.01328125 0.009375
3 0.54453125 0.45625 0.02109375 0.01015625
3 0.29375 0.6890625 0.0765625 0.06015625
3 0.43359375 0.44453125 0.04765625 0.01640625
3 0.4640625 0.446875 0.03203125 0.01484375
3 0.5046875 0.5890625 0.02734375 0.01796875
0 0.58046875 0.50859375 0.0171875 0.01796875
0 0.38828125 0.55078125 0.01640625 0.01171875
0 0.38046875 0.553125 0.01796875 0.0140625
0 0.36328125 0.55078125 0.01796875 0.02109375
0 0.3359375 0.5609375 0.01953125 0.01484375
0 0.3484375 0.55625 0.01875 0.01484375
3 0.559375 0.56953125 0.0296875 0.0140625
3 0.53359375 0.5796875 0.03515625 0.01328125
3 0.5765625 0.56484375 0.01484375 0.01328125
3 0.5859375 0.56015625 0.015625 0.0109375
3 0.49921875 0.5328125 0.02109375 0.015625
0 0.57421875 0.5109375 0.00390625 0.01953125
0 0.56953125 0.5109375 0.00390625 0.01875
0 0.55546875 0.51171875 0.0140625 0.0203125
0 0.5625 0.4921875 0.01796875 0.01953125
0 0.521875 0.49453125 0.01953125 0.0234375
0 0.52890625 0.5171875 0.00625 0.02109375
0 0.521875 0.51953125 0.00625 0.02421875
0 0.50703125 0.5203125 0.02265625 0.02578125
0 0.5140625 0.4953125 0.02265625 0.02421875
0 0.49921875 0.3734375 0.00859375 0.028125
0 0.490625 0.36953125 0.00859375 0.02890625
0 0.47109375 0.36171875 0.01015625 0.0296875
0 0.48125 0.36640625 0.009375 0.02890625
0 0.48125 0.3390625 0.009375 0.03125
0 0.47109375 0.33359375 0.01015625 0.03203125
0 0.46015625 0.328125 0.01015625 0.034375
0 0.43984375 0.32265625 0.0296875 0.0359375
0 0.46015625 0.35703125 0.01015625 0.03125
0 0.44921875 0.353125 0.01171875 0.03203125
0 0.42734375 0.3484375 0.03046875 0.03515625
0 0.40234375 0.31953125 0.015625 0.03984375
0 0.38515625 0.31171875 0.0171875 0.04296875
0 0.36640625 0.30390625 0.01875 0.04453125
0 0.346875 0.29453125 0.02109375 0.046875
0 0.32421875 0.28515625 0.02265625 0.05
0 0.29921875 0.27421875 0.02578125 0.05390625
0 0.2625 0.26171875 0.046875 0.05703125
0 0.4015625 0.43046875 0.01640625 0.03671875
0 0.384375 0.428125 0.0171875 0.03984375
0 0.36640625 0.42578125 0.01875 0.040625
0 0.365625 0.38671875 0.01953125 0.04296875
0 0.34609375 0.4234375 0.02109375 0.04296875
0 0.3234375 0.42109375 0.0234375 0.0453125
0 0.2984375 0.41640625 0.02578125 0.0484375
0 0.26171875 0.41328125 0.046875 0.0515625
0 0.3453125 0.38203125 0.02109375 0.0453125
0 0.3234375 0.3765625 0.0234375 0.0484375
0 0.2890625 0.37109375 0.04375 0.05078125
3 0.31015625 0.5671875 0.02421875 0.00625
3 0.14609375 0.53359375 0.05703125 0.01640625
3 0.275 0.521875 0.0421875 0.01171875
3 0.3046875 0.51875 0.03671875 0.01171875
3 0.33125 0.51640625 0.03359375 0.01015625
3 0.31875 0.56328125 0.0140625 0.00546875
3 0.15234375 0.603125 0.05 0.02578125
0 0.4359375 0.503125 0.0140625 0.0140625
0 0.203125 0.52109375 0.02734375 0.02578125
3 0.41796875 0.50859375 0.025 0.00625
0 0.403125 0.50625 0.00390625 0.015625
0 0.39140625 0.50625 0.00703125 0.01640625
0 0.38515625 0.50703125 0.01015625 0.01796875
0 0.38828125 0.490625 0.0125 0.015625
0 0.37578125 0.490625 0.0078125 0.01640625
0 0.37578125 0.5078125 0.00703125 0.01796875
0 0.36796875 0.50859375 0.00859375 0.01796875
0 0.3546875 0.509375 0.0171875 0.01875
0 0.36328125 0.490625 0.01640625 0.01640625
0 0.2328125 0.446875 0.00078125 0.021875
0 0.22421875 0.44609375 0.015625 0.02421875
0 0.2078125 0.44609375 0.01640625 0.025
0 0.20703125 0.42109375 0.01640625 0.025
0 0.18984375 0.44453125 0.01796875 0.025
0 0.171875 0.44375 0.01875 0.02578125
0 0.15234375 0.44296875 0.01953125 0.028125
0 0.12890625 0.44140625 0.02578125 0.02890625
0 0.18984375 0.41953125 0.01796875 0.02578125
0 0.17109375 0.41796875 0.01875 0.028125
0 0.1484375 0.415625 0.0265625 0.02890625
0 0.23671875 0.37578125 0.00859375 0.02421875
0 0.22421875 0.3734375 0.015625 0.02578125
0 0.2078125 0.36953125 0.01640625 0.0265625
0 0.190625 0.36640625 0.01796875 0.028125
0 0.171875 0.36328125 0.01875 0.02890625
0 0.15234375 0.359375 0.0203125 0.0296875
0 0.128125 0.35546875 0.02734375 0.03046875
0 0.2625 0.38359375 0.0078125 0.00859375
3 0.69296875 0.56328125 0.03828125 0.015625