3 0.46171875 0.77890625 0.07578125 0.053125
3 0.9875 0.46640625 0.02421875 0.034375
3 0.30625 0.64453125 0.0484375 0.01875
3 0.4125 0.65703125 0.07109375 0.0265625
3 0.46171875 0.66171875 0.07421875 0.03046875
3 0.51328125 0.66875 0.0765625 0.03515625
3 0.57578125 0.5125 0.0609375 0.02890625
3 0.6515625 0.50390625 0.09140625 0.03203125
3 0.7546875 0.4921875 0.10859375 0.03828125
3 0.79140625 0.8875 0.12734375 0.115625
3 0.5140625 0.79609375 0.08125 0.0609375
3 0.3109375 0.73125 0.06015625 0.03203125
3 0.40859375 0.53203125 0.0640625 0.02109375
3 0.446875 0.52734375 0.07109375 0.0234375
3 0.59609375 0.82578125 0.090625 0.0765625
0 0.3453125 0.63828125 0.03359375 0.03828125
3 0.93828125 0.93359375 0.12265625 0.128125
3 0.93125 0.715625 0.1359375 0.06171875
0 0.778125 0.678125 0.05234375 0.0796875
0 0.73203125 0.67578125 0.04609375 0.0703125
0 0.690625 0.66953125 0.04140625 0.07109375
0 0.7296875 0.609375 0.0453125 0.06640625
0 0.64296875 0.6078125 0.0421875 0.05859375
0 0.64453125 0.66640625 0.04296875 0.0640625
0 0.60859375 0.6640625 0.03203125 0.059375
0 0.578125 0.659375 0.02890625 0.06015625
0 0.60703125 0.60703125 0.03203125 0.05625
0 0.3796875 0.5265625 0.0359375 0.0359375
0 0.3546875 0.528125 0.0140625 0.0359375
0 0.3421875 0.53046875 0.01328125 0.034375
0 0.35390625 0.49609375 0.03515625 0.03515625
0 0.3296875 0.53203125 0.01328125 0.034375
0 0.31796875 0.53359375 0.0125 0.03203125
0 0.30625 0.53515625 0.0109375 0.03125
0 0.29609375 0.5359375 0.0109375 0.03125
0 0.33046875 0.49921875 0.0125 0.03515625
0 0.31875 0.5015625 0.01171875 0.034375
0 0.3078125 0.50390625 0.01171875 0.03359375
0 0.3828125 0.41875 0.034375 0.040625
0 0.359375 0.42109375 0.0140625 0.034375
0 0.34609375 0.42578125 0.01328125 0.03359375
0 0.33359375 0.43046875 0.0125 0.03203125
0 0.321875 0.434375 0.01171875 0.03125
0 0.3109375 0.43828125 0.0109375 0.0296875
0 0.30078125 0.44140625 0.0109375 0.0296875
0 0.53359375 0.3875 0.03828125 0.06015625
0 0.50234375 0.38828125 0.02265625 0.04609375
0 0.4609375 0.4015625 0.01953125 0.04296875
0 0.48046875 0.3953125 0.0203125 0.04453125
0 0.4890625 0.35546875 0.03671875 0.0484375
0 0.4609375 0.36328125 0.01875 0.04609375
0 0.4421875 0.3703125 0.01796875 0.04453125
0 0.425 0.37734375 0.01640625 0.04375
0 0.4421875 0.40859375 0.01796875 0.040625
0 0.42421875 0.41328125 0.0171875 0.03984375
0 0.4078125 0.41875 0.015625 0.03828125