2 0.27890625 0.534375 0.046875 0.13125
3 0.01328125 0.7109375 0.0265625 0.04375
3 0.10625 0.53046875 0.06875 0.02109375
3 0.0265625 0.56171875 0.05234375 0.03125
3 0.00859375 0.5734375 0.01640625 0.0265625
3 0.109375 0.61328125 0.06796875 0.034375
3 0.04140625 0.41875 0.03515625 0.0234375
3 0.01171875 0.4140625 0.0234375 0.025
0 0.0078125 0.21875 0.01484375 0.06015625
0 0.00859375 0.2671875 0.0171875 0.0546875
0 0.025 0.2765625 0.01953125 0.05390625
0 0.046875 0.28125 0.04453125 0.05078125
0 0.075 0.29296875 0.01328125 0.04375
0 0.08671875 0.3015625 0.01171875 0.03984375
0 0.09765625 0.30859375 0.0109375 0.03828125
0 0.1078125 0.31640625 0.01015625 0.0359375
0 0.11640625 0.321875 0.00859375 0.03359375
0 0.12421875 0.328125 0.0078125 0.03125
0 0.04296875 0.41015625 0.0625 0.04453125
0 0.08046875 0.4140625 0.01328125 0.03984375
0 0.09140625 0.41640625 0.01171875 0.03671875
0 0.06953125 0.378125 0.05390625 0.04375
0 0.10234375 0.41875 0.01015625 0.03515625
0 0.11171875 0.4203125 0.009375 0.03359375
0 0.1203125 0.421875 0.00859375 0.03125
0 0.128125 0.4234375 0.0078125 0.03046875
0 0.10078125 0.38359375 0.0109375 0.03828125
0 0.11015625 0.3875 0.009375 0.0359375
0 0.11875 0.390625 0.00859375 0.03359375
3 0.4828125 0.6234375 0.05234375 0.03828125
3 0.90546875 0.325 0.1875 0.10703125
3 0.52265625 0.41875 0.0453125 0.02421875
3 0.56171875 0.4109375 0.06015625 0.0296875
3 0.63046875 0.39921875 0.10859375 0.03984375
3 0.4296875 0.57109375 0.03359375 0.0203125
3 0.4421875 0.43203125 0.015625 0.01484375
3 0.47109375 0.4296875 0.0515625 0.01640625
3 0.5328125 0.68046875 0.06640625 0.06328125
0 0.44921875 0.521875 0.0015625 0.00625
0 0.44609375 0.51953125 0.00546875 0.009375
0 0.45 0.5109375 0.0125 0.00703125
0 0.4390625 0.515625 0.01015625 0.00859375
3 0.74609375 0.90234375 0.17265625 0.19375
3 0.5953125 0.74296875 0.10078125 0.084375
3 0.821875 0.95625 0.07734375 0.08515625
3 0.490625 0.5453125 0.0453125 0.0296875
0 0.89921875 0.69140625 0.13515625 0.175
0 0.8171875 0.6625 0.1125 0.13203125
0 0.73671875 0.6328125 0.05546875 0.12109375
0 0.82109375 0.55625 0.11328125 0.1234375
0 0.56484375 0.50546875 0.05 0.05546875
0 0.5640625 0.55859375 0.04921875 0.05703125
0 0.5328125 0.5515625 0.0140625 0.053125
0 0.51953125 0.54609375 0.0125 0.05078125
0 0.54765625 0.50234375 0.04296875 0.05078125
0 0.5125 0.29765625 0.0390625 0.0453125
0 0.48828125 0.30625 0.00859375 0.04140625
0 0.47109375 0.321875 0.00703125 0.0359375
0 0.47890625 0.3140625 0.00859375 0.03828125
0 0.4921875 0.27890625 0.03515625 0.0453125
0 0.47109375 0.28828125 0.00703125 0.04296875
0 0.4640625 0.2953125 0.00703125 0.040625
0 0.45703125 0.303125 0.00625 0.03671875
0 0.4640625 0.32734375 0.00625 0.034375
0 0.4578125 0.33359375 0.00546875 0.03359375
0 0.4515625 0.33828125 0.00546875 0.03046875
0 0.44375 0.33828125 0.01484375 0.028125
0 0.434375 0.34296875 0.00390625 0.02578125
0 0.4296875 0.34609375 0.00390625 0.02578125
0 0.42578125 0.35 0.00390625 0.02421875
0 0.421875 0.35390625 0.00390625 0.0234375
0 0.41875 0.35703125 0.003125 0.021875
0 0.415625 0.3609375 0.00234375 0.02109375
0 0.45 0.4265625 0.02578125 0.02890625
0 0.434375 0.42734375 0.00390625 0.0265625
0 0.4296875 0.42890625 0.00390625 0.02578125
0 0.43984375 0.403125 0.02421875 0.0265625
0 0.42578125 0.43046875 0.003125 0.025
0 0.42265625 0.43125 0.003125 0.0234375
0 0.41875 0.43203125 0.003125 0.0234375
0 0.415625 0.43203125 0.003125 0.021875
0 0.42578125 0.4046875 0.00390625 0.02578125
0 0.421875 0.40703125 0.00390625 0.025
0 0.41875 0.40859375 0.003125 0.02421875
3 0.709375 0.57421875 0.046875 0.01796875
3 0.609375 0.5 0.02890625 0.009375
3 0.6828125 0.509375 0.03359375 0.01328125
3 0.7125 0.5125 0.0453125 0.0140625
3 0.74296875 0.51875 0.0453125 0.01640625
3 0.78671875 0.4359375 0.04140625 0.01015625
3 0.83828125 0.4328125 0.06171875 0.01171875
3 0.91015625 0.42890625 0.08203125 0.0140625
3 0.61171875 0.54765625 0.03203125 0.0140625
3 0.6828125 0.44140625 0.028125 0.00625
3 0.7015625 0.440625 0.0453125 0.00859375
0 0.6328125 0.496875 0.01953125 0.0203125
3 0.9828125 0.659375 0.03359375 0.03828125
3 0.9859375 0.55234375 0.0265625 0.02109375
0 0.91796875 0.53046875 0.04296875 0.04140625
0 0.8875 0.528125 0.0203125 0.03671875
0 0.890625 0.49140625 0.03984375 0.03671875
0 0.8328125 0.48359375 0.03515625 0.025
0 0.8109375 0.4828125 0.03125 0.0234375
0 0.64765625 0.44296875 0.00625 0.00546875
0 0.6390625 0.44375 0.00859375 0.00546875
0 0.63046875 0.44375 0.0078125 0.00546875
0 0.621875 0.44375 0.0078125 0.0046875
0 0.6140625 0.44453125 0.00703125 0.0046875
0 0.60703125 0.44453125 0.00703125 0.0046875
0 0.6 0.44453125 0.00703125 0.0046875
0 0.65 0.36953125 0.0078125 0.0203125
0 0.640625 0.3703125 0.00859375 0.01875
0 0.63203125 0.37265625 0.00859375 0.01796875
0 0.6234375 0.375 0.0078125 0.01640625
0 0.615625 0.37734375 0.00703125 0.015625
0 0.6078125 0.37890625 0.00703125 0.015625
0 0.60078125 0.38125 0.00703125 0.015625
0 0.7625 0.353125 0.0296875 0.03046875
0 0.73984375 0.35625 0.015625 0.0296875
0 0.70625 0.365625 0.00390625 0.0234375
0 0.7265625 0.359375 0.01015625 0.0265625
0 0.734375 0.334375 0.02109375 0.028125
0 0.70625 0.340625 0.00390625 0.025
0 0.6984375 0.34296875 0.0125 0.0265625
0 0.6859375 0.34609375 0.01171875 0.02578125
0 0.69765625 0.36640625 0.0125 0.02578125
0 0.6859375 0.36953125 0.0109375 0.025
0 0.67421875 0.371875 0.01015625 0.0234375