2 0.2734375 0.55078125 0.04453125 0.1296875
3 0.01328125 0.69375 0.0265625 0.03828125
3 0.1015625 0.54296875 0.06171875 0.0140625
3 0.02734375 0.55078125 0.0546875 0.021875
3 0.01328125 0.5546875 0.02578125 0.02421875
3 0.1 0.628125 0.06171875 0.0265625
3 0.0546875 0.41171875 0.028125 0.03046875
3 0.0203125 0.39453125 0.040625 0.03828125
0 0.00390625 0.22734375 0.0078125 0.05078125
0 0.0046875 0.17890625 0.00859375 0.06328125
0 0.0171875 0.1953125 0.01796875 0.0703125
0 0.034375 0.215625 0.01640625 0.06484375
0 0.01640625 0.24140625 0.01875 0.05859375
0 0.0328125 0.25859375 0.01640625 0.05390625
0 0.04765625 0.27421875 0.0140625 0.05
0 0.06875 0.28671875 0.02734375 0.046875
0 0.0875 0.30078125 0.01015625 0.03984375
0 0.096875 0.3109375 0.00859375 0.03671875
0 0.1046875 0.3203125 0.0078125 0.03515625
0 0.1125 0.32890625 0.00703125 0.03203125
0 0.11953125 0.33671875 0.00703125 0.03125
0 0.12578125 0.34453125 0.00625 0.0296875
0 0.0515625 0.40859375 0.0578125 0.0484375
0 0.08515625 0.41640625 0.01015625 0.0390625
0 0.09453125 0.421875 0.00859375 0.03671875
0 0.07421875 0.384375 0.0515625 0.046875
0 0.103125 0.4265625 0.00859375 0.03515625
0 0.1109375 0.43125 0.00703125 0.03203125
0 0.11796875 0.43515625 0.00703125 0.03125
0 0.12421875 0.43828125 0.00625 0.03046875
0 0.10390625 0.39375 0.00859375 0.03828125
0 0.11171875 0.39921875 0.00703125 0.0359375
0 0.11875 0.4046875 0.00703125 0.03515625
3 0.4796875 0.62890625 0.0515625 0.02890625
3 0.98515625 0.19453125 0.02890625 0.078125
3 0.8796875 0.24453125 0.21015625 0.13984375
3 0.52421875 0.41796875 0.04453125 0.02890625
3 0.55390625 0.40234375 0.04375 0.0359375
3 0.6203125 0.378125 0.0890625 0.0484375
3 0.41953125 0.596875 0.03046875 0.01640625
3 0.440625 0.45078125 0.01796875 0.01796875
3 0.4671875 0.44375 0.04609375 0.01953125
3 0.53515625 0.6625 0.06640625 0.04375
0 0.9921875 0.55703125 0.01484375 0.12578125
0 0.44453125 0.540625 0.00390625 0.00703125
0 0.440625 0.53984375 0.01171875 0.00703125
0 0.43046875 0.5390625 0.00703125 0.00625
3 0.7359375 0.78046875 0.14765625 0.1140625
3 0.5953125 0.69765625 0.09296875 0.05625
3 0.8859375 0.87109375 0.22734375 0.19140625
3 0.98671875 0.92421875 0.02578125 0.128125
3 0.490625 0.54609375 0.0453125 0.01796875
0 0.85078125 0.55234375 0.10078125 0.1046875
0 0.77265625 0.5484375 0.05703125 0.09140625
0 0.721875 0.54609375 0.0453125 0.08203125
0 0.78671875 0.4578125 0.0875 0.09375
0 0.56328125 0.4890625 0.0453125 0.0484375
0 0.5640625 0.53671875 0.0453125 0.0484375
0 0.53359375 0.53671875 0.01328125 0.0453125
0 0.5203125 0.5359375 0.0125 0.04375
0 0.53359375 0.490625 0.0140625 0.04609375
0 0.5109375 0.315625 0.03515625 0.03984375
0 0.48828125 0.32578125 0.009375 0.03828125
0 0.4703125 0.34296875 0.00703125 0.03359375
0 0.47890625 0.334375 0.00859375 0.0359375
0 0.490625 0.30390625 0.03203125 0.04296875
0 0.4703125 0.3125 0.0078125 0.03984375
0 0.4625 0.321875 0.00703125 0.03828125
0 0.45546875 0.3296875 0.00625 0.03515625
0 0.4625 0.35 0.00703125 0.03125
0 0.45546875 0.35703125 0.00625 0.03046875
0 0.44921875 0.36328125 0.00546875 0.02890625
0 0.43984375 0.365625 0.0125 0.02578125
0 0.43046875 0.37109375 0.0046875 0.025
0 0.42578125 0.3765625 0.00390625 0.0234375
0 0.42109375 0.38125 0.00390625 0.0234375
0 0.4171875 0.38515625 0.00390625 0.021875
0 0.41328125 0.3890625 0.003125 0.02109375
0 0.409375 0.39375 0.003125 0.0203125
0 0.4421875 0.4484375 0.01796875 0.02578125
0 0.4296875 0.45078125 0.0046875 0.02578125
0 0.425 0.45390625 0.00390625 0.02421875
0 0.434375 0.4296875 0.0234375 0.02578125
0 0.4203125 0.45625 0.00390625 0.0234375
0 0.41640625 0.4578125 0.00390625 0.0234375
0 0.4125 0.459375 0.003125 0.02109375
0 0.40859375 0.46171875 0.003125 0.02109375
0 0.4203125 0.4328125 0.00390625 0.025
0 0.41640625 0.4359375 0.00390625 0.025
0 0.4125 0.43828125 0.003125 0.0234375
3 0.99609375 0.41875 0.00703125 0.02109375
3 0.59609375 0.534375 0.01953125 0.00703125
3 0.65234375 0.5359375 0.02734375 0.009375
3 0.67890625 0.5375 0.02578125 0.01015625
3 0.7390625 0.45859375 0.0078125 0.0109375
3 0.8609375 0.44140625 0.06171875 0.0203125
3 0.6546875 0.471875 0.03671875 0.01015625
3 0.67578125 0.46796875 0.03046875 0.01171875
0 0.61484375 0.5296875 0.01875 0.01875
3 0.9546875 0.546875 0.0796875 0.01640625
0 0.8453125 0.4921875 0.0296875 0.015625
0 0.634375 0.46875 0.01953125 0.0203125
0 0.6203125 0.46953125 0.00859375 0.01953125
0 0.61171875 0.47109375 0.0078125 0.01875
0 0.6171875 0.453125 0.01796875 0.01953125
0 0.60390625 0.4734375 0.00703125 0.01875
0 0.596875 0.47421875 0.00703125 0.01875
0 0.5890625 0.47578125 0.00703125 0.01796875
0 0.60390625 0.4546875 0.00703125 0.01875
0 0.596875 0.45625 0.00703125 0.01875
0 0.5890625 0.4578125 0.00703125 0.01796875
0 0.7296875 0.396875 0.025 0.00859375
0 0.71015625 0.40234375 0.0125 0.0046875