3 0.43984375 0.63046875 0.0515625 0.0546875
3 0.85234375 0.47890625 0.09140625 0.05078125
3 0.7921875 0.47578125 0.08515625 0.05
3 0.24296875 0.5421875 0.06796875 0.046875
3 0.38671875 0.5578125 0.059375 0.05078125
3 0.43671875 0.5578125 0.05546875 0.05078125
3 0.4859375 0.56484375 0.04453125 0.059375
3 0.54453125 0.46484375 0.04609375 0.0515625
3 0.5953125 0.46640625 0.05703125 0.0484375
3 0.6546875 0.4734375 0.06484375 0.040625
3 0.64140625 0.6515625 0.0578125 0.05859375
3 0.484375 0.634375 0.0484375 0.05546875
3 0.259375 0.61328125 0.0640625 0.05078125
3 0.37265625 0.46015625 0.059375 0.05
3 0.415625 0.4625 0.05546875 0.05078125
3 0.5453125 0.64296875 0.0484375 0.05625
0 0.77890625 0.57578125 0.04609375 0.0609375
0 0.296875 0.540625 0.03984375 0.05390625
3 0.703125 0.65703125 0.06484375 0.06015625
3 0.759375 0.66875 0.05859375 0.04609375
3 0.8109375 0.6703125 0.06328125 0.05390625
3 0.715625 0.57578125 0.06953125 0.053125
0 0.6546875 0.56328125 0.025 0.05703125
0 0.63125 0.5609375 0.02734375 0.05703125
0 0.609375 0.559375 0.02734375 0.05703125
0 0.6328125 0.53125 0.03046875 0.05390625
0 0.584375 0.528125 0.0234375 0.053125
0 0.5828125 0.56953125 0.02265625 0.03203125
0 0.56171875 0.56796875 0.021875 0.03203125
0 0.540625 0.5546875 0.02109375 0.05546875
0 0.5625 0.5265625 0.0234375 0.053125
0 0.32734375 0.44296875 0.03671875 0.053125
0 0.3046875 0.4421875 0.03515625 0.053125
0 0.27890625 0.45 0.025 0.03515625
0 0.28203125 0.40703125 0.04140625 0.05078125
0 0.259375 0.4484375 0.02578125 0.034375
0 0.2390625 0.44765625 0.02578125 0.034375
0 0.21875 0.446875 0.02578125 0.034375
0 0.19921875 0.4390625 0.02578125 0.046875
0 0.259375 0.40625 0.03828125 0.05078125
0 0.2390625 0.40546875 0.0390625 0.05078125
0 0.21875 0.40390625 0.03984375 0.05078125
0 0.315625 0.33203125 0.04140625 0.05078125
0 0.29140625 0.33125 0.03828125 0.05078125
0 0.26953125 0.33046875 0.0390625 0.05078125
0 0.2484375 0.3296875 0.04140625 0.05
0 0.2265625 0.32890625 0.04140625 0.05078125
0 0.20546875 0.32890625 0.04296875 0.05
0 0.18515625 0.328125 0.04375 0.05
0 0.50234375 0.35390625 0.02421875 0.05390625
0 0.47890625 0.353125 0.0265625 0.05390625
0 0.43125 0.35703125 0.02421875 0.040625
0 0.45390625 0.35859375 0.02421875 0.040625
0 0.45546875 0.31171875 0.02890625 0.0515625
0 0.43125 0.3109375 0.0296875 0.0515625
0 0.40859375 0.3109375 0.03125 0.0515625
0 0.38515625 0.31015625 0.0328125 0.0515625
0 0.4078125 0.35703125 0.025 0.03984375
0 0.38515625 0.35625 0.025 0.03984375
0 0.3625 0.34921875 0.025 0.0515625
3 0.996875 0.8234375 0.00546875 0.01953125