3 0.415625 0.6734375 0.078125 0.04375
3 0.69765625 0.46328125 0.04375 0.01640625
3 0.6703125 0.45703125 0.05234375 0.01875
3 0.52890625 0.42890625 0.0578125 0.02421875
3 0.56953125 0.4375 0.0484375 0.02109375
3 0.60703125 0.44453125 0.04609375 0.01953125
3 0.0453125 0.73515625 0.090625 0.0703125
3 0.3453125 0.384375 0.0703125 0.03984375
3 0.40859375 0.3984375 0.059375 0.03515625
3 0.53515625 0.65390625 0.06796875 0.03359375
0 0.696875 0.54296875 0.02890625 0.028125
0 0.25859375 0.5515625 0.01875 0.015625
0 0.23046875 0.55078125 0.021875 0.01875
0 0.20625 0.5453125 0.0234375 0.0296875
0 0.134375 0.5515625 0.03203125 0.01875
0 0.175 0.55078125 0.0265625 0.01796875
3 0.6484375 0.63515625 0.05703125 0.0203125
3 0.5890625 0.64609375 0.0625 0.02421875
3 0.678125 0.63046875 0.0484375 0.01875
3 0.7078125 0.6265625 0.03359375 0.01640625
3 0.478125 0.55 0.06796875 0.01875
0 0.67734375 0.54140625 0.01015625 0.0296875
0 0.66640625 0.54140625 0.01171875 0.03046875
0 0.6453125 0.54140625 0.03203125 0.03046875
0 0.65703125 0.5109375 0.02890625 0.03046875
0 0.56796875 0.5015625 0.015625 0.03828125
0 0.56875 0.5390625 0.015625 0.03671875
0 0.55234375 0.5390625 0.01640625 0.0390625
0 0.5265625 0.53828125 0.03515625 0.03984375
0 0.54296875 0.5 0.034375 0.0390625
0 0.4984375 0.3015625 0.01953125 0.04296875
0 0.47734375 0.29375 0.02109375 0.04453125
0 0.43203125 0.27578125 0.02421875 0.046875
0 0.45546875 0.284375 0.02265625 0.0453125
0 0.45625 0.24453125 0.02265625 0.05078125
0 0.43203125 0.234375 0.02421875 0.05390625
0 0.40703125 0.221875 0.02578125 0.05546875
0 0.3765625 0.21015625 0.0359375 0.05703125
0 0.40703125 0.26484375 0.02578125 0.05
0 0.3796875 0.25390625 0.028125 0.05078125
0 0.34765625 0.2421875 0.0359375 0.0546875
0 0.271875 0.18828125 0.03828125 0.06171875
0 0.2328125 0.171875 0.04140625 0.065625
0 0.18984375 0.153125 0.04609375 0.06953125
0 0.14296875 0.13359375 0.05078125 0.07421875
0 0.09140625 0.1109375 0.05703125 0.07890625
0 0.034375 0.0859375 0.06328125 0.08359375
0 0.003125 0.071875 0.00546875 0.06328125
0 0.26484375 0.35546875 0.0390625 0.0609375
0 0.22421875 0.34609375 0.04375 0.06484375
0 0.1796875 0.3359375 0.04765625 0.06640625
0 0.184375 0.278125 0.05234375 0.0734375
0 0.13125 0.325 0.053125 0.0703125
0 0.07734375 0.3125 0.059375 0.075
0 0.025 0.30078125 0.05 0.0765625
0 0.13359375 0.26328125 0.05234375 0.0765625
0 0.08046875 0.2484375 0.05859375 0.08125
0 0.0265625 0.23046875 0.053125 0.0859375
3 0.3375 0.6109375 0.03671875 0.01484375
3 0.52265625 0.49765625 0.00546875 0.00859375
3 0.5109375 0.49609375 0.02734375 0.009375
3 0.17109375 0.5515625 0.04140625 0.01015625
3 0.30390625 0.5515625 0.03828125 0.01015625
3 0.3265625 0.5515625 0.00703125 0.00859375
3 0.37109375 0.5515625 0.009375 0.00859375
3 0.4046875 0.4875 0.0296875 0.01015625
3 0.4328125 0.490625 0.02578125 0.01015625
3 0.45859375 0.49296875 0.02578125 0.009375
3 0.46015625 0.6015625 0.03203125 0.0109375
3 0.36953125 0.60859375 0.03515625 0.0140625
3 0.16484375 0.6234375 0.05546875 0.01953125
3 0.30078125 0.478125 0.03203125 0.01328125
3 0.33203125 0.48046875 0.0296875 0.01171875
3 0.409375 0.60625 0.03125 0.01171875
0 0.2265625 0.54375 0.0296875 0.02578125
3 0.48984375 0.60078125 0.02890625 0.009375
3 0.51328125 0.59921875 0.02421875 0.009375
3 0.53203125 0.59765625 0.02421875 0.00859375
3 0.50078125 0.5515625 0.00078125 0.00546875
0 0.453125 0.53828125 0.009375 0.0046875
0 0.44140625 0.54609375 0.01328125 0.01953125
0 0.45 0.5265625 0.01640625 0.01953125
0 0.42890625 0.52578125 0.01015625 0.01953125
0 0.40546875 0.5453125 0.01328125 0.0203125
0 0.41484375 0.525 0.015625 0.0203125
0 0.2640625 0.46796875 0.01640625 0.025
0 0.246875 0.465625 0.01796875 0.02578125
0 0.2296875 0.46484375 0.01796875 0.02578125
0 0.23046875 0.4390625 0.01953125 0.0265625
0 0.2109375 0.4625 0.01875 0.0265625
0 0.19140625 0.4609375 0.01953125 0.0265625
0 0.171875 0.45859375 0.02109375 0.0265625
0 0.15078125 0.45625 0.021875 0.028125
0 0.21171875 0.43671875 0.01953125 0.028125
0 0.19296875 0.434375 0.01953125 0.028125
0 0.17265625 0.43203125 0.02109375 0.02890625
0 0.35859375 0.39453125 0.0078125 0.0109375
0 0.3359375 0.38984375 0.00703125 0.01328125
3 0.94375 0.64140625 0.11171875 0.03828125
3 0.60546875 0.58515625 0.03203125 0.009375