3 0.2765625 0.9140625 0.20703125 0.16953125
3 0.85 0.471875 0.03515625 0.03125
3 0.80390625 0.459375 0.06953125 0.03515625
3 0.55703125 0.3734375 0.11796875 0.0765625
3 0.63671875 0.39609375 0.084375 0.04609375
3 0.7078125 0.42109375 0.05859375 0.04140625
3 0.0953125 0.15546875 0.18984375 0.16015625
3 0.26640625 0.22578125 0.16328125 0.13359375
3 0.5796875 0.83203125 0.14296875 0.1015625
0 0.8453125 0.60390625 0.04453125 0.0484375
3 0.77890625 0.77265625 0.11171875 0.04921875
3 0.68203125 0.8046875 0.12890625 0.06640625
3 0.840625 0.7609375 0.06015625 0.03984375
3 0.871875 0.75078125 0.05625 0.034375
3 0.45703125 0.60078125 0.13984375 0.0484375
0 0.81640625 0.6015625 0.01875 0.053125
0 0.80078125 0.6 0.01953125 0.05390625
0 0.76328125 0.5984375 0.06484375 0.05625
0 0.77578125 0.546875 0.0625 0.0546875
0 0.63671875 0.51640625 0.03046875 0.075
0 0.63984375 0.58828125 0.03203125 0.075
0 0.60859375 0.58671875 0.034375 0.07890625
0 0.55703125 0.58359375 0.07109375 0.08359375
0 0.5890625 0.5109375 0.06953125 0.07890625
0 0.496875 0.11953125 0.040625 0.0765625
0 0.45390625 0.08984375 0.04453125 0.08125
0 0.353125 0.034375 0.05859375 0.06875
0 0.40703125 0.05703125 0.05078125 0.0890625
0 0.40859375 0.0234375 0.05 0.046875
0 0.375 0.00625 0.01640625 0.01171875
0 0.32421875 0.009375 0.0015625 0.01875
0 0.3 0.015625 0.04921875 0.03125
3 0.29296875 0.70625 0.05 0.021875
3 0.51796875 0.5515625 0.01015625 0.009375
3 0.02578125 0.61640625 0.04921875 0.00859375
3 0.2453125 0.61875 0.05703125 0.00625
3 0.2984375 0.61953125 0.04765625 0.00703125
3 0.34609375 0.61953125 0.03984375 0.00625
3 0.3953125 0.5375 0.03359375 0.0140625
3 0.42890625 0.54140625 0.03515625 0.01328125
3 0.46484375 0.54609375 0.03515625 0.01328125
3 0.46484375 0.69375 0.04140625 0.01640625
3 0.33984375 0.703125 0.046875 0.0203125
3 0.040625 0.72578125 0.08125 0.0296875
3 0.2453125 0.51953125 0.046875 0.01953125
3 0.2890625 0.525 0.04140625 0.01875
3 0.39453125 0.69921875 0.04453125 0.01875
0 0.146875 0.60703125 0.01953125 0.028125
3 0.5046875 0.69140625 0.04140625 0.0140625
3 0.5375 0.6890625 0.03203125 0.01328125
3 0.56328125 0.68671875 0.03203125 0.01171875
0 0.38359375 0.61171875 0.0078125 0.021875
0 0.40625 0.58046875 0.01953125 0.01171875
0 0.19609375 0.50625 0.03125 0.03515625
0 0.16796875 0.503125 0.028125 0.0359375
0 0.1421875 0.50078125 0.0296875 0.0359375
0 0.14921875 0.46640625 0.03671875 0.03671875
0 0.11484375 0.496875 0.03125 0.03671875
0 0.0859375 0.49375 0.03359375 0.03671875
0 0.05546875 0.48984375 0.034375 0.0390625
0 0.0296875 0.48671875 0.02578125 0.03984375
0 0.11875 0.4625 0.03046875 0.03828125
0 0.090625 0.45859375 0.0328125 0.0390625
0 0.06015625 0.45390625 0.034375 0.040625
0 0.20546875 0.40859375 0.02890625 0.03515625
0 0.1796875 0.40234375 0.02734375 0.034375
0 0.1546875 0.396875 0.02734375 0.03515625
0 0.128125 0.39140625 0.0296875 0.0359375
0 0.10078125 0.38515625 0.03125 0.03671875
0 0.071875 0.37890625 0.0328125 0.03828125
0 0.04609375 0.37421875 0.02578125 0.0359375
0 0.36640625 0.45390625 0.0171875 0.028125
0 0.34921875 0.45078125 0.01796875 0.02890625
0 0.3140625 0.44296875 0.01953125 0.02890625
0 0.33203125 0.446875 0.01875 0.02890625
0 0.3328125 0.41953125 0.01796875 0.03046875
0 0.315625 0.41640625 0.01953125 0.03046875
0 0.29609375 0.415625 0.0203125 0.03984375
0 0.2765625 0.40703125 0.02109375 0.03203125
0 0.29453125 0.4390625 0.0203125 0.03046875
0 0.275 0.4359375 0.02109375 0.03046875
0 0.2546875 0.43125 0.02265625 0.03203125
3 0.66484375 0.671875 0.0453125 0.0140625