2 0.28203125 0.49375 0.05859375 0.13515625
3 0.1375 0.7859375 0.0484375 0.08984375
3 0.128125 0.534375 0.0296875 0.04609375
3 0.11640625 0.6484375 0.03046875 0.0640625
3 0.11484375 0.7015625 0.04140625 0.08125
3 0.11015625 0.76953125 0.04921875 0.09140625
3 0.053125 0.7421875 0.10625 0.146875
3 0.0453125 0.83671875 0.08984375 0.18046875
3 0.0203125 0.94921875 0.040625 0.09921875
3 0.1515625 0.59921875 0.01796875 0.046875
3 0.08515625 0.53359375 0.05390625 0.0484375
3 0.07578125 0.5796875 0.06484375 0.078125
3 0.14453125 0.95390625 0.02421875 0.090625
0 0.08359375 0.90546875 0.03046875 0.11640625
0 0.0890625 0.94609375 0.05078125 0.10625
0 0.10859375 0.8890625 0.01796875 0.084375
0 0.10546875 0.846875 0.02734375 0.07890625
0 0.09140625 0.846875 0.02109375 0.08515625
0 0.0171875 0.52109375 0.034375 0.0890625
0 0.02421875 0.49140625 0.04765625 0.06953125
0 0.04921875 0.4578125 0.0203125 0.06171875
0 0.04296875 0.47421875 0.021875 0.06640625
0 0.01953125 0.42578125 0.03828125 0.0765625
0 0.02265625 0.40703125 0.04453125 0.0640625
0 0.02578125 0.39453125 0.05078125 0.0609375
0 0.028125 0.38359375 0.05546875 0.05703125
0 0.0546875 0.44296875 0.01875 0.05859375
0 0.06015625 0.4296875 0.01640625 0.05546875
0 0.06328125 0.41796875 0.01875 0.05390625
0 0.05859375 0.37890625 0.02890625 0.04921875
0 0.05078125 0.36796875 0.05859375 0.03984375
0 0.053125 0.36171875 0.05859375 0.04375
0 0.05703125 0.35390625 0.05546875 0.04140625
0 0.0609375 0.3484375 0.05390625 0.040625
0 0.06484375 0.3421875 0.05078125 0.03828125
0 0.06796875 0.3359375 0.04921875 0.03671875
0 0.08515625 0.49609375 0.0359375 0.05390625
0 0.09453125 0.4765625 0.028125 0.040625
0 0.1046875 0.46796875 0.01015625 0.03984375
0 0.08515625 0.43671875 0.03203125 0.04609375
0 0.10703125 0.45703125 0.009375 0.0390625
0 0.10859375 0.4484375 0.00859375 0.03671875
0 0.11015625 0.4390625 0.00859375 0.03515625
0 0.1109375 0.43046875 0.01015625 0.0359375
0 0.0859375 0.425 0.03515625 0.040625
0 0.09765625 0.41640625 0.015625 0.0390625
0 0.09921875 0.40859375 0.01484375 0.03671875
3 0.47578125 0.55546875 0.04296875 0.0484375
3 0.85234375 0.7015625 0.12890625 0.1515625
3 0.7578125 0.62890625 0.10546875 0.11640625
3 0.5328125 0.4609375 0.0578125 0.04921875
3 0.565625 0.484375 0.06328125 0.05703125
3 0.60703125 0.5203125 0.06640625 0.06640625
3 0.4078125 0.47421875 0.0328125 0.03046875
3 0.446875 0.40078125 0.0453125 0.03203125
3 0.4640625 0.4140625 0.0484375 0.03671875
3 0.5296875 0.6234375 0.0515625 0.06484375
0 0.80390625 0.8109375 0.0765625 0.11484375
0 0.4390625 0.453125 0.0109375 0.01171875
0 0.43046875 0.45078125 0.0109375 0.01171875
0 0.43125 0.440625 0.0109375 0.01171875
0 0.41875 0.4359375 0.0109375 0.0109375
0 0.42734375 0.4390625 0.0109375 0.0109375
3 0.6546875 0.771875 0.07421875 0.109375
3 0.57421875 0.68203125 0.059375 0.06796875
3 0.71171875 0.840625 0.0859375 0.13359375
3 0.7828125 0.92109375 0.10078125 0.15625
3 0.49609375 0.52109375 0.05 0.05
0 0.72109375 0.72578125 0.05 0.09140625
0 0.69453125 0.7109375 0.046875 0.06171875
0 0.6640625 0.67578125 0.03203125 0.08046875
0 0.69921875 0.66875 0.04609375 0.07421875
0 0.55546875 0.53828125 0.0328125 0.05
0 0.5546875 0.5703125 0.0328125 0.04453125
0 0.5328125 0.5578125 0.01328125 0.03984375
0 0.5203125 0.54140625 0.01171875 0.046875
0 0.53828125 0.52578125 0.02265625 0.046875
0 0.50859375 0.3515625 0.03125 0.04375
0 0.49609375 0.34609375 0.03046875 0.04296875
0 0.465625 0.33828125 0.01015625 0.034375
0 0.47578125 0.34375 0.01015625 0.03515625
0 0.484375 0.31640625 0.02890625 0.0265625
0 0.46484375 0.3109375 0.01015625 0.02578125
0 0.45546875 0.30703125 0.009375 0.025
0 0.44609375 0.30390625 0.00859375 0.02421875
0 0.45546875 0.33359375 0.009375 0.03359375
0 0.446875 0.32890625 0.00859375 0.03125
0 0.43828125 0.3234375 0.00859375 0.03359375
0 0.428125 0.30234375 0.02578125 0.03203125
0 0.41953125 0.29921875 0.021875 0.03125
0 0.41015625 0.29609375 0.01640625 0.03046875
0 0.40703125 0.29375 0.02109375 0.0296875
0 0.4015625 0.290625 0.02265625 0.02890625
0 0.3953125 0.28828125 0.0203125 0.028125
0 0.38984375 0.28515625 0.02109375 0.028125
0 0.43125 0.378125 0.02421875 0.03125
0 0.42421875 0.3734375 0.02265625 0.03203125
0 0.41015625 0.371875 0.00703125 0.0265625
0 0.41640625 0.34609375 0.02421875 0.03046875
0 0.403125 0.36640625 0.00703125 0.02578125
0 0.39765625 0.3625 0.00703125 0.025
0 0.3921875 0.35859375 0.00625 0.02421875
0 0.38671875 0.353125 0.00625 0.025
0 0.41015625 0.34140625 0.021875 0.0296875
0 0.40390625 0.33828125 0.02109375 0.0296875
0 0.39765625 0.334375 0.0203125 0.028125
3 0.93203125 0.4453125 0.06875 0.04609375
3 0.87421875 0.425 0.06171875 0.040625
3 0.55078125 0.365625 0.02578125 0.01796875
3 0.6078125 0.39375 0.0328125 0.021875
3 0.62890625 0.40390625 0.02890625 0.02421875
3 0.65234375 0.415625 0.028125 0.02578125
3 0.6984375 0.365625 0.0359375 0.025
3 0.725 0.37578125 0.0453125 0.0265625
3 0.7625 0.38984375 0.04609375 0.0296875
3 0.65078125 0.45546875 0.00859375 0.00703125
3 0.609375 0.33671875 0.0328125 0.01875
3 0.62890625 0.34375 0.03359375 0.0203125
0 0.86015625 0.50390625 0.0421875 0.04453125
0 0.57109375 0.3703125 0.01640625 0.021875
3 0.8078125 0.48828125 0.05234375 0.03515625
0 0.75859375 0.45546875 0.02578125 0.0359375
0 0.74296875 0.4515625 0.025 0.02890625
0 0.7265625 0.44140625 0.01796875 0.03359375
0 0.746875 0.42578125 0.02578125 0.03515625
0 0.7140625 0.4125 0.0234375 0.03203125
0 0.71171875 0.43671875 0.02265625 0.0265625
0 0.6953125 0.43125 0.0140625 0.025
0 0.68359375 0.42265625 0.01484375 0.03046875
0 0.7015625 0.40703125 0.021875 0.03046875
0 0.59140625 0.32421875 0.01796875 0.021875
0 0.58359375 0.32109375 0.01640625 0.021875
0 0.57109375 0.3203125 0.0078125 0.01875
0 0.5765625 0.3015625 0.01640625 0.02109375
0 0.5640625 0.31796875 0.00703125 0.01875
0 0.55703125 0.315625 0.00703125 0.01796875
0 0.55 0.31328125 0.00703125 0.01875
0 0.54296875 0.309375 0.00625 0.01953125
0 0.56875 0.29921875 0.01484375 0.02109375
0 0.5609375 0.296875 0.01484375 0.0203125
0 0.5546875 0.2953125 0.01484375 0.0203125
0 0.5953125 0.275 0.0171875 0.00703125
0 0.58203125 0.2734375 0.0078125 0.00703125
0 0.57421875 0.27109375 0.00703125 0.00703125
0 0.56640625 0.26953125 0.00703125 0.00625
0 0.55859375 0.26796875 0.00703125 0.00625
0 0.5515625 0.26640625 0.00703125 0.00625
0 0.54453125 0.26484375 0.00625 0.00546875
0 0.67890625 0.29453125 0.02265625 0.025
0 0.66875 0.29140625 0.01328125 0.0265625
0 0.640625 0.290625 0.0109375 0.01796875
0 0.6484375 0.2921875 0.00703125 0.015625
0 0.63046875 0.28828125 0.01015625 0.01640625
0 0.6203125 0.2859375 0.01015625 0.015625
0 0.6109375 0.28359375 0.009375 0.015625
3 0.97734375 0.728125 0.04453125 0.07578125