2 0.515625 0.86640625 0.1546875 0.26484375
3 0.871875 0.871875 0.09609375 0.12890625
3 0.83203125 0.42578125 0.04296875 0.01875
3 0.8375 0.440625 0.04765625 0.02890625
3 0.91796875 0.85546875 0.1 0.15546875
3 0.8890625 0.7640625 0.08984375 0.1234375
3 0.86640625 0.68828125 0.06875 0.07109375
3 0.87421875 0.5265625 0.084375 0.05625
3 0.8640625 0.49453125 0.06796875 0.03359375
3 0.8578125 0.4765625 0.0546875 0.03125
3 0.94375 0.678125 0.1109375 0.1
3 0.93515625 0.62109375 0.128125 0.0796875
3 0.828125 0.72265625 0.03046875 0.06953125
0 0.8140625 0.496875 0.00703125 0.028125
0 0.8125 0.51328125 0.00546875 0.0296875
0 0.82109375 0.5203125 0.01953125 0.0296875
0 0.82890625 0.53203125 0.02578125 0.0390625
0 0.8234375 0.496875 0.0171875 0.0359375
0 0.8390625 0.56171875 0.0125 0.04453125
0 0.83125 0.59453125 0.00703125 0.04375
0 0.83359375 0.621875 0.00625 0.02109375
0 0.85703125 0.63359375 0.04765625 0.06484375
0 0.85 0.578125 0.02734375 0.0546875
0 0.89296875 0.4109375 0.02578125 0.0546875
0 0.89609375 0.41796875 0.01796875 0.05859375
0 0.91484375 0.43671875 0.02109375 0.06640625
0 0.9046875 0.4265625 0.01796875 0.0609375
0 0.94609375 0.37109375 0.08359375 0.0609375
0 0.95078125 0.37734375 0.07421875 0.065625
0 0.95 0.384375 0.0484375 0.071875
0 0.96953125 0.39453125 0.06015625 0.084375
0 0.9265625 0.4484375 0.0234375 0.071875
0 0.940625 0.46171875 0.02734375 0.07890625
0 0.9703125 0.4734375 0.05859375 0.08359375
0 0.99609375 0.509375 0.00625 0.03515625
0 0.97109375 0.74453125 0.05703125 0.11953125
0 0.98125 0.7984375 0.03671875 0.13671875
0 0.99296875 0.86015625 0.01328125 0.08359375
3 0.796875 0.56171875 0.0046875 0.0265625
3 0.8 0.58125 0.0046875 0.0296875
3 0.81953125 0.665625 0.025 0.05390625
3 0.809375 0.60625 0.01875 0.03671875
3 0.45859375 0.63203125 0.05078125 0.0546875
3 0.5828125 0.39296875 0.028125 0.01484375
3 0.571875 0.3984375 0.03125 0.01640625
3 0.5078125 0.43828125 0.04140625 0.02578125
3 0.52265625 0.42734375 0.04140625 0.0234375
3 0.5421875 0.41875 0.03203125 0.0203125
3 0.28828125 0.82890625 0.08671875 0.12421875
3 0.42734375 0.49140625 0.0546875 0.04375
3 0.45078125 0.47421875 0.0578125 0.03828125
3 0.51015625 0.5765625 0.040625 0.0390625
0 0.58203125 0.44609375 0.01640625 0.02421875
0 0.3828125 0.61875 0.01953125 0.021875
0 0.37421875 0.63203125 0.01953125 0.02578125
0 0.35625 0.63359375 0.02109375 0.034375
0 0.3265625 0.66953125 0.02265625 0.0296875
0 0.340625 0.64921875 0.02109375 0.0265625
3 0.559375 0.5234375 0.03046875 0.0234375
3 0.53359375 0.553125 0.03671875 0.028125
3 0.575 0.5109375 0.01796875 0.02109375
3 0.58515625 0.49921875 0.0171875 0.01875
3 0.48671875 0.53671875 0.04921875 0.0390625
0 0.575 0.45625 0.0046875 0.0234375
0 0.5640625 0.4609375 0.01953125 0.0234375
0 0.55859375 0.46328125 0.01953125 0.0265625
0 0.5640625 0.43984375 0.01953125 0.02421875
0 0.52265625 0.471875 0.01953125 0.03125
0 0.5296875 0.49765625 0.00703125 0.02890625
0 0.52265625 0.50390625 0.00703125 0.02890625
0 0.50625 0.5078125 0.02421875 0.0359375
0 0.5140625 0.478125 0.02421875 0.03359375
0 0.49453125 0.36328125 0.01953125 0.034375
0 0.48984375 0.36640625 0.01015625 0.034375
0 0.46796875 0.3734375 0.01171875 0.0359375
0 0.47890625 0.36953125 0.01015625 0.034375
0 0.46953125 0.3359375 0.03046875 0.03515625
0 0.45859375 0.33828125 0.02890625 0.0359375
0 0.44609375 0.340625 0.03046875 0.0390625
0 0.43125 0.34296875 0.0359375 0.040625
0 0.45546875 0.3765625 0.0125 0.03671875
0 0.4421875 0.38046875 0.0140625 0.0390625
0 0.4171875 0.3828125 0.03671875 0.0453125
0 0.3765625 0.3765625 0.04296875 0.05
0 0.35625 0.38203125 0.04453125 0.053125
0 0.3328125 0.38671875 0.04921875 0.05703125
0 0.3078125 0.39296875 0.0515625 0.0609375
0 0.27890625 0.39921875 0.05546875 0.06484375
0 0.246875 0.40625 0.06015625 0.0703125
0 0.2140625 0.415625 0.05859375 0.0765625
0 0.38125 0.49921875 0.03984375 0.05625
0 0.371875 0.5109375 0.02265625 0.06015625
0 0.3515625 0.528125 0.02421875 0.05390625
0 0.33828125 0.48046875 0.046875 0.0609375
0 0.328125 0.54140625 0.028125 0.05859375
0 0.3015625 0.55625 0.03125 0.0609375
0 0.271875 0.5734375 0.0359375 0.065625
0 0.23359375 0.584375 0.0515625 0.08828125
0 0.3140625 0.49140625 0.05078125 0.065625
0 0.28671875 0.50390625 0.05390625 0.071875
0 0.25625 0.5171875 0.05859375 0.0765625
3 0.1140625 0.54609375 0.06484375 0.04296875
3 0.27734375 0.47109375 0.02109375 0.00703125
3 0.30859375 0.459375 0.0203125 0.00703125
3 0.39765625 0.475 0.0125 0.00703125
3 0.12890625 0.6140625 0.06171875 0.04921875
0 0.42734375 0.42265625 0.01484375 0.01015625
0 0.17578125 0.51484375 0.02890625 0.03671875
3 0.4109375 0.46953125 0.02734375 0.01015625
3 0.4296875 0.4609375 0.01796875 0.00859375
3 0.44296875 0.45390625 0.01796875 0.00703125
3 0.40859375 0.43125 0.0265625 0.01171875
0 0.39140625 0.43359375 0.00703125 0.0203125
0 0.37734375 0.43671875 0.009375 0.01875
0 0.3734375 0.4390625 0.01171875 0.021875
0 0.37578125 0.425 0.01015625 0.009375
0 0.36328125 0.43125 0.00859375 0.01171875
0 0.3640625 0.44453125 0.00859375 0.0203125
0 0.35546875 0.446875 0.01015625 0.01796875
0 0.34140625 0.44609375 0.01953125 0.015625
0 0.35 0.43359375 0.01796875 0.01171875
0 0.17265625 0.43203125 0.01171875 0.0234375
0 0.16796875 0.40546875 0.0140625 0.03125
0 0.14765625 0.44140625 0.01796875 0.03046875
0 0.12890625 0.4453125 0.02578125 0.03359375
0 0.10625 0.4515625 0.02890625 0.034375
0 0.078125 0.45546875 0.03671875 0.04140625
0 0.1390625 0.41015625 0.02578125 0.03515625
0 0.12109375 0.41484375 0.03359375 0.03671875
0 0.09765625 0.41875 0.0359375 0.03828125
0 0.1953125 0.34453125 0.02890625 0.0296875
0 0.184375 0.34609375 0.01328125 0.0296875
0 0.16015625 0.3484375 0.01328125 0.03125
0 0.13125 0.35078125 0.02421875 0.03203125
0 0.11328125 0.353125 0.0328125 0.03515625
0 0.0890625 0.35546875 0.034375 0.0359375
0 0.06171875 0.35703125 0.03828125 0.03671875
0 0.31484375 0.3421875 0.01953125 0.0234375
0 0.30703125 0.34296875 0.01328125 0.0234375
0 0.28203125 0.346875 0.01484375 0.0234375
0 0.29453125 0.34453125 0.01328125 0.0234375
0 0.29140625 0.321875 0.0171875 0.0234375
0 0.27578125 0.3234375 0.02265625 0.02421875
0 0.265625 0.3234375 0.0171875 0.025
0 0.24765625 0.325 0.02578125 0.02578125
0 0.26875 0.3484375 0.015625 0.02421875
0 0.2546875 0.35 0.01640625 0.02578125
0 0.23515625 0.35078125 0.0265625 0.028125
3 0.69765625 0.53046875 0.03984375 0.0265625