3 0.39765625 0.7359375 0.07265625 0.096875
3 0.65234375 0.39921875 0.04609375 0.02578125
3 0.63125 0.4078125 0.04921875 0.02890625
3 0.0328125 0.865625 0.06484375 0.13984375
3 0.3296875 0.6875 0.08828125 0.10625
3 0.39296875 0.640625 0.078125 0.0859375
3 0.45 0.60703125 0.06796875 0.07421875
3 0.4953125 0.465625 0.06328125 0.0484375
3 0.5296875 0.45078125 0.0625 0.04140625
3 0.56875 0.43671875 0.0515625 0.03515625
3 0.5671875 0.60390625 0.05234375 0.05390625
3 0.446875 0.6953125 0.06640625 0.08359375
3 0.0515625 0.95546875 0.103125 0.0859375
3 0.3078125 0.55078125 0.08359375 0.08671875
3 0.36875 0.5234375 0.08046875 0.0734375
3 0.50234375 0.65546875 0.06015625 0.0703125
0 0.63203125 0.48359375 0.028125 0.03671875
0 0.14453125 0.778125 0.08984375 0.1140625
3 0.59921875 0.58359375 0.04921875 0.03515625
3 0.63046875 0.5640625 0.02890625 0.03203125
3 0.64921875 0.54765625 0.02890625 0.02890625
3 0.60078125 0.51015625 0.04921875 0.0296875
0 0.578125 0.5203125 0.01328125 0.04296875
0 0.5578125 0.52890625 0.0296875 0.04140625
0 0.55078125 0.53359375 0.01875 0.05078125
0 0.5578125 0.4953125 0.03203125 0.04609375
0 0.5265625 0.51328125 0.03046875 0.0515625
0 0.534375 0.5515625 0.0140625 0.03984375
0 0.5109375 0.5578125 0.03203125 0.046875
0 0.49453125 0.56328125 0.034375 0.059375
0 0.51015625 0.52109375 0.034375 0.05390625
0 0.215625 0.5640625 0.05390625 0.0984375
0 0.16796875 0.58125 0.059375 0.10546875
0 0.115625 0.61484375 0.06875 0.08671875
0 0.103125 0.5390625 0.07578125 0.11015625
0 0.05546875 0.640625 0.0796875 0.090625
0 0.01640625 0.659375 0.0328125 0.08359375
0 0.040625 0.5578125 0.08046875 0.11953125
0 0.00703125 0.56796875 0.0140625 0.1109375
0 0.190625 0.37890625 0.06015625 0.084375
0 0.1359375 0.38671875 0.06953125 0.090625
0 0.07421875 0.3953125 0.08125 0.0984375
0 0.02578125 0.403125 0.0515625 0.103125
0 0.45703125 0.35703125 0.03984375 0.05390625
0 0.44296875 0.36171875 0.02421875 0.05625
0 0.3921875 0.37421875 0.03046875 0.05546875
0 0.41875 0.36875 0.02734375 0.053125
0 0.40859375 0.31640625 0.04375 0.05546875
0 0.3828125 0.31953125 0.04375 0.05859375
0 0.35234375 0.32265625 0.0484375 0.06171875
0 0.3203125 0.32578125 0.05078125 0.06484375
0 0.3625 0.37890625 0.03359375 0.05859375
0 0.33046875 0.38515625 0.0375 0.0609375
0 0.290625 0.38671875 0.0515625 0.07421875
3 0.7703125 0.54453125 0.04765625 0.04140625