3 0.4203125 0.6625 0.0640625 0.06171875
3 0.75078125 0.40625 0.0625 0.01796875
3 0.71796875 0.4078125 0.06484375 0.01796875
3 0.53515625 0.41953125 0.0609375 0.02421875
3 0.578125 0.4171875 0.06640625 0.02109375
3 0.628125 0.415625 0.06015625 0.0203125
3 0.10390625 0.7421875 0.12890625 0.0953125
3 0.33515625 0.43046875 0.06484375 0.03125
3 0.39765625 0.428125 0.059375 0.0296875
3 0.540625 0.63359375 0.0640625 0.053125
0 0.74296875 0.4953125 0.03828125 0.03515625
0 0.27578125 0.57578125 0.01953125 0.025
0 0.2515625 0.58359375 0.02109375 0.02578125
0 0.23359375 0.575 0.02265625 0.03671875
0 0.17890625 0.59296875 0.02734375 0.028125
0 0.21015625 0.58203125 0.02421875 0.02578125
3 0.6734375 0.6015625 0.0625 0.03515625
3 0.6015625 0.621875 0.06328125 0.03984375
3 0.7171875 0.5953125 0.04296875 0.028125
3 0.7484375 0.5875 0.0421875 0.025
3 0.4796875 0.54921875 0.06015625 0.046875
0 0.715625 0.50078125 0.015625 0.0390625
0 0.69140625 0.50234375 0.034375 0.03984375
0 0.6765625 0.50390625 0.03515625 0.04296875
0 0.69296875 0.46953125 0.0359375 0.0390625
0 0.571875 0.48359375 0.03203125 0.04609375
0 0.578125 0.52421875 0.01953125 0.03984375
0 0.55859375 0.528125 0.01953125 0.040625
0 0.53359375 0.52578125 0.03046875 0.0515625
0 0.55234375 0.4859375 0.03359375 0.046875
0 0.49765625 0.29140625 0.02421875 0.046875
0 0.4734375 0.2890625 0.025 0.046875
0 0.42109375 0.2859375 0.028125 0.05
0 0.44765625 0.2875 0.02578125 0.04921875
0 0.446875 0.2390625 0.0265625 0.05078125
0 0.4203125 0.2359375 0.02890625 0.053125
0 0.39140625 0.2328125 0.0296875 0.0546875
0 0.36171875 0.22890625 0.03203125 0.05625
0 0.39296875 0.28359375 0.02890625 0.05078125
0 0.36328125 0.28125 0.03125 0.0515625
0 0.3328125 0.27890625 0.03359375 0.05546875
0 0.25546875 0.25 0.046875 0.059375
0 0.2140625 0.24609375 0.04296875 0.0609375
0 0.1734375 0.24296875 0.0453125 0.06328125
0 0.13125 0.23828125 0.0484375 0.065625
0 0.08671875 0.234375 0.05234375 0.06796875
0 0.0390625 0.23046875 0.05546875 0.06953125
0 0.009375 0.228125 0.01875 0.06875
0 0.26328125 0.41796875 0.04453125 0.05625
0 0.2265625 0.41953125 0.0453125 0.05703125
0 0.1859375 0.421875 0.04296875 0.05546875
0 0.18828125 0.365625 0.05859375 0.05625
0 0.14609375 0.4234375 0.04609375 0.05859375
0 0.10390625 0.42578125 0.05 0.06015625
0 0.059375 0.4265625 0.05234375 0.0609375
0 0.0203125 0.42734375 0.040625 0.065625
0 0.140625 0.365625 0.046875 0.05859375
0 0.09765625 0.36484375 0.05078125 0.0609375
0 0.0515625 0.36484375 0.05390625 0.06328125
3 0.38828125 0.5140625 0.03046875 0.01875
3 0.578125 0.390625 0.03046875 0.00859375
3 0.55625 0.390625 0.03125 0.00859375
3 0.2421875 0.47265625 0.04453125 0.015625
3 0.3546875 0.4640625 0.03203125 0.0140625
3 0.3875 0.4609375 0.03046875 0.01328125
3 0.41796875 0.459375 0.02734375 0.01328125
3 0.44765625 0.39453125 0.02421875 0.01015625
3 0.47109375 0.39453125 0.03046875 0.009375
3 0.4984375 0.39375 0.02734375 0.00859375
3 0.49921875 0.50078125 0.02421875 0.015625
3 0.41640625 0.51015625 0.03046875 0.01875
3 0.24921875 0.53046875 0.04296875 0.021875
3 0.34765625 0.396875 0.02734375 0.0109375
3 0.37578125 0.396875 0.0265625 0.01015625
3 0.453125 0.50625 0.0296875 0.01640625
0 0.55859375 0.446875 0.01484375 0.009375
0 0.28515625 0.46875 0.0171875 0.0109375
3 0.52890625 0.49609375 0.01328125 0.009375
3 0.5890625 0.4921875 0.00234375 0.00859375
3 0.53515625 0.45 0.025 0.009375
0 0.50703125 0.4515625 0.00625 0.00859375
0 0.49375 0.453125 0.00703125 0.009375
0 0.4828125 0.453125 0.01328125 0.01015625
0 0.49140625 0.42109375 0.01171875 0.009375
0 0.46875 0.42265625 0.01328125 0.00859375
0 0.4703125 0.4546875 0.01015625 0.009375
0 0.459375 0.45546875 0.01015625 0.01015625
0 0.446875 0.45625 0.01328125 0.01015625
0 0.4578125 0.4234375 0.0140625 0.009375
0 0.315625 0.39140625 0.01640625 0.0234375
0 0.30703125 0.39140625 0.00234375 0.0234375
0 0.284375 0.3921875 0.01328125 0.0234375
0 0.2828125 0.36796875 0.01328125 0.0234375
0 0.26953125 0.38515625 0.015625 0.009375
0 0.25390625 0.38515625 0.01640625 0.009375
0 0.23828125 0.38515625 0.01640625 0.009375
0 0.2234375 0.38515625 0.01328125 0.009375
0 0.26875 0.36796875 0.01640625 0.0234375
0 0.253125 0.36796875 0.0171875 0.0234375
0 0.23671875 0.36875 0.0171875 0.02421875
0 0.28046875 0.31875 0.01328125 0.0234375
0 0.26640625 0.31796875 0.01640625 0.0234375
0 0.25078125 0.31796875 0.0171875 0.0234375
0 0.234375 0.3171875 0.01796875 0.0234375
0 0.21796875 0.31640625 0.01796875 0.02421875
0 0.42421875 0.33828125 0.01171875 0.0109375
0 0.41171875 0.3375 0.0125 0.01171875
0 0.38671875 0.33671875 0.01328125 0.01171875
0 0.39921875 0.33671875 0.0125 0.0109375
0 0.3734375 0.33671875 0.01328125 0.01171875
0 0.36015625 0.3359375 0.01328125 0.0109375
0 0.346875 0.3359375 0.01328125 0.01171875
3 0.971875 0.7140625 0.05546875 0.078125
3 0.64765625 0.4921875 0.021875 0.0140625