3 0.39140625 0.7546875 0.07734375 0.0390625
3 0.646875 0.559375 0.0375 0.01484375
3 0.6234375 0.55390625 0.0453125 0.015625
3 0.040625 0.62421875 0.08046875 0.03046875
3 0.3359375 0.63125 0.08046875 0.0234375
3 0.4046875 0.6328125 0.05859375 0.01953125
3 0.459375 0.634375 0.05078125 0.01875
3 0.49921875 0.52421875 0.05234375 0.02109375
3 0.53515625 0.53359375 0.04296875 0.01953125
3 0.56796875 0.54140625 0.040625 0.01796875
3 0.57265625 0.7234375 0.0546875 0.0234375
3 0.4453125 0.74453125 0.06953125 0.034375
3 0.0328125 0.815625 0.065625 0.06328125
3 0.3375 0.48046875 0.06484375 0.03671875
3 0.39296875 0.49375 0.05390625 0.03203125
3 0.50390625 0.7359375 0.06328125 0.02890625
0 0.63203125 0.63125 0.02734375 0.0265625
0 0.1625 0.60859375 0.08125 0.0640625
3 0.60703125 0.71875 0.05078125 0.01875
3 0.63359375 0.7140625 0.04296875 0.01640625
3 0.659375 0.7109375 0.0296875 0.015625
3 0.60546875 0.6390625 0.04140625 0.01015625
0 0.57890625 0.62890625 0.0125 0.03125
0 0.56640625 0.628125 0.01328125 0.03359375
0 0.55078125 0.6265625 0.01796875 0.03359375
0 0.55703125 0.5953125 0.0296875 0.03359375
0 0.534375 0.59140625 0.0140625 0.03515625
0 0.53515625 0.6265625 0.0140625 0.034375
0 0.5203125 0.62578125 0.01484375 0.0359375
0 0.49609375 0.625 0.03203125 0.03671875
0 0.51171875 0.590625 0.03203125 0.0359375
0 0.26328125 0.45078125 0.03828125 0.05546875
0 0.2265625 0.44140625 0.04140625 0.05859375
0 0.18671875 0.43046875 0.04609375 0.0609375
0 0.1921875 0.37890625 0.04609375 0.06484375
0 0.1421875 0.41875 0.05234375 0.065625
0 0.09296875 0.40625 0.059375 0.06953125
0 0.0375 0.39140625 0.06640625 0.075
0 0.00703125 0.38203125 0.01328125 0.065625
0 0.14921875 0.3640625 0.05078125 0.06953125
0 0.10078125 0.3484375 0.05859375 0.0734375
0 0.046875 0.33125 0.06484375 0.07890625
0 0.27734375 0.30546875 0.03515625 0.05390625
0 0.24296875 0.2890625 0.03828125 0.05625
0 0.20625 0.27265625 0.0421875 0.06015625
0 0.165625 0.253125 0.04765625 0.0640625
0 0.11953125 0.23125 0.053125 0.06875
0 0.0703125 0.20859375 0.05859375 0.071875
0 0.02421875 0.184375 0.04765625 0.07421875
0 0.4734375 0.41171875 0.0171875 0.03671875
0 0.45546875 0.40390625 0.01796875 0.0390625
0 0.415625 0.38671875 0.02109375 0.04140625
0 0.43671875 0.39609375 0.01953125 0.03984375
0 0.43671875 0.36171875 0.01953125 0.04375
0 0.4171875 0.3515625 0.02109375 0.0453125
0 0.3953125 0.340625 0.02265625 0.0484375
0 0.3671875 0.32890625 0.034375 0.05
0 0.39375 0.3765625 0.0234375 0.04375
0 0.3703125 0.36640625 0.02578125 0.0453125
0 0.34140625 0.3546875 0.03515625 0.0484375
3 0.78203125 0.690625 0.05 0.01640625