3 0.003125 0.746875 0.00546875 0.0234375
0 0.00234375 0.18359375 0.0046875 0.06015625
0 0.0015625 0.25625 0.003125 0.034375
0 0.0078125 0.28125 0.01328125 0.046875
0 0.02109375 0.30078125 0.00078125 0.0109375
0 0.0234375 0.3109375 0.0046875 0.028125
0 0.0265625 0.32578125 0.0046875 0.02578125
0 0.03046875 0.3390625 0.00390625 0.02421875
0 0.0328125 0.35078125 0.00390625 0.021875
0 0.0359375 0.3609375 0.003125 0.021875
0 0.00234375 0.45390625 0.00390625 0.03046875
0 0.0046875 0.4609375 0.0078125 0.03984375
0 0.00859375 0.4328125 0.00859375 0.03046875
0 0.009375 0.46796875 0.0078125 0.03828125
0 0.01328125 0.475 0.00703125 0.03515625
0 0.0171875 0.48046875 0.00703125 0.03359375
0 0.02109375 0.48671875 0.00625 0.03203125
0 0.0140625 0.43359375 0.00859375 0.04453125
0 0.01796875 0.43828125 0.00859375 0.046875
0 0.021875 0.44609375 0.0078125 0.04453125
3 0.48828125 0.71875 0.05703125 0.0296875
3 0.9265625 0.41171875 0.1453125 0.071875
3 0.384375 0.62578125 0.03203125 0.01015625
3 0.45234375 0.62734375 0.04765625 0.0140625
3 0.4875 0.62890625 0.05546875 0.01484375
3 0.521875 0.6296875 0.0609375 0.01640625
3 0.55859375 0.50625 0.04140625 0.025
3 0.61015625 0.49453125 0.06171875 0.0296875
3 0.68125 0.478125 0.0828125 0.03515625
3 0.70078125 0.7796875 0.090625 0.0609375
3 0.52421875 0.728125 0.06328125 0.03359375
3 0.38828125 0.69140625 0.04140625 0.01875
3 0.44375 0.5328125 0.03203125 0.01796875
3 0.47734375 0.5265625 0.0546875 0.0203125
3 0.578125 0.74375 0.0734375 0.04140625
0 0.95078125 0.621875 0.096875 0.08046875
0 0.41015625 0.61796875 0.0234375 0.028125
3 0.82421875 0.81328125 0.12109375 0.08359375
3 0.94140625 0.84375 0.115625 0.09453125
3 0.8171875 0.64140625 0.1140625 0.02890625
0 0.7 0.61953125 0.0453125 0.05390625
0 0.6640625 0.61953125 0.03046875 0.0515625
0 0.6359375 0.61875 0.02734375 0.04921875
0 0.66875 0.56796875 0.04296875 0.05078125
0 0.61015625 0.5734375 0.03828125 0.0453125
0 0.6078125 0.61875 0.03203125 0.0453125
0 0.58125 0.61875 0.02109375 0.04375
0 0.56171875 0.61875 0.01953125 0.04296875
0 0.58046875 0.57578125 0.0203125 0.04375
0 0.43359375 0.53046875 0.02734375 0.028125
0 0.415625 0.5328125 0.00859375 0.0265625
0 0.40703125 0.53515625 0.00859375 0.02578125
0 0.415625 0.51015625 0.02578125 0.028125
0 0.3984375 0.5375 0.0078125 0.025
0 0.390625 0.53984375 0.0078125 0.02421875
0 0.38359375 0.54140625 0.00703125 0.02421875
0 0.3765625 0.54296875 0.00703125 0.0234375
0 0.39921875 0.51328125 0.0078125 0.02578125
0 0.39140625 0.515625 0.00703125 0.02578125
0 0.384375 0.51796875 0.00703125 0.025
0 0.43359375 0.44765625 0.021875 0.02890625
0 0.41796875 0.4515625 0.00859375 0.02578125
0 0.409375 0.45625 0.0078125 0.025
0 0.4015625 0.46015625 0.0078125 0.02421875
0 0.39375 0.4640625 0.00703125 0.02421875
0 0.38671875 0.46796875 0.00703125 0.0234375
0 0.3796875 0.471875 0.00703125 0.0234375
0 0.53515625 0.409375 0.03203125 0.0359375
0 0.51171875 0.4171875 0.01484375 0.0359375
0 0.484375 0.43046875 0.01171875 0.03203125
0 0.496875 0.4234375 0.01328125 0.034375
0 0.50546875 0.39375 0.03046875 0.03671875
0 0.484375 0.40078125 0.01171875 0.03671875
0 0.471875 0.40703125 0.01171875 0.03515625
0 0.46015625 0.4140625 0.01015625 0.03359375
0 0.471875 0.4359375 0.01171875 0.03125
0 0.46015625 0.44140625 0.0109375 0.0296875
0 0.44921875 0.446875 0.01015625 0.03046875