3 0.01796875 0.96484375 0.0359375 0.06875
3 0.02890625 0.7859375 0.02109375 0.065625
0 0.003125 0.7984375 0.00625 0.028125
0 0.00703125 0.7609375 0.003125 0.0109375
3 0.48046875 0.621875 0.05078125 0.05390625
3 0.959375 0.640625 0.08046875 0.09609375
3 0.87578125 0.609375 0.11484375 0.1
3 0.36875 0.4921875 0.0390625 0.03046875
3 0.4453125 0.5375 0.05 0.04375
3 0.4796875 0.553125 0.05234375 0.0484375
3 0.5140625 0.57421875 0.0546875 0.0546875
3 0.56484375 0.4953125 0.06015625 0.05
3 0.61015625 0.51171875 0.06875 0.05546875
3 0.67109375 0.53828125 0.071875 0.06015625
3 0.659375 0.74921875 0.06796875 0.09296875
3 0.5140625 0.64453125 0.05390625 0.06015625
3 0.3765625 0.55078125 0.04140625 0.0359375
3 0.43984375 0.45078125 0.0515625 0.03515625
3 0.46640625 0.4609375 0.05390625 0.0390625
3 0.56171875 0.68125 0.05859375 0.0703125
0 0.85546875 0.746875 0.07265625 0.10390625
0 0.3953125 0.50078125 0.02421875 0.03828125
3 0.73828125 0.8046875 0.075 0.11328125
3 0.81953125 0.85859375 0.09140625 0.134375
3 0.91875 0.921875 0.1171875 0.15390625
3 0.75703125 0.703125 0.0796875 0.096875
0 0.671875 0.64453125 0.0359375 0.0734375
0 0.64765625 0.63828125 0.03515625 0.05703125
0 0.62109375 0.61953125 0.02578125 0.065625
0 0.65078125 0.59609375 0.0359375 0.06640625
0 0.5984375 0.571875 0.0328125 0.06015625
0 0.596875 0.609375 0.0328125 0.053125
0 0.571875 0.60390625 0.01953125 0.04296875
0 0.55390625 0.58515625 0.01953125 0.05703125
0 0.57890625 0.5625 0.03125 0.05859375
0 0.415625 0.43125 0.028125 0.03828125
0 0.40234375 0.4265625 0.021875 0.03671875
0 0.38671875 0.4265625 0.0109375 0.02890625
0 0.39375 0.396875 0.02734375 0.03359375
0 0.37734375 0.4234375 0.01015625 0.028125
0 0.36796875 0.41953125 0.01015625 0.028125
0 0.35859375 0.41640625 0.009375 0.0265625
0 0.35078125 0.41171875 0.009375 0.02890625
0 0.38359375 0.39453125 0.02578125 0.03359375
0 0.3734375 0.39140625 0.025 0.03203125
0 0.3640625 0.3890625 0.02421875 0.03125
0 0.41328125 0.34453125 0.02890625 0.034375
0 0.39765625 0.34296875 0.0203125 0.03359375
0 0.38984375 0.340625 0.025 0.03359375
0 0.38046875 0.3390625 0.0265625 0.03125
0 0.36953125 0.3375 0.0234375 0.03046875
0 0.36171875 0.3359375 0.02578125 0.03046875
0 0.353125 0.334375 0.025 0.0296875
0 0.53125 0.3796875 0.0328125 0.04453125
0 0.51328125 0.3765625 0.03203125 0.04375
0 0.47421875 0.37265625 0.01484375 0.0359375
0 0.48984375 0.37578125 0.015625 0.03671875
0 0.49765625 0.33828125 0.03203125 0.03984375
0 0.48125 0.3359375 0.03046875 0.0390625
0 0.465625 0.334375 0.02890625 0.03828125
0 0.453125 0.33203125 0.0296875 0.03671875
0 0.459375 0.36953125 0.01484375 0.03515625
0 0.44609375 0.3671875 0.01328125 0.034375
0 0.4328125 0.3625 0.01328125 0.0359375