2 0.58515625 0.77578125 0.45390625 0.44609375
3 0.9046875 0.43203125 0.04765625 0.0140625
3 0.92109375 0.42890625 0.05390625 0.01640625
3 0.99609375 0.41875 0.00625 0.025
3 0.98125 0.42109375 0.03046875 0.02578125
3 0.95703125 0.4265625 0.01875 0.01953125
3 0.9953125 0.73984375 0.00859375 0.03359375
0 0.90390625 0.52109375 0.01640625 0.03359375
0 0.9078125 0.52890625 0.0078125 0.03671875
0 0.9296875 0.53203125 0.03828125 0.0390625
0 0.94609375 0.53828125 0.05625 0.0453125
0 0.93828125 0.496875 0.053125 0.03984375
0 0.99609375 0.51640625 0.00703125 0.0546875
0 0.99453125 0.5703125 0.01015625 0.05703125
3 0.88515625 0.609375 0.01484375 0.025
3 0.8984375 0.62578125 0.0171875 0.0296875
3 0.97265625 0.7015625 0.05390625 0.05859375
3 0.93203125 0.6484375 0.05234375 0.040625
3 0.44140625 0.6734375 0.07421875 0.053125
3 0.596875 0.43828125 0.02890625 0.009375
3 0.5859375 0.43671875 0.03203125 0.0109375
3 0.51015625 0.4328125 0.053125 0.015625
3 0.54453125 0.434375 0.01640625 0.0140625
3 0.55703125 0.4359375 0.025 0.01328125
3 0.090625 0.9109375 0.18046875 0.17578125
3 0.39453125 0.42109375 0.0828125 0.0265625
3 0.44609375 0.425 0.05234375 0.021875
0 0.59765625 0.50078125 0.01875 0.0234375
0 0.31875 0.59921875 0.02890625 0.02578125
0 0.3015625 0.60859375 0.03203125 0.02890625
0 0.26953125 0.60625 0.03203125 0.04453125
0 0.20546875 0.6390625 0.03828125 0.0359375
0 0.23828125 0.621875 0.034375 0.03203125
3 0.603125 0.559375 0.0171875 0.00625
3 0.48203125 0.54765625 0.06484375 0.03046875
0 0.58984375 0.50390625 0.00390625 0.025
0 0.5796875 0.50625 0.01640625 0.025
0 0.5703125 0.50703125 0.0234375 0.0265625
0 0.5765625 0.48125 0.02265625 0.025
0 0.5296875 0.48984375 0.02421875 0.03359375
0 0.5375 0.521875 0.0078125 0.03203125
0 0.52890625 0.52421875 0.00859375 0.034375
0 0.50859375 0.5265625 0.03203125 0.03828125
0 0.51796875 0.49140625 0.03046875 0.034375
0 0.49921875 0.31796875 0.01171875 0.040625
0 0.48671875 0.3109375 0.0125 0.04375
0 0.4578125 0.29453125 0.015625 0.04921875
0 0.4734375 0.303125 0.0140625 0.0453125
0 0.4734375 0.2625 0.0140625 0.05078125
0 0.4578125 0.2515625 0.015625 0.05390625
0 0.440625 0.23984375 0.01796875 0.059375
0 0.4078125 0.2265625 0.04765625 0.06328125
0 0.440625 0.2859375 0.0171875 0.0515625
0 0.421875 0.27578125 0.01953125 0.05625
0 0.38671875 0.26328125 0.05078125 0.0609375
0 0.33515625 0.20234375 0.03359375 0.0765625
0 0.3 0.18046875 0.0390625 0.0859375
0 0.2578125 0.1546875 0.046875 0.09609375
0 0.20703125 0.1234375 0.0578125 0.11015625
0 0.14453125 0.08515625 0.07109375 0.12578125
0 0.0671875 0.05625 0.0890625 0.11171875
0 0.0125 0.0328125 0.025 0.065625
0 0.3359375 0.396875 0.0328125 0.065625
0 0.30078125 0.39140625 0.03828125 0.071875
0 0.26015625 0.38671875 0.04609375 0.07890625
0 0.2578125 0.3125 0.04609375 0.0859375
0 0.21015625 0.3796875 0.05703125 0.08671875
0 0.14921875 0.37109375 0.06953125 0.0984375
0 0.0734375 0.3609375 0.08828125 0.11171875
0 0.0171875 0.3546875 0.034375 0.11484375
0 0.2078125 0.2984375 0.05703125 0.09609375
0 0.14609375 0.28046875 0.0703125 0.11015625
0 0.06328125 0.2578125 0.10234375 0.1265625
3 0.23984375 0.58671875 0.053125 0.02578125
3 0.01171875 0.54765625 0.02265625 0.0234375
3 0.19765625 0.525 0.05390625 0.0203125
3 0.2390625 0.51875 0.05390625 0.01875
3 0.27890625 0.51328125 0.04453125 0.015625
3 0.3703125 0.553125 0.0359375 0.015625
3 0.27734375 0.5765625 0.046875 0.02109375
3 0.01875 0.63671875 0.02578125 0.015625
3 0.3171875 0.56640625 0.03828125 0.0203125
0 0.41796875 0.490625 0.01796875 0.01796875
0 0.078125 0.52890625 0.05078125 0.03984375
3 0.39765625 0.546875 0.02890625 0.01171875
3 0.41875 0.5421875 0.02265625 0.01171875
3 0.43515625 0.53671875 0.02109375 0.009375
3 0.39609375 0.4984375 0.0296875 0.00859375
0 0.3703125 0.49609375 0.00078125 0.02109375
0 0.36328125 0.496875 0.01171875 0.0203125
0 0.353125 0.4984375 0.0140625 0.021875
0 0.359375 0.4765625 0.01953125 0.0203125
0 0.33984375 0.48203125 0.01015625 0.0109375
0 0.3453125 0.49921875 0.00078125 0.0203125
0 0.3296875 0.5015625 0.0109375 0.0234375
0 0.3125 0.5015625 0.021875 0.02421875
0 0.32421875 0.47890625 0.021875 0.021875
0 0.0078125 0.28828125 0.01484375 0.021875
0 0.28984375 0.35625 0.01328125 0.0046875
3 0.75 0.5765625 0.05546875 0.02421875
3 0.490625 0.5234375 0.0015625 0.00703125