3 0.02578125 0.7828125 0.0515625 0.05625
3 0.04296875 0.34921875 0.05234375 0.0859375
3 0.0171875 0.28984375 0.03359375 0.1015625
3 0.06171875 0.71953125 0.07578125 0.03125
3 0.09140625 0.4671875 0.01015625 0.034375
3 0.075 0.44453125 0.0265625 0.0453125
0 0.06171875 0.61875 0.02734375 0.01328125
0 0.075 0.6140625 0.02734375 0.02109375
0 0.090625 0.61875 0.00625 0.0109375
3 0.0234375 0.61171875 0.04609375 0.03203125
0 0.0578125 0.1609375 0.01171875 0.03671875
0 0.0734375 0.21484375 0.00390625 0.03125
0 0.08359375 0.259375 0.00703125 0.03671875
0 0.078125 0.23515625 0.0078125 0.04296875
0 0.075 0.19375 0.02578125 0.0890625
0 0.0875 0.22578125 0.01015625 0.06953125
0 0.0921875 0.2484375 0.009375 0.065625
0 0.096875 0.26875 0.00859375 0.06171875
0 0.08828125 0.28125 0.00625 0.034375
0 0.09296875 0.3 0.00546875 0.03125
0 0.096875 0.31640625 0.0046875 0.02890625
0 0.103125 0.33671875 0.00859375 0.03515625
0 0.1125 0.359375 0.00234375 0.01875
0 0.11484375 0.36953125 0.00234375 0.01640625
0 0.1171875 0.37890625 0.00234375 0.015625
0 0.11875 0.38828125 0.00234375 0.015625
0 0.12109375 0.39765625 0.00234375 0.0140625
0 0.090625 0.4515625 0.00546875 0.01171875
0 0.1 0.478125 0.0046875 0.02890625
0 0.08125 0.44140625 0.046875 0.05390625
0 0.10234375 0.484375 0.00546875 0.028125
0 0.10546875 0.490625 0.0046875 0.0265625
0 0.1078125 0.49609375 0.00390625 0.025
0 0.11015625 0.5 0.00390625 0.02421875
0 0.10546875 0.46015625 0.00546875 0.0296875
0 0.10859375 0.46171875 0.00546875 0.0390625
0 0.1109375 0.46796875 0.00546875 0.03671875
3 0.49609375 0.70234375 0.0515625 0.0234375
3 0.9625 0.36875 0.0734375 0.06171875
3 0.8640625 0.4 0.12734375 0.0703125
3 0.40703125 0.62109375 0.02734375 0.00859375
3 0.46796875 0.61875 0.046875 0.01171875
3 0.4875 0.61875 0.034375 0.01328125
3 0.521875 0.61875 0.05234375 0.01484375
3 0.55859375 0.503125 0.04609375 0.025
3 0.596875 0.49140625 0.05078125 0.02890625
3 0.65859375 0.4734375 0.07265625 0.03515625
3 0.67890625 0.7484375 0.090625 0.046875
3 0.5265625 0.709375 0.0578125 0.0265625
3 0.41171875 0.68125 0.0375 0.01484375
3 0.4578125 0.53359375 0.02890625 0.01640625
3 0.4859375 0.5265625 0.0484375 0.01875
3 0.57265625 0.721875 0.06796875 0.03203125
0 0.89609375 0.590625 0.10078125 0.0734375
0 0.4296875 0.6125 0.0203125 0.025
3 0.78046875 0.775 0.11328125 0.06484375
3 0.89921875 0.80546875 0.146875 0.0859375
3 0.984375 0.821875 0.03046875 0.06875
3 0.77734375 0.615625 0.109375 0.0234375
0 0.6765625 0.60078125 0.04453125 0.05
0 0.6421875 0.60234375 0.02578125 0.046875
0 0.61953125 0.60390625 0.02265625 0.04453125
0 0.64921875 0.55625 0.0421875 0.0484375
0 0.59921875 0.5640625 0.0375 0.04296875
0 0.5953125 0.60546875 0.02734375 0.04140625
0 0.5734375 0.60625 0.01796875 0.03984375
0 0.55625 0.60625 0.01640625 0.0390625
0 0.57265625 0.56640625 0.0171875 0.040625
0 0.45 0.53203125 0.02421875 0.02578125
0 0.43359375 0.534375 0.00703125 0.025
0 0.4265625 0.5375 0.00703125 0.0234375
0 0.434375 0.5140625 0.021875 0.025
0 0.41953125 0.5390625 0.00703125 0.0234375
0 0.41328125 0.54140625 0.00625 0.021875
0 0.40703125 0.54375 0.00546875 0.02109375
0 0.4015625 0.54609375 0.00546875 0.02109375
0 0.4203125 0.5171875 0.00703125 0.025
0 0.41328125 0.5203125 0.00625 0.02421875
0 0.4078125 0.52265625 0.00546875 0.0234375
0 0.4484375 0.45625 0.01875 0.025
0 0.43515625 0.46015625 0.00703125 0.02421875
0 0.428125 0.4640625 0.00703125 0.0234375
0 0.421875 0.46875 0.00703125 0.0234375
0 0.41484375 0.4734375 0.00625 0.021875
0 0.409375 0.4765625 0.00546875 0.02109375
0 0.403125 0.48046875 0.00546875 0.02109375
0 0.5359375 0.41640625 0.03046875 0.03359375
0 0.5140625 0.42421875 0.01171875 0.03359375
0 0.49140625 0.4375 0.01015625 0.03046875
0 0.50234375 0.43125 0.0109375 0.03046875
0 0.5109375 0.40390625 0.028125 0.03515625
0 0.49140625 0.4109375 0.01015625 0.034375
0 0.48125 0.41796875 0.01015625 0.03203125
0 0.47109375 0.42421875 0.00859375 0.03125
0 0.48046875 0.44375 0.009375 0.0296875
0 0.47109375 0.44921875 0.00859375 0.028125
0 0.46171875 0.45390625 0.00859375 0.0265625