2 0.33125 0.50078125 0.0359375 0.10546875
3 0.15703125 0.659375 0.06875 0.05703125
3 0.2078125 0.50234375 0.0421875 0.0234375
3 0.16015625 0.54453125 0.06328125 0.02578125
3 0.1453125 0.56796875 0.07265625 0.03671875
3 0.134375 0.596875 0.059375 0.04453125
3 0.07265625 0.4953125 0.125 0.03671875
3 0.05078125 0.521875 0.1015625 0.05703125
3 0.0140625 0.546875 0.028125 0.04453125
3 0.21328125 0.56328125 0.040625 0.02890625
3 0.16015625 0.45 0.059375 0.0203125
3 0.140625 0.4609375 0.0734375 0.028125
3 0.1 0.75625 0.08984375 0.07890625
0 0.0484375 0.61328125 0.08671875 0.08046875
0 0.0546875 0.665625 0.08515625 0.084375
0 0.1015625 0.63828125 0.01953125 0.06328125
0 0.11484375 0.62109375 0.01953125 0.05859375
0 0.06953125 0.590625 0.07421875 0.06171875
0 0.08515625 0.34921875 0.06796875 0.04921875
0 0.12265625 0.35078125 0.01640625 0.04453125
0 0.14375 0.353125 0.0125 0.0390625
0 0.13359375 0.3515625 0.01328125 0.040625
0 0.10703125 0.309375 0.059375 0.04609375
0 0.13984375 0.31328125 0.01328125 0.040625
0 0.1484375 0.315625 0.01171875 0.0390625
0 0.15703125 0.31796875 0.0109375 0.03671875
0 0.15234375 0.353125 0.01171875 0.03671875
0 0.16015625 0.35390625 0.01015625 0.03515625
0 0.16796875 0.35390625 0.009375 0.03359375
0 0.1734375 0.34140625 0.0234375 0.03125
0 0.18671875 0.34296875 0.00703125 0.0296875
0 0.1921875 0.34375 0.00703125 0.028125
0 0.196875 0.34453125 0.00625 0.028125
0 0.2015625 0.34453125 0.00625 0.0265625
0 0.20546875 0.3453125 0.00546875 0.02578125
0 0.209375 0.34609375 0.00546875 0.025
0 0.175 0.43203125 0.0375 0.02890625
0 0.18203125 0.43046875 0.0328125 0.0296875
0 0.2 0.428125 0.00625 0.02890625
0 0.18359375 0.4015625 0.034375 0.02890625
0 0.2046875 0.42578125 0.00546875 0.028125
0 0.20859375 0.4234375 0.00546875 0.0265625
0 0.2125 0.421875 0.0046875 0.025
0 0.215625 0.41953125 0.0046875 0.025
0 0.18984375 0.39921875 0.03046875 0.0265625
0 0.19453125 0.3984375 0.02890625 0.02578125
0 0.2 0.396875 0.02578125 0.02421875
3 0.05390625 0.865625 0.096875 0.13125
3 0.4890625 0.578125 0.0390625 0.03203125
3 0.796875 0.5703125 0.16484375 0.0984375
3 0.70234375 0.52734375 0.12109375 0.06796875
3 0.52734375 0.4515625 0.05546875 0.02421875
3 0.54921875 0.4609375 0.05859375 0.0296875
3 0.57734375 0.4765625 0.06328125 0.0359375
3 0.44765625 0.52265625 0.02734375 0.01953125
3 0.47109375 0.428125 0.03984375 0.015625
3 0.48125 0.43359375 0.04296875 0.01640625
3 0.51953125 0.6296875 0.04140625 0.0484375
0 0.75703125 0.7515625 0.08671875 0.1203125
0 0.4671875 0.48984375 0.01015625 0.00703125
0 0.4625 0.48828125 0.0078125 0.00859375
0 0.4640625 0.48125 0.01015625 0.009375
0 0.45546875 0.48046875 0.009375 0.00703125
3 0.61328125 0.76796875 0.065625 0.08984375
3 0.55625 0.67734375 0.0609375 0.0546875
3 0.6765625 0.84375 0.10546875 0.12109375
3 0.7546875 0.92890625 0.13984375 0.13984375
3 0.496875 0.52890625 0.0390625 0.0296875
0 0.67734375 0.67421875 0.06015625 0.0890625
0 0.65234375 0.65703125 0.0546875 0.06875
0 0.61640625 0.634375 0.021875 0.0703125
0 0.6546875 0.60234375 0.05546875 0.0765625
0 0.5421875 0.51953125 0.03359375 0.04453125
0 0.54140625 0.55546875 0.03359375 0.040625
0 0.52109375 0.546875 0.00859375 0.0390625
0 0.5125 0.53828125 0.0078125 0.0390625
0 0.53203125 0.5125 0.03125 0.04140625
0 0.509375 0.35390625 0.02890625 0.03203125
0 0.49140625 0.35390625 0.00625 0.03046875
0 0.47890625 0.35546875 0.00546875 0.0265625
0 0.48515625 0.35546875 0.00546875 0.02890625
0 0.4953125 0.325 0.0265625 0.0296875
0 0.47890625 0.3265625 0.00546875 0.02890625
0 0.4734375 0.328125 0.00546875 0.028125
0 0.46875 0.32890625 0.0046875 0.0265625
0 0.4734375 0.35546875 0.0046875 0.02578125
0 0.46875 0.35546875 0.0046875 0.02578125
0 0.4640625 0.35625 0.00390625 0.025
0 0.45859375 0.346875 0.01328125 0.0234375
0 0.45 0.346875 0.00390625 0.021875
0 0.44609375 0.346875 0.003125 0.021875
0 0.44296875 0.34765625 0.003125 0.02109375
0 0.43984375 0.3484375 0.003125 0.0203125
0 0.43671875 0.3484375 0.00234375 0.01953125
0 0.434375 0.34921875 0.0046875 0.0203125
0 0.46328125 0.41328125 0.02109375 0.01640625
0 0.4578125 0.41484375 0.01796875 0.021875
0 0.446875 0.4140625 0.003125 0.02109375
0 0.4546875 0.39296875 0.01953125 0.021875
0 0.44375 0.4125 0.003125 0.02109375
0 0.440625 0.4109375 0.003125 0.0203125
0 0.4375 0.41015625 0.003125 0.0203125
0 0.434375 0.40859375 0.00234375 0.01953125
0 0.44609375 0.39140625 0.00859375 0.0203125
0 0.44609375 0.390625 0.01484375 0.0203125
0 0.4375 0.390625 0.00234375 0.01953125
3 0.99765625 0.46875 0.003125 0.01640625
3 0.9609375 0.4609375 0.07734375 0.03046875
3 0.60234375 0.45390625 0.02109375 0.009375
3 0.65546875 0.4734375 0.03515625 0.01640625
3 0.6796875 0.48046875 0.03828125 0.01875
3 0.70390625 0.4890625 0.04140625 0.01953125
3 0.74453125 0.428125 0.0484375 0.015625
3 0.77734375 0.43359375 0.05546875 0.01796875
3 0.81875 0.440625 0.05546875 0.0203125
3 0.65625 0.41484375 0.0359375 0.0109375
3 0.675 0.41796875 0.03828125 0.01171875
0 0.9578125 0.5640625 0.06015625 0.04921875
0 0.6171875 0.45625 0.01015625 0.01953125
3 0.890625 0.6359375 0.0359375 0.01953125
3 0.9375 0.659375 0.0796875 0.05625
3 0.9796875 0.6859375 0.0390625 0.046875
3 0.89453125 0.55390625 0.059375 0.025
0 0.82109375 0.51875 0.03359375 0.0359375
0 0.8015625 0.51484375 0.03046875 0.03125
0 0.7796875 0.5078125 0.01875 0.03203125
0 0.8046875 0.48671875 0.03203125 0.034375
0 0.7671875 0.4765625 0.02890625 0.03046875
0 0.76484375 0.503125 0.02890625 0.028125
0 0.74453125 0.4984375 0.01484375 0.028125
0 0.73125 0.49296875 0.0140625 0.0296875
0 0.75234375 0.47265625 0.02578125 0.02890625
0 0.63984375 0.40625 0.0171875 0.01875
0 0.62265625 0.4046875 0.00078125 0.01640625
0 0.61875 0.40390625 0.00703125 0.01796875
0 0.6125 0.40390625 0.00625 0.01640625
0 0.60625 0.403125 0.00546875 0.01640625
0 0.6 0.4015625 0.00546875 0.01640625
0 0.5953125 0.40078125 0.003125 0.01640625
0 0.6421875 0.35 0.01796875 0.01875
0 0.625 0.35078125 0.00078125 0.01796875
0 0.621875 0.35078125 0.00703125 0.01796875
0 0.61484375 0.35078125 0.00703125 0.01796875
0 0.60859375 0.35078125 0.00625 0.01640625
0 0.60234375 0.35078125 0.00625 0.01640625
0 0.596875 0.3515625 0.0046875 0.015625
0 0.72265625 0.35625 0.025 0.0234375
0 0.7046875 0.35625 0.01328125 0.0234375
0 0.6828125 0.35703125 0.0109375 0.02109375
0 0.69375 0.35625 0.01171875 0.021875
0 0.70078125 0.334375 0.0234375 0.021875
0 0.684375 0.334375 0.01015625 0.02109375
0 0.67421875 0.3359375 0.01015625 0.02109375
0 0.66484375 0.3359375 0.01015625 0.0203125
0 0.6734375 0.35625 0.01015625 0.0203125
0 0.6640625 0.35703125 0.009375 0.01953125
0 0.6546875 0.35703125 0.00859375 0.01953125
3 0.35859375 0.96328125 0.03046875 0.07109375