3 0.40390625 0.7203125 0.065625 0.0796875
3 0.68359375 0.43203125 0.05078125 0.0234375
3 0.65859375 0.43828125 0.053125 0.02578125
3 0.06015625 0.75859375 0.11953125 0.11953125
3 0.33984375 0.6546875 0.07421875 0.0796875
3 0.4015625 0.62578125 0.06875 0.06796875
3 0.4578125 0.60546875 0.0609375 0.06328125
3 0.50625 0.47578125 0.059375 0.0390625
3 0.54375 0.46640625 0.0609375 0.03359375
3 0.58515625 0.45859375 0.053125 0.0296875
3 0.584375 0.62890625 0.0546875 0.05
3 0.4546875 0.69375 0.0625 0.0703125
3 0.0765625 0.88828125 0.13515625 0.15
3 0.321875 0.52421875 0.0671875 0.0609375
3 0.3796875 0.509375 0.06640625 0.0546875
3 0.5125 0.6671875 0.059375 0.06171875
0 0.659375 0.51640625 0.02890625 0.0359375
0 0.1796875 0.69765625 0.07265625 0.08203125
3 0.62265625 0.6140625 0.05234375 0.03515625
3 0.6578125 0.60078125 0.03359375 0.03046875
3 0.68125 0.5875 0.0328125 0.0265625
3 0.62421875 0.53828125 0.05078125 0.02890625
0 0.5953125 0.5421875 0.01484375 0.04375
0 0.5734375 0.54921875 0.0296875 0.04296875
0 0.5640625 0.5515625 0.0203125 0.0484375
0 0.57421875 0.515625 0.03125 0.0453125
0 0.53828125 0.52734375 0.03125 0.04921875
0 0.5453125 0.56640625 0.01640625 0.03828125
0 0.521875 0.56875 0.03125 0.0484375
0 0.5078125 0.571875 0.02578125 0.0546875
0 0.521875 0.53203125 0.03203125 0.0515625
0 0.24296875 0.5234375 0.04140625 0.07421875
0 0.20390625 0.53125 0.04609375 0.07890625
0 0.1625 0.54140625 0.05078125 0.08046875
0 0.15859375 0.4859375 0.059375 0.078125
0 0.11640625 0.559375 0.05546875 0.06796875
0 0.0671875 0.57109375 0.06171875 0.07109375
0 0.0234375 0.58203125 0.046875 0.071875
0 0.11015625 0.49375 0.06171875 0.08125
0 0.06015625 0.5015625 0.071875 0.08671875
0 0.02421875 0.50859375 0.0484375 0.08828125
0 0.22890625 0.36328125 0.046875 0.0609375
0 0.1859375 0.36484375 0.05078125 0.06484375
0 0.14140625 0.3671875 0.05625 0.06796875
0 0.09140625 0.36953125 0.06171875 0.0703125
0 0.03671875 0.371875 0.06953125 0.07421875
0 0.0140625 0.371875 0.028125 0.075
0 0.46796875 0.36796875 0.03359375 0.0453125
0 0.4515625 0.36953125 0.0234375 0.046875
0 0.40234375 0.375 0.028125 0.0484375
0 0.42734375 0.3734375 0.025 0.04609375
0 0.4265625 0.3265625 0.02578125 0.046875
0 0.4 0.3265625 0.02890625 0.04921875
0 0.37265625 0.3265625 0.03046875 0.05
0 0.340625 0.32734375 0.03828125 0.053125
0 0.375 0.3765625 0.0296875 0.05
0 0.34609375 0.37890625 0.03203125 0.0515625
0 0.31328125 0.37890625 0.0375 0.05625
3 0.81796875 0.59609375 0.05546875 0.046875