2 0.2765625 0.5171875 0.05234375 0.13046875
3 0.0734375 0.76328125 0.06953125 0.09296875
3 0.10078125 0.5359375 0.06015625 0.03828125
3 0.04765625 0.61015625 0.0953125 0.059375
3 0.0453125 0.64296875 0.08984375 0.06484375
3 0.0375 0.69140625 0.07421875 0.078125
3 0.0203125 0.55546875 0.040625 0.06484375
3 0.1203125 0.61171875 0.03984375 0.04140625
3 0.04453125 0.4734375 0.0890625 0.03359375
3 0.03828125 0.49140625 0.0765625 0.0453125
3 0.0328125 0.9328125 0.06484375 0.13203125
0 0.0078125 0.77578125 0.01484375 0.1
0 0.01484375 0.7421875 0.02890625 0.09140625
0 0.0015625 0.7171875 0.003125 0.028125
0 0.00546875 0.33515625 0.0109375 0.0640625
0 0.025 0.33671875 0.01875 0.05859375
0 0.0125 0.3359375 0.02109375 0.06171875
0 0.00703125 0.275 0.0140625 0.0625
0 0.015625 0.278125 0.0203125 0.06171875
0 0.02734375 0.2828125 0.01796875 0.05859375
0 0.0375 0.28671875 0.01640625 0.0546875
0 0.03515625 0.33671875 0.01640625 0.05390625
0 0.04453125 0.33828125 0.01484375 0.05
0 0.053125 0.33828125 0.0140625 0.0484375
0 0.05546875 0.32109375 0.0234375 0.04453125
0 0.07421875 0.3234375 0.00859375 0.03984375
0 0.078125 0.32421875 0.01015625 0.0390625
0 0.08359375 0.32578125 0.00859375 0.03828125
0 0.08828125 0.3265625 0.00859375 0.0359375
0 0.0921875 0.32734375 0.0078125 0.034375
0 0.09609375 0.328125 0.00703125 0.03359375
0 0.05546875 0.44375 0.05234375 0.0359375
0 0.06640625 0.44296875 0.05546875 0.0390625
0 0.09453125 0.4390625 0.00703125 0.0390625
0 0.06640625 0.40390625 0.05390625 0.04140625
0 0.0984375 0.43515625 0.0078125 0.03671875
0 0.10234375 0.43203125 0.00703125 0.034375
0 0.10546875 0.42890625 0.00703125 0.03359375
0 0.109375 0.42578125 0.00703125 0.03359375
0 0.0734375 0.40078125 0.04921875 0.0359375
0 0.07890625 0.3984375 0.04453125 0.03515625
0 0.0828125 0.39609375 0.04453125 0.03359375
3 0.47578125 0.584375 0.0453125 0.0390625
3 0.9171875 0.559375 0.16484375 0.1
3 0.79140625 0.5203125 0.1265625 0.071875
3 0.534375 0.446875 0.06015625 0.02890625
3 0.56796875 0.45625 0.0671875 0.03359375
3 0.6140625 0.471875 0.0734375 0.03984375
3 0.40859375 0.52578125 0.03359375 0.02421875
3 0.44765625 0.42265625 0.04609375 0.01953125
3 0.46484375 0.428125 0.04921875 0.0203125
3 0.5328125 0.63671875 0.05703125 0.0546875
0 0.87109375 0.740625 0.10078125 0.125
0 0.43984375 0.48984375 0.01171875 0.009375
0 0.43125 0.4875 0.01171875 0.01015625
0 0.43203125 0.48046875 0.01171875 0.01015625
0 0.4203125 0.4796875 0.0109375 0.009375
0 0.42890625 0.48125 0.01015625 0.00703125
3 0.6796875 0.76875 0.08984375 0.103125
3 0.58203125 0.684375 0.06796875 0.06171875
3 0.75546875 0.83671875 0.11015625 0.134375
3 0.859375 0.915625 0.1390625 0.16796875
3 0.49296875 0.53125 0.04609375 0.03515625
0 0.75703125 0.66953125 0.0578125 0.09453125
0 0.721875 0.65703125 0.05390625 0.06953125
0 0.68359375 0.63125 0.03359375 0.0796875
0 0.72578125 0.5984375 0.05546875 0.08203125
0 0.559375 0.51875 0.0359375 0.05
0 0.55859375 0.5578125 0.03515625 0.0453125
0 0.53359375 0.54921875 0.01328125 0.04140625
0 0.52109375 0.5390625 0.0125 0.04453125
0 0.54375 0.51171875 0.0328125 0.046875
0 0.50859375 0.340625 0.03203125 0.03515625
0 0.48671875 0.340625 0.0109375 0.03359375
0 0.46640625 0.34140625 0.009375 0.03125
0 0.4765625 0.34140625 0.01015625 0.03203125
0 0.48515625 0.30859375 0.02890625 0.03359375
0 0.46640625 0.309375 0.009375 0.03203125
0 0.45703125 0.31171875 0.00859375 0.03046875
0 0.4484375 0.3125 0.00859375 0.03046875
0 0.45703125 0.34140625 0.00859375 0.0296875
0 0.44921875 0.3421875 0.00859375 0.02890625
0 0.440625 0.34140625 0.0078125 0.028125
0 0.43203125 0.33203125 0.02421875 0.0265625
0 0.41953125 0.33203125 0.01171875 0.02578125
0 0.4109375 0.3328125 0.00703125 0.025
0 0.40546875 0.33359375 0.00546875 0.02421875
0 0.4 0.33359375 0.00546875 0.02421875
0 0.39453125 0.33359375 0.00546875 0.0234375
0 0.38984375 0.334375 0.0046875 0.021875
0 0.43359375 0.40859375 0.02421875 0.0265625
0 0.4265625 0.4078125 0.02265625 0.0265625
0 0.4125 0.40703125 0.00546875 0.02421875
0 0.4203125 0.3828125 0.0234375 0.025
0 0.40703125 0.40546875 0.00546875 0.02421875
0 0.4015625 0.40390625 0.00546875 0.0234375
0 0.39609375 0.403125 0.00546875 0.021875
0 0.39140625 0.40078125 0.00546875 0.021875
0 0.41015625 0.38203125 0.01328125 0.0234375
0 0.40859375 0.38125 0.02109375 0.0234375
0 0.4015625 0.38046875 0.01640625 0.0234375
3 0.62734375 0.51328125 0.01484375 0.01171875
3 0.96328125 0.440625 0.071875 0.028125
3 0.8984375 0.43203125 0.0671875 0.02421875
3 0.5609375 0.4375 0.01640625 0.0046875
3 0.61640625 0.453125 0.02890625 0.00703125
3 0.640625 0.459375 0.03359375 0.009375
3 0.6671875 0.46953125 0.0328125 0.01796875
3 0.70234375 0.4109375 0.03828125 0.01484375
3 0.73515625 0.41484375 0.046875 0.01640625
3 0.77578125 0.41953125 0.04921875 0.01796875
3 0.76484375 0.56640625 0.04453125 0.025
3 0.659375 0.525 0.02578125 0.01484375
3 0.55546875 0.48359375 0.021875 0.01015625
3 0.6140625 0.4 0.03125 0.0109375
3 0.634375 0.40234375 0.03359375 0.01171875
3 0.6953125 0.5390625 0.03671875 0.0203125
0 0.89375 0.5109375 0.0453125 0.021875
0 0.57734375 0.43828125 0.01640625 0.0109375
3 0.81875 0.5875 0.04921875 0.02890625
3 0.871875 0.60859375 0.0578125 0.03359375
3 0.93359375 0.6328125 0.06875 0.03828125
0 0.7765625 0.48203125 0.02421875 0.01640625
0 0.76015625 0.48046875 0.02421875 0.01328125
0 0.740625 0.48125 0.0171875 0.028125
0 0.76171875 0.46171875 0.025 0.03046875
0 0.72578125 0.4546875 0.02265625 0.028125
0 0.72421875 0.47890625 0.02265625 0.02578125
0 0.70703125 0.47578125 0.0140625 0.02421875
0 0.69375 0.47109375 0.0140625 0.0265625
0 0.71171875 0.4515625 0.02109375 0.028125
0 0.59609375 0.3921875 0.01640625 0.01953125
0 0.5859375 0.390625 0.0125 0.01875
0 0.57578125 0.390625 0.00703125 0.01640625
0 0.58046875 0.37890625 0.015625 0.0046875
0 0.56875 0.38984375 0.00703125 0.01640625
0 0.56171875 0.3890625 0.00703125 0.01640625
0 0.5546875 0.38828125 0.00703125 0.015625
0 0.5484375 0.38671875 0.00625 0.01640625
0 0.56875 0.37890625 0.00703125 0.00546875
0 0.56171875 0.378125 0.00625 0.0046875
0 0.55546875 0.37734375 0.00625 0.0046875
0 0.5984375 0.3359375 0.0171875 0.01875
0 0.5859375 0.33671875 0.00859375 0.01796875
0 0.578125 0.33671875 0.00703125 0.01796875
0 0.5703125 0.33671875 0.00703125 0.01640625
0 0.56328125 0.33671875 0.00703125 0.01640625
0 0.55625 0.3375 0.00625 0.015625
0 0.54921875 0.3375 0.00625 0.015625
0 0.6828125 0.34296875 0.02109375 0.021875
0 0.66640625 0.34296875 0.0125 0.02109375
0 0.64140625 0.34375 0.00546875 0.0203125
0 0.65703125 0.34375 0.00625 0.0203125
0 0.6625 0.321875 0.01640625 0.02109375
0 0.6421875 0.321875 0.00625 0.0203125
0 0.634375 0.3234375 0.01015625 0.0203125
0 0.62421875 0.3234375 0.009375 0.01953125
0 0.63359375 0.34375 0.01015625 0.0203125
0 0.6234375 0.34375 0.01015625 0.01953125
0 0.61484375 0.34375 0.009375 0.01875