3 0.37890625 0.70390625 0.11484375 0.1203125
3 0.6015625 0.34453125 0.11953125 0.071875
3 0.73203125 0.34921875 0.171875 0.0734375
3 0.89296875 0.35859375 0.21328125 0.0734375
3 0.08203125 0.63671875 0.13515625 0.09140625
3 0.22734375 0.33046875 0.16015625 0.059375
3 0.31171875 0.334375 0.15 0.0640625
3 0.59296875 0.75703125 0.1109375 0.14453125
0 0.20703125 0.515625 0.03984375 0.034375
0 0.17109375 0.51953125 0.03515625 0.03828125
0 0.16484375 0.50078125 0.03203125 0.04453125
0 0.1171875 0.50625 0.0421875 0.03359375
0 0.15078125 0.5015625 0.03984375 0.03359375
3 0.934375 0.8328125 0.1296875 0.16796875
3 0.74609375 0.790625 0.14921875 0.1609375
3 0.4625 0.57578125 0.109375 0.121875
0 0.97890625 0.603125 0.04140625 0.115625
0 0.69140625 0.49765625 0.0703125 0.125
0 0.6859375 0.59609375 0.06015625 0.08359375
0 0.634375 0.57265625 0.05546875 0.1140625
0 0.58515625 0.56015625 0.0515625 0.121875
0 0.63828125 0.49296875 0.0640625 0.121875
0 0.49609375 0.0421875 0.06015625 0.084375
0 0.43515625 0.04375 0.0609375 0.0875
0 0.32734375 0.04765625 0.05859375 0.0953125
0 0.38046875 0.04609375 0.05859375 0.09140625
0 0.27734375 0.04921875 0.059375 0.0984375
0 0.22890625 0.05078125 0.05859375 0.10078125
0 0.1828125 0.0515625 0.059375 0.103125
0 0.109375 0.04453125 0.115625 0.0890625
0 0.0375 0.0359375 0.0546875 0.071875
0 0.0125 0.0375 0.025 0.075
0 0.15234375 0.30078125 0.10078125 0.08515625
0 0.10078125 0.3 0.071875 0.08359375
0 0.05625 0.30078125 0.05078125 0.078125
0 0.06953125 0.21953125 0.11796875 0.084375
0 0.02421875 0.29921875 0.0484375 0.0765625
0 0.0078125 0.3046875 0.015625 0.0625
0 0.01484375 0.21953125 0.0296875 0.08203125
3 0.4984375 0.415625 0.0375 0.02421875
3 0.81875 0.26875 0.06640625 0.01640625
3 0.7703125 0.26796875 0.06171875 0.015625
3 0.58046875 0.26875 0.03359375 0.01484375
3 0.61875 0.26875 0.0421875 0.01484375
3 0.66328125 0.26953125 0.04765625 0.01484375
3 0.65546875 0.42578125 0.04453125 0.0203125
3 0.5328125 0.41875 0.03671875 0.02421875
3 0.36484375 0.4046875 0.0421875 0.021875
3 0.45625 0.2671875 0.03828125 0.0140625
3 0.4875 0.26796875 0.03671875 0.01484375
3 0.5796875 0.4234375 0.03671875 0.02578125
0 0.3984375 0.33046875 0.0234375 0.0140625
3 0.70546875 0.43359375 0.05 0.028125
3 0.75 0.4375 0.04765625 0.0265625
3 0.79296875 0.440625 0.05234375 0.02890625
0 0.6484375 0.30859375 0.0203125 0.009375
0 0.61015625 0.3140625 0.0171875 0.021875
0 0.59453125 0.31328125 0.01640625 0.02109375
0 0.4234375 0.2578125 0.0203125 0.02890625
0 0.40703125 0.2578125 0.01796875 0.02890625
0 0.39140625 0.2578125 0.01484375 0.0265625
0 0.39375 0.2296875 0.0234375 0.028125
0 0.37734375 0.2578125 0.01484375 0.0265625
0 0.3640625 0.2578125 0.01484375 0.0265625
0 0.35 0.2578125 0.01484375 0.0265625
0 0.33671875 0.25703125 0.01484375 0.0265625
0 0.37578125 0.2296875 0.01484375 0.028125
0 0.36171875 0.2296875 0.01484375 0.028125
0 0.3484375 0.23046875 0.01484375 0.0265625
0 0.4203125 0.16796875 0.0203125 0.03046875
0 0.403125 0.16875 0.01640625 0.0296875
0 0.3875 0.16875 0.01640625 0.03046875
0 0.3734375 0.16953125 0.01640625 0.0296875
0 0.35859375 0.16953125 0.01640625 0.0296875
0 0.34453125 0.1703125 0.015625 0.0296875
0 0.33046875 0.1703125 0.015625 0.0296875
0 0.55390625 0.1765625 0.01328125 0.03125
0 0.5015625 0.178125 0.015625 0.03046875
0 0.5171875 0.178125 0.0140625 0.03046875
0 0.515625 0.15546875 0.01171875 0.0140625
0 0.5015625 0.15546875 0.015625 0.01328125
0 0.48515625 0.15625 0.015625 0.0140625
0 0.46953125 0.15703125 0.015625 0.0140625
0 0.48515625 0.17890625 0.015625 0.03046875
0 0.46953125 0.17890625 0.015625 0.03046875
0 0.45390625 0.17890625 0.015625 0.03046875
3 0.96484375 0.48828125 0.06953125 0.05