2 0.190625 0.98671875 0.06484375 0.02421875
3 0.99609375 0.95703125 0.00703125 0.015625
3 0.4375 0.63125 0.05546875 0.071875
3 0.6953125 0.3546875 0.04921875 0.03125
3 0.66953125 0.3640625 0.0515625 0.034375
3 0.52578125 0.42109375 0.0546875 0.05078125
3 0.56015625 0.40703125 0.05625 0.04453125
3 0.59921875 0.3953125 0.05078125 0.0390625
3 0.20078125 0.76953125 0.07890625 0.1140625
3 0.36796875 0.48828125 0.06015625 0.07421875
3 0.415625 0.46953125 0.06015625 0.06640625
3 0.52890625 0.58125 0.05234375 0.06015625
0 0.684375 0.42734375 0.02890625 0.034375
0 0.32109375 0.60625 0.01484375 0.03046875
0 0.3046875 0.62109375 0.01484375 0.03125
0 0.28671875 0.61640625 0.01484375 0.03984375
0 0.24453125 0.646875 0.01640625 0.034375
0 0.2671875 0.6265625 0.01484375 0.03125
3 0.62734375 0.5265625 0.04765625 0.0359375
3 0.5734375 0.5609375 0.04921875 0.03984375
3 0.66015625 0.5125 0.03125 0.03046875
3 0.68359375 0.4984375 0.03046875 0.028125
3 0.48203125 0.53828125 0.05390625 0.06484375
0 0.66328125 0.44140625 0.01328125 0.0359375
0 0.64609375 0.44609375 0.0265625 0.03671875
0 0.63359375 0.44921875 0.02890625 0.04375
0 0.64765625 0.4203125 0.03046875 0.0390625
0 0.55625 0.46328125 0.02421875 0.0453125
0 0.559375 0.496875 0.01484375 0.03359375
0 0.5390625 0.5 0.02734375 0.04453125
0 0.5234375 0.50390625 0.02890625 0.05390625
0 0.5390625 0.4703125 0.02890625 0.04609375
0 0.4921875 0.33046875 0.0328125 0.0546875
0 0.478125 0.33515625 0.02109375 0.05546875
0 0.434375 0.353125 0.02421875 0.04609375
0 0.45625 0.346875 0.02265625 0.0453125
0 0.44921875 0.3 0.03515625 0.05546875
0 0.4265625 0.3046875 0.0359375 0.05703125
0 0.403125 0.309375 0.03671875 0.06015625
0 0.378125 0.31484375 0.03671875 0.06328125
0 0.41015625 0.35859375 0.02578125 0.046875
0 0.38515625 0.365625 0.028125 0.04921875
0 0.35625 0.3640625 0.03671875 0.065625
0 0.28671875 0.3625 0.03984375 0.07109375
0 0.253125 0.3703125 0.04296875 0.07421875
0 0.2171875 0.37890625 0.046875 0.078125
0 0.17890625 0.38671875 0.05078125 0.08125
0 0.1375 0.39609375 0.05703125 0.08515625
0 0.09375 0.40546875 0.06171875 0.0890625
0 0.046875 0.41640625 0.06796875 0.09375
0 0.3046875 0.49375 0.03671875 0.0734375
0 0.27578125 0.50546875 0.03671875 0.0765625
0 0.24453125 0.5296875 0.040625 0.05390625
0 0.23515625 0.47421875 0.04296875 0.07890625
0 0.2109375 0.54296875 0.04375 0.05390625
0 0.175 0.55625 0.04765625 0.05625
0 0.1375 0.57109375 0.05078125 0.05859375
0 0.096875 0.571875 0.05703125 0.08828125
0 0.20078125 0.4859375 0.04609375 0.08203125
0 0.16328125 0.49765625 0.05078125 0.0859375
0 0.1234375 0.51015625 0.05390625 0.090625
3 0.36484375 0.42734375 0.03203125 0.02890625
3 0.540625 0.27578125 0.0296875 0.01640625
3 0.51953125 0.27890625 0.03046875 0.015625
3 0.33359375 0.3765625 0.01484375 0.00625
3 0.47421875 0.29140625 0.01484375 0.01484375
3 0.471875 0.39375 0.0296875 0.0234375
3 0.39140625 0.41875 0.03203125 0.0265625
3 0.3171875 0.32265625 0.03203125 0.025
3 0.34453125 0.31796875 0.03125 0.02421875
3 0.4265625 0.409375 0.02890625 0.02578125
0 0.52421875 0.325 0.0125 0.0109375
3 0.496875 0.38828125 0.0265625 0.01640625
3 0.52109375 0.38046875 0.02265625 0.01484375
3 0.53984375 0.375 0.02265625 0.01484375
0 0.28203125 0.3171875 0.01796875 0.025
0 0.26640625 0.32265625 0.01796875 0.03046875
0 0.25078125 0.3265625 0.01796875 0.01875
0 0.24765625 0.309375 0.01953125 0.0203125
0 0.234375 0.3296875 0.01875 0.01875
0 0.21796875 0.3328125 0.01953125 0.01953125
0 0.2 0.33671875 0.0203125 0.01953125
0 0.1828125 0.3359375 0.02109375 0.028125
0 0.23125 0.31171875 0.01953125 0.0203125
0 0.2140625 0.315625 0.0203125 0.02109375
0 0.19609375 0.31328125 0.02265625 0.03046875
0 0.271875 0.24609375 0.01953125 0.02890625
0 0.25546875 0.24765625 0.01953125 0.03046875
0 0.2390625 0.24921875 0.02109375 0.03046875
0 0.221875 0.2515625 0.02109375 0.03046875
0 0.20390625 0.25390625 0.02265625 0.03125
0 0.18515625 0.25625 0.0234375 0.03359375
0 0.16640625 0.25859375 0.025 0.03515625
0 0.38828125 0.23671875 0.01640625 0.01640625
0 0.37734375 0.2390625 0.01328125 0.01640625
0 0.35078125 0.24375 0.01328125 0.0140625
0 0.3640625 0.23984375 0.01328125 0.009375
0 0.36171875 0.22265625 0.0171875 0.0265625
0 0.34921875 0.22421875 0.015625 0.028125
0 0.33515625 0.225 0.015625 0.028125
0 0.3203125 0.2265625 0.01796875 0.02890625
0 0.3375 0.24375 0.0140625 0.01015625
0 0.3234375 0.24609375 0.01484375 0.0109375
0 0.3125 0.24609375 0.0078125 0.015625
3 0.83203125 0.64140625 0.06796875 0.08359375
3 0.609375 0.37421875 0.03046875 0.01015625