3 0.403125 0.70078125 0.10234375 0.0953125
3 0.5796875 0.36171875 0.10078125 0.03828125
3 0.70234375 0.36015625 0.14609375 0.04296875
3 0.8796875 0.3578125 0.2171875 0.04921875
3 0.1953125 0.61875 0.090625 0.05859375
3 0.30703125 0.36484375 0.103125 0.028125
3 0.36796875 0.3640625 0.11328125 0.0296875
3 0.58515625 0.77890625 0.11015625 0.13984375
0 0.290625 0.5234375 0.01953125 0.0234375
0 0.26015625 0.5234375 0.021875 0.02421875
0 0.25859375 0.51171875 0.021875 0.028125
0 0.228125 0.51328125 0.02890625 0.0203125
0 0.25 0.5125 0.0265625 0.02109375
3 0.9625 0.91640625 0.07421875 0.16484375
3 0.75625 0.84296875 0.15234375 0.18046875
3 0.4734375 0.57578125 0.10703125 0.084375
0 0.67265625 0.509375 0.05625 0.10390625
0 0.66875 0.59921875 0.05546875 0.090625
0 0.61875 0.5890625 0.04921875 0.08671875
0 0.5734375 0.56953125 0.0453125 0.10390625
0 0.62265625 0.503125 0.05234375 0.09921875
0 0.50625 0.13125 0.0609375 0.115625
0 0.45546875 0.12890625 0.03984375 0.08671875
0 0.38359375 0.1484375 0.034375 0.078125
0 0.41796875 0.1390625 0.03671875 0.08125
0 0.4296875 0.06171875 0.06484375 0.09375
0 0.38125 0.07421875 0.03515625 0.0890625
0 0.34921875 0.0859375 0.03359375 0.08515625
0 0.31953125 0.09609375 0.03125 0.08125
0 0.3515625 0.15703125 0.0328125 0.07421875
0 0.32265625 0.16484375 0.03046875 0.0703125
0 0.2953125 0.171875 0.02890625 0.06953125
0 0.253125 0.1671875 0.06015625 0.0734375
0 0.21484375 0.16875 0.025 0.0609375
0 0.19375 0.175 0.0234375 0.059375
0 0.17421875 0.18125 0.02265625 0.05625
0 0.15625 0.18671875 0.02109375 0.0546875
0 0.1390625 0.1921875 0.0203125 0.053125
0 0.12265625 0.196875 0.01953125 0.05078125
0 0.265625 0.3484375 0.06171875 0.05859375
0 0.22578125 0.34921875 0.025 0.05625
0 0.20625 0.35078125 0.0234375 0.0546875
0 0.22109375 0.29609375 0.06328125 0.05625
0 0.18671875 0.35078125 0.02265625 0.0515625
0 0.16875 0.3515625 0.02109375 0.05078125
0 0.15234375 0.35234375 0.0203125 0.04921875
0 0.13671875 0.353125 0.01953125 0.0484375
0 0.1828125 0.29765625 0.02265625 0.0546875
0 0.1640625 0.3 0.02109375 0.05390625
0 0.14765625 0.3015625 0.0203125 0.0515625
3 0.55234375 0.50859375 0.0375 0.02109375
3 0.82265625 0.36640625 0.0109375 0.0140625
3 0.43046875 0.43671875 0.03671875 0.01328125
3 0.5171875 0.44375 0.03515625 0.015625
3 0.553125 0.44609375 0.03828125 0.01640625
3 0.58828125 0.44921875 0.03515625 0.01875
3 0.66875 0.36953125 0.03359375 0.0109375
3 0.72109375 0.36953125 0.03203125 0.0109375
3 0.71796875 0.53125 0.040625 0.028125
3 0.58125 0.51171875 0.03046875 0.01953125
3 0.4328125 0.4921875 0.03671875 0.01796875
3 0.50546875 0.3703125 0.015625 0.009375
3 0.528125 0.3703125 0.00234375 0.009375
0 0.8375 0.4578125 0.03828125 0.0359375
0 0.4625 0.43359375 0.02265625 0.02421875
3 0.77421875 0.5390625 0.05390625 0.0296875
3 0.8265625 0.54609375 0.05859375 0.03125
3 0.88125 0.553125 0.06796875 0.034375
3 0.78046875 0.4625 0.05546875 0.01953125
0 0.72109375 0.44921875 0.0203125 0.03203125
0 0.70234375 0.4484375 0.01953125 0.03125
0 0.684375 0.4453125 0.01953125 0.028125
0 0.703125 0.42421875 0.02109375 0.021875
0 0.66171875 0.421875 0.01796875 0.021875
0 0.6609375 0.4453125 0.0171875 0.02421875
0 0.64453125 0.44453125 0.0171875 0.02421875
0 0.628125 0.4421875 0.01640625 0.0265625
0 0.6453125 0.421875 0.01640625 0.02109375
0 0.48671875 0.36328125 0.01640625 0.0234375
0 0.47265625 0.36328125 0.01171875 0.0234375
0 0.46015625 0.3640625 0.01171875 0.021875
0 0.4640625 0.340625 0.01953125 0.0234375
0 0.44921875 0.3640625 0.01171875 0.021875
0 0.4375 0.3640625 0.0109375 0.021875
0 0.428125 0.3640625 0.00703125 0.02109375
0 0.4484375 0.340625 0.0109375 0.021875
0 0.4375 0.34140625 0.0109375 0.0234375
0 0.4265625 0.34140625 0.0109375 0.021875
0 0.48671875 0.28828125 0.015625 0.025
0 0.47265625 0.2890625 0.01171875 0.025
0 0.46015625 0.290625 0.01171875 0.02421875
0 0.44921875 0.29140625 0.01171875 0.02421875
0 0.4375 0.29296875 0.0109375 0.02421875
0 0.4265625 0.29375 0.0109375 0.0234375
0 0.415625 0.29453125 0.0109375 0.0234375
0 0.603125 0.2890625 0.01640625 0.028125
0 0.5875 0.28984375 0.015625 0.028125
0 0.55703125 0.29296875 0.01484375 0.02578125
0 0.571875 0.29140625 0.01484375 0.0265625
0 0.57421875 0.2640625 0.01875 0.02890625
0 0.5578125 0.265625 0.01484375 0.028125
0 0.54375 0.26796875 0.0140625 0.028125
0 0.53203125 0.26875 0.00859375 0.0265625
0 0.54296875 0.29375 0.0140625 0.02578125
0 0.53203125 0.29453125 0.00859375 0.025
0 0.51171875 0.29609375 0.0046875 0.025