0 0.73046875 0.553125 0.09609375 0.26953125
5 0.59140625 0.50625 0.22109375 0.790625
6 0.421875 0.18984375 0.103125 0.3375
6 0.3234375 0.18984375 0.11328125 0.371875
6 0.5015625 0.23515625 0.06484375 0.26484375
6 0.56484375 0.25390625 0.0578125 0.25234375
6 0.6203125 0.2734375 0.04296875 0.2140625
6 0.24375 0.7140625 0.040625 0.4703125
6 0.32578125 0.6578125 0.13671875 0.37578125
6 0.42421875 0.63671875 0.0890625 0.325
6 0.478125 0.628125 0.071875 0.35078125
6 0.55390625 0.51953125 0.06484375 0.115625