2 0.31328125 0.47578125 0.04453125 0.1203125
3 0.1421875 0.70390625 0.0640625 0.08125
3 0.17421875 0.490625 0.046875 0.03671875
3 0.13046875 0.5734375 0.06640625 0.04921875
3 0.115625 0.61640625 0.08046875 0.06796875
3 0.09453125 0.66640625 0.09140625 0.07109375
3 0.04921875 0.5953125 0.0984375 0.0703125
3 0.03125 0.665625 0.0625 0.11015625
3 0.18984375 0.553125 0.0375 0.04140625
3 0.11484375 0.46796875 0.07421875 0.03359375
3 0.096875 0.49921875 0.0859375 0.05625
3 0.0953125 0.859375 0.08046875 0.121875
0 0.03203125 0.75390625 0.0640625 0.1078125
0 0.0390625 0.80703125 0.07734375 0.11484375
0 0.07734375 0.75390625 0.02578125 0.0765625
0 0.0875 0.72109375 0.02890625 0.0703125
0 0.05390625 0.70859375 0.04921875 0.0765625
0 0.03125 0.41796875 0.06171875 0.071875
0 0.0375 0.4015625 0.075 0.059375
0 0.0875 0.38359375 0.01953125 0.05078125
0 0.07578125 0.39296875 0.021875 0.05390625
0 0.03828125 0.346875 0.0765625 0.059375
0 0.0515625 0.33828125 0.0734375 0.05078125
0 0.0640625 0.33359375 0.06953125 0.0484375
0 0.07578125 0.328125 0.06328125 0.0453125
0 0.09765625 0.3765625 0.01796875 0.046875
0 0.10703125 0.36953125 0.01640625 0.04453125
0 0.11484375 0.3625 0.01640625 0.04375
0 0.11875 0.33671875 0.03359375 0.03984375
0 0.121875 0.33125 0.03984375 0.03671875
0 0.12421875 0.328125 0.04609375 0.0359375
0 0.13125 0.32421875 0.04140625 0.034375
0 0.13671875 0.32109375 0.03984375 0.03359375
0 0.1453125 0.31875 0.03203125 0.03125
0 0.14765625 0.315625 0.03515625 0.03046875
0 0.13203125 0.43828125 0.046875 0.03671875
0 0.13828125 0.42890625 0.04375 0.0359375
0 0.16015625 0.421875 0.009375 0.03515625
0 0.13984375 0.39453125 0.0390625 0.03984375
0 0.1640625 0.415625 0.00859375 0.03359375
0 0.16796875 0.409375 0.00859375 0.03125
0 0.171875 0.403125 0.0078125 0.03046875
0 0.17578125 0.39765625 0.00859375 0.03046875
0 0.14453125 0.3859375 0.0375 0.03359375
0 0.1484375 0.38125 0.03828125 0.03203125
0 0.15625 0.3765625 0.03125 0.03046875
3 0.0890625 0.96328125 0.02578125 0.07109375
3 0.48515625 0.5625 0.04140625 0.04375
3 0.84453125 0.7515625 0.17265625 0.1953125
3 0.7375 0.6484375 0.13046875 0.13203125
3 0.53046875 0.459375 0.059375 0.04296875
3 0.55703125 0.4828125 0.0640625 0.053125
3 0.590625 0.51953125 0.0703125 0.06484375
3 0.434375 0.48125 0.02578125 0.02578125
3 0.46328125 0.40234375 0.04296875 0.0265625
3 0.475 0.41484375 0.0453125 0.0296875
3 0.5265625 0.634375 0.0515625 0.06328125
0 0.7890625 0.88671875 0.09140625 0.14453125
0 0.459375 0.459375 0.0109375 0.0109375
0 0.45234375 0.45546875 0.0109375 0.01015625
0 0.4546875 0.44765625 0.00859375 0.01171875
0 0.44453125 0.44296875 0.01015625 0.009375
3 0.6296875 0.821875 0.071875 0.1140625
3 0.56171875 0.70078125 0.06015625 0.0703125
3 0.6921875 0.91796875 0.10390625 0.14921875
3 0.73984375 0.96328125 0.071875 0.07109375
3 0.496875 0.52421875 0.0453125 0.04453125
0 0.70078125 0.76640625 0.06328125 0.10546875
0 0.6734375 0.74140625 0.0578125 0.07578125
0 0.6390625 0.70078125 0.03203125 0.08828125
0 0.67734375 0.69296875 0.05625 0.08515625
0 0.54765625 0.53984375 0.03515625 0.05
0 0.546875 0.57578125 0.03515625 0.0453125
0 0.525 0.5609375 0.01015625 0.04375
0 0.51484375 0.54609375 0.009375 0.0453125
0 0.53046875 0.52734375 0.02109375 0.046875
0 0.51015625 0.346875 0.03203125 0.04140625
0 0.5 0.3421875 0.0296875 0.03984375
0 0.47421875 0.3359375 0.00703125 0.03203125
0 0.48125 0.3390625 0.0078125 0.034375
0 0.4921875 0.30703125 0.0296875 0.0359375
0 0.48359375 0.30390625 0.02734375 0.034375
0 0.47734375 0.3015625 0.02734375 0.03359375
0 0.4703125 0.29921875 0.02578125 0.03125
0 0.4671875 0.33203125 0.00703125 0.03125
0 0.4609375 0.32890625 0.00625 0.03046875
0 0.4546875 0.325 0.00546875 0.0296875
0 0.4484375 0.3078125 0.01796875 0.02890625
0 0.44609375 0.30546875 0.021875 0.028125
0 0.440625 0.303125 0.0203125 0.0265625
0 0.4328125 0.3015625 0.01328125 0.02578125
0 0.43125 0.3 0.0171875 0.02578125
0 0.428125 0.2984375 0.01796875 0.02421875
0 0.425 0.29609375 0.01875 0.02421875
0 0.453125 0.38125 0.02265625 0.0265625
0 0.44765625 0.37890625 0.02109375 0.0296875
0 0.43515625 0.3765625 0.0046875 0.025
0 0.44296875 0.35234375 0.02109375 0.0265625
0 0.43125 0.371875 0.0046875 0.02421875
0 0.42734375 0.36875 0.00390625 0.02421875
0 0.4234375 0.36484375 0.00390625 0.021875
0 0.41953125 0.36171875 0.00390625 0.0234375
0 0.43515625 0.34921875 0.01484375 0.02578125
0 0.43359375 0.34609375 0.01875 0.025
0 0.43046875 0.34296875 0.01953125 0.025
3 0.6625 0.49296875 0.0203125 0.0140625
3 0.9984375 0.4921875 0.00234375 0.00859375
3 0.96015625 0.46953125 0.078125 0.05
3 0.5921875 0.39296875 0.02421875 0.01484375
3 0.65 0.41953125 0.03359375 0.01328125
3 0.67578125 0.43203125 0.03515625 0.01796875
3 0.70078125 0.446875 0.03828125 0.02109375
3 0.74375 0.39453125 0.0484375 0.02421875
3 0.77734375 0.40625 0.05625 0.02890625
3 0.821875 0.42265625 0.059375 0.03203125
3 0.7921875 0.58203125 0.0421875 0.0296875
3 0.68515625 0.50859375 0.025 0.01796875
3 0.58515625 0.440625 0.0125 0.00859375
3 0.6515625 0.36328125 0.03671875 0.01796875
3 0.67109375 0.37109375 0.0390625 0.01953125
3 0.72109375 0.53359375 0.03125 0.021875
0 0.94921875 0.565625 0.0578125 0.05078125
0 0.6125 0.39609375 0.0171875 0.01640625
3 0.85078125 0.621875 0.05234375 0.0359375
3 0.9078125 0.6609375 0.06171875 0.04453125
3 0.96953125 0.70390625 0.06015625 0.04453125
3 0.88046875 0.53984375 0.06953125 0.03515625
0 0.8171875 0.496875 0.0328125 0.0359375
0 0.79921875 0.48984375 0.03125 0.02578125
0 0.77734375 0.47890625 0.0203125 0.0296875
0 0.803125 0.46484375 0.0328125 0.0390625
0 0.7640625 0.44765625 0.0296875 0.034375
0 0.76171875 0.471875 0.028125 0.02578125
0 0.74140625 0.4640625 0.01484375 0.021875
0 0.72890625 0.45546875 0.015625 0.0265625
0 0.75 0.44140625 0.02734375 0.03359375
0 0.63359375 0.35078125 0.01953125 0.021875
0 0.62890625 0.3484375 0.0109375 0.021875
0 0.6109375 0.34609375 0.0046875 0.01875
0 0.61875 0.32734375 0.01796875 0.01953125
0 0.60546875 0.34375 0.0078125 0.01953125
0 0.5984375 0.34140625 0.00703125 0.01875
0 0.5921875 0.33984375 0.00703125 0.01875
0 0.5859375 0.33671875 0.00625 0.01875
0 0.609375 0.32578125 0.01328125 0.02109375
0 0.6046875 0.3234375 0.0171875 0.01953125
0 0.59765625 0.321875 0.01640625 0.01953125
0 0.63828125 0.29140625 0.0203125 0.02109375
0 0.63203125 0.290625 0.00859375 0.02109375
0 0.62109375 0.2890625 0.01640625 0.0203125
0 0.61171875 0.28828125 0.01328125 0.0203125
0 0.60625 0.28671875 0.01640625 0.01953125
0 0.59921875 0.2859375 0.01484375 0.01953125
0 0.5921875 0.284375 0.0140625 0.01875
0 0.72578125 0.31484375 0.02734375 0.028125
0 0.7125 0.31328125 0.02578125 0.028125
0 0.68359375 0.309375 0.0125 0.02421875
0 0.69453125 0.31171875 0.01328125 0.025
0 0.703125 0.2875 0.02578125 0.025
0 0.69140625 0.2859375 0.02421875 0.025
0 0.68046875 0.284375 0.0234375 0.02421875
0 0.66953125 0.28203125 0.02109375 0.02109375
0 0.67265625 0.3078125 0.01171875 0.0234375
0 0.6578125 0.30390625 0.00078125 0.015625
0 0.653125 0.303125 0.01015625 0.0234375