3 0.3890625 0.80078125 0.075 0.04296875
3 0.7828125 0.55078125 0.06953125 0.0203125
3 0.73984375 0.546875 0.0734375 0.0203125
3 0.06171875 0.6640625 0.1234375 0.025
3 0.31875 0.665625 0.08359375 0.0234375
3 0.3953125 0.66640625 0.07109375 0.02109375
3 0.465625 0.66640625 0.06015625 0.02109375
3 0.5328125 0.5296875 0.05078125 0.021875
3 0.58515625 0.5359375 0.05234375 0.01953125
3 0.63828125 0.540625 0.0546875 0.01953125
3 0.65234375 0.78359375 0.07890625 0.03515625
3 0.459375 0.79609375 0.0703125 0.040625
3 0.05546875 0.82421875 0.11015625 0.05390625
3 0.31796875 0.5078125 0.065625 0.03046875
3 0.3796875 0.51328125 0.05859375 0.02890625
3 0.54375 0.79140625 0.06953125 0.03828125
0 0.75625 0.65625 0.04609375 0.0390625
0 0.1671875 0.6484375 0.0734375 0.05625
3 0.7140625 0.7796875 0.08046875 0.0296875
3 0.7703125 0.778125 0.0625 0.025
3 0.8140625 0.77421875 0.0609375 0.025
3 0.70390625 0.66875 0.075 0.01484375
0 0.653125 0.6546875 0.02265625 0.04296875
0 0.63203125 0.6546875 0.02265625 0.04296875
0 0.60625 0.65390625 0.03046875 0.04375
0 0.621875 0.61171875 0.03828125 0.04296875
0 0.57890625 0.609375 0.02265625 0.04375
0 0.5796875 0.65390625 0.0234375 0.04453125
0 0.55703125 0.65390625 0.02421875 0.04453125
0 0.52890625 0.653125 0.03359375 0.0453125
0 0.55078125 0.60859375 0.034375 0.04375
0 0.25625 0.4921875 0.04609375 0.04921875
0 0.21796875 0.48828125 0.03828125 0.04921875
0 0.18359375 0.4859375 0.03984375 0.04921875
0 0.1984375 0.4390625 0.05546875 0.053125
0 0.14921875 0.48203125 0.04140625 0.05
0 0.1125 0.47890625 0.04296875 0.05078125
0 0.07578125 0.475 0.04453125 0.0515625
0 0.0375 0.47109375 0.04765625 0.05390625
0 0.15546875 0.434375 0.03984375 0.0515625
0 0.11953125 0.43046875 0.04296875 0.053125
0 0.08359375 0.42578125 0.04453125 0.05390625
0 0.2703125 0.353125 0.03984375 0.04453125
0 0.2359375 0.346875 0.03515625 0.04375
0 0.20390625 0.34140625 0.0359375 0.04375
0 0.17109375 0.3359375 0.0375 0.04453125
0 0.1375 0.33046875 0.03984375 0.0453125
0 0.103125 0.32421875 0.04140625 0.04609375
0 0.0671875 0.31796875 0.04296875 0.046875
0 0.48671875 0.40625 0.0234375 0.03828125
0 0.4625 0.4015625 0.02421875 0.0390625
0 0.41328125 0.39375 0.02578125 0.03984375
0 0.43828125 0.3984375 0.02578125 0.0390625
0 0.4390625 0.3609375 0.025 0.04296875
0 0.4140625 0.35625 0.02578125 0.04296875
0 0.38828125 0.3515625 0.02734375 0.04375
0 0.3625 0.346875 0.028125 0.04375
0 0.38671875 0.38984375 0.02734375 0.040625
0 0.36015625 0.38515625 0.02890625 0.040625
0 0.3328125 0.38125 0.03046875 0.04140625