2 0.2296875 0.54140625 0.06640625 0.1515625
3 0.00390625 0.82109375 0.0078125 0.0640625
3 0.01640625 0.5625 0.03203125 0.03203125
3 0.02109375 0.66484375 0.0421875 0.0515625
0 0.0015625 0.4390625 0.00234375 0.0265625
0 0.003125 0.43046875 0.00625 0.04140625
0 0.00625 0.428125 0.00703125 0.03984375
0 0.00078125 0.39921875 0.0015625 0.0203125
3 0.465625 0.60078125 0.05078125 0.03828125
3 0.94921875 0.46953125 0.1 0.04609375
3 0.840625 0.4609375 0.12109375 0.04296875
3 0.5390625 0.43828125 0.06328125 0.02109375
3 0.5796875 0.4421875 0.07109375 0.0234375
3 0.63515625 0.44765625 0.075 0.0265625
3 0.37890625 0.553125 0.03828125 0.02421875
3 0.4296875 0.42890625 0.04609375 0.015625
3 0.45390625 0.43125 0.053125 0.01640625
3 0.5390625 0.64296875 0.06171875 0.053125
0 0.93515625 0.66875 0.1046875 0.1109375
0 0.4203125 0.50625 0.01015625 0.01015625
0 0.409375 0.50546875 0.0125 0.01015625
0 0.409375 0.496875 0.0125 0.00859375
0 0.39453125 0.49921875 0.0125 0.009375
0 0.40390625 0.49921875 0.01171875 0.01015625
3 0.71953125 0.7453125 0.0921875 0.0984375
3 0.60078125 0.68203125 0.07265625 0.05859375
3 0.80859375 0.79609375 0.10859375 0.12421875
3 0.93125 0.8640625 0.13671875 0.1609375
3 0.49140625 0.5359375 0.053125 0.03203125
0 0.80546875 0.6234375 0.05 0.08671875
0 0.76484375 0.61640625 0.04765625 0.06953125
0 0.72578125 0.5984375 0.0375 0.075
0 0.76875 0.55703125 0.0484375 0.075
0 0.5703125 0.509375 0.0359375 0.0484375
0 0.56953125 0.55 0.03515625 0.04609375
0 0.54375 0.5453125 0.0171875 0.04296875
0 0.5265625 0.53671875 0.015625 0.04609375
0 0.5515625 0.50546875 0.03359375 0.04609375
0 0.5078125 0.3296875 0.0328125 0.03671875
0 0.48359375 0.33203125 0.01328125 0.0359375
0 0.4578125 0.3359375 0.01171875 0.03359375
0 0.4703125 0.334375 0.0125 0.03515625
0 0.4796875 0.3 0.03046875 0.03671875
0 0.4578125 0.30390625 0.01171875 0.03515625
0 0.44609375 0.30703125 0.01171875 0.034375
0 0.43515625 0.309375 0.01015625 0.03359375
0 0.44609375 0.33828125 0.01171875 0.03203125
0 0.43515625 0.340625 0.01015625 0.03046875
0 0.425 0.3421875 0.01015625 0.03046875
0 0.4125 0.334375 0.0265625 0.02890625
0 0.39453125 0.3359375 0.00859375 0.028125
0 0.38671875 0.3375 0.0078125 0.0265625
0 0.37890625 0.3390625 0.00703125 0.02578125
0 0.371875 0.340625 0.00703125 0.02578125
0 0.365625 0.3421875 0.00703125 0.025
0 0.35859375 0.34375 0.00625 0.02421875
0 0.41328125 0.41875 0.0265625 0.0265625
0 0.39609375 0.41875 0.00859375 0.02578125
0 0.38828125 0.41796875 0.0078125 0.025
0 0.39609375 0.3921875 0.02421875 0.025
0 0.38046875 0.41796875 0.00703125 0.02421875
0 0.3734375 0.41796875 0.00703125 0.02421875
0 0.3671875 0.4171875 0.00703125 0.0234375
0 0.36015625 0.41640625 0.00625 0.0234375
0 0.38046875 0.3921875 0.00703125 0.025
0 0.37265625 0.39296875 0.00703125 0.02421875
0 0.36640625 0.39296875 0.00625 0.02421875
3 0.61171875 0.52734375 0.03359375 0.01796875
3 0.91328125 0.428125 0.06484375 0.015625
3 0.8546875 0.42578125 0.05390625 0.01484375
3 0.52578125 0.46484375 0.02734375 0.009375
3 0.58671875 0.47421875 0.03125 0.01171875
3 0.6125 0.478125 0.03359375 0.0140625
3 0.63828125 0.48203125 0.03359375 0.01484375
3 0.67421875 0.421875 0.034375 0.01015625
3 0.70390625 0.4234375 0.040625 0.0109375
3 0.74375 0.42421875 0.0421875 0.01171875
3 0.73203125 0.55625 0.02578125 0.01875
3 0.63671875 0.53359375 0.03515625 0.01875
3 0.52421875 0.50546875 0.02109375 0.01328125
3 0.584375 0.41796875 0.0265625 0.00859375
3 0.60625 0.41875 0.03203125 0.00859375
3 0.66953125 0.54296875 0.03203125 0.02109375
0 0.853125 0.5140625 0.03671875 0.01953125
0 0.54765625 0.4671875 0.01484375 0.01015625
3 0.80234375 0.57578125 0.02734375 0.01640625
3 0.83984375 0.58515625 0.05078125 0.03359375
3 0.8953125 0.5984375 0.06015625 0.03828125
3 0.79921875 0.50703125 0.04765625 0.01953125
0 0.74609375 0.4984375 0.01953125 0.01484375
0 0.728125 0.4953125 0.015625 0.01484375
0 0.71328125 0.49296875 0.01484375 0.0140625
0 0.73203125 0.45703125 0.01953125 0.01015625
0 0.69765625 0.45390625 0.01875 0.00859375
0 0.69609375 0.49140625 0.01875 0.01171875
0 0.684375 0.48828125 0.00546875 0.01171875
0 0.665625 0.4859375 0.0078125 0.01171875
0 0.6859375 0.45234375 0.0078125 0.00859375
0 0.56640625 0.41171875 0.015625 0.01796875
0 0.55703125 0.41171875 0.01328125 0.01796875
0 0.54609375 0.41171875 0.00703125 0.01640625
0 0.55078125 0.39453125 0.015625 0.01640625
0 0.53828125 0.41171875 0.00703125 0.015625
0 0.5328125 0.41171875 0.00234375 0.015625
0 0.5234375 0.4109375 0.00546875 0.01484375
0 0.5171875 0.4109375 0.00703125 0.015625
0 0.53828125 0.39453125 0.00703125 0.01640625
0 0.53359375 0.39453125 0.00234375 0.01640625
0 0.5234375 0.39453125 0.00546875 0.015625
0 0.56796875 0.3625 0.01640625 0.00625
0 0.55546875 0.36328125 0.00859375 0.00625
0 0.54765625 0.3640625 0.00703125 0.00546875
0 0.53984375 0.36484375 0.00703125 0.00546875
0 0.534375 0.36484375 0.00234375 0.00546875
0 0.5234375 0.365625 0.00390625 0.00546875
0 0.51796875 0.36640625 0.00625 0.0046875
0 0.65234375 0.36015625 0.01796875 0.01640625
0 0.6375 0.36171875 0.01171875 0.015625
0 0.61484375 0.36328125 0.01015625 0.01484375
0 0.62578125 0.36171875 0.0109375 0.01484375
0 0.6046875 0.3640625 0.01015625 0.01484375
0 0.59453125 0.3640625 0.009375 0.01484375
0 0.58515625 0.36484375 0.00859375 0.01484375