3 0.38984375 0.8265625 0.0828125 0.04375
3 0.85625 0.5421875 0.09140625 0.0234375
3 0.79921875 0.540625 0.09375 0.0234375
3 0.0796875 0.68203125 0.13515625 0.0234375
3 0.31640625 0.68203125 0.08359375 0.0234375
3 0.396875 0.68203125 0.07734375 0.021875
3 0.47109375 0.68203125 0.0609375 0.021875
3 0.54375 0.53203125 0.05703125 0.021875
3 0.60390625 0.5359375 0.0625 0.01875
3 0.66796875 0.53828125 0.06796875 0.0203125
3 0.6921875 0.81875 0.0953125 0.03984375
3 0.46484375 0.82421875 0.07421875 0.04296875
3 0.06640625 0.83515625 0.1328125 0.0484375
3 0.31796875 0.52109375 0.065625 0.028125
3 0.38203125 0.52421875 0.0671875 0.028125
3 0.5578125 0.8234375 0.08046875 0.04296875
0 0.8234375 0.66953125 0.0609375 0.046875
0 0.1796875 0.665625 0.06875 0.05546875
3 0.771875 0.8171875 0.103125 0.03828125
3 0.84609375 0.81875 0.084375 0.03125
3 0.90703125 0.815625 0.0875 0.03125
3 0.75546875 0.684375 0.09375 0.01796875
0 0.6890625 0.66875 0.0296875 0.04921875
0 0.66171875 0.66875 0.02890625 0.04921875
0 0.63125 0.66875 0.0375 0.04921875
0 0.6515625 0.6203125 0.04296875 0.0484375
0 0.59765625 0.61953125 0.02734375 0.0484375
0 0.6 0.66875 0.028125 0.05
0 0.57265625 0.66875 0.028125 0.05
0 0.5421875 0.66796875 0.03359375 0.05078125
0 0.5671875 0.61875 0.03515625 0.0484375
0 0.26015625 0.509375 0.04296875 0.0453125
0 0.22578125 0.50859375 0.03515625 0.0453125
0 0.1953125 0.5078125 0.0359375 0.0453125
0 0.21171875 0.4625 0.05625 0.046875
0 0.1640625 0.50625 0.03671875 0.0453125
0 0.1328125 0.50546875 0.03828125 0.0453125
0 0.1015625 0.50390625 0.03828125 0.04609375
0 0.0703125 0.50234375 0.03984375 0.046875
0 0.17109375 0.4609375 0.03671875 0.046875
0 0.140625 0.45859375 0.03671875 0.046875
0 0.109375 0.45703125 0.03828125 0.0484375
0 0.27890625 0.3765625 0.04453125 0.046875
0 0.24375 0.36953125 0.03203125 0.03828125
0 0.215625 0.36796875 0.0328125 0.03828125
0 0.18671875 0.365625 0.03359375 0.0390625
0 0.1578125 0.3640625 0.03515625 0.0390625
0 0.128125 0.36171875 0.03515625 0.0390625
0 0.0984375 0.359375 0.0359375 0.03984375
0 0.49296875 0.40390625 0.02578125 0.03671875
0 0.4671875 0.40234375 0.02578125 0.03828125
0 0.41484375 0.3984375 0.02734375 0.03828125
0 0.44140625 0.40078125 0.0265625 0.03828125
0 0.44296875 0.36328125 0.02734375 0.040625
0 0.41640625 0.36015625 0.02734375 0.040625
0 0.390625 0.35859375 0.028125 0.04140625
0 0.36484375 0.35703125 0.028125 0.04140625
0 0.38828125 0.396875 0.028125 0.03671875
0 0.36171875 0.39609375 0.028125 0.03828125
0 0.33515625 0.39375 0.0296875 0.0390625