2 0.39921875 0.97421875 0.05859375 0.04921875
3 0.94375 0.4421875 0.04296875 0.03203125
3 0.94921875 0.47109375 0.04921875 0.05
3 0.94375 0.96875 0.06640625 0.06015625
3 0.93984375 0.90859375 0.07109375 0.153125
3 0.965625 0.65859375 0.06796875 0.10703125
3 0.9671875 0.59609375 0.0640625 0.07421875
3 0.96796875 0.55234375 0.05234375 0.06171875
3 0.99453125 0.984375 0.01015625 0.02890625
3 0.9859375 0.90625 0.02734375 0.15859375
3 0.8875 0.8796875 0.0234375 0.10546875
0 0.91796875 0.534375 0.01484375 0.0359375
0 0.9125 0.5609375 0.01171875 0.03671875
0 0.91875 0.578125 0.0234375 0.04296875
0 0.92109375 0.6 0.02734375 0.05546875
0 0.9234375 0.5484375 0.01484375 0.05078125
0 0.93203125 0.690625 0.01328125 0.04375
0 0.91953125 0.72109375 0.0140625 0.06328125
0 0.9296875 0.7484375 0.0328125 0.06640625
0 0.9375 0.7953125 0.0453125 0.10390625
0 0.96328125 0.71640625 0.07265625 0.078125
3 0.88671875 0.60859375 0.01015625 0.0390625
3 0.88359375 0.64140625 0.00546875 0.04453125
3 0.8875 0.78125 0.0203125 0.08046875
3 0.88828125 0.684375 0.01640625 0.05859375
3 0.44765625 0.64375 0.05703125 0.071875
3 0.6234375 0.3546875 0.0359375 0.02421875
3 0.6078125 0.3640625 0.0390625 0.02578125
3 0.51484375 0.42578125 0.05 0.04140625
3 0.53828125 0.409375 0.046875 0.03515625
3 0.5640625 0.3953125 0.03984375 0.03125
3 0.228125 0.871875 0.09453125 0.15078125
3 0.39375 0.50703125 0.071875 0.06875
3 0.4328125 0.48203125 0.065625 0.06015625
3 0.5171875 0.575 0.04765625 0.05390625
0 0.61796875 0.41640625 0.02265625 0.0296875
0 0.34609375 0.64375 0.01953125 0.03046875
0 0.33359375 0.66328125 0.02109375 0.03359375
0 0.31328125 0.6640625 0.02109375 0.04296875
0 0.2734375 0.70859375 0.02265625 0.03828125
0 0.29296875 0.68203125 0.021875 0.034375
3 0.584375 0.509375 0.03828125 0.0296875
3 0.54921875 0.546875 0.04296875 0.0359375
3 0.60625 0.4921875 0.02421875 0.0265625
3 0.62109375 0.4765625 0.021875 0.02421875
3 0.48359375 0.540625 0.05546875 0.05703125
0 0.60859375 0.43125 0.00703125 0.02890625
0 0.59453125 0.43671875 0.02109375 0.028125
0 0.58671875 0.440625 0.02421875 0.03515625
0 0.5953125 0.41328125 0.02421875 0.03046875
0 0.5375 0.4609375 0.0203125 0.0390625
0 0.5421875 0.490625 0.01015625 0.03203125
0 0.52734375 0.49921875 0.01875 0.03359375
0 0.5125 0.503125 0.028125 0.0453125
0 0.52578125 0.46875 0.02421875 0.040625
0 0.49140625 0.34375 0.02890625 0.04609375
0 0.484375 0.35 0.01484375 0.04609375
0 0.45234375 0.36640625 0.01796875 0.0453125
0 0.46875 0.35859375 0.01640625 0.04375
0 0.45859375 0.3171875 0.0359375 0.04921875
0 0.44140625 0.32265625 0.03828125 0.05078125
0 0.42265625 0.32890625 0.03984375 0.05390625
0 0.40234375 0.334375 0.04296875 0.05625
0 0.434375 0.3734375 0.01953125 0.046875
0 0.41484375 0.38125 0.021875 0.04921875
0 0.3859375 0.384375 0.0390625 0.06171875
0 0.32421875 0.3890625 0.05 0.0703125
0 0.29375 0.39921875 0.05234375 0.075
0 0.2609375 0.4109375 0.05703125 0.0796875
0 0.225 0.42421875 0.0609375 0.0859375
0 0.18359375 0.4390625 0.06484375 0.09296875
0 0.1375 0.45625 0.0703125 0.10078125
0 0.08515625 0.47421875 0.07734375 0.11015625
0 0.33671875 0.52421875 0.04609375 0.075
0 0.315625 0.540625 0.03671875 0.0796875
0 0.28828125 0.56953125 0.03671875 0.06328125
0 0.27421875 0.5140625 0.053125 0.08359375
0 0.25546875 0.590625 0.0421875 0.06640625
0 0.21875 0.61328125 0.04765625 0.07109375
0 0.178125 0.63984375 0.05390625 0.07578125
0 0.1296875 0.6515625 0.0671875 0.11484375
0 0.24140625 0.53203125 0.05625 0.08984375
0 0.20390625 0.55234375 0.06015625 0.096875
0 0.1625 0.57421875 0.06484375 0.1046875
3 0.30703125 0.4828125 0.03984375 0.03203125
3 0.4796875 0.309375 0.00625 0.009375
3 0.35703125 0.34453125 0.03046875 0.01953125
3 0.37421875 0.33828125 0.01875 0.01875
3 0.41328125 0.43125 0.03046875 0.02109375
3 0.33515625 0.46875 0.0375 0.0296875
3 0.1296875 0.571875 0.01875 0.034375
3 0.25078125 0.3703125 0.03828125 0.01640625
3 0.28125 0.36171875 0.03671875 0.0140625
3 0.36953125 0.45390625 0.034375 0.02578125
3 0.4375 0.41953125 0.02890625 0.01796875
3 0.4578125 0.4109375 0.0203125 0.01640625
3 0.4734375 0.403125 0.01953125 0.01484375
0 0.35703125 0.39609375 0.00859375 0.01796875
0 0.21171875 0.37421875 0.025 0.02578125
0 0.19453125 0.37890625 0.02265625 0.0265625
0 0.17578125 0.38828125 0.02265625 0.021875
0 0.16953125 0.36328125 0.02890625 0.03671875
0 0.15546875 0.39375 0.02421875 0.021875
0 0.13359375 0.39921875 0.025 0.0234375
0 0.1109375 0.40625 0.02734375 0.02421875
0 0.08671875 0.40859375 0.03046875 0.03359375
0 0.14921875 0.36796875 0.03046875 0.0390625
0 0.12734375 0.3734375 0.03125 0.040625
0 0.10390625 0.37890625 0.03203125 0.04296875
0 0.19921875 0.29765625 0.028125 0.034375
0 0.17890625 0.30078125 0.02890625 0.03515625
0 0.15859375 0.30390625 0.03046875 0.03671875
0 0.1375 0.30703125 0.03125 0.03828125
0 0.1140625 0.3109375 0.0328125 0.0390625
0 0.090625 0.31484375 0.03359375 0.040625
0 0.06484375 0.31875 0.03515625 0.04140625
0 0.3265625 0.28671875 0.0203125 0.0265625
0 0.31796875 0.2890625 0.01484375 0.028125
0 0.290625 0.29453125 0.01640625 0.0265625
0 0.3046875 0.29296875 0.015625 0.02578125
0 0.29921875 0.26640625 0.02109375 0.028125
0 0.284375 0.26875 0.02421875 0.02890625
0 0.26953125 0.27109375 0.02421875 0.02890625
0 0.25390625 0.27265625 0.02578125 0.03046875
0 0.27578125 0.29765625 0.01796875 0.0265625
0 0.2609375 0.3 0.01875 0.028125
0 0.24140625 0.3015625 0.02578125 0.03203125
3 0.7515625 0.54609375 0.04921875 0.0453125
3 0.53671875 0.39140625 0.02421875 0.01015625