3 0.98671875 0.50390625 0.02265625 0.02109375
3 0.9921875 0.49921875 0.01484375 0.02421875
3 0.9953125 0.7421875 0.0078125 0.02890625
3 0.39140625 0.759375 0.07890625 0.0609375
3 0.61953125 0.52265625 0.03515625 0.01171875
3 0.6015625 0.52109375 0.03984375 0.01328125
3 0.02265625 0.71015625 0.0453125 0.0609375
3 0.33828125 0.6546875 0.08203125 0.04453125
3 0.3953125 0.640625 0.07734375 0.0359375
3 0.4484375 0.63125 0.0671875 0.03046875
3 0.48984375 0.5125 0.05625 0.01796875
3 0.51953125 0.515625 0.05078125 0.01484375
3 0.55390625 0.51796875 0.03671875 0.0140625
3 0.5546875 0.690625 0.05078125 0.03046875
3 0.44140625 0.73671875 0.06953125 0.05
3 0.021875 0.91484375 0.04375 0.1046875
3 0.328125 0.49609375 0.0828125 0.02890625
3 0.39296875 0.5015625 0.05390625 0.025
3 0.4953125 0.71640625 0.06171875 0.04140625
0 0.60703125 0.59296875 0.02421875 0.0265625
0 0.14609375 0.66875 0.09140625 0.084375
3 0.58359375 0.6796875 0.04609375 0.021875
3 0.61171875 0.67109375 0.02578125 0.0203125
3 0.628125 0.66328125 0.02421875 0.01796875
3 0.5859375 0.60625 0.03515625 0.0140625
0 0.5625 0.6015625 0.01015625 0.03203125
0 0.5453125 0.603125 0.0234375 0.03203125
0 0.53828125 0.6046875 0.015625 0.03515625
0 0.54296875 0.571875 0.02890625 0.03125
0 0.52421875 0.57421875 0.01171875 0.034375
0 0.525 0.60859375 0.01171875 0.03515625
0 0.51171875 0.6109375 0.01328125 0.0359375
0 0.48828125 0.61171875 0.0328125 0.03984375
0 0.50234375 0.575 0.03203125 0.03515625
0 0.253125 0.471875 0.03984375 0.0609375
0 0.2109375 0.4671875 0.0453125 0.065625
0 0.1640625 0.46171875 0.05234375 0.0703125
0 0.16640625 0.396875 0.0515625 0.07421875
0 0.11015625 0.45546875 0.06015625 0.07578125
0 0.046875 0.44765625 0.07109375 0.08203125
0 0.00703125 0.44375 0.0140625 0.08046875
0 0.1125 0.3859375 0.06015625 0.08046875
0 0.05 0.37265625 0.0703125 0.08984375
0 0.009375 0.3640625 0.01796875 0.08203125
0 0.26015625 0.29921875 0.0390625 0.06484375
0 0.2203125 0.28203125 0.04296875 0.0703125
0 0.175 0.2640625 0.04921875 0.0765625
0 0.12265625 0.24375 0.05703125 0.08359375
0 0.0625 0.21875 0.06796875 0.09140625
0 0.015625 0.19921875 0.03125 0.0828125
0 0.46875 0.39765625 0.01640625 0.03984375
0 0.45078125 0.39140625 0.01796875 0.04140625
0 0.41171875 0.3765625 0.021875 0.04609375
0 0.43203125 0.384375 0.01953125 0.04453125
0 0.4328125 0.34609375 0.01953125 0.046875
0 0.41171875 0.3359375 0.02109375 0.05
0 0.3890625 0.3265625 0.0234375 0.053125
0 0.3578125 0.315625 0.04140625 0.05625
0 0.3890625 0.36875 0.0234375 0.0484375
0 0.3640625 0.359375 0.02578125 0.05078125
0 0.33046875 0.35 0.04296875 0.05546875
3 0.73515625 0.64609375 0.04296875 0.0203125