3 0.41953125 0.64453125 0.065625 0.09140625
3 0.81328125 0.290625 0.07890625 0.06015625
3 0.7703125 0.30625 0.08359375 0.0640625
3 0.54296875 0.39140625 0.07578125 0.09296875
3 0.596875 0.37109375 0.08203125 0.07890625
3 0.6578125 0.353125 0.0765625 0.06953125
3 0.12421875 0.79375 0.10703125 0.1296875
3 0.30078125 0.49296875 0.08125 0.13046875
3 0.37421875 0.465625 0.07578125 0.1203125
3 0.54140625 0.584375 0.065625 0.08359375
0 0.77890625 0.390625 0.04765625 0.04921875
0 0.25859375 0.61796875 0.0203125 0.04375
0 0.234375 0.63984375 0.02265625 0.04609375
0 0.21484375 0.62890625 0.02421875 0.05390625
0 0.15859375 0.66640625 0.028125 0.0484375
0 0.190625 0.640625 0.02578125 0.0453125
3 0.6828125 0.51796875 0.06484375 0.05390625
3 0.60546875 0.559375 0.065625 0.05859375
3 0.73046875 0.5015625 0.0453125 0.04375
3 0.765625 0.4828125 0.04453125 0.03984375
3 0.47734375 0.540625 0.06796875 0.10625
0 0.74609375 0.41171875 0.025 0.05
0 0.7234375 0.41796875 0.03515625 0.0546875
0 0.7015625 0.421875 0.0453125 0.0640625
0 0.728125 0.38828125 0.04453125 0.05
0 0.58984375 0.4515625 0.028125 0.05625
0 0.5875 0.49140625 0.02421875 0.040625
0 0.559375 0.4890625 0.0375 0.06875
0 0.53828125 0.49375 0.03359375 0.07890625
0 0.5609375 0.4609375 0.040625 0.05859375
0 0.490625 0.265625 0.0484375 0.09609375
0 0.46171875 0.27421875 0.03828125 0.09921875
0 0.3875 0.30625 0.04765625 0.08046875
0 0.4265625 0.3 0.040625 0.0703125
0 0.4171875 0.22109375 0.05234375 0.1046875
0 0.37890625 0.22890625 0.053125 0.10859375
0 0.33828125 0.23828125 0.0546875 0.11171875
0 0.29296875 0.2484375 0.06015625 0.115625
0 0.34921875 0.32109375 0.04921875 0.071875
0 0.3078125 0.3328125 0.0546875 0.075
0 0.26328125 0.3265625 0.0609375 0.1140625
0 0.1453125 0.328125 0.0796875 0.125
0 0.09375 0.340625 0.0640625 0.13203125
0 0.03671875 0.35390625 0.06640625 0.13828125
0 0.00546875 0.36171875 0.0109375 0.1296875
0 0.20625 0.5015625 0.0640625 0.1109375
0 0.16015625 0.51640625 0.065625 0.11796875
0 0.1140625 0.53359375 0.07109375 0.11796875
0 0.0953125 0.4875 0.09609375 0.115625
0 0.065625 0.57890625 0.07734375 0.06484375
0 0.028125 0.59765625 0.05625 0.0671875
0 0.003125 0.62890625 0.00625 0.0109375
0 0.03828125 0.5046875 0.0765625 0.11875
0 0.0125 0.5171875 0.025 0.1125
3 0.59765625 0.12578125 0.03984375 0.02421875
3 0.56953125 0.13125 0.03984375 0.025
3 0.20234375 0.290625 0.03359375 0.03828125
3 0.43125 0.15625 0.0328125 0.0296875
3 0.46171875 0.1515625 0.03984375 0.028125
3 0.49765625 0.146875 0.03828125 0.02578125
3 0.22109375 0.35390625 0.03203125 0.0390625
3 0.30546875 0.17890625 0.03671875 0.0296875
3 0.340625 0.1734375 0.03515625 0.03046875
0 0.56953125 0.19921875 0.0203125 0.0296875
0 0.24375 0.2734375 0.0328125 0.03671875
3 0.54296875 0.215625 0.02578125 0.01875
0 0.5078125 0.2125 0.00546875 0.03203125
0 0.4875 0.209375 0.01484375 0.01796875
0 0.4765625 0.21171875 0.0171875 0.02109375
0 0.4875 0.1921875 0.015625 0.0359375
0 0.459375 0.1984375 0.01796875 0.03671875
0 0.4625 0.2203125 0.01328125 0.0109375
0 0.44921875 0.2234375 0.01328125 0.0109375
0 0.4421875 0.22421875 0.00078125 0.009375
0 0.44609375 0.20078125 0.01875 0.03671875
0 0.26328125 0.178125 0.02578125 0.04375
0 0.24375 0.18125 0.02578125 0.04453125
0 0.22421875 0.18828125 0.02578125 0.0390625
0 0.21796875 0.153125 0.03046875 0.0453125
0 0.20546875 0.19375 0.02734375 0.034375
0 0.1921875 0.19609375 0.01484375 0.03125
0 0.16484375 0.2015625 0.02734375 0.03359375
0 0.13515625 0.2046875 0.01328125 0.03515625
0 0.19609375 0.15625 0.02890625 0.04609375
0 0.18125 0.15859375 0.01875 0.04453125
0 0.1515625 0.16328125 0.02421875 0.0453125
0 0.2421875 0.07734375 0.0296875 0.0453125
0 0.22109375 0.0796875 0.02890625 0.04609375
0 0.19921875 0.08203125 0.03046875 0.046875
0 0.178125 0.08359375 0.03203125 0.046875
0 0.1609375 0.0859375 0.02109375 0.046875
0 0.13125 0.0890625 0.03125 0.046875
0 0.10859375 0.09140625 0.03359375 0.04921875
0 0.39453125 0.07421875 0.021875 0.040625
0 0.37890625 0.0765625 0.01953125 0.04140625
0 0.34453125 0.08359375 0.02109375 0.034375
0 0.36171875 0.08125 0.02109375 0.03515625
0 0.35703125 0.04453125 0.02265625 0.040625
0 0.33984375 0.04609375 0.02265625 0.04140625
0 0.321875 0.0484375 0.0234375 0.04296875
0 0.303125 0.04921875 0.02421875 0.04375
0 0.3265625 0.0859375 0.02265625 0.03515625
0 0.30859375 0.08828125 0.02265625 0.03515625
0 0.28984375 0.08671875 0.02421875 0.04375
3 0.96171875 0.7921875 0.07578125 0.15078125
3 0.68359375 0.28359375 0.03203125 0.01953125