2 0.53359375 0.671875 0.17421875 0.440625
3 0.915625 0.7203125 0.11796875 0.078125
3 0.7953125 0.453125 0.00703125 0.01171875
3 0.80546875 0.44921875 0.01875 0.0140625
3 0.94609375 0.5890625 0.10703125 0.05078125
3 0.91953125 0.56953125 0.11953125 0.03359375
3 0.8875 0.5578125 0.09140625 0.025
3 0.8421875 0.428125 0.04453125 0.025
3 0.8328125 0.43671875 0.03203125 0.01953125
3 0.815625 0.44296875 0.00078125 0.009375
3 0.91640625 0.38125 0.06015625 0.0484375
3 0.875 0.40078125 0.02109375 0.0359375
3 0.86328125 0.65625 0.06796875 0.04375
0 0.8015625 0.52109375 0.0015625 0.0234375
0 0.80390625 0.5234375 0.00234375 0.025
0 0.80625 0.52421875 0.00078125 0.02578125
0 0.8203125 0.52578125 0.01796875 0.02890625
0 0.8171875 0.496875 0.0234375 0.0265625
0 0.83125 0.49765625 0.00390625 0.0359375
0 0.83125 0.534375 0.00390625 0.03671875
0 0.8359375 0.5359375 0.00390625 0.03828125
0 0.86640625 0.53046875 0.04296875 0.02578125
0 0.85703125 0.49765625 0.04609375 0.03984375
0 0.853125 0.2859375 0.00625 0.03984375
0 0.86015625 0.27265625 0.00703125 0.04375
0 0.87734375 0.24296875 0.009375 0.05078125
0 0.86796875 0.259375 0.00859375 0.046875
0 0.86875 0.21796875 0.0078125 0.06328125
0 0.87734375 0.1984375 0.009375 0.06953125
0 0.88828125 0.178125 0.01015625 0.07578125
0 0.91953125 0.14453125 0.05234375 0.09921875
0 0.8875 0.22578125 0.0109375 0.05625
0 0.89921875 0.20390625 0.0125 0.06171875
0 0.953125 0.1765625 0.09296875 0.07421875
0 0.9578125 0.06640625 0.0234375 0.09609375
0 0.98515625 0.0359375 0.02890625 0.071875
0 0.95859375 0.325 0.02421875 0.090625
0 0.98515625 0.30546875 0.02890625 0.103125
3 0.79609375 0.590625 0.00546875 0.015625
3 0.8015625 0.59765625 0.00546875 0.01796875
3 0.84765625 0.63125 0.06328125 0.03359375
3 0.81171875 0.60703125 0.01640625 0.02109375
3 0.44609375 0.6203125 0.028125 0.0296875
3 0.50703125 0.44921875 0.03984375 0.01015625
3 0.53359375 0.45078125 0.0125 0.00546875
3 0.284375 0.70703125 0.07421875 0.07109375
3 0.43359375 0.434375 0.05 0.0203125
3 0.465625 0.4390625 0.03203125 0.01796875
3 0.50234375 0.59765625 0.02734375 0.02109375
0 0.571875 0.5140625 0.00546875 0.01796875
0 0.3828125 0.55 0.01953125 0.01328125
0 0.375 0.5515625 0.0203125 0.01484375
0 0.35546875 0.5484375 0.02109375 0.0234375
0 0.32578125 0.559375 0.02265625 0.015625
0 0.3390625 0.5546875 0.02109375 0.01484375
3 0.52890625 0.58828125 0.03046875 0.015625
3 0.58671875 0.56796875 0.00625 0.0109375
3 0.496875 0.534375 0.028125 0.01484375
0 0.57109375 0.51640625 0.00390625 0.01953125
0 0.56640625 0.51640625 0.0046875 0.0203125
0 0.5546875 0.51640625 0.01875 0.0203125
0 0.559375 0.496875 0.01875 0.01953125
0 0.50625 0.52265625 0.01953125 0.0265625
0 0.50859375 0.4984375 0.01484375 0.021875
0 0.5 0.36484375 0.0078125 0.0296875
0 0.490625 0.359375 0.00859375 0.03046875
0 0.471875 0.34921875 0.01015625 0.03359375
0 0.48125 0.3546875 0.00859375 0.03125
0 0.48125 0.32578125 0.00859375 0.03515625
0 0.471875 0.31953125 0.01015625 0.03671875
0 0.4609375 0.31171875 0.0109375 0.0390625
0 0.43984375 0.30390625 0.03046875 0.04140625
0 0.4609375 0.34296875 0.0109375 0.034375
0 0.44921875 0.33671875 0.01171875 0.0359375
0 0.42578125 0.32890625 0.03359375 0.03984375
0 0.4 0.29296875 0.0171875 0.0453125
0 0.38203125 0.28203125 0.01875 0.0484375
0 0.3625 0.2703125 0.02109375 0.0515625
0 0.33984375 0.25625 0.02265625 0.05546875
0 0.31484375 0.24140625 0.02578125 0.06015625
0 0.28671875 0.22421875 0.0296875 0.06484375
0 0.24375 0.20390625 0.05546875 0.07109375
0 0.39921875 0.415625 0.0171875 0.04140625
0 0.38125 0.4109375 0.01796875 0.04453125
0 0.3609375 0.40625 0.02109375 0.046875
0 0.3609375 0.36328125 0.02109375 0.05
0 0.3390625 0.40078125 0.0234375 0.05
0 0.31328125 0.3953125 0.0265625 0.05390625
0 0.28515625 0.38828125 0.03046875 0.05703125
0 0.25 0.38046875 0.03984375 0.0640625
0 0.33828125 0.3546875 0.0234375 0.05390625
0 0.31328125 0.34609375 0.0265625 0.05859375
0 0.2734375 0.33515625 0.0515625 0.06328125
3 0.4359375 0.46953125 0.02265625 0.00703125
3 0.4203125 0.46875 0.02578125 0.00703125
3 0.1015625 0.5375 0.06796875 0.01796875
3 0.2546875 0.52734375 0.0390625 0.01171875
3 0.284375 0.525 0.03828125 0.0109375
3 0.31484375 0.5234375 0.03359375 0.009375
3 0.3390625 0.46328125 0.0328125 0.009375
3 0.3625 0.4640625 0.02578125 0.00859375
3 0.3828125 0.46640625 0.01484375 0.00625
3 0.1078125 0.61640625 0.06015625 0.02890625
3 0.25078125 0.45546875 0.03359375 0.01171875
3 0.28125 0.45703125 0.02734375 0.0109375
0 0.4234375 0.5109375 0.015625 0.01484375
0 0.16953125 0.525 0.03203125 0.028125
3 0.40703125 0.5171875 0.02109375 0.00625
0 0.3875 0.51328125 0.00546875 0.01640625
0 0.38046875 0.5140625 0.00703125 0.01640625
0 0.37109375 0.5140625 0.01015625 0.01796875
0 0.37578125 0.49609375 0.01640625 0.01640625
0 0.3609375 0.496875 0.0078125 0.01796875
0 0.3609375 0.51484375 0.0078125 0.01875
0 0.35234375 0.515625 0.00859375 0.01796875
0 0.33828125 0.515625 0.01875 0.01953125
0 0.34765625 0.49609375 0.01796875 0.01875
0 0.2109375 0.44453125 0.0140625 0.025
0 0.1875 0.4421875 0.0046875 0.0265625
0 0.175 0.440625 0.01953125 0.028125
0 0.175 0.4140625 0.01953125 0.0296875
0 0.1546875 0.4390625 0.0203125 0.02890625
0 0.13359375 0.43671875 0.021875 0.0296875
0 0.11015625 0.434375 0.0234375 0.03125
0 0.08203125 0.43203125 0.03125 0.034375
0 0.1546875 0.4109375 0.0203125 0.03046875
0 0.13359375 0.40703125 0.021875 0.03125
0 0.10625 0.40390625 0.03046875 0.03203125
0 0.20859375 0.36484375 0.0078125 0.02421875
0 0.1953125 0.36171875 0.01796875 0.0296875
0 0.1765625 0.3578125 0.01875 0.03046875
0 0.15625 0.353125 0.02109375 0.03125
0 0.134375 0.346875 0.02109375 0.03359375
0 0.11171875 0.34140625 0.0234375 0.034375
0 0.08359375 0.3359375 0.03203125 0.0359375
3 0.6953125 0.56796875 0.03984375 0.0140625