0 0.63203125 0.61328125 0.1734375 0.50859375
0 0.853125 0.5765625 0.28828125 0.8375
0 0.20703125 0.615625 0.40859375 0.7609375
5 0.5265625 0.471875 0.03828125 0.175
6 0.61328125 0.34375 0.02890625 0.0984375
6 0.51796875 0.34375 0.0171875 0.05546875
6 0.49140625 0.33984375 0.021875 0.0640625
6 0.4625 0.33359375 0.021875 0.0765625
6 0.4640625 0.41484375 0.01953125 0.06015625
6 0.4953125 0.41484375 0.02421875 0.06875
6 0.49609375 0.49375 0.0265625 0.0640625
6 0.46640625 0.49609375 0.02421875 0.0515625