0 0.87265625 0.71796875 0.25 0.41015625
0 0.875 0.18828125 0.2453125 0.3671875
0 0.603125 0.32265625 0.15859375 0.18359375
0 0.4796875 0.33984375 0.103125 0.1578125
0 0.36796875 0.67109375 0.3609375 0.50390625
0 0.16015625 0.5359375 0.06484375 0.14140625
0 0.37734375 0.17109375 0.0484375 0.1625
0 0.42578125 0.121875 0.0578125 0.20078125
0 0.509375 0.08984375 0.125 0.17109375
0 0.38359375 0.35078125 0.07421875 0.1625
0 0.33984375 0.2203125 0.040625 0.1578125
0 0.33046875 0.38671875 0.040625 0.115625