0 0.7546875 0.65625 0.3171875 0.54296875
0 0.5828125 0.51484375 0.06953125 0.12421875
0 0.475 0.42109375 0.103125 0.2609375
0 0.4484375 0.4765625 0.0359375 0.16640625
0 0.31953125 0.459375 0.23046875 0.39765625
0 0.140625 0.43828125 0.2765625 0.63671875
0 0.90390625 0.25625 0.09609375 0.29921875
0 0.8265625 0.3015625 0.071875 0.1921875
0 0.7609375 0.32265625 0.07421875 0.16640625
0 0.82578125 0.0984375 0.084375 0.18828125
0 0.76171875 0.1328125 0.0671875 0.221875
0 0.7046875 0.21796875 0.0625 0.15390625
0 0.69921875 0.3546875 0.053125 0.11953125