0 0.9046875 0.6328125 0.18515625 0.7265625
0 0.3578125 0.55546875 0.115625 0.25625
0 0.453125 0.54921875 0.084375 0.209375
0 0.18984375 0.52109375 0.053125 0.13671875
0 0.134375 0.5171875 0.053125 0.1453125
0 0.1296875 0.365625 0.053125 0.1328125
0 0.2078125 0.2203125 0.05546875 0.14140625
0 0.1390625 0.21171875 0.053125 0.14140625
0 0.053125 0.1796875 0.0671875 0.15390625
0 0.0625 0.453125 0.09609375 0.35859375
0 0.6453125 0.30546875 0.0796875 0.2609375
0 0.75703125 0.25625 0.125 0.31640625
0 0.90859375 0.1625 0.178125 0.325
0 0.75859375 0.6390625 0.1421875 0.371875
0 0.63828125 0.58984375 0.09375 0.28203125
0 0.57109375 0.5703125 0.06953125 0.2265625
0 0.5765625 0.325 0.0578125 0.23046875
0 0.51328125 0.35078125 0.07421875 0.1796875
0 0.43359375 0.39921875 0.084375 0.12421875
0 0.5359375 0.12421875 0.0578125 0.20546875
0 0.609375 0.0875 0.06953125 0.16640625
0 0.46875 0.18359375 0.0625 0.18828125
0 0.4265625 0.25234375 0.040625 0.13671875