0 0.88203125 0.66875 0.23046875 0.65390625
0 0.59609375 0.54296875 0.08203125 0.18828125
0 0.5140625 0.54453125 0.09609375 0.18359375
0 0.4015625 0.27578125 0.03359375 0.10703125
0 0.3609375 0.2671875 0.03359375 0.10703125
0 0.30859375 0.25625 0.0453125 0.10234375
0 0.259375 0.25234375 0.0484375 0.1109375
0 0.3484375 0.38671875 0.03359375 0.10703125
0 0.3734375 0.5109375 0.07421875 0.12421875
0 0.31015625 0.459375 0.0625 0.25234375
0 0.2078125 0.465625 0.165625 0.3671875
0 0.06875 0.49609375 0.13203125 0.9828125
0 0.67578125 0.14296875 0.0578125 0.2265625
0 0.7828125 0.3015625 0.084375 0.25234375
0 0.8921875 0.22421875 0.125 0.3203125
0 0.72734375 0.57890625 0.0890625 0.2609375
0 0.71875 0.33515625 0.0484375 0.21796875
0 0.6578125 0.3546875 0.06484375 0.196875
0 0.6546875 0.56015625 0.06484375 0.1625
0 0.61875 0.215625 0.06953125 0.16640625
0 0.5890625 0.39921875 0.0671875 0.12421875