0 0.61875 0.63671875 0.2671875 0.71796875
0 0.875 0.57265625 0.240625 0.84609375
0 0.12890625 0.5 0.25234375 0.99140625
5 0.4515625 0.48046875 0.0625 0.23515625
6 0.56953125 0.31171875 0.03828125 0.13671875
6 0.61875 0.27578125 0.06015625 0.14140625
6 0.5265625 0.33984375 0.03359375 0.115625
6 0.484375 0.24765625 0.0265625 0.0765625
6 0.4578125 0.31171875 0.0265625 0.06015625
6 0.43046875 0.32890625 0.01953125 0.0515625
6 0.4015625 0.31640625 0.02421875 0.0765625
6 0.365625 0.3078125 0.02421875 0.08515625
6 0.4078125 0.40625 0.0265625 0.06015625
6 0.4046875 0.49765625 0.021875 0.07265625
6 0.37109375 0.50625 0.021875 0.0640625
6 0.36796875 0.4125 0.02421875 0.07265625