5 0.5265625 0.49375 0.09609375 0.371875
0 0.8125 0.553125 0.3703125 0.884375
6 0.8140625 0.134375 0.13203125 0.2609375
6 0.70546875 0.215625 0.084375 0.1921875
6 0.65234375 0.26484375 0.0359375 0.1453125
6 0.61328125 0.32265625 0.053125 0.14921875
6 0.5765625 0.34609375 0.03828125 0.128125
6 0.615625 0.075 0.04296875 0.14140625
6 0.5765625 0.16875 0.03828125 0.1328125
6 0.53125 0.2609375 0.03828125 0.08515625
6 0.49140625 0.29453125 0.0265625 0.06875
6 0.45546875 0.278125 0.0265625 0.09375
6 0.41484375 0.26953125 0.0265625 0.10234375
6 0.3734375 0.26484375 0.03125 0.10234375
6 0.33046875 0.2671875 0.03125 0.0984375
6 0.28515625 0.2609375 0.03125 0.10234375
6 0.240625 0.2609375 0.03359375 0.10234375
6 0.19609375 0.2734375 0.03125 0.0765625
6 0.15 0.25625 0.0359375 0.1109375
6 0.1046875 0.25390625 0.0359375 0.115625
6 0.0609375 0.25234375 0.040625 0.1109375
6 0.0171875 0.25234375 0.03359375 0.1109375
6 0.46171875 0.3890625 0.02890625 0.0765625
6 0.4171875 0.39140625 0.021875 0.08984375
6 0.45703125 0.50234375 0.02890625 0.08125
6 0.4171875 0.50390625 0.0265625 0.08515625
6 0.37890625 0.5 0.0265625 0.09375
6 0.37890625 0.39140625 0.0359375 0.08125
6 0.3328125 0.3890625 0.0265625 0.08515625
6 0.3328125 0.50625 0.03125 0.08125
6 0.24375 0.49765625 0.03125 0.08984375
6 0.24375 0.38671875 0.03125 0.0984375
6 0.2015625 0.37578125 0.03359375 0.09375
6 0.2015625 0.49609375 0.03359375 0.1109375
6 0.1234375 0.3953125 0.07421875 0.08125
6 0.12890625 0.5125 0.084375 0.0765625