0 0.1984375 0.38046875 0.3921875 0.66640625
0 0.5640625 0.57890625 0.09375 0.14140625
0 0.3859375 0.4890625 0.1515625 0.36328125
0 0.4796875 0.5515625 0.07421875 0.10234375
6 0.7921875 0.68828125 0.2046875 0.2140625
6 0.9734375 0.36328125 0.0484375 0.29921875
6 0.8796875 0.12578125 0.10546875 0.23515625
6 0.796875 0.175 0.06953125 0.18828125
6 0.72265625 0.2375 0.084375 0.175
6 0.6515625 0.29453125 0.0578125 0.128125
6 0.5921875 0.33359375 0.0796875 0.10234375
6 0.82578125 0.4296875 0.1515625 0.16640625
6 0.68046875 0.453125 0.125 0.10234375