0 0.1296875 0.42109375 0.259375 0.303125
6 0.8921875 0.19453125 0.21171875 0.3546875
6 0.7359375 0.27109375 0.1203125 0.23515625
6 0.646875 0.278125 0.0765625 0.24765625
6 0.58515625 0.3078125 0.0796875 0.20546875
6 0.509375 0.378125 0.0625 0.12421875
6 0.45546875 0.3953125 0.0453125 0.0984375
6 0.54453125 0.09375 0.0453125 0.1796875
6 0.50625 0.14296875 0.0359375 0.14921875
6 0.4578125 0.23515625 0.06484375 0.0765625
6 0.5953125 0.06015625 0.06484375 0.1109375
0 0.35 0.52109375 0.13671875 0.15390625
0 0.58046875 0.65390625 0.32421875 0.52109375
0 0.86640625 0.784375 0.25234375 0.31171875