3 0.3984375 0.74375 0.07109375 0.07421875
3 0.6671875 0.46875 0.04765625 0.015625
3 0.64375 0.471875 0.05 0.01640625
3 0.0453125 0.7484375 0.08984375 0.09375
3 0.33359375 0.66171875 0.07890625 0.06875
3 0.39765625 0.6375 0.07265625 0.05625
3 0.4546875 0.62109375 0.06328125 0.05078125
3 0.50234375 0.49296875 0.05859375 0.0265625
3 0.5375 0.48828125 0.059375 0.0234375
3 0.57734375 0.48359375 0.05078125 0.02109375
3 0.5796875 0.65859375 0.0546875 0.04375
3 0.45 0.71875 0.06640625 0.06484375
3 0.053125 0.90625 0.10625 0.13359375
3 0.32109375 0.51875 0.0703125 0.04140625
3 0.37890625 0.5109375 0.06875 0.03671875
3 0.50859375 0.69296875 0.06171875 0.05546875
0 0.6484375 0.54921875 0.02734375 0.03203125
0 0.16015625 0.69609375 0.08046875 0.08515625
3 0.615625 0.6453125 0.05078125 0.0296875
3 0.64921875 0.6328125 0.03203125 0.0265625
3 0.67109375 0.621875 0.03046875 0.02421875
3 0.61796875 0.56796875 0.04453125 0.0234375
0 0.58828125 0.56875 0.01328125 0.03984375
0 0.56640625 0.5734375 0.03046875 0.03984375
0 0.55859375 0.57578125 0.01953125 0.04453125
0 0.5671875 0.540625 0.03046875 0.03984375
0 0.53359375 0.5484375 0.03046875 0.04375
0 0.54140625 0.58671875 0.01484375 0.03828125
0 0.52578125 0.59140625 0.015625 0.03984375
0 0.50078125 0.59140625 0.03203125 0.05
0 0.51796875 0.55234375 0.03203125 0.0453125
0 0.23984375 0.51171875 0.03984375 0.06484375
0 0.19921875 0.51640625 0.0453125 0.06796875
0 0.1546875 0.525 0.04921875 0.06484375
0 0.15390625 0.46328125 0.05703125 0.0640625
0 0.10546875 0.53046875 0.05546875 0.06875
0 0.05078125 0.53671875 0.0625 0.0734375
0 0.0125 0.54140625 0.025 0.07109375
0 0.10390625 0.465625 0.06171875 0.06796875
0 0.0484375 0.46875 0.06953125 0.071875
0 0.01328125 0.46953125 0.02578125 0.0734375
0 0.23515625 0.340625 0.04140625 0.0609375
0 0.19296875 0.33671875 0.04765625 0.06484375
0 0.14609375 0.33203125 0.0515625 0.06875
0 0.0953125 0.328125 0.05703125 0.071875
0 0.03828125 0.32265625 0.065625 0.0765625
0 0.00546875 0.3203125 0.0109375 0.07421875
0 0.47265625 0.3796875 0.0203125 0.04296875
0 0.4515625 0.378125 0.02265625 0.04375
0 0.4046875 0.37578125 0.02578125 0.046875
0 0.42890625 0.37734375 0.0234375 0.0453125
0 0.428125 0.33203125 0.02421875 0.046875
0 0.40390625 0.32890625 0.02578125 0.04921875
0 0.3765625 0.32578125 0.02734375 0.05078125
0 0.3453125 0.32109375 0.03671875 0.05390625
0 0.378125 0.3734375 0.02734375 0.04921875
0 0.35 0.371875 0.0296875 0.05078125
0 0.3171875 0.36953125 0.03828125 0.05390625
3 0.80234375 0.61953125 0.05234375 0.03671875