3 0.38359375 0.8296875 0.0828125 0.04296875
3 0.8375 0.55546875 0.06640625 0.0234375
3 0.77734375 0.5515625 0.08671875 0.0234375
3 0.0625 0.6765625 0.125 0.02578125
3 0.31015625 0.6796875 0.0875 0.02578125
3 0.39140625 0.68125 0.07734375 0.02421875
3 0.46875 0.68125 0.06015625 0.02421875
3 0.540625 0.5359375 0.05546875 0.0234375
3 0.59765625 0.54140625 0.05859375 0.01953125
3 0.65859375 0.5453125 0.06328125 0.0203125
3 0.68125 0.81875 0.09140625 0.0359375
3 0.46171875 0.8265625 0.075 0.040625
3 0.053125 0.8421875 0.10625 0.046875
3 0.31328125 0.51640625 0.06796875 0.03125
3 0.378125 0.52109375 0.06484375 0.0296875
3 0.55390625 0.82421875 0.07890625 0.0390625
0 0.8015625 0.675 0.05703125 0.04453125
0 0.16328125 0.66171875 0.07421875 0.05703125
3 0.75546875 0.81640625 0.09765625 0.03359375
3 0.8234375 0.81640625 0.07734375 0.028125
3 0.878125 0.8140625 0.07734375 0.028125
3 0.7390625 0.68828125 0.08828125 0.01640625
0 0.678125 0.671875 0.028125 0.046875
0 0.653125 0.671875 0.02734375 0.046875
0 0.62421875 0.67109375 0.03515625 0.0484375
0 0.6421875 0.62421875 0.04296875 0.046875
0 0.59140625 0.62265625 0.02578125 0.046875
0 0.59375 0.6703125 0.02734375 0.0484375
0 0.56796875 0.66953125 0.02734375 0.04921875
0 0.5375 0.66953125 0.03515625 0.05
0 0.56171875 0.62109375 0.0359375 0.0484375
0 0.25234375 0.503125 0.04609375 0.046875
0 0.215625 0.50078125 0.03828125 0.046875
0 0.1828125 0.4984375 0.0390625 0.046875
0 0.2 0.453125 0.05859375 0.05
0 0.14921875 0.49609375 0.040625 0.046875
0 0.115625 0.49375 0.04296875 0.0484375
0 0.08125 0.490625 0.04296875 0.0484375
0 0.04609375 0.48828125 0.0453125 0.05
0 0.1578125 0.44921875 0.03984375 0.04921875
0 0.12421875 0.44609375 0.04140625 0.05
0 0.090625 0.44375 0.04296875 0.05
0 0.2703125 0.365625 0.0390625 0.03984375
0 0.23671875 0.3609375 0.034375 0.0390625
0 0.20703125 0.35703125 0.03515625 0.03984375
0 0.17578125 0.35390625 0.03671875 0.040625
0 0.14453125 0.35 0.03828125 0.040625
0 0.11328125 0.3453125 0.03828125 0.040625
0 0.08046875 0.34140625 0.040625 0.040625
0 0.48984375 0.40859375 0.025 0.03671875
0 0.46484375 0.40546875 0.02578125 0.03671875
0 0.41328125 0.39921875 0.02734375 0.03828125
0 0.4390625 0.403125 0.02578125 0.03671875
0 0.43984375 0.365625 0.02578125 0.040625
0 0.41484375 0.3625 0.02734375 0.04140625
0 0.38828125 0.35859375 0.028125 0.04140625
0 0.36171875 0.35546875 0.02890625 0.04296875
0 0.3859375 0.396875 0.02890625 0.03828125
0 0.359375 0.39375 0.02890625 0.0390625
0 0.33203125 0.38984375 0.03046875 0.0390625