3 0.4125 0.66640625 0.06484375 0.03203125
3 0.8171875 0.43125 0.07734375 0.0203125
3 0.7671875 0.42890625 0.0796875 0.02109375
3 0.54375 0.42109375 0.05 0.01953125
3 0.596875 0.42421875 0.0546875 0.01640625
3 0.653125 0.4265625 0.05859375 0.01796875
3 0.13515625 0.67421875 0.1125 0.0359375
3 0.34140625 0.409375 0.05859375 0.025
3 0.39765625 0.4125 0.05703125 0.025
3 0.55234375 0.66328125 0.065625 0.03125
0 0.81484375 0.540625 0.05 0.0390625
0 0.28828125 0.553125 0.02109375 0.01171875
0 0.265625 0.55234375 0.02265625 0.0140625
0 0.25390625 0.5484375 0.02265625 0.02109375
0 0.20859375 0.553125 0.025 0.01328125
0 0.23359375 0.55234375 0.01875 0.01171875
3 0.7265625 0.65859375 0.08046875 0.028125
3 0.62734375 0.66171875 0.07265625 0.02890625
3 0.78515625 0.65859375 0.065625 0.0234375
3 0.83515625 0.65625 0.06640625 0.02421875
3 0.48046875 0.55078125 0.0515625 0.01953125
0 0.77265625 0.540625 0.021875 0.0390625
0 0.7515625 0.540625 0.021875 0.03984375
0 0.72265625 0.540625 0.03828125 0.03984375
0 0.73984375 0.50078125 0.04296875 0.03984375
0 0.5890625 0.496875 0.02265625 0.040625
0 0.58984375 0.5390625 0.02265625 0.04140625
0 0.56640625 0.5390625 0.02265625 0.04140625
0 0.540625 0.5390625 0.0296875 0.04296875
0 0.5625 0.496875 0.03046875 0.04140625
0 0.49765625 0.29921875 0.02421875 0.03671875
0 0.4734375 0.296875 0.0234375 0.03671875
0 0.425 0.29296875 0.02421875 0.03828125
0 0.44921875 0.2953125 0.02421875 0.03671875
0 0.45 0.25703125 0.02421875 0.04140625
0 0.42578125 0.25546875 0.02421875 0.04140625
0 0.40078125 0.253125 0.02578125 0.04375
0 0.37578125 0.25 0.02578125 0.04296875
0 0.4 0.29140625 0.02578125 0.03828125
0 0.375 0.2890625 0.025 0.03828125
0 0.34921875 0.28671875 0.02578125 0.0390625
0 0.2921875 0.265625 0.03515625 0.03984375
0 0.2609375 0.2625 0.02890625 0.03984375
0 0.23359375 0.259375 0.02890625 0.03984375
0 0.20625 0.2578125 0.02890625 0.03984375
0 0.178125 0.25546875 0.0296875 0.040625
0 0.14921875 0.253125 0.03046875 0.040625
0 0.1203125 0.25078125 0.03046875 0.04140625
0 0.2875 0.3984375 0.03828125 0.04296875
0 0.2546875 0.39609375 0.02890625 0.04296875
0 0.2265625 0.3953125 0.02890625 0.04296875
0 0.23671875 0.35234375 0.046875 0.0453125
0 0.1984375 0.39375 0.0296875 0.04375
0 0.16875 0.39296875 0.03046875 0.04375
0 0.13984375 0.39140625 0.03046875 0.04375
0 0.11015625 0.38984375 0.03125 0.04453125
0 0.2 0.35078125 0.0296875 0.0453125
0 0.17109375 0.3484375 0.03046875 0.0453125
0 0.1421875 0.346875 0.03125 0.04609375
3 0.4359375 0.6109375 0.02890625 0.0109375
3 0.63828125 0.49921875 0.02890625 0.009375
3 0.6140625 0.4984375 0.02734375 0.009375
3 0.31484375 0.55625 0.0328125 0.00546875
3 0.40703125 0.55703125 0.03046875 0.00625
3 0.43671875 0.55703125 0.02890625 0.00625
3 0.46875 0.55703125 0.00703125 0.00625
3 0.4953125 0.496875 0.02109375 0.00859375
3 0.52734375 0.4984375 0.01640625 0.00703125
3 0.540625 0.4984375 0.0109375 0.00703125
3 0.55390625 0.609375 0.03046875 0.01015625
3 0.4640625 0.6109375 0.02734375 0.0109375
3 0.31328125 0.61328125 0.0375 0.0109375
3 0.40390625 0.49453125 0.025 0.009375
3 0.42890625 0.4953125 0.02421875 0.009375
3 0.4953125 0.6109375 0.0203125 0.01015625
0 0.615625 0.5515625 0.01796875 0.01640625
0 0.33984375 0.553125 0.0015625 0.01171875
3 0.58515625 0.609375 0.028125 0.01015625
3 0.63984375 0.60859375 0.03046875 0.009375
3 0.6015625 0.5578125 0.00078125 0.0046875
0 0.52109375 0.53203125 0.00546875 0.01875
0 0.52109375 0.5515625 0.00546875 0.01796875
0 0.48984375 0.55546875 0.00078125 0.01015625
0 0.503125 0.53125 0.00546875 0.01875
0 0.378125 0.4890625 0.01484375 0.0203125
0 0.3640625 0.48828125 0.0125 0.01953125
0 0.3515625 0.48828125 0.01171875 0.01953125
0 0.35390625 0.46796875 0.015625 0.01953125
0 0.33984375 0.48828125 0.0125 0.01953125
0 0.33046875 0.48828125 0.00546875 0.01875
0 0.31640625 0.4875 0.00859375 0.01953125
0 0.3 0.48671875 0.0078125 0.0203125
0 0.33984375 0.46796875 0.01171875 0.01953125
0 0.33125 0.46796875 0.00546875 0.01953125
0 0.31640625 0.4671875 0.00703125 0.01953125
0 0.45234375 0.41796875 0.0109375 0.01640625
0 0.440625 0.41796875 0.0109375 0.01640625
0 0.4296875 0.41640625 0.0109375 0.01640625
3 0.72890625 0.5984375 0.0453125 0.01171875