3 0.45390625 0.7109375 0.06953125 0.06796875
3 0.96875 0.5375 0.06171875 0.05625
3 0.284375 0.5625 0.05390625 0.034375
3 0.4015625 0.5984375 0.0703125 0.0484375
3 0.45234375 0.609375 0.071875 0.053125
3 0.50546875 0.62734375 0.0703125 0.0640625
3 0.57890625 0.4984375 0.07265625 0.04296875
3 0.64609375 0.50546875 0.084375 0.04609375
3 0.7453125 0.51875 0.1046875 0.05
3 0.73984375 0.83203125 0.09765625 0.1203125
3 0.5046875 0.73125 0.07265625 0.07578125
3 0.2953125 0.64375 0.06171875 0.0453125
3 0.39453125 0.478125 0.07109375 0.03125
3 0.434375 0.4828125 0.07265625 0.034375
3 0.58046875 0.76796875 0.07578125 0.090625
0 0.9875 0.73671875 0.0234375 0.0953125
0 0.3265625 0.56484375 0.0359375 0.0484375
3 0.86875 0.88671875 0.14140625 0.146875
3 0.9625 0.93203125 0.07421875 0.115625
3 0.88984375 0.72890625 0.13828125 0.10546875
0 0.75 0.6734375 0.04375 0.09140625
0 0.71015625 0.66328125 0.03984375 0.08828125
0 0.67421875 0.65390625 0.03671875 0.084375
0 0.71328125 0.61015625 0.04140625 0.08359375
0 0.6328125 0.59375 0.0359375 0.07421875
0 0.63125 0.64609375 0.0359375 0.0734375
0 0.59921875 0.64453125 0.03046875 0.05625
0 0.5703125 0.628125 0.02890625 0.071875
0 0.603125 0.5875 0.0359375 0.07109375
0 0.35859375 0.4609375 0.03828125 0.04296875
0 0.33984375 0.45859375 0.03359375 0.04140625
0 0.31640625 0.459375 0.015625 0.03671875
0 0.3265625 0.421875 0.0390625 0.03828125
0 0.3015625 0.4578125 0.015625 0.0359375
0 0.2875 0.45625 0.01484375 0.03515625
0 0.27421875 0.45546875 0.0140625 0.034375
0 0.26171875 0.453125 0.0140625 0.03515625
0 0.30625 0.42109375 0.02890625 0.03671875
0 0.28828125 0.42109375 0.01953125 0.0359375
0 0.27890625 0.41953125 0.02578125 0.0359375
0 0.35625 0.34140625 0.03984375 0.04296875
0 0.328125 0.3421875 0.01796875 0.03984375
0 0.3125 0.34375 0.01640625 0.0390625
0 0.29765625 0.34453125 0.015625 0.0390625
0 0.2828125 0.3453125 0.01484375 0.03671875
0 0.26953125 0.346875 0.01484375 0.0359375
0 0.25703125 0.34765625 0.0140625 0.0359375
0 0.528125 0.3484375 0.0390625 0.0515625
0 0.49609375 0.34921875 0.025 0.05078125
0 0.4484375 0.35234375 0.02265625 0.046875
0 0.47109375 0.35078125 0.0234375 0.0484375
0 0.47890625 0.30234375 0.03984375 0.05078125
0 0.44765625 0.30546875 0.02265625 0.04921875
0 0.42578125 0.30703125 0.02109375 0.0484375
0 0.4046875 0.309375 0.0203125 0.046875
0 0.4265625 0.353125 0.021875 0.0453125
0 0.40625 0.3546875 0.0203125 0.04453125
0 0.38671875 0.35546875 0.01953125 0.04375