3 0.046875 0.7546875 0.0265625 0.06640625
0 0.0078125 0.79453125 0.015625 0.0328125
0 0.003125 0.7734375 0.00546875 0.01953125
0 0.01171875 0.7515625 0.0234375 0.03984375
0 0.00625 0.71796875 0.0125 0.0203125
0 0.0140625 0.72890625 0.02421875 0.02421875
3 0.484375 0.60625 0.05078125 0.059375
3 0.97734375 0.70703125 0.04375 0.109375
3 0.90390625 0.66875 0.12890625 0.13984375
3 0.37734375 0.46171875 0.040625 0.03515625
3 0.45 0.51875 0.05078125 0.04921875
3 0.48359375 0.5390625 0.05390625 0.0546875
3 0.5171875 0.56640625 0.05703125 0.06328125
3 0.5703125 0.49375 0.06484375 0.06171875
3 0.6171875 0.51875 0.07421875 0.07109375
3 0.68046875 0.55703125 0.07890625 0.078125
3 0.66171875 0.76484375 0.07265625 0.10703125
3 0.5171875 0.634375 0.0546875 0.06796875
3 0.38359375 0.51953125 0.040625 0.0390625
3 0.44375 0.43203125 0.05390625 0.04140625
3 0.4703125 0.44609375 0.05625 0.04609375
3 0.5640625 0.6796875 0.0609375 0.0796875
0 0.871875 0.80546875 0.08359375 0.11953125
0 0.4015625 0.47421875 0.02421875 0.03984375
3 0.740625 0.8359375 0.0796875 0.13203125
3 0.82421875 0.90625 0.09609375 0.16015625
3 0.92265625 0.94765625 0.10859375 0.103125
3 0.76640625 0.73984375 0.08828125 0.121875
0 0.678125 0.6640625 0.040625 0.08125
0 0.65234375 0.65546875 0.03828125 0.06015625
0 0.625 0.63046875 0.02890625 0.0734375
0 0.65625 0.615625 0.03828125 0.06953125
0 0.603125 0.58046875 0.0359375 0.0609375
0 0.6015625 0.61640625 0.0359375 0.05546875
0 0.57421875 0.60703125 0.0203125 0.0453125
0 0.55625 0.584375 0.0203125 0.06328125
0 0.58125 0.56796875 0.03046875 0.059375
0 0.4203125 0.40703125 0.02890625 0.04140625
0 0.409375 0.4015625 0.02734375 0.040625
0 0.39140625 0.40078125 0.01015625 0.03046875
0 0.3984375 0.36953125 0.02890625 0.03828125
0 0.38203125 0.3953125 0.01015625 0.0296875
0 0.37265625 0.39140625 0.01015625 0.02890625
0 0.3640625 0.38671875 0.01015625 0.02890625
0 0.35625 0.38046875 0.009375 0.03125
0 0.3875 0.365625 0.02578125 0.03671875
0 0.378125 0.36171875 0.02578125 0.0359375
0 0.3703125 0.3578125 0.02578125 0.034375
0 0.41640625 0.31796875 0.03046875 0.03984375
0 0.4046875 0.3140625 0.02890625 0.03828125
0 0.39453125 0.31171875 0.02890625 0.03671875
0 0.384375 0.30859375 0.02734375 0.0359375
0 0.37421875 0.30625 0.02578125 0.034375
0 0.36640625 0.303125 0.0265625 0.034375
0 0.35703125 0.30078125 0.025 0.03359375
0 0.5359375 0.36953125 0.0359375 0.05078125
0 0.5171875 0.3640625 0.03359375 0.0515625
0 0.4765625 0.35703125 0.01484375 0.03984375
0 0.4921875 0.3625 0.015625 0.04140625
0 0.5015625 0.321875 0.034375 0.046875
0 0.48515625 0.31796875 0.03203125 0.04609375
0 0.4703125 0.3140625 0.03359375 0.04453125
0 0.45546875 0.31015625 0.03125 0.04296875
0 0.46171875 0.3515625 0.01484375 0.0390625
0 0.4484375 0.346875 0.01328125 0.03671875
0 0.4359375 0.340625 0.01328125 0.040625