3 0.98671875 0.97578125 0.02578125 0.04609375
3 0.90625 0.50390625 0.00390625 0.01796875
3 0.909375 0.49921875 0.00546875 0.0203125
3 0.93125 0.46328125 0.04296875 0.04375
3 0.92421875 0.478125 0.015625 0.03046875
3 0.98671875 0.3515625 0.02578125 0.10625
3 0.9640625 0.396875 0.02421875 0.0796875
3 0.97421875 0.85546875 0.05078125 0.0890625
3 0.93515625 0.75078125 0.00703125 0.025
3 0.96171875 0.79296875 0.05078125 0.05625
3 0.92265625 0.71953125 0.003125 0.025
3 0.91953125 0.70703125 0.0046875 0.028125
3 0.97265625 0.69921875 0.053125 0.06328125
0 0.92578125 0.61171875 0.00234375 0.040625
0 0.9328125 0.61484375 0.01640625 0.04609375
0 0.93046875 0.56953125 0.01640625 0.04140625
0 0.97578125 0.64296875 0.04765625 0.06015625
0 0.97421875 0.58046875 0.05078125 0.06875
0 0.95078125 0.07578125 0.01015625 0.1109375
0 0.9578125 0.0453125 0.01171875 0.090625
0 0.96640625 0.0203125 0.00859375 0.040625
3 0.409375 0.71640625 0.06640625 0.04296875
3 0.6078125 0.52265625 0.03203125 0.01015625
3 0.590625 0.52109375 0.03671875 0.01171875
3 0.0890625 0.6625 0.1328125 0.0546875
3 0.36328125 0.62578125 0.07421875 0.03046875
3 0.41171875 0.61796875 0.06484375 0.02578125
3 0.45546875 0.61171875 0.05703125 0.021875
3 0.490625 0.51171875 0.04921875 0.015625
3 0.52265625 0.51484375 0.03359375 0.01328125
3 0.546875 0.51796875 0.0328125 0.01328125
3 0.54765625 0.66953125 0.04453125 0.02421875
3 0.45 0.703125 0.059375 0.03671875
3 0.08671875 0.8296875 0.134375 0.10390625
3 0.35859375 0.4953125 0.06875 0.02421875
3 0.40703125 0.50078125 0.05234375 0.02109375
3 0.4953125 0.68828125 0.05234375 0.03046875
0 0.5953125 0.5859375 0.02265625 0.02421875
0 0.22578125 0.628125 0.06171875 0.06015625
3 0.57421875 0.66171875 0.04140625 0.01875
3 0.59921875 0.65546875 0.02421875 0.01640625
3 0.615625 0.65 0.02265625 0.01484375
3 0.57578125 0.59609375 0.03203125 0.0109375
0 0.5546875 0.59140625 0.00859375 0.0265625
0 0.5453125 0.59296875 0.01015625 0.028125
0 0.53359375 0.59375 0.01328125 0.0296875
0 0.53828125 0.56484375 0.0234375 0.028125
0 0.52109375 0.565625 0.01015625 0.0296875
0 0.52109375 0.5953125 0.01015625 0.0296875
0 0.51015625 0.596875 0.01171875 0.03046875
0 0.4890625 0.596875 0.02890625 0.03359375
0 0.5015625 0.56640625 0.028125 0.03046875
0 0.303125 0.47578125 0.0296875 0.0484375
0 0.27265625 0.471875 0.03203125 0.05078125
0 0.23984375 0.46796875 0.0359375 0.05390625
0 0.24140625 0.4171875 0.0359375 0.05625
0 0.20234375 0.4625 0.040625 0.05859375
0 0.1609375 0.45625 0.04609375 0.0609375
0 0.1140625 0.45078125 0.05234375 0.065625
0 0.0609375 0.44296875 0.059375 0.071875
0 0.2046875 0.409375 0.03984375 0.0609375
0 0.16328125 0.4 0.0453125 0.06484375
0 0.1171875 0.390625 0.0515625 0.06953125
0 0.30859375 0.3375 0.02890625 0.05078125
0 0.27890625 0.32578125 0.03125 0.05390625
0 0.246875 0.3140625 0.03515625 0.05703125
0 0.2109375 0.3 0.0390625 0.0609375
0 0.17109375 0.284375 0.04296875 0.065625
0 0.1265625 0.26796875 0.04921875 0.0703125
0 0.075 0.2484375 0.05703125 0.078125
0 0.47265625 0.4125 0.0140625 0.034375
0 0.4578125 0.40703125 0.01484375 0.03515625
0 0.42578125 0.39609375 0.0171875 0.0390625
0 0.4421875 0.4015625 0.01640625 0.03671875
0 0.44296875 0.36875 0.015625 0.03984375
0 0.42578125 0.36171875 0.0171875 0.040625
0 0.4078125 0.35390625 0.01875 0.04375
0 0.38125 0.34609375 0.034375 0.0453125
0 0.4078125 0.390625 0.01796875 0.03984375
0 0.3875 0.38359375 0.0203125 0.04296875
0 0.36015625 0.37578125 0.0359375 0.0453125
3 0.7109375 0.63359375 0.03671875 0.015625