2 0.3015625 0.5140625 0.04140625 0.11953125
3 0.0703125 0.70390625 0.10078125 0.0765625
3 0.15078125 0.51640625 0.05390625 0.02578125
3 0.084375 0.559375 0.08125 0.03046875
3 0.05546875 0.5859375 0.10703125 0.04375
3 0.03984375 0.6203125 0.07890625 0.05703125
3 0.01640625 0.47109375 0.03203125 0.03359375
3 0.15625 0.5890625 0.05234375 0.03359375
3 0.08125 0.44296875 0.08671875 0.0203125
3 0.05390625 0.44921875 0.10390625 0.0265625
3 0.02109375 0.8234375 0.04140625 0.0890625
0 0.00625 0.64296875 0.01171875 0.06875
0 0.01015625 0.29140625 0.01328125 0.06015625
0 0.0234375 0.2953125 0.025 0.0609375
0 0.05859375 0.30859375 0.01875 0.05078125
0 0.0421875 0.303125 0.02109375 0.05546875
0 0.02421875 0.24921875 0.04765625 0.06484375
0 0.05390625 0.26015625 0.01953125 0.05703125
0 0.06796875 0.26875 0.01796875 0.05390625
0 0.08125 0.27578125 0.01484375 0.05
0 0.07265625 0.3140625 0.01640625 0.0484375
0 0.08515625 0.31875 0.01484375 0.04453125
0 0.09609375 0.321875 0.01328125 0.04296875
0 0.10546875 0.3140625 0.03359375 0.03984375
0 0.125 0.31953125 0.01015625 0.03515625
0 0.1328125 0.32265625 0.00859375 0.034375
0 0.1390625 0.32578125 0.00859375 0.03203125
0 0.1453125 0.32890625 0.0078125 0.03125
0 0.1515625 0.33125 0.00703125 0.0296875
0 0.15625 0.33359375 0.00703125 0.02890625
0 0.10625 0.4265625 0.04921875 0.034375
0 0.13359375 0.42578125 0.009375 0.034375
0 0.140625 0.42421875 0.00859375 0.03203125
0 0.1203125 0.39140625 0.04453125 0.03359375
0 0.146875 0.4234375 0.0078125 0.03046875
0 0.153125 0.421875 0.00703125 0.0296875
0 0.15859375 0.421875 0.00625 0.02890625
0 0.16328125 0.4203125 0.00625 0.028125
0 0.14453125 0.3921875 0.00859375 0.03046875
0 0.15078125 0.39296875 0.00703125 0.0296875
0 0.15625 0.39296875 0.00703125 0.028125
3 0.48359375 0.59453125 0.04453125 0.03515625
3 0.915625 0.51328125 0.1671875 0.08671875
3 0.79296875 0.48515625 0.16796875 0.06328125
3 0.53125 0.440625 0.06171875 0.021875
3 0.5625 0.44609375 0.0703125 0.02578125
3 0.60234375 0.45546875 0.0796875 0.03125
3 0.43046875 0.5390625 0.02734375 0.02109375
3 0.4609375 0.428125 0.04296875 0.0140625
3 0.47421875 0.43125 0.046875 0.015625
3 0.52734375 0.6484375 0.053125 0.05390625
0 0.89765625 0.778125 0.14453125 0.16796875
0 0.45234375 0.50078125 0.00234375 0.00859375
0 0.4515625 0.4984375 0.0078125 0.009375
0 0.453125 0.49140625 0.01015625 0.00859375
0 0.440625 0.49140625 0.00703125 0.00703125
3 0.66484375 0.80859375 0.096875 0.11484375
3 0.57421875 0.7 0.0734375 0.06484375
3 0.7578125 0.90625 0.14765625 0.16875
3 0.8203125 0.95234375 0.065625 0.09375
3 0.4921875 0.534375 0.03984375 0.03046875
0 0.75390625 0.68125 0.078125 0.11171875
0 0.7140625 0.6625 0.06953125 0.0859375
0 0.66640625 0.63515625 0.0328125 0.0890625
0 0.71796875 0.59296875 0.07109375 0.09140625
0 0.553125 0.515625 0.03984375 0.04921875
0 0.553125 0.5578125 0.0390625 0.046875
0 0.52734375 0.54921875 0.01171875 0.04375
0 0.51640625 0.54140625 0.01015625 0.04375
0 0.53984375 0.509375 0.03515625 0.046875
0 0.51015625 0.33203125 0.03359375 0.03828125
0 0.4890625 0.33515625 0.00859375 0.03515625
0 0.4734375 0.340625 0.00703125 0.03203125
0 0.48125 0.33828125 0.0078125 0.03359375
0 0.4921875 0.30546875 0.03046875 0.0359375
0 0.4734375 0.30859375 0.00703125 0.034375
0 0.46640625 0.3125 0.00703125 0.03203125
0 0.46015625 0.315625 0.00546875 0.03125
0 0.46640625 0.3421875 0.00625 0.03046875
0 0.46015625 0.34453125 0.00546875 0.0296875
0 0.4546875 0.34609375 0.00546875 0.028125
0 0.4484375 0.33984375 0.0171875 0.02578125
0 0.4375 0.34140625 0.0046875 0.025
0 0.4328125 0.34296875 0.00390625 0.0234375
0 0.42890625 0.34453125 0.00390625 0.0234375
0 0.425 0.34609375 0.00390625 0.021875
0 0.42109375 0.34765625 0.00390625 0.02109375
0 0.41796875 0.34921875 0.003125 0.0203125
0 0.4515625 0.41328125 0.0234375 0.015625
0 0.43828125 0.41796875 0.00390625 0.02421875
0 0.43359375 0.4171875 0.00390625 0.0234375
0 0.4421875 0.39296875 0.021875 0.0234375
0 0.4296875 0.41640625 0.00390625 0.021875
0 0.42578125 0.41640625 0.00390625 0.02109375
0 0.421875 0.415625 0.003125 0.02109375
0 0.41875 0.41484375 0.003125 0.0203125
0 0.42890625 0.39375 0.00390625 0.021875
0 0.425 0.39375 0.00390625 0.021875
0 0.421875 0.39375 0.00390625 0.02109375
3 0.68203125 0.54296875 0.034375 0.021875
3 0.978125 0.43828125 0.0421875 0.01953125
3 0.753125 0.4265625 0.05078125 0.01328125
3 0.7890625 0.42890625 0.05703125 0.0140625
3 0.83984375 0.43203125 0.06328125 0.01640625
3 0.8328125 0.603125 0.065625 0.0390625
3 0.7 0.54765625 0.03203125 0.0140625
3 0.5953125 0.51015625 0.02890625 0.01484375
3 0.653125 0.41953125 0.03515625 0.00859375
3 0.675 0.421875 0.03984375 0.01015625
3 0.7625 0.57265625 0.0203125 0.0234375
3 0.90546875 0.63125 0.07890625 0.046875
3 0.965625 0.65703125 0.06796875 0.053125
0 0.63671875 0.41328125 0.01640625 0.01875
0 0.61328125 0.4125 0.00703125 0.01796875
0 0.6140625 0.39375 0.00703125 0.01796875
0 0.60625 0.41171875 0.00703125 0.01640625
0 0.59921875 0.41171875 0.00703125 0.01640625
0 0.5921875 0.41171875 0.00703125 0.015625
0 0.5859375 0.4109375 0.00546875 0.01640625
0 0.60703125 0.39375 0.00703125 0.01796875
0 0.6 0.39453125 0.00703125 0.01640625
0 0.59296875 0.39453125 0.00625 0.01640625
0 0.63828125 0.35625 0.01640625 0.0140625
0 0.615625 0.35859375 0.00703125 0.01171875
0 0.6078125 0.359375 0.00703125 0.01171875
0 0.60078125 0.3609375 0.00703125 0.01171875
0 0.59375 0.3609375 0.00625 0.0109375
0 0.5875 0.36171875 0.00625 0.0109375
0 0.72734375 0.3515625 0.02578125 0.02578125
0 0.70859375 0.353125 0.01328125 0.025
0 0.684375 0.35625 0.01171875 0.0234375
0 0.69609375 0.3546875 0.0125 0.02421875
0 0.70234375 0.34140625 0.02265625 0.0046875
0 0.675 0.35703125 0.0078125 0.021875
0 0.659375 0.359375 0.00390625 0.0203125
0 0.653125 0.359375 0.01015625 0.0203125