3 0.41640625 0.77265625 0.06953125 0.03203125
3 0.85703125 0.51875 0.0921875 0.021875
3 0.79609375 0.51875 0.08984375 0.021875
3 0.18046875 0.65625 0.09296875 0.01796875
3 0.3546875 0.65546875 0.06484375 0.01875
3 0.4203125 0.65546875 0.06640625 0.01875
3 0.4796875 0.65546875 0.05234375 0.01953125
3 0.5453125 0.52265625 0.0484375 0.01796875
3 0.5984375 0.5234375 0.05859375 0.01640625
3 0.66015625 0.52265625 0.065625 0.015625
3 0.68046875 0.77578125 0.08203125 0.034375
3 0.47578125 0.7734375 0.0625 0.03359375
3 0.17265625 0.7703125 0.096875 0.03125
3 0.35234375 0.5234375 0.05234375 0.0203125
3 0.40625 0.52265625 0.05859375 0.02109375
3 0.5578125 0.775 0.06484375 0.03359375
0 0.81640625 0.6421875 0.05546875 0.0453125
0 0.25078125 0.64296875 0.05078125 0.04375
3 0.759375 0.7765625 0.09296875 0.034375
3 0.8328125 0.77890625 0.08125 0.0296875
3 0.896875 0.77890625 0.08984375 0.03125
3 0.74765625 0.65625 0.08671875 0.01640625
0 0.678125 0.6421875 0.02734375 0.04375
0 0.653125 0.6421875 0.0265625 0.04375
0 0.62421875 0.6421875 0.034375 0.04375
0 0.64609375 0.5984375 0.0359375 0.04296875
0 0.59296875 0.59921875 0.025 0.04296875
0 0.59453125 0.6421875 0.02578125 0.04375
0 0.5703125 0.6421875 0.025 0.04375
0 0.54453125 0.6421875 0.0265625 0.04375
0 0.5671875 0.59921875 0.028125 0.04296875
0 0.30703125 0.515625 0.03203125 0.03828125
0 0.28046875 0.515625 0.02578125 0.03828125
0 0.2578125 0.515625 0.02578125 0.03671875
0 0.26953125 0.478125 0.0421875 0.03671875
0 0.234375 0.515625 0.02578125 0.03671875
0 0.21171875 0.51640625 0.02578125 0.0359375
0 0.18984375 0.51640625 0.02578125 0.03671875
0 0.1671875 0.51640625 0.02578125 0.03671875
0 0.23828125 0.478125 0.02578125 0.03828125
0 0.215625 0.478125 0.02578125 0.03828125
0 0.19375 0.47890625 0.02578125 0.03671875
0 0.3203125 0.403125 0.03671875 0.04140625
0 0.29140625 0.3984375 0.02421875 0.03203125
0 0.26875 0.3984375 0.02421875 0.03203125
0 0.246875 0.39921875 0.02421875 0.03203125
0 0.225 0.39921875 0.02421875 0.03203125
0 0.20390625 0.4 0.02421875 0.03125
0 0.18203125 0.40078125 0.025 0.03203125
0 0.49921875 0.4203125 0.02265625 0.05390625
0 0.4765625 0.41015625 0.02265625 0.03359375
0 0.43125 0.4109375 0.02265625 0.03359375
0 0.45390625 0.4109375 0.02265625 0.03359375
0 0.45546875 0.37578125 0.025 0.03515625
0 0.43203125 0.3765625 0.02265625 0.0359375
0 0.41015625 0.3765625 0.02265625 0.03515625
0 0.3875 0.37734375 0.02265625 0.0359375
0 0.40859375 0.41171875 0.02265625 0.03203125
0 0.38671875 0.41171875 0.02265625 0.03359375
0 0.3640625 0.41171875 0.0234375 0.03359375