3 0.48515625 0.690625 0.05546875 0.0390625
3 0.996875 0.4984375 0.0046875 0.03125
3 0.92265625 0.4984375 0.14296875 0.03125
3 0.3765625 0.58203125 0.0328125 0.01640625
3 0.45 0.6 0.0515625 0.02421875
3 0.484375 0.60625 0.05546875 0.0265625
3 0.51875 0.615625 0.059375 0.03046875
3 0.5578125 0.50703125 0.0421875 0.01640625
3 0.6109375 0.50703125 0.06171875 0.01875
3 0.68125 0.50703125 0.0796875 0.02109375
3 0.6890625 0.784375 0.08203125 0.0796875
3 0.51953125 0.70625 0.06015625 0.0453125
3 0.38203125 0.64609375 0.04140625 0.02421875
3 0.43828125 0.50703125 0.0328125 0.01328125
3 0.47265625 0.50703125 0.0546875 0.01328125
3 0.57265625 0.73125 0.06796875 0.05546875
0 0.93125 0.69296875 0.09921875 0.09609375
0 0.40390625 0.58046875 0.02421875 0.0296875
3 0.79765625 0.83203125 0.103125 0.1046875
3 0.921875 0.884375 0.14453125 0.1359375
3 0.9859375 0.9109375 0.02734375 0.09375
3 0.80234375 0.68125 0.103125 0.0609375
0 0.69375 0.63984375 0.03984375 0.06328125
0 0.66484375 0.6359375 0.03828125 0.05546875
0 0.6328125 0.628125 0.025 0.05625
0 0.66484375 0.58828125 0.03828125 0.05390625
0 0.60703125 0.58046875 0.0359375 0.0484375
0 0.6078125 0.6234375 0.0359375 0.04921875
0 0.57890625 0.6203125 0.01953125 0.04453125
0 0.559375 0.61328125 0.01875 0.046875
0 0.58515625 0.57734375 0.03203125 0.0453125
0 0.4265625 0.49921875 0.0265625 0.028125
0 0.4078125 0.49921875 0.009375 0.0265625
0 0.3984375 0.5 0.00859375 0.02578125
0 0.4078125 0.4734375 0.02578125 0.02578125
0 0.38984375 0.50078125 0.00859375 0.025
0 0.38203125 0.50078125 0.00703125 0.025
0 0.37421875 0.50078125 0.00703125 0.02421875
0 0.3671875 0.50078125 0.00703125 0.02421875
0 0.38984375 0.47421875 0.00859375 0.02578125
0 0.38203125 0.47578125 0.0078125 0.025
0 0.37421875 0.47578125 0.00703125 0.02421875
0 0.4265625 0.41328125 0.0265625 0.02890625
0 0.40859375 0.415625 0.00859375 0.028125
0 0.39921875 0.41796875 0.00859375 0.0265625
0 0.390625 0.4203125 0.0078125 0.02578125
0 0.3828125 0.42265625 0.0078125 0.025
0 0.375 0.42421875 0.00703125 0.025
0 0.3671875 0.4265625 0.00703125 0.02421875
0 0.53359375 0.39921875 0.03203125 0.03671875
0 0.509375 0.403125 0.015625 0.03671875
0 0.4796875 0.409375 0.01328125 0.034375
0 0.49375 0.40625 0.0140625 0.03515625
0 0.50234375 0.3734375 0.03046875 0.03671875
0 0.4796875 0.378125 0.01328125 0.03515625
0 0.4671875 0.38203125 0.01171875 0.034375
0 0.4546875 0.3859375 0.01171875 0.03359375
0 0.4671875 0.41328125 0.01171875 0.03203125
0 0.4546875 0.415625 0.01171875 0.03125
0 0.44296875 0.41875 0.0109375 0.03125