3 0.88203125 0.48828125 0.04140625 0.02109375
3 0.89140625 0.50625 0.05390625 0.03515625
3 0.92890625 0.61875 0.11640625 0.08828125
3 0.9140625 0.5734375 0.08046875 0.04609375
3 0.909375 0.55234375 0.06015625 0.0453125
3 0.9625 0.875 0.07421875 0.19453125
3 0.94765625 0.753125 0.078125 0.11015625
3 0.86484375 0.88046875 0.01875 0.096875
0 0.8640625 0.5765625 0.0015625 0.00625
3 0.8546875 0.71640625 0.01171875 0.04921875
3 0.85859375 0.79453125 0.0125 0.06875
3 0.85 0.6828125 0.00390625 0.03828125
3 0.8484375 0.65625 0.00390625 0.03359375
3 0.90078125 0.8515625 0.0625 0.121875
0 0.86328125 0.58671875 0.00234375 0.01875
0 0.8734375 0.62109375 0.01875 0.04921875
0 0.8703125 0.58359375 0.00390625 0.0234375
0 0.88203125 0.6640625 0.00625 0.0546875
0 0.87734375 0.70703125 0.00546875 0.06015625
0 0.87734375 0.71796875 0.00546875 0.04375
0 0.89609375 0.759375 0.03203125 0.08671875
0 0.8890625 0.696875 0.0171875 0.04296875
0 0.93984375 0.45390625 0.02734375 0.07421875
0 0.94375 0.46171875 0.01953125 0.08125
0 0.96484375 0.484375 0.025 0.0984375
0 0.953125 0.471875 0.02109375 0.0890625
0 0.9640625 0.390625 0.0234375 0.0859375
0 0.978125 0.39375 0.028125 0.0953125
0 0.9890625 0.39921875 0.02109375 0.10703125
0 0.996875 0.43828125 0.0046875 0.034375
0 0.9796875 0.49921875 0.0296875 0.1109375
0 0.98984375 0.51640625 0.01953125 0.125
0 0.99921875 0.57578125 0.00078125 0.0109375
3 0.41875 0.69921875 0.059375 0.0640625
3 0.59140625 0.44453125 0.03359375 0.015625
3 0.57890625 0.45078125 0.03359375 0.01796875
3 0.14453125 0.790625 0.11640625 0.1296875
3 0.3765625 0.646875 0.06953125 0.06484375
3 0.41796875 0.6171875 0.06171875 0.053125
3 0.45703125 0.59453125 0.0546875 0.04453125
3 0.48671875 0.48671875 0.04765625 0.0265625
3 0.509375 0.4765625 0.0453125 0.02421875
3 0.53515625 0.46875 0.03828125 0.02109375
3 0.53671875 0.60390625 0.040625 0.03515625
3 0.453125 0.67109375 0.05390625 0.0546875
3 0.16484375 0.91328125 0.109375 0.153125
3 0.365625 0.5359375 0.06953125 0.046875
3 0.40546875 0.51953125 0.0640625 0.040625
3 0.4921875 0.64140625 0.04765625 0.0453125
0 0.58203125 0.51015625 0.0171875 0.028125
0 0.25703125 0.70546875 0.05234375 0.08125
3 0.559375 0.5875 0.0375 0.025
3 0.58203125 0.57421875 0.02109375 0.0234375
3 0.5953125 0.5625 0.01953125 0.02109375
3 0.5609375 0.52890625 0.03203125 0.01953125
0 0.54453125 0.534375 0.0078125 0.03046875
0 0.53125 0.54140625 0.01796875 0.02890625
0 0.52578125 0.54453125 0.01171875 0.034375
0 0.52890625 0.5140625 0.02421875 0.03359375
0 0.50703125 0.52578125 0.02578125 0.0359375
0 0.51484375 0.5546875 0.009375 0.03125
0 0.50546875 0.5609375 0.009375 0.03125
0 0.4859375 0.5640625 0.02734375 0.03984375
0 0.4984375 0.53046875 0.02421875 0.0390625
0 0.3078125 0.540625 0.04296875 0.06171875
0 0.28671875 0.55078125 0.03359375 0.06640625
0 0.25625 0.56796875 0.0359375 0.059375
0 0.24609375 0.5140625 0.04921875 0.06640625
0 0.2203125 0.58046875 0.04140625 0.0640625
0 0.18125 0.59453125 0.046875 0.06875
0 0.13671875 0.6109375 0.05390625 0.07421875
0 0.08515625 0.6203125 0.06328125 0.1
0 0.2109375 0.5234375 0.05234375 0.071875
0 0.171875 0.534375 0.05546875 0.078125
0 0.12734375 0.54609375 0.06015625 0.08515625
0 0.30234375 0.40390625 0.04453125 0.0515625
0 0.275 0.40703125 0.04296875 0.0546875
0 0.240625 0.409375 0.05078125 0.05859375
0 0.2046875 0.41328125 0.05234375 0.06328125
0 0.16328125 0.41640625 0.05703125 0.06640625
0 0.11640625 0.42109375 0.06171875 0.071875
0 0.0625 0.4265625 0.06796875 0.07890625
0 0.4640625 0.40234375 0.02734375 0.0359375
0 0.45703125 0.40390625 0.01484375 0.03671875
0 0.42578125 0.40859375 0.0171875 0.03828125
0 0.44140625 0.40625 0.015625 0.03671875
0 0.44140625 0.37109375 0.015625 0.0359375
0 0.42421875 0.37109375 0.01796875 0.03828125
0 0.40703125 0.371875 0.01953125 0.03984375
0 0.37890625 0.37265625 0.03828125 0.04140625
0 0.4078125 0.41171875 0.01796875 0.03984375
0 0.3890625 0.41328125 0.02109375 0.04140625
0 0.36171875 0.41484375 0.0359375 0.04609375
3 0.68125 0.5484375 0.0328125 0.0234375