2 0.26953125 0.51953125 0.05234375 0.134375
3 0.034375 0.7671875 0.06875 0.09375
3 0.08359375 0.53359375 0.0671875 0.03515625
3 0.03203125 0.59453125 0.0640625 0.0390625
3 0.025 0.6328125 0.05 0.06015625
3 0.01015625 0.6703125 0.0203125 0.05
3 0.09375 0.61640625 0.0640625 0.046875
3 0.0296875 0.4546875 0.059375 0.028125
3 0.0203125 0.46796875 0.03984375 0.03515625
0 0.0046875 0.25546875 0.009375 0.0546875
0 0.0015625 0.3171875 0.003125 0.028125
0 0.00859375 0.30703125 0.01640625 0.05390625
0 0.01953125 0.3109375 0.01796875 0.053125
0 0.02890625 0.2984375 0.0390625 0.0484375
0 0.05078125 0.303125 0.01328125 0.04375
0 0.05859375 0.30625 0.01171875 0.040625
0 0.06640625 0.309375 0.01015625 0.0390625
0 0.0734375 0.31171875 0.01015625 0.03671875
0 0.07890625 0.31484375 0.009375 0.03515625
0 0.08515625 0.3171875 0.00859375 0.034375
0 0.03203125 0.43125 0.0640625 0.040625
0 0.04140625 0.43125 0.06015625 0.04140625
0 0.0734375 0.428125 0.01015625 0.03984375
0 0.0453125 0.390625 0.05859375 0.03984375
0 0.0796875 0.42578125 0.01015625 0.03671875
0 0.0859375 0.4234375 0.00859375 0.0359375
0 0.09140625 0.421875 0.00859375 0.034375
0 0.09609375 0.41953125 0.0078125 0.03359375
0 0.07578125 0.3890625 0.01015625 0.0359375
0 0.08203125 0.3890625 0.009375 0.03515625
0 0.0875 0.38828125 0.00859375 0.03359375
3 0.47578125 0.59375 0.04765625 0.03984375
3 0.94921875 0.5265625 0.10078125 0.07890625
3 0.83828125 0.50234375 0.15859375 0.0734375
3 0.5359375 0.440625 0.06484375 0.0265625
3 0.57265625 0.4484375 0.07421875 0.03125
3 0.62265625 0.4609375 0.08359375 0.03828125
3 0.409375 0.53515625 0.03359375 0.02421875
3 0.44765625 0.421875 0.04765625 0.01640625
3 0.46484375 0.42578125 0.05234375 0.01875
3 0.53515625 0.65 0.0625 0.059375
0 0.9390625 0.77421875 0.12109375 0.16015625
0 0.4390625 0.49453125 0.0109375 0.01015625
0 0.43203125 0.49296875 0.0125 0.01015625
0 0.4328125 0.48515625 0.01171875 0.009375
0 0.42109375 0.4859375 0.0109375 0.00859375
0 0.42890625 0.48671875 0.009375 0.00859375
3 0.7015625 0.803125 0.1078125 0.1234375
3 0.5890625 0.703125 0.0765625 0.06875
3 0.7953125 0.8890625 0.1375 0.17421875
3 0.909375 0.94140625 0.1359375 0.11484375
3 0.49140625 0.534375 0.04609375 0.0359375
0 0.79453125 0.684375 0.0703125 0.11171875
0 0.75078125 0.66953125 0.0640625 0.08359375
0 0.70390625 0.640625 0.03984375 0.09140625
0 0.75546875 0.60078125 0.06640625 0.09453125
0 0.56328125 0.5171875 0.03984375 0.053125
0 0.5625 0.5609375 0.03984375 0.0484375
0 0.53515625 0.55234375 0.01484375 0.0453125
0 0.521875 0.5421875 0.01328125 0.046875
0 0.546875 0.5109375 0.03671875 0.05
0 0.509375 0.3265625 0.03515625 0.0390625
0 0.4859375 0.32890625 0.0109375 0.03671875
0 0.465625 0.33203125 0.00859375 0.03359375
0 0.47578125 0.33046875 0.01015625 0.03515625
0 0.48515625 0.29609375 0.02890625 0.03671875
0 0.465625 0.29921875 0.009375 0.03515625
0 0.45625 0.3015625 0.00859375 0.03359375
0 0.44765625 0.30390625 0.00859375 0.03203125
0 0.45703125 0.33359375 0.00859375 0.03203125
0 0.4484375 0.33515625 0.0078125 0.03125
0 0.440625 0.33671875 0.00703125 0.03046875
0 0.43203125 0.328125 0.02265625 0.028125
0 0.41796875 0.32890625 0.00625 0.0265625
0 0.41171875 0.33046875 0.00546875 0.02578125
0 0.40625 0.33203125 0.00546875 0.025
0 0.40078125 0.33359375 0.00546875 0.02421875
0 0.3953125 0.334375 0.0046875 0.02421875
0 0.390625 0.33515625 0.0046875 0.021875
0 0.434375 0.409375 0.025 0.0265625
0 0.42578125 0.409375 0.0203125 0.0265625
0 0.4125 0.40859375 0.00546875 0.025
0 0.42109375 0.38359375 0.02421875 0.025
0 0.40703125 0.40703125 0.00546875 0.02421875
0 0.40234375 0.40703125 0.00546875 0.0234375
0 0.396875 0.40546875 0.0046875 0.021875
0 0.39296875 0.4046875 0.00390625 0.021875
0 0.40703125 0.38359375 0.00546875 0.02421875
0 0.4015625 0.3828125 0.00546875 0.0234375
0 0.396875 0.3828125 0.0046875 0.0234375
3 0.6515625 0.52421875 0.0375 0.02109375
3 0.990625 0.434375 0.01796875 0.0203125
3 0.94609375 0.43125 0.07890625 0.0234375
3 0.6859375 0.4734375 0.0296875 0.00625
3 0.721875 0.415625 0.0421875 0.0140625
3 0.75703125 0.41796875 0.05234375 0.015625
3 0.803125 0.421875 0.0546875 0.01640625
3 0.79765625 0.57734375 0.04296875 0.034375
3 0.67890625 0.534375 0.040625 0.021875
3 0.57109375 0.49140625 0.0203125 0.00859375
3 0.6265625 0.40703125 0.03515625 0.01015625
3 0.64765625 0.409375 0.03671875 0.0109375
3 0.7171875 0.54921875 0.04609375 0.0265625
0 0.95078125 0.52578125 0.03515625 0.01484375
3 0.85859375 0.6 0.0640625 0.04296875
3 0.91953125 0.621875 0.0734375 0.05
3 0.97578125 0.64296875 0.04765625 0.04609375
0 0.8015625 0.4953125 0.01796875 0.009375
0 0.759375 0.4828125 0.0078125 0.015625
0 0.78828125 0.4609375 0.02734375 0.01875
0 0.74765625 0.4609375 0.02578125 0.0296875
0 0.746875 0.48203125 0.02421875 0.015625
0 0.72734375 0.478125 0.01484375 0.0140625
0 0.7125 0.4734375 0.0140625 0.015625
0 0.73203125 0.45859375 0.02421875 0.02890625
0 0.60703125 0.39921875 0.01796875 0.01953125
0 0.5953125 0.39921875 0.01015625 0.01875
0 0.5859375 0.3984375 0.0078125 0.01796875
0 0.59140625 0.38046875 0.0171875 0.01640625
0 0.57890625 0.3984375 0.00703125 0.01640625
0 0.57109375 0.39765625 0.00703125 0.01796875
0 0.5640625 0.396875 0.00703125 0.01640625
0 0.5578125 0.39609375 0.00703125 0.01640625
0 0.57890625 0.38046875 0.00703125 0.01640625
0 0.571875 0.38046875 0.00703125 0.01640625
0 0.56484375 0.38046875 0.00625 0.015625
0 0.61015625 0.33359375 0.01796875 0.0046875
0 0.59609375 0.334375 0.00859375 0.0046875
0 0.58828125 0.3359375 0.0078125 0.0046875
0 0.67578125 0.3203125 0.01875 0.01875
0 0.6546875 0.32265625 0.00390625 0.01796875
0 0.64765625 0.3234375 0.01171875 0.01875
0 0.63671875 0.32421875 0.01015625 0.01796875