3 0.38515625 0.859375 0.09375 0.046875
3 0.92421875 0.5390625 0.090625 0.02578125
3 0.84453125 0.53828125 0.1125 0.02578125
3 0.071875 0.7015625 0.134375 0.02421875
3 0.30703125 0.7015625 0.08828125 0.025
3 0.39375 0.7015625 0.08671875 0.02421875
3 0.47109375 0.7015625 0.06640625 0.025
3 0.55234375 0.53671875 0.0609375 0.021875
3 0.61796875 0.53828125 0.0703125 0.01953125
3 0.69140625 0.5390625 0.07734375 0.01953125
3 0.72578125 0.85859375 0.1125 0.046875
3 0.46484375 0.859375 0.08203125 0.04609375
3 0.0625 0.86171875 0.125 0.0484375
3 0.3109375 0.53125 0.06796875 0.028125
3 0.37890625 0.53203125 0.07421875 0.028125
3 0.57109375 0.859375 0.0890625 0.046875
0 0.878125 0.68671875 0.0765625 0.0546875
0 0.171875 0.684375 0.07109375 0.05859375
3 0.821875 0.85859375 0.12734375 0.04609375
3 0.91328125 0.8609375 0.10703125 0.0390625
3 0.96640625 0.859375 0.06640625 0.03984375
3 0.79765625 0.70390625 0.11171875 0.0203125
0 0.7171875 0.6859375 0.0359375 0.05546875
0 0.68671875 0.6859375 0.03515625 0.05546875
0 0.6515625 0.6859375 0.04375 0.05546875
0 0.67421875 0.63203125 0.04921875 0.053125
0 0.6125 0.63125 0.03203125 0.053125
0 0.615625 0.6859375 0.0328125 0.05546875
0 0.58515625 0.6859375 0.03203125 0.05546875
0 0.55234375 0.6859375 0.03671875 0.05546875
0 0.5796875 0.63125 0.03828125 0.053125
0 0.25390625 0.521875 0.04296875 0.0453125
0 0.21953125 0.52109375 0.0359375 0.04609375
0 0.1890625 0.52109375 0.0359375 0.0453125
0 0.20859375 0.475 0.06015625 0.04609375
0 0.159375 0.52109375 0.03671875 0.0453125
0 0.1296875 0.52109375 0.03828125 0.0453125
0 0.09921875 0.51953125 0.03828125 0.0453125
0 0.06875 0.51953125 0.0390625 0.04609375
0 0.1671875 0.475 0.03671875 0.04609375
0 0.1375 0.47421875 0.0375 0.04609375
0 0.10859375 0.47421875 0.0375 0.04609375
0 0.27734375 0.390625 0.04765625 0.0546875
0 0.240625 0.38046875 0.0328125 0.0359375
0 0.2125 0.38046875 0.0328125 0.0359375
0 0.18515625 0.37890625 0.03359375 0.0359375
0 0.15703125 0.37890625 0.03359375 0.03671875
0 0.12890625 0.378125 0.034375 0.0359375
0 0.1015625 0.378125 0.03515625 0.03671875
0 0.496875 0.41640625 0.0265625 0.0640625
0 0.46875 0.4015625 0.02734375 0.03671875
0 0.4140625 0.40078125 0.028125 0.03671875
0 0.44140625 0.4015625 0.02734375 0.03671875
0 0.44375 0.36328125 0.03046875 0.040625
0 0.415625 0.36171875 0.028125 0.040625
0 0.3890625 0.36171875 0.02890625 0.040625
0 0.36171875 0.3609375 0.02890625 0.040625
0 0.38671875 0.40078125 0.02890625 0.03671875
0 0.359375 0.4 0.0296875 0.03671875
0 0.33203125 0.39921875 0.03046875 0.03828125