3 0.41953125 0.68359375 0.08125 0.04609375
3 0.95234375 0.340625 0.09453125 0.05
3 0.55234375 0.39453125 0.06484375 0.03125
3 0.62734375 0.3859375 0.084375 0.03359375
3 0.7265625 0.37421875 0.10625 0.03671875
3 0.23125 0.653125 0.0765625 0.03203125
3 0.34921875 0.41875 0.06171875 0.02578125
3 0.40234375 0.4125 0.078125 0.02890625
3 0.565625 0.70859375 0.08359375 0.059375
0 0.32265625 0.5578125 0.021875 0.01171875
0 0.30390625 0.55703125 0.02109375 0.0140625
0 0.3015625 0.55234375 0.02265625 0.02109375
0 0.2703125 0.55703125 0.01953125 0.01171875
0 0.28515625 0.55625 0.01015625 0.01171875
3 0.88828125 0.75703125 0.1671875 0.0890625
3 0.6859375 0.72578125 0.09765625 0.06953125
3 0.97421875 0.7734375 0.05078125 0.06875
3 0.47578125 0.5625 0.06875 0.0265625
0 0.984375 0.553125 0.03046875 0.0765625
0 0.9421875 0.553125 0.05859375 0.075
0 0.875 0.5515625 0.08046875 0.071875
0 0.92421875 0.478125 0.090625 0.07421875
0 0.61640625 0.490625 0.034375 0.05859375
0 0.6171875 0.5484375 0.034375 0.05859375
0 0.58359375 0.5484375 0.03203125 0.05625
0 0.55234375 0.54765625 0.03046875 0.0546875
0 0.58359375 0.49140625 0.03203125 0.05625
0 0.503125 0.26484375 0.03828125 0.071875
0 0.47109375 0.2609375 0.02578125 0.04921875
0 0.42109375 0.27421875 0.0234375 0.04609375
0 0.4453125 0.26796875 0.02421875 0.0484375
0 0.453125 0.2234375 0.03984375 0.05390625
0 0.42109375 0.23046875 0.02265625 0.0515625
0 0.3984375 0.23828125 0.02265625 0.05
0 0.3765625 0.24375 0.02109375 0.04921875
0 0.3984375 0.28046875 0.02265625 0.0453125
0 0.37578125 0.2859375 0.02109375 0.04375
0 0.35546875 0.290625 0.0203125 0.04296875
0 0.321875 0.290625 0.04296875 0.046875
0 0.29140625 0.29140625 0.01796875 0.0390625
0 0.27421875 0.29609375 0.01640625 0.0390625
0 0.25703125 0.30078125 0.01640625 0.03671875
0 0.24140625 0.30546875 0.015625 0.03671875
0 0.22578125 0.309375 0.01484375 0.0359375
0 0.2109375 0.3140625 0.01484375 0.03515625
0 0.31875 0.4140625 0.04296875 0.04140625
0 0.28828125 0.41640625 0.01796875 0.040625
0 0.2703125 0.41953125 0.0171875 0.0390625
0 0.284375 0.38125 0.04296875 0.04140625
0 0.25390625 0.421875 0.01640625 0.03828125
0 0.2375 0.42421875 0.01640625 0.03671875
0 0.221875 0.42578125 0.01484375 0.03671875
0 0.2078125 0.428125 0.01484375 0.03671875
0 0.2546875 0.38359375 0.01640625 0.040625
0 0.23828125 0.38671875 0.01640625 0.03984375
0 0.2234375 0.3890625 0.01484375 0.03984375
3 0.5375 0.60234375 0.03203125 0.0140625
3 0.8140625 0.4640625 0.0453125 0.015625
3 0.76015625 0.46640625 0.03828125 0.01484375
3 0.4296875 0.54296875 0.028125 0.0046875
3 0.50625 0.54453125 0.03203125 0.00859375
3 0.52890625 0.5453125 0.01640625 0.009375
3 0.64140625 0.47421875 0.015625 0.009375
3 0.67109375 0.47265625 0.03828125 0.01015625
3 0.67734375 0.6109375 0.03828125 0.01640625
3 0.56640625 0.60390625 0.03359375 0.01484375
3 0.428125 0.59453125 0.03359375 0.01171875
3 0.49921875 0.48046875 0.02109375 0.009375
3 0.53046875 0.47890625 0.02421875 0.01015625
3 0.60703125 0.60625 0.03359375 0.01484375
0 0.76875 0.540625 0.02421875 0.02578125
0 0.45625 0.53828125 0.0203125 0.01953125
3 0.7265625 0.6140625 0.04375 0.01796875
3 0.7640625 0.61640625 0.03671875 0.01796875
3 0.8171875 0.6203125 0.04453125 0.01640625
3 0.72578125 0.5484375 0.04453125 0.009375
0 0.678125 0.53984375 0.015625 0.02421875
0 0.6625 0.53984375 0.01484375 0.02421875
0 0.64765625 0.53984375 0.01484375 0.02421875
0 0.66171875 0.515625 0.015625 0.0234375
0 0.634375 0.515625 0.00078125 0.021875
0 0.63515625 0.5390625 0.00078125 0.0234375
0 0.47890625 0.4765625 0.0140625 0.01953125
0 0.46640625 0.4765625 0.01015625 0.0203125
0 0.45546875 0.47734375 0.01015625 0.01953125
0 0.459375 0.4578125 0.01640625 0.01953125
0 0.4453125 0.478125 0.01015625 0.01953125
0 0.43515625 0.47890625 0.009375 0.01875
0 0.42578125 0.4796875 0.009375 0.01875
0 0.41640625 0.4796875 0.009375 0.01875
0 0.4453125 0.45859375 0.01015625 0.01953125
0 0.43515625 0.459375 0.009375 0.01953125
0 0.42578125 0.46015625 0.00859375 0.01875
0 0.4796875 0.41015625 0.01328125 0.0109375
0 0.4671875 0.4109375 0.01015625 0.0109375
0 0.45625 0.4125 0.01015625 0.01015625
0 0.44609375 0.41328125 0.009375 0.01015625
0 0.43671875 0.41328125 0.009375 0.00703125
0 0.55078125 0.384375 0.01328125 0.0046875
0 0.53828125 0.38671875 0.0109375 0.0046875
0 0.51484375 0.3984375 0.0109375 0.0203125
3 0.965625 0.6265625 0.06796875 0.02109375