3 0.396875 0.72265625 0.07109375 0.10078125
3 0.68828125 0.37890625 0.05390625 0.03125
3 0.6625 0.3890625 0.05703125 0.03515625
3 0.0359375 0.83125 0.071875 0.1375
3 0.3234375 0.6765625 0.08515625 0.1109375
3 0.39140625 0.63125 0.07734375 0.09296875
3 0.45234375 0.6 0.0671875 0.08359375
3 0.503125 0.45390625 0.06640625 0.05703125
3 0.54296875 0.43671875 0.0671875 0.04921875
3 0.5875 0.421875 0.05703125 0.04296875
3 0.5828125 0.5953125 0.05703125 0.0609375
3 0.45 0.6859375 0.0671875 0.08828125
3 0.05703125 0.9328125 0.1140625 0.13125
3 0.296875 0.54453125 0.08125 0.0984375
3 0.36328125 0.51640625 0.078125 0.08515625
3 0.509375 0.646875 0.06328125 0.07578125
0 0.6609375 0.4703125 0.03203125 0.040625
0 0.13984375 0.75703125 0.090625 0.10546875
3 0.62109375 0.57578125 0.053125 0.03984375
3 0.6546875 0.55625 0.03671875 0.03515625
3 0.67890625 0.5390625 0.03515625 0.03203125
3 0.62421875 0.4984375 0.05546875 0.0359375
0 0.59609375 0.509375 0.015625 0.0484375
0 0.5734375 0.51875 0.0328125 0.0484375
0 0.5640625 0.5234375 0.02109375 0.05703125
0 0.57421875 0.484375 0.03515625 0.05078125
0 0.53984375 0.50390625 0.03046875 0.05546875
0 0.5453125 0.54375 0.0171875 0.04140625
0 0.5203125 0.5484375 0.03359375 0.053125
0 0.5015625 0.55390625 0.03515625 0.06484375
0 0.5203125 0.51171875 0.03515625 0.05703125
0 0.20078125 0.55625 0.05546875 0.103125
0 0.15234375 0.5734375 0.0625 0.109375
0 0.1 0.596875 0.07109375 0.10703125
0 0.08828125 0.5328125 0.0859375 0.1140625
0 0.0421875 0.63359375 0.08046875 0.084375
0 0.01171875 0.64921875 0.02265625 0.0734375
0 0.03203125 0.5515625 0.0640625 0.1234375
0 0.003125 0.559375 0.00546875 0.10859375
0 0.1671875 0.37265625 0.06796875 0.09375
0 0.109375 0.38203125 0.07578125 0.1
0 0.04609375 0.39296875 0.08671875 0.10703125
0 0.0140625 0.3984375 0.028125 0.10625
0 0.46015625 0.340625 0.04140625 0.06171875
0 0.44140625 0.3453125 0.028125 0.06484375
0 0.38359375 0.3625 0.034375 0.06015625
0 0.4140625 0.35625 0.03046875 0.05859375
0 0.4046875 0.29921875 0.04453125 0.06484375
0 0.375 0.303125 0.046875 0.06796875
0 0.3421875 0.3078125 0.04765625 0.07109375
0 0.30703125 0.3125 0.05 0.075
0 0.3515625 0.36953125 0.0375 0.06328125
0 0.31640625 0.37734375 0.0421875 0.065625
0 0.2765625 0.378125 0.05 0.08359375
3 0.81796875 0.55 0.05625 0.05390625