3 0.41171875 0.6875 0.059375 0.07890625
3 0.721875 0.40625 0.05859375 0.03203125
3 0.68984375 0.4140625 0.06015625 0.03515625
3 0.09921875 0.7125 0.12109375 0.11015625
3 0.346875 0.63125 0.06640625 0.08046875
3 0.4078125 0.60390625 0.06328125 0.07109375
3 0.4640625 0.58671875 0.05625 0.0703125
3 0.515625 0.459375 0.05859375 0.05078125
3 0.55703125 0.44921875 0.06328125 0.04453125
3 0.60390625 0.43984375 0.0578125 0.0390625
3 0.5984375 0.60859375 0.05625 0.05546875
3 0.46171875 0.665625 0.05859375 0.071875
3 0.1328125 0.80859375 0.10625 0.11875
3 0.32578125 0.5140625 0.06171875 0.071875
3 0.38359375 0.49921875 0.059375 0.06640625
3 0.5203125 0.64296875 0.0578125 0.065625
0 0.68671875 0.49609375 0.03515625 0.0390625
0 0.20546875 0.6640625 0.06484375 0.0703125
3 0.64140625 0.59375 0.0546875 0.04140625
3 0.68125 0.58203125 0.03828125 0.03359375
3 0.709375 0.56953125 0.03828125 0.03046875
3 0.64609375 0.51875 0.05703125 0.0359375
0 0.6109375 0.5234375 0.01796875 0.04921875
0 0.58828125 0.53046875 0.03046875 0.046875
0 0.57578125 0.53359375 0.02265625 0.05390625
0 0.5890625 0.4984375 0.0328125 0.05
0 0.55078125 0.5109375 0.02890625 0.053125
0 0.55546875 0.55078125 0.01796875 0.03671875
0 0.5328125 0.5515625 0.028125 0.0484375
0 0.5140625 0.55390625 0.02734375 0.059375
0 0.53203125 0.51640625 0.03125 0.0546875
0 0.25390625 0.5125 0.04375 0.0765625
0 0.2171875 0.52109375 0.04296875 0.07890625
0 0.18046875 0.53203125 0.04609375 0.0765625
0 0.17578125 0.48203125 0.059375 0.0796875
0 0.1421875 0.5515625 0.04921875 0.05703125
0 0.1015625 0.56171875 0.05390625 0.06015625
0 0.0578125 0.57265625 0.0578125 0.06015625
0 0.021875 0.57109375 0.04375 0.0890625
0 0.1328125 0.48984375 0.05703125 0.08359375
0 0.0921875 0.4984375 0.0640625 0.0859375
0 0.0484375 0.50703125 0.071875 0.08984375
0 0.23359375 0.365625 0.05078125 0.0703125
0 0.1921875 0.36953125 0.05078125 0.0734375
0 0.153125 0.37421875 0.05703125 0.075
0 0.1109375 0.3796875 0.06328125 0.078125
0 0.065625 0.384375 0.07109375 0.08046875
0 0.0296875 0.390625 0.05859375 0.084375
0 0.00625 0.35546875 0.0125 0.0046875
0 0.4734375 0.35390625 0.03359375 0.05546875
0 0.45390625 0.35703125 0.02578125 0.05625
0 0.40234375 0.36875 0.02890625 0.04921875
0 0.42890625 0.365625 0.02734375 0.04921875
0 0.4234375 0.315625 0.03515625 0.05546875
0 0.396875 0.31796875 0.03515625 0.05703125
0 0.36953125 0.3203125 0.03515625 0.059375
0 0.340625 0.3234375 0.03515625 0.0609375
0 0.37421875 0.3734375 0.03125 0.05
0 0.34453125 0.37734375 0.03359375 0.053125
0 0.3140625 0.37578125 0.03671875 0.065625
3 0.8640625 0.60390625 0.06640625 0.06484375