2 0.05078125 0.765625 0.1015625 0.46640625
3 0.425 0.65625 0.06484375 0.05
3 0.70859375 0.43359375 0.04765625 0.01328125
3 0.68046875 0.43203125 0.05390625 0.0140625
3 0.528125 0.4296875 0.05703125 0.01640625
3 0.5703125 0.43125 0.0484375 0.015625
3 0.6140625 0.43203125 0.03828125 0.0140625
3 0.10625 0.73203125 0.12890625 0.084375
3 0.35546875 0.4234375 0.059375 0.021875
3 0.41171875 0.425 0.05390625 0.0203125
3 0.53515625 0.63203125 0.06015625 0.03984375
0 0.70390625 0.51171875 0.03125 0.0296875
0 0.2890625 0.56640625 0.015625 0.01953125
0 0.26640625 0.5703125 0.01796875 0.0203125
0 0.24765625 0.5640625 0.01875 0.03125
0 0.19296875 0.578125 0.0234375 0.021875
0 0.2234375 0.57109375 0.0203125 0.0203125
3 0.65 0.60625 0.0546875 0.025
3 0.58828125 0.621875 0.05859375 0.02890625
3 0.68515625 0.6 0.03828125 0.021875
3 0.71171875 0.59375 0.0359375 0.01953125
3 0.48046875 0.546875 0.059375 0.03046875
0 0.6828125 0.51484375 0.01171875 0.03125
0 0.66328125 0.515625 0.0265625 0.03125
0 0.64921875 0.51640625 0.03046875 0.03359375
0 0.66171875 0.48671875 0.03046875 0.03046875
0 0.5625 0.4921875 0.0265625 0.0359375
0 0.56796875 0.528125 0.015625 0.03515625
0 0.55078125 0.52890625 0.01640625 0.0359375
0 0.5296875 0.52890625 0.02578125 0.04140625
0 0.54453125 0.49296875 0.03125 0.03671875
0 0.4984375 0.31171875 0.01953125 0.040625
0 0.47734375 0.30859375 0.02109375 0.04296875
0 0.4328125 0.3 0.0234375 0.04453125
0 0.45546875 0.3046875 0.021875 0.04296875
0 0.45546875 0.26328125 0.021875 0.0453125
0 0.4328125 0.2578125 0.0234375 0.046875
0 0.4078125 0.25234375 0.02421875 0.04921875
0 0.38046875 0.246875 0.03125 0.05078125
0 0.40859375 0.29609375 0.02421875 0.0453125
0 0.3828125 0.29140625 0.02578125 0.046875
0 0.3546875 0.2859375 0.03046875 0.04921875
0 0.284375 0.25234375 0.03359375 0.0546875
0 0.25 0.2453125 0.03671875 0.05546875
0 0.21328125 0.23828125 0.03828125 0.059375
0 0.17421875 0.2296875 0.04140625 0.0609375
0 0.1328125 0.221875 0.0453125 0.0640625
0 0.0875 0.21171875 0.0484375 0.06640625
0 0.0390625 0.20234375 0.05234375 0.06953125
0 0.28515625 0.40703125 0.03359375 0.05078125
0 0.2515625 0.40546875 0.03671875 0.053125
0 0.215625 0.40390625 0.03828125 0.05390625
0 0.2171875 0.35078125 0.04453125 0.05625
0 0.17734375 0.4015625 0.040625 0.05546875
0 0.1359375 0.4 0.04453125 0.05703125
0 0.09140625 0.39765625 0.04765625 0.06015625
0 0.04375 0.39453125 0.05234375 0.0640625
0 0.175 0.346875 0.04140625 0.05859375
0 0.13359375 0.34296875 0.04453125 0.0609375
0 0.0890625 0.33828125 0.04765625 0.0640625
3 0.38203125 0.553125 0.00546875 0.009375
3 0.2203125 0.51171875 0.04453125 0.0140625
3 0.33984375 0.50546875 0.02734375 0.01171875
3 0.36875 0.503125 0.03203125 0.01171875
3 0.39921875 0.5015625 0.02734375 0.0109375
3 0.39765625 0.5515625 0.03203125 0.01015625
3 0.221875 0.5703125 0.03359375 0.01484375
3 0.44453125 0.54609375 0.00625 0.00703125
0 0.5265625 0.48984375 0.003125 0.01640625
0 0.26875 0.50234375 0.02734375 0.0234375
3 0.51171875 0.49609375 0.0234375 0.00703125
0 0.48359375 0.49140625 0.009375 0.01875
0 0.4734375 0.49296875 0.01015625 0.01875
0 0.4625 0.49296875 0.01328125 0.01953125
0 0.47109375 0.47421875 0.01484375 0.01875
0 0.45 0.47421875 0.01015625 0.01953125
0 0.45078125 0.49375 0.01015625 0.01875
0 0.440625 0.49453125 0.01015625 0.01875
0 0.42734375 0.49453125 0.01484375 0.0203125
0 0.43828125 0.475 0.01484375 0.01875
0 0.3046875 0.4265625 0.00390625 0.0109375
0 0.29921875 0.3625 0.01484375 0.0234375
0 0.284375 0.36171875 0.01484375 0.0234375
0 0.26875 0.36015625 0.015625 0.02421875
0 0.253125 0.35859375 0.01640625 0.02421875
0 0.2421875 0.35703125 0.00546875 0.02421875
0 0.4078125 0.38125 0.01171875 0.0203125
0 0.39609375 0.38046875 0.01171875 0.02109375
0 0.37109375 0.378125 0.0125 0.02109375
0 0.38359375 0.3796875 0.01171875 0.0203125
0 0.38359375 0.35859375 0.01171875 0.02109375
0 0.37109375 0.35703125 0.01171875 0.02109375
0 0.35859375 0.35625 0.0125 0.02109375
0 0.3453125 0.3546875 0.0140625 0.021875
0 0.35859375 0.37734375 0.0125 0.02109375
0 0.3453125 0.3765625 0.01328125 0.02109375
0 0.33203125 0.375 0.0140625 0.021875
3 0.928125 0.65546875 0.10078125 0.0609375
3 0.6203125 0.528125 0.02734375 0.00625