3 0.43671875 0.7296875 0.06953125 0.0609375
3 0.971875 0.5078125 0.0546875 0.02890625
3 0.9265625 0.51015625 0.14609375 0.0390625
3 0.2375 0.59765625 0.06796875 0.034375
3 0.3796875 0.61875 0.07421875 0.04375
3 0.4359375 0.62421875 0.07109375 0.04453125
3 0.4921875 0.63359375 0.06171875 0.053125
3 0.5640625 0.50078125 0.06015625 0.0296875
3 0.62890625 0.503125 0.07421875 0.03046875
3 0.71171875 0.50703125 0.09140625 0.03125
3 0.71484375 0.790625 0.09140625 0.084375
3 0.490625 0.740625 0.06484375 0.06484375
3 0.24609375 0.6890625 0.0734375 0.04609375
3 0.371875 0.49453125 0.07265625 0.02578125
3 0.41640625 0.49609375 0.06953125 0.0265625
3 0.56953125 0.7609375 0.0671875 0.07109375
0 0.9296875 0.6734375 0.08359375 0.0859375
0 0.28984375 0.59453125 0.04296875 0.05
3 0.81796875 0.81171875 0.11640625 0.09375
3 0.92109375 0.83984375 0.11796875 0.08515625
3 0.9765625 0.8484375 0.0453125 0.0765625
3 0.82265625 0.67265625 0.11796875 0.0640625
0 0.721875 0.64453125 0.03515625 0.07109375
0 0.6859375 0.640625 0.03828125 0.0703125
0 0.65546875 0.63671875 0.03515625 0.06875
0 0.68671875 0.5921875 0.03984375 0.065625
0 0.6171875 0.5859375 0.0296875 0.06171875
0 0.6171875 0.640625 0.0296875 0.05078125
0 0.58828125 0.63671875 0.028125 0.05078125
0 0.5609375 0.62578125 0.02734375 0.0640625
0 0.5890625 0.58359375 0.02890625 0.0609375
0 0.3296875 0.4796875 0.040625 0.04296875
0 0.309375 0.47890625 0.0390625 0.04140625
0 0.28125 0.4796875 0.01953125 0.0390625
0 0.29140625 0.43984375 0.04140625 0.0390625
0 0.2625 0.47890625 0.01875 0.03828125
0 0.24453125 0.47890625 0.01796875 0.03671875
0 0.22734375 0.478125 0.0171875 0.03671875
0 0.2109375 0.4765625 0.01796875 0.0390625
0 0.26171875 0.43984375 0.01875 0.0390625
0 0.24375 0.440625 0.01796875 0.03828125
0 0.22578125 0.440625 0.01796875 0.03828125
0 0.328125 0.35546875 0.04140625 0.04453125
0 0.2984375 0.35546875 0.0203125 0.04140625
0 0.27890625 0.35625 0.01953125 0.040625
0 0.26015625 0.3578125 0.01953125 0.03984375
0 0.2421875 0.35859375 0.01875 0.03984375
0 0.22421875 0.36015625 0.01796875 0.0390625
0 0.2078125 0.36171875 0.0171875 0.03828125
0 0.5109375 0.3609375 0.02578125 0.04921875
0 0.48515625 0.36171875 0.02578125 0.0484375
0 0.43515625 0.36484375 0.02421875 0.04609375
0 0.459375 0.3640625 0.02421875 0.04609375
0 0.46484375 0.3171875 0.03515625 0.046875
0 0.43515625 0.31875 0.02421875 0.046875
0 0.4109375 0.32109375 0.0234375 0.04609375
0 0.38828125 0.3234375 0.021875 0.0453125
0 0.41171875 0.365625 0.0234375 0.04453125
0 0.3890625 0.3671875 0.02265625 0.04375
0 0.3671875 0.36796875 0.02109375 0.04375