3 0.4203125 0.71953125 0.08984375 0.10390625
3 0.6421875 0.378125 0.04140625 0.01484375
3 0.6265625 0.38125 0.04609375 0.01640625
3 0.51875 0.40703125 0.06875 0.0296875
3 0.55078125 0.4 0.05703125 0.02421875
3 0.57890625 0.39453125 0.05 0.021875
3 0.32890625 0.4515625 0.11953125 0.0609375
3 0.39765625 0.4359375 0.103125 0.04921875
3 0.5234375 0.6296875 0.06640625 0.06484375
0 0.640625 0.45390625 0.025 0.03125
0 0.2328125 0.68984375 0.03515625 0.05
0 0.19921875 0.71953125 0.03828125 0.059375
0 0.15703125 0.7203125 0.0390625 0.078125
0 0.04453125 0.803125 0.04765625 0.0796875
0 0.1078125 0.75234375 0.04140625 0.065625
3 0.6046875 0.559375 0.04765625 0.03125
3 0.56328125 0.59765625 0.05703125 0.04140625
3 0.63125 0.54296875 0.02421875 0.028125
3 0.64453125 0.52890625 0.02421875 0.025
3 0.4765625 0.5609375 0.08046875 0.06328125
0 0.63046875 0.46328125 0.0078125 0.03203125
0 0.6140625 0.46796875 0.02734375 0.03359375
0 0.60546875 0.46953125 0.03046875 0.03828125
0 0.6140625 0.4375 0.02890625 0.034375
0 0.54453125 0.46796875 0.03515625 0.0484375
0 0.55546875 0.50859375 0.0125 0.04375
0 0.54296875 0.51640625 0.01328125 0.0453125
0 0.51640625 0.51953125 0.0390625 0.05625
0 0.53046875 0.4734375 0.03828125 0.05078125
0 0.49921875 0.26484375 0.01875 0.05546875
0 0.478125 0.26015625 0.02109375 0.059375
0 0.4296875 0.25078125 0.02890625 0.06796875
0 0.45546875 0.25546875 0.02421875 0.06328125
0 0.4546875 0.19609375 0.02421875 0.06953125
0 0.42890625 0.1859375 0.02890625 0.075
0 0.3984375 0.17421875 0.03359375 0.08203125
0 0.35078125 0.16171875 0.06640625 0.08984375
0 0.40078125 0.24375 0.0328125 0.0734375
0 0.3671875 0.23671875 0.03828125 0.07890625
0 0.315625 0.22734375 0.0703125 0.08828125
0 0.1984375 0.15859375 0.07734375 0.11796875
0 0.121875 0.13671875 0.09609375 0.1359375
0 0.04453125 0.115625 0.08828125 0.1453125
0 0.21484375 0.4484375 0.08125 0.103125
0 0.15390625 0.459375 0.084375 0.115625
0 0.07265625 0.4796875 0.10546875 0.1203125
0 0.05625 0.36875 0.11171875 0.11953125
0 0.01875 0.48984375 0.0375 0.1203125
0 0.009375 0.36953125 0.01875 0.1203125
3 0.2421875 0.540625 0.0390625 0.03359375
3 0.45859375 0.365625 0.0296875 0.009375
3 0.43828125 0.3671875 0.03359375 0.01015625
3 0.26875 0.4578125 0.00234375 0.00625
3 0.3203125 0.378125 0.04140625 0.0140625
3 0.35078125 0.37578125 0.03984375 0.01328125
3 0.3828125 0.3734375 0.034375 0.01171875
3 0.38984375 0.49296875 0.0375 0.02109375
3 0.29296875 0.5265625 0.03828125 0.02890625
3 0.0171875 0.61796875 0.034375 0.0453125
3 0.18046875 0.3890625 0.05234375 0.01953125
3 0.2234375 0.3859375 0.05078125 0.01796875
3 0.33359375 0.51171875 0.04296875 0.02578125
0 0.44296875 0.41640625 0.01875 0.01171875
3 0.41953125 0.484375 0.034375 0.01640625
3 0.44375 0.4765625 0.02421875 0.01484375
3 0.4625 0.47109375 0.0234375 0.0140625
0 0.37578125 0.40859375 0.01953125 0.01640625
0 0.3484375 0.41171875 0.02109375 0.015625
0 0.3359375 0.4140625 0.021875 0.01953125
0 0.12109375 0.3828125 0.03046875 0.03828125
0 0.1078125 0.271875 0.03359375 0.03984375
0 0.07734375 0.26875 0.03671875 0.04140625
0 0.04453125 0.26640625 0.03984375 0.04375
0 0.01484375 0.2625 0.0296875 0.04375
0 0.29375 0.30703125 0.0125 0.01328125
0 0.26796875 0.30625 0.00390625 0.0140625
0 0.23359375 0.29609375 0.015625 0.03046875
0 0.26171875 0.30546875 0.009375 0.01484375
0 0.25703125 0.26328125 0.01015625 0.01953125
0 0.23046875 0.27265625 0.01171875 0.015625
0 0.2140625 0.27109375 0.021875 0.01796875
0 0.18984375 0.26796875 0.02890625 0.01953125
0 0.21640625 0.29453125 0.0234375 0.03203125
0 0.19453125 0.29375 0.025 0.03359375
0 0.16953125 0.29140625 0.03203125 0.0359375
3 0.83828125 0.58359375 0.08125 0.04921875