3 0.47890625 0.721875 0.059375 0.03046875
3 0.9921875 0.42578125 0.01484375 0.03984375
3 0.9234375 0.4375 0.1453125 0.06015625
3 0.36171875 0.62421875 0.03671875 0.01171875
3 0.4375 0.628125 0.0453125 0.015625
3 0.47890625 0.6296875 0.0578125 0.01640625
3 0.5171875 0.63125 0.06171875 0.01875
3 0.559375 0.50703125 0.04453125 0.02421875
3 0.61328125 0.4984375 0.06484375 0.0265625
3 0.68515625 0.4859375 0.078125 0.03125
3 0.70625 0.7796875 0.08984375 0.0609375
3 0.51796875 0.73125 0.0640625 0.03515625
3 0.365625 0.69375 0.0453125 0.0203125
3 0.43203125 0.53046875 0.03515625 0.01796875
3 0.46796875 0.52578125 0.05625 0.01953125
3 0.5765625 0.746875 0.07265625 0.04296875
0 0.94921875 0.63203125 0.09921875 0.07421875
0 0.39140625 0.6171875 0.02578125 0.02890625
3 0.828125 0.809375 0.11640625 0.07890625
3 0.93828125 0.8359375 0.12265625 0.0890625
3 0.8203125 0.646875 0.10859375 0.03046875
0 0.703125 0.625 0.040625 0.05390625
0 0.66875 0.62421875 0.03203125 0.05
0 0.63984375 0.6234375 0.028125 0.0484375
0 0.67109375 0.57421875 0.0390625 0.05
0 0.61015625 0.57734375 0.03671875 0.0453125
0 0.61015625 0.62265625 0.03359375 0.0453125
0 0.5828125 0.621875 0.02265625 0.04296875
0 0.56171875 0.621875 0.02109375 0.04140625
0 0.58203125 0.57890625 0.021875 0.04296875
0 0.41796875 0.52734375 0.028125 0.02890625
0 0.3984375 0.52890625 0.01015625 0.02890625
0 0.38828125 0.53125 0.009375 0.028125
0 0.39765625 0.50546875 0.02734375 0.02890625
0 0.37890625 0.53359375 0.009375 0.02578125
0 0.3703125 0.53515625 0.00859375 0.02578125
0 0.36171875 0.53671875 0.00859375 0.025
0 0.35390625 0.53828125 0.00859375 0.025
0 0.3796875 0.50703125 0.00859375 0.028125
0 0.37109375 0.509375 0.00859375 0.0265625
0 0.3625 0.51171875 0.00859375 0.02578125
0 0.41875 0.44140625 0.02578125 0.03046875
0 0.4015625 0.44453125 0.01015625 0.028125
0 0.39140625 0.4484375 0.01015625 0.0265625
0 0.38203125 0.453125 0.00859375 0.02578125
0 0.3734375 0.45625 0.00859375 0.025
0 0.36484375 0.459375 0.0078125 0.02421875
0 0.35703125 0.46328125 0.0078125 0.02421875
0 0.53125 0.4125 0.03203125 0.0453125
0 0.50703125 0.4140625 0.01640625 0.0359375
0 0.4765625 0.4265625 0.01328125 0.034375
0 0.49140625 0.42109375 0.01484375 0.034375
0 0.49921875 0.3890625 0.03046875 0.03828125
0 0.4765625 0.39609375 0.0140625 0.03671875
0 0.46328125 0.40234375 0.01328125 0.0359375
0 0.45 0.4078125 0.0125 0.034375
0 0.4625 0.43203125 0.01328125 0.03203125
0 0.45 0.43671875 0.01171875 0.03125
0 0.4375 0.44140625 0.01171875 0.03046875