3 0.984375 0.41875 0.0296875 0.03984375
3 0.98984375 0.45078125 0.01953125 0.05
3 0.97109375 0.940625 0.05703125 0.11640625
0 0.97265625 0.5203125 0.03984375 0.0484375
0 0.96328125 0.55859375 0.02109375 0.0484375
0 0.97734375 0.5765625 0.04296875 0.05
0 0.9796875 0.60546875 0.03984375 0.07109375
0 0.984375 0.54765625 0.03046875 0.0640625
0 0.99609375 0.78359375 0.00703125 0.0515625
3 0.92421875 0.5984375 0.021875 0.04609375
3 0.92265625 0.63984375 0.0125 0.05390625
3 0.9609375 0.83125 0.0578125 0.128125
3 0.94375 0.7015625 0.0453125 0.08828125
3 0.44140625 0.67109375 0.065625 0.08984375
3 0.62890625 0.31640625 0.03984375 0.028125
3 0.6140625 0.32890625 0.04296875 0.03125
3 0.515625 0.41015625 0.0578125 0.05390625
3 0.5421875 0.38828125 0.05078125 0.04453125
3 0.56875 0.36875 0.04453125 0.03984375
3 0.18671875 0.953125 0.10078125 0.09140625
3 0.37421875 0.5328125 0.08984375 0.09921875
3 0.42109375 0.49296875 0.08125 0.08203125
3 0.51796875 0.5765625 0.053125 0.065625
0 0.62421875 0.3859375 0.02265625 0.034375
0 0.3203125 0.69921875 0.025 0.04140625
0 0.30390625 0.72890625 0.02734375 0.04609375
0 0.278125 0.7328125 0.02734375 0.05625
0 0.22734375 0.8015625 0.03046875 0.05390625
0 0.253125 0.76015625 0.028125 0.0484375
3 0.5875 0.490625 0.04140625 0.03515625
3 0.5515625 0.5390625 0.04765625 0.04453125
3 0.6125 0.46953125 0.021875 0.03125
3 0.62578125 0.45078125 0.02109375 0.02890625
3 0.48125 0.54765625 0.0640625 0.0734375
0 0.6140625 0.40390625 0.00859375 0.03125
0 0.59921875 0.41171875 0.02421875 0.03203125
0 0.59140625 0.415625 0.02734375 0.040625
0 0.6 0.3859375 0.02734375 0.034375
0 0.5421875 0.4484375 0.01953125 0.04375
0 0.5453125 0.48046875 0.01015625 0.03828125
0 0.52421875 0.490625 0.03125 0.04296875
0 0.51328125 0.49765625 0.03203125 0.0546875
0 0.525 0.459375 0.03203125 0.04609375
0 0.48984375 0.31796875 0.034375 0.059375
0 0.48203125 0.328125 0.01796875 0.059375
0 0.44375 0.3515625 0.02265625 0.05859375
0 0.4640625 0.340625 0.01953125 0.05546875
0 0.4625 0.29609375 0.0203125 0.04921875
0 0.4421875 0.3046875 0.0234375 0.0515625
0 0.41875 0.31484375 0.02578125 0.05546875
0 0.38046875 0.321875 0.05546875 0.065625
0 0.421875 0.36328125 0.02578125 0.0609375
0 0.39765625 0.37578125 0.02890625 0.06484375
0 0.359375 0.3828125 0.0546875 0.084375
0 0.27578125 0.39765625 0.07109375 0.10078125
0 0.23359375 0.41796875 0.078125 0.109375
0 0.18515625 0.43984375 0.08515625 0.1203125
0 0.12890625 0.465625 0.0953125 0.13359375
0 0.06171875 0.496875 0.10703125 0.15
0 0.021875 0.5234375 0.04375 0.14609375
0 0.3015625 0.565625 0.06171875 0.1015625
0 0.27109375 0.59375 0.05703125 0.1109375
0 0.23515625 0.6421875 0.05546875 0.0859375
0 0.2140625 0.571875 0.07578125 0.11875
0 0.18828125 0.6796875 0.06484375 0.09296875
0 0.13359375 0.703125 0.07734375 0.14140625
0 0.07109375 0.775 0.09296875 0.1109375
0 0.0265625 0.80078125 0.053125 0.153125
0 0.165625 0.60546875 0.0828125 0.13125
0 0.10859375 0.64453125 0.0921875 0.14609375
0 0.04765625 0.68984375 0.09453125 0.16484375
3 0.28046875 0.47890625 0.03515625 0.02421875
3 0.315625 0.39375 0.01640625 0.02421875
3 0.3265625 0.30703125 0.03984375 0.021875
3 0.34375 0.3015625 0.02109375 0.02109375
3 0.3140625 0.459375 0.03125 0.021875
3 0.20625 0.35390625 0.04765625 0.03671875
3 0.24140625 0.340625 0.04921875 0.03359375
0 0.35078125 0.3328125 0.01328125 0.015625
0 0.3421875 0.3390625 0.02109375 0.0203125
0 0.153125 0.359375 0.03515625 0.04453125
0 0.13125 0.36640625 0.034375 0.04609375
0 0.1078125 0.37890625 0.03359375 0.03984375
0 0.096875 0.34296875 0.0390625 0.0484375
0 0.08125 0.38828125 0.03671875 0.040625
0 0.053125 0.396875 0.03984375 0.04296875
0 0.02265625 0.40703125 0.04296875 0.04453125
0 0.00703125 0.4140625 0.0140625 0.04296875
0 0.06953125 0.35 0.040625 0.05
0 0.040625 0.35859375 0.04296875 0.0515625
0 0.01640625 0.3671875 0.03203125 0.0546875
0 0.13046875 0.2609375 0.03828125 0.04375
0 0.1046875 0.265625 0.03984375 0.04453125
0 0.078125 0.27109375 0.04140625 0.046875
0 0.04921875 0.27578125 0.04375 0.0484375
0 0.0203125 0.28203125 0.040625 0.05078125
0 0.00390625 0.29609375 0.0078125 0.0265625
0 0.2953125 0.2421875 0.01953125 0.03203125
0 0.27421875 0.24609375 0.00859375 0.03359375
0 0.246875 0.25390625 0.021875 0.03203125
0 0.2640625 0.25078125 0.0203125 0.03125
0 0.25546875 0.21953125 0.02890625 0.034375
0 0.23828125 0.2234375 0.03046875 0.03515625
0 0.21953125 0.22578125 0.03046875 0.03671875
0 0.2 0.22890625 0.0328125 0.03671875
0 0.22890625 0.25859375 0.02265625 0.03359375
0 0.209375 0.26171875 0.025 0.03359375
0 0.1859375 0.26328125 0.03359375 0.03984375
3 0.77421875 0.53125 0.05703125 0.0515625
3 0.53125 0.35703125 0.02578125 0.015625