2 0.22109375 0.53984375 0.0875 0.16875
3 0.09140625 0.959375 0.034375 0.07890625
3 0.0125 0.634375 0.02421875 0.05703125
3 0.02265625 0.809375 0.0296875 0.08828125
3 0.03984375 0.88984375 0.0484375 0.11640625
3 0.05859375 0.9640625 0.03984375 0.06953125
3 0.02421875 0.94765625 0.0484375 0.103125
3 0.04609375 0.71484375 0.025 0.0609375
3 0.46328125 0.5625 0.0484375 0.0546875
3 0.921875 0.64375 0.1265625 0.13359375
3 0.81328125 0.59140625 0.09765625 0.11015625
3 0.5390625 0.45234375 0.0609375 0.05625
3 0.58125 0.4734375 0.0671875 0.0640625
3 0.6359375 0.50546875 0.06953125 0.06640625
3 0.36640625 0.484375 0.03984375 0.03828125
3 0.421875 0.396875 0.05234375 0.040625
3 0.446875 0.41015625 0.05390625 0.04453125
3 0.53671875 0.625 0.05546875 0.0703125
0 0.86015625 0.75546875 0.07578125 0.10859375
0 0.4109375 0.45625 0.00859375 0.01484375
0 0.396875 0.4546875 0.01015625 0.01484375
0 0.39609375 0.44375 0.009375 0.015625
0 0.38046875 0.43984375 0.0125 0.01484375
0 0.39140625 0.4421875 0.0125 0.0140625
3 0.690625 0.74921875 0.07109375 0.10703125
3 0.59296875 0.67421875 0.06171875 0.07578125
3 0.7546875 0.8015625 0.07734375 0.125
3 0.834375 0.8640625 0.09140625 0.1484375
3 0.4921875 0.52265625 0.05390625 0.05859375
0 0.76875 0.690625 0.04296875 0.090625
0 0.73515625 0.68046875 0.03671875 0.065625
0 0.709375 0.6515625 0.03984375 0.08203125
0 0.74453125 0.6390625 0.04140625 0.0765625
0 0.56953125 0.53125 0.0328125 0.0546875
0 0.56875 0.5640625 0.0328125 0.05078125
0 0.54453125 0.55625 0.01796875 0.040625
0 0.528125 0.53671875 0.0171875 0.05703125
0 0.55 0.51953125 0.02734375 0.053125
0 0.50625 0.33671875 0.03359375 0.04921875
0 0.48828125 0.33125 0.0296875 0.04921875
0 0.4515625 0.32578125 0.01484375 0.03828125
0 0.465625 0.33046875 0.01484375 0.03984375
0 0.47421875 0.290625 0.03359375 0.04609375
0 0.45859375 0.28671875 0.03203125 0.04453125
0 0.44375 0.28359375 0.03046875 0.04296875
0 0.43125 0.28046875 0.03046875 0.04140625
0 0.4375 0.3203125 0.01484375 0.03671875
0 0.42421875 0.315625 0.01328125 0.03515625
0 0.4125 0.309375 0.01328125 0.0390625
0 0.39375 0.2875 0.03046875 0.03828125
0 0.38203125 0.284375 0.02890625 0.03671875
0 0.371875 0.28125 0.028125 0.0359375
0 0.36171875 0.278125 0.02734375 0.0359375
0 0.35234375 0.27578125 0.02578125 0.034375
0 0.34453125 0.27265625 0.02578125 0.034375
0 0.33515625 0.2703125 0.025 0.03359375
0 0.39921875 0.3734375 0.02890625 0.03984375
0 0.38828125 0.36953125 0.02734375 0.0390625
0 0.37109375 0.36875 0.01171875 0.0296875
0 0.37734375 0.33828125 0.02890625 0.03671875
0 0.36171875 0.3640625 0.0109375 0.0296875
0 0.35234375 0.359375 0.01015625 0.028125
0 0.34453125 0.3546875 0.01015625 0.028125
0 0.3359375 0.34921875 0.01015625 0.0296875
0 0.36640625 0.33359375 0.02578125 0.0359375
0 0.3578125 0.33046875 0.02578125 0.03515625
0 0.34921875 0.3265625 0.02578125 0.034375
3 0.58828125 0.421875 0.02890625 0.0234375
3 0.871875 0.38203125 0.0546875 0.0359375
3 0.821875 0.36953125 0.0484375 0.03359375
3 0.5703125 0.36171875 0.02734375 0.01171875
3 0.59453125 0.36953125 0.0296875 0.01484375
3 0.6203125 0.37734375 0.02734375 0.0140625
3 0.65703125 0.33046875 0.03515625 0.0234375
3 0.6828125 0.3375 0.03515625 0.025
3 0.725 0.3484375 0.03515625 0.0234375
3 0.7078125 0.4734375 0.0359375 0.0296875
3 0.6140625 0.43125 0.03203125 0.02421875
3 0.50546875 0.38515625 0.02734375 0.01640625
3 0.56796875 0.30859375 0.03046875 0.01953125
3 0.5890625 0.3140625 0.03203125 0.0203125
3 0.64765625 0.44609375 0.034375 0.028125
0 0.81171875 0.43671875 0.03359375 0.02890625
0 0.5296875 0.34375 0.0125 0.01640625
3 0.75078125 0.490625 0.03984375 0.03515625
3 0.7890625 0.50703125 0.0421875 0.03828125
3 0.83203125 0.52421875 0.04609375 0.04140625
3 0.76484375 0.42578125 0.03984375 0.021875
0 0.71953125 0.40546875 0.01953125 0.025
0 0.70703125 0.403125 0.01484375 0.01875
0 0.6875 0.39453125 0.01015625 0.02109375
0 0.709375 0.384375 0.01640625 0.03046875
0 0.6765625 0.3734375 0.01953125 0.03046875
0 0.67421875 0.39296875 0.01796875 0.01875
0 0.659375 0.3890625 0.01328125 0.0140625
0 0.64765625 0.38203125 0.01328125 0.02109375
0 0.66328125 0.36953125 0.01875 0.03046875
0 0.54765625 0.296875 0.01640625 0.02421875
0 0.5390625 0.29453125 0.01328125 0.0234375
0 0.52421875 0.29375 0.00390625 0.01796875
0 0.53046875 0.28203125 0.015625 0.00625
0 0.51796875 0.29296875 0.0078125 0.01875
0 0.5125 0.29140625 0.00390625 0.01796875
0 0.50078125 0.28828125 0.0046875 0.01796875
0 0.49453125 0.28515625 0.00703125 0.0203125
0 0.51875 0.28046875 0.0078125 0.00703125
0 0.5125 0.27890625 0.00390625 0.00625
0 0.50078125 0.27578125 0.0046875 0.00859375
0 0.55 0.240625 0.0171875 0.01953125
0 0.53828125 0.2390625 0.00703125 0.01875
0 0.52578125 0.23671875 0.003125 0.01640625
0 0.51953125 0.2359375 0.00859375 0.01875
0 0.51484375 0.23515625 0.00078125 0.01640625
0 0.5015625 0.23203125 0.0046875 0.01953125
0 0.49765625 0.23125 0.0125 0.02109375
0 0.6390625 0.25859375 0.01796875 0.02421875
0 0.62734375 0.2546875 0.01875 0.01875
0 0.60078125 0.2546875 0.01171875 0.01875
0 0.6125 0.25546875 0.01171875 0.01875
0 0.61640625 0.24375 0.01796875 0.00703125
0 0.6015625 0.24140625 0.01171875 0.00703125
0 0.590625 0.240625 0.0109375 0.00703125
0 0.5796875 0.2390625 0.01015625 0.00703125
0 0.58984375 0.2515625 0.0109375 0.015625
0 0.57890625 0.25 0.01015625 0.01640625
0 0.56953125 0.24765625 0.01015625 0.01953125
3 0.95 0.628125 0.0828125 0.0734375