3 0.17578125 0.79140625 0.04140625 0.075
3 0.11171875 0.71640625 0.09609375 0.11796875
3 0.0828125 0.7984375 0.1171875 0.15703125
3 0.04609375 0.9171875 0.0921875 0.146875
3 0.196875 0.62421875 0.01484375 0.03828125
3 0.14765625 0.546875 0.04296875 0.03828125
3 0.13515625 0.584375 0.05859375 0.0640625
3 0.17421875 0.9546875 0.02265625 0.0890625
0 0.1703125 0.62109375 0.01796875 0.01796875
0 0.16796875 0.6140625 0.01484375 0.01953125
0 0.17578125 0.603125 0.01953125 0.01484375
0 0.16953125 0.58828125 0.00703125 0.01484375
0 0.17890625 0.590625 0.01875 0.0140625
3 0.15625 0.765625 0.0421875 0.0796875
0 0.12578125 0.87421875 0.028125 0.109375
0 0.125 0.93359375 0.04921875 0.1265625
0 0.146875 0.871875 0.0140625 0.084375
0 0.1484375 0.83359375 0.01953125 0.078125
0 0.13671875 0.825 0.015625 0.08515625
0 0.06875 0.51640625 0.08359375 0.08671875
0 0.08125 0.48828125 0.08046875 0.05703125
0 0.125 0.4671875 0.0125 0.0546875
0 0.11953125 0.478125 0.0140625 0.05859375
0 0.07890625 0.43515625 0.078125 0.0703125
0 0.0875 0.4203125 0.07109375 0.05546875
0 0.096875 0.41328125 0.0625 0.05
0 0.10078125 0.40625 0.0625 0.046875
0 0.1296875 0.45703125 0.01171875 0.05078125
0 0.134375 0.446875 0.0109375 0.0484375
0 0.1375 0.4390625 0.01171875 0.04609375
0 0.13671875 0.4109375 0.01796875 0.03671875
0 0.1484375 0.4046875 0.00390625 0.02421875
0 0.15 0.40390625 0.00546875 0.02421875
0 0.153125 0.39921875 0.00546875 0.01953125
0 0.15546875 0.39609375 0.00390625 0.01484375
0 0.15859375 0.39296875 0.003125 0.01328125
0 0.16015625 0.3890625 0.003125 0.01015625
0 0.146875 0.51484375 0.03046875 0.04453125
0 0.15625 0.5 0.021875 0.03125
0 0.16640625 0.49453125 0.00546875 0.03671875
0 0.153125 0.46484375 0.02109375 0.040625
0 0.16796875 0.484375 0.00625 0.03046875
0 0.16953125 0.478125 0.00546875 0.03203125
0 0.17109375 0.47109375 0.00546875 0.03125
0 0.171875 0.46484375 0.00546875 0.03125
0 0.15390625 0.45625 0.02421875 0.0359375
0 0.15546875 0.44921875 0.025 0.03359375
0 0.1640625 0.44375 0.01015625 0.03359375
3 0.503125 0.60625 0.04296875 0.0453125
3 0.90703125 0.746875 0.146875 0.15625
3 0.79921875 0.66953125 0.115625 0.115625
3 0.43359375 0.47890625 0.02890625 0.02421875
3 0.4796875 0.5265625 0.040625 0.0359375
3 0.50234375 0.54453125 0.04375 0.03984375
3 0.52421875 0.56953125 0.05 0.04453125
3 0.56171875 0.50625 0.05703125 0.04453125
3 0.59453125 0.52890625 0.06328125 0.0515625
3 0.63671875 0.5625 0.06875 0.06171875
3 0.628125 0.75859375 0.06796875 0.08984375
3 0.525 0.63203125 0.04609375 0.0515625
3 0.4375 0.528125 0.03125 0.02890625
3 0.47734375 0.45234375 0.04296875 0.02890625
3 0.49453125 0.4640625 0.04609375 0.03125
3 0.55703125 0.67421875 0.053125 0.06328125
0 0.78515625 0.80546875 0.06953125 0.10546875
0 0.4484375 0.4890625 0.0171875 0.03046875
3 0.68984375 0.83515625 0.08125 0.11328125
3 0.7546875 0.91171875 0.09765625 0.146875
3 0.825 0.9578125 0.08984375 0.08203125
3 0.70703125 0.74921875 0.08671875 0.08203125
0 0.63671875 0.66328125 0.03671875 0.06640625
0 0.61953125 0.653125 0.0375 0.0484375
0 0.59453125 0.63125 0.01796875 0.05859375
0 0.621875 0.61484375 0.0375 0.05703125
0 0.58359375 0.58203125 0.03359375 0.05
0 0.5828125 0.6171875 0.03359375 0.04375
0 0.56015625 0.60390625 0.01328125 0.040625
0 0.54765625 0.58828125 0.0125 0.046875
0 0.5671875 0.5703125 0.02578125 0.0484375
0 0.46328125 0.43125 0.02265625 0.028125
0 0.45625 0.42890625 0.021875 0.0296875
0 0.4421875 0.4265625 0.00546875 0.025
0 0.4484375 0.403125 0.01796875 0.028125
0 0.43671875 0.421875 0.00546875 0.02421875
0 0.43125 0.41875 0.00546875 0.021875
0 0.42578125 0.41484375 0.00546875 0.021875
0 0.42109375 0.4109375 0.00546875 0.02421875
0 0.44375 0.39921875 0.02109375 0.028125
0 0.4375 0.39609375 0.01953125 0.0265625
0 0.43203125 0.39296875 0.01796875 0.02578125
0 0.4625 0.3609375 0.0234375 0.02890625
0 0.45390625 0.35859375 0.0203125 0.028125
0 0.44609375 0.35625 0.015625 0.0265625
0 0.44296875 0.35390625 0.02109375 0.02578125
0 0.43671875 0.3515625 0.02109375 0.025
0 0.43125 0.34921875 0.01953125 0.025
0 0.42578125 0.346875 0.01796875 0.02421875
0 0.53828125 0.4015625 0.03046875 0.03984375
0 0.5265625 0.396875 0.02890625 0.03828125
0 0.496875 0.38984375 0.00859375 0.03125
0 0.50625 0.39453125 0.01015625 0.03359375
0 0.51640625 0.36328125 0.02890625 0.03515625
0 0.50625 0.359375 0.02734375 0.034375
0 0.49609375 0.35625 0.025 0.03359375
0 0.4875 0.35390625 0.02578125 0.03125
0 0.4875 0.38671875 0.00859375 0.03046875
0 0.47890625 0.38203125 0.0078125 0.0296875
0 0.47109375 0.378125 0.0078125 0.03046875