3 0.3765625 0.79921875 0.08671875 0.06640625
3 0.678125 0.54296875 0.0328125 0.015625
3 0.646875 0.53984375 0.05234375 0.01640625
3 0.30390625 0.66953125 0.09609375 0.04140625
3 0.38125 0.6609375 0.084375 0.034375
3 0.44765625 0.65546875 0.07265625 0.03046875
3 0.50078125 0.52109375 0.06328125 0.021875
3 0.54453125 0.52734375 0.05 0.01953125
3 0.5828125 0.53203125 0.046875 0.01875
3 0.5875 0.73671875 0.06171875 0.0359375
3 0.43984375 0.7796875 0.07890625 0.05546875
3 0.30078125 0.48984375 0.07890625 0.03671875
3 0.371875 0.5 0.06640625 0.03125
3 0.50859375 0.7609375 0.07109375 0.046875
0 0.65546875 0.62578125 0.03125 0.03125
0 0.0828125 0.66875 0.1109375 0.08203125
3 0.6265625 0.7265625 0.0578125 0.02578125
3 0.6625 0.71875 0.03671875 0.0234375
3 0.6859375 0.71171875 0.03359375 0.02109375
3 0.62578125 0.6390625 0.04765625 0.01484375
0 0.5953125 0.63046875 0.0140625 0.03671875
0 0.57734375 0.63203125 0.02109375 0.03828125
0 0.5625 0.6328125 0.02109375 0.03984375
0 0.5703125 0.59453125 0.03359375 0.0359375
0 0.54375 0.59453125 0.01640625 0.0390625
0 0.54453125 0.634375 0.01640625 0.03984375
0 0.52734375 0.6359375 0.01796875 0.04296875
0 0.49921875 0.63671875 0.03671875 0.04453125
0 0.51796875 0.59453125 0.03515625 0.040625
0 0.2078125 0.46171875 0.04765625 0.06640625
0 0.159375 0.45390625 0.05546875 0.07109375
0 0.10546875 0.44609375 0.06171875 0.075
0 0.115625 0.3796875 0.06953125 0.0796875
0 0.0453125 0.4359375 0.0703125 0.08046875
0 0.00859375 0.43046875 0.01640625 0.07578125
0 0.0515625 0.365625 0.06953125 0.084375
0 0.0125 0.35625 0.02421875 0.07890625
0 0.22265625 0.28046875 0.04453125 0.06640625
0 0.1765625 0.2625 0.0515625 0.07109375
0 0.1265625 0.24375 0.05703125 0.07578125
0 0.0703125 0.221875 0.06484375 0.08125
0 0.021875 0.20234375 0.04375 0.07890625
0 0.47109375 0.39140625 0.02109375 0.04453125
0 0.4484375 0.38359375 0.02265625 0.04609375
0 0.4 0.36640625 0.02734375 0.05
0 0.425 0.37578125 0.02421875 0.046875
0 0.42578125 0.33359375 0.02421875 0.05078125
0 0.40078125 0.3234375 0.0265625 0.0546875
0 0.3734375 0.31171875 0.02890625 0.05703125
0 0.34140625 0.29921875 0.03828125 0.06015625
0 0.37265625 0.35703125 0.02890625 0.053125
0 0.34296875 0.346875 0.03203125 0.0546875
0 0.30859375 0.334375 0.03984375 0.05859375
3 0.83046875 0.69609375 0.06171875 0.0265625