3 0.4296875 0.64765625 0.05390625 0.05625
3 0.8484375 0.45703125 0.09140625 0.0453125
3 0.79140625 0.45703125 0.08828125 0.0453125
3 0.203125 0.56953125 0.08125 0.0515625
3 0.3703125 0.57421875 0.06484375 0.05390625
3 0.42578125 0.56953125 0.05859375 0.0515625
3 0.48046875 0.571875 0.0453125 0.0609375
3 0.54375 0.4609375 0.04921875 0.053125
3 0.5953125 0.46015625 0.06328125 0.04609375
3 0.65625 0.4625 0.06953125 0.04140625
3 0.64296875 0.64921875 0.0625 0.05625
3 0.47890625 0.646875 0.05 0.05546875
3 0.22421875 0.6484375 0.075 0.05546875
3 0.353125 0.46640625 0.06484375 0.053125
3 0.40234375 0.46640625 0.05859375 0.053125
3 0.54453125 0.65078125 0.053125 0.05625
0 0.77890625 0.559375 0.04765625 0.059375
0 0.2671875 0.5625 0.046875 0.06015625
3 0.7046875 0.64921875 0.06796875 0.05546875
3 0.7609375 0.65703125 0.0578125 0.03984375
3 0.81015625 0.65078125 0.06171875 0.05078125
3 0.71640625 0.5640625 0.07265625 0.04921875
0 0.6578125 0.55625 0.02578125 0.05859375
0 0.63203125 0.55625 0.03046875 0.05703125
0 0.61015625 0.55625 0.0296875 0.05859375
0 0.634375 0.52421875 0.034375 0.0546875
0 0.584375 0.525 0.0265625 0.05546875
0 0.58359375 0.56875 0.0234375 0.034375
0 0.56171875 0.565625 0.02265625 0.040625
0 0.53828125 0.55703125 0.025 0.05859375
0 0.5609375 0.525 0.02734375 0.05546875
0 0.30078125 0.4515625 0.04140625 0.05859375
0 0.275 0.4515625 0.03984375 0.05859375
0 0.24609375 0.4609375 0.03046875 0.0390625
0 0.24765625 0.41328125 0.04921875 0.05703125
0 0.221875 0.46171875 0.03046875 0.03828125
0 0.196875 0.46171875 0.03203125 0.03828125
0 0.17265625 0.46171875 0.03203125 0.03828125
0 0.14921875 0.45390625 0.03203125 0.05390625
0 0.2203125 0.41328125 0.0453125 0.05703125
0 0.19609375 0.41328125 0.04609375 0.05703125
0 0.171875 0.41328125 0.0484375 0.05703125
0 0.2859375 0.3265625 0.04765625 0.05625
0 0.2578125 0.3265625 0.04453125 0.05625
0 0.23125 0.3265625 0.04609375 0.05625
0 0.20625 0.3265625 0.0484375 0.05625
0 0.18046875 0.3265625 0.05078125 0.05625
0 0.1546875 0.3265625 0.05234375 0.05625
0 0.12890625 0.3265625 0.05390625 0.05625
0 0.49765625 0.34296875 0.02578125 0.05625
0 0.47109375 0.34296875 0.02734375 0.05625
0 0.41953125 0.34921875 0.02734375 0.04453125
0 0.4453125 0.34921875 0.02734375 0.04453125
0 0.4453125 0.2984375 0.03046875 0.0546875
0 0.41875 0.29921875 0.03125 0.05546875
0 0.3921875 0.29921875 0.03359375 0.05546875
0 0.3671875 0.29921875 0.0359375 0.05546875
0 0.39375 0.34921875 0.02890625 0.04453125
0 0.3671875 0.34921875 0.02890625 0.04375
0 0.3421875 0.34296875 0.0296875 0.05625