2 0.08515625 0.565625 0.11328125 0.2359375
3 0.45234375 0.67421875 0.08203125 0.07421875
3 0.5484375 0.3671875 0.07578125 0.04375
3 0.65859375 0.3515625 0.14453125 0.059375
3 0.8609375 0.31953125 0.26328125 0.09609375
3 0.35078125 0.5828125 0.05078125 0.034375
3 0.38125 0.39140625 0.03046875 0.0234375
3 0.43359375 0.3875 0.0875 0.0265625
3 0.57421875 0.79453125 0.12734375 0.1484375
0 0.3890625 0.51796875 0.009375 0.01328125
0 0.38125 0.51484375 0.01875 0.01484375
0 0.3875 0.503125 0.0125 0.0109375
0 0.36640625 0.50703125 0.01640625 0.01328125
0 0.378125 0.50703125 0.01484375 0.0109375
3 0.72578125 0.91171875 0.1875 0.175
3 0.48671875 0.56875 0.09296875 0.06171875
0 0.64296875 0.5203125 0.08125 0.10390625
0 0.64140625 0.61015625 0.08046875 0.10703125
0 0.58359375 0.59453125 0.03828125 0.09453125
0 0.54921875 0.57578125 0.03203125 0.09453125
0 0.60234375 0.51171875 0.0734375 0.09375
0 0.515625 0.16953125 0.06328125 0.078125
0 0.4734375 0.18671875 0.02265625 0.0734375
0 0.43515625 0.2171875 0.01640625 0.06171875
0 0.45234375 0.203125 0.01875 0.065625
0 0.4703125 0.1453125 0.05546875 0.0796875
0 0.434375 0.16328125 0.01640625 0.071875
0 0.41875 0.17890625 0.01484375 0.06875
0 0.4046875 0.19296875 0.01328125 0.06328125
0 0.41875 0.22890625 0.01484375 0.05625
0 0.40546875 0.240625 0.01328125 0.053125
0 0.39296875 0.25 0.01171875 0.05
0 0.375 0.25234375 0.02421875 0.04375
0 0.35859375 0.259375 0.009375 0.040625
0 0.35078125 0.26640625 0.00859375 0.0390625
0 0.34296875 0.2734375 0.00703125 0.03671875
0 0.3359375 0.27890625 0.00703125 0.0359375
0 0.3296875 0.284375 0.00625 0.03359375
0 0.32421875 0.2890625 0.00546875 0.03203125
0 0.38515625 0.38359375 0.03984375 0.040625
0 0.3609375 0.384375 0.00859375 0.03984375
0 0.353125 0.38671875 0.0078125 0.03671875
0 0.36640625 0.34921875 0.03671875 0.03984375
0 0.3453125 0.38828125 0.00703125 0.0359375
0 0.33828125 0.390625 0.00703125 0.034375
0 0.33203125 0.39140625 0.00625 0.03203125
0 0.3265625 0.3921875 0.00546875 0.03203125
0 0.34453125 0.35234375 0.0078125 0.03828125
0 0.3375 0.35546875 0.00703125 0.03671875
0 0.33125 0.35859375 0.00625 0.03515625
3 0.69296875 0.559375 0.021875 0.0234375
3 0.55390625 0.4734375 0.02421875 0.0109375
3 0.6953125 0.4890625 0.0234375 0.01796875
3 0.7203125 0.49453125 0.04609375 0.0203125
3 0.91015625 0.61953125 0.08125 0.04921875
3 0.71953125 0.56875 0.05390625 0.0296875
3 0.55390625 0.52421875 0.021875 0.01171875
3 0.7796875 0.58515625 0.06171875 0.03515625
0 0.58828125 0.4625 0.021875 0.00859375
3 0.9859375 0.6390625 0.02734375 0.03984375
3 0.9921875 0.52734375 0.01484375 0.025
0 0.91953125 0.50625 0.03671875 0.04609375
0 0.8875 0.5046875 0.03515625 0.040625
0 0.85703125 0.49921875 0.03046875 0.04140625
0 0.88984375 0.465625 0.03515625 0.04140625
0 0.82421875 0.46171875 0.03203125 0.0359375
0 0.82265625 0.496875 0.03203125 0.03828125
0 0.79609375 0.49453125 0.02421875 0.03515625
0 0.7734375 0.49140625 0.02265625 0.0359375
0 0.79765625 0.46015625 0.02578125 0.03515625
0 0.61640625 0.32578125 0.021875 0.02578125
0 0.59921875 0.328125 0.01171875 0.025
0 0.58828125 0.33125 0.01015625 0.02421875
0 0.578125 0.3328125 0.01015625 0.0234375
0 0.56796875 0.33515625 0.00859375 0.021875
0 0.54765625 0.340625 0.00546875 0.02109375
0 0.7453125 0.309375 0.02890625 0.034375
0 0.721875 0.3125 0.01953125 0.03046875
0 0.68671875 0.31640625 0.01640625 0.02109375
0 0.703125 0.31328125 0.0171875 0.021875
0 0.70859375 0.28828125 0.0265625 0.03359375
0 0.68671875 0.29296875 0.01640625 0.03125
0 0.67109375 0.296875 0.01640625 0.03046875
0 0.65625 0.30078125 0.01484375 0.03046875
0 0.6703125 0.31953125 0.015625 0.02109375
0 0.65546875 0.3234375 0.0140625 0.0203125
0 0.64140625 0.32578125 0.01328125 0.0203125