0 0.859375 0.296875 0.24375 0.225
0 0.846875 0.47890625 0.25625 0.2328125
0 0.8921875 0.66484375 0.121875 0.1671875
0 0.775 0.6671875 0.140625 0.196875
0 0.56171875 0.52421875 0.3390625 0.3328125
0 0.55078125 0.7609375 0.3046875 0.284375
0 0.1765625 0.6171875 0.353125 0.459375
0 0.17734375 0.82578125 0.3546875 0.3484375
0 0.2015625 0.253125 0.303125 0.228125
0 0.1796875 0.0875 0.296875 0.175
0 0.4328125 0.225 0.203125 0.225
0 0.57109375 0.22109375 0.0765625 0.2265625
0 0.74765625 0.25 0.1953125 0.20625