3 0.028125 0.87421875 0.05390625 0.096875
3 0.00859375 0.53359375 0.01640625 0.04140625
3 0.07421875 0.715625 0.05078125 0.04609375
3 0.03359375 0.51484375 0.06640625 0.02421875
3 0.02734375 0.51875 0.05390625 0.02890625
0 0.04765625 0.65546875 0.0296875 0.02109375
0 0.0421875 0.65 0.0328125 0.01875
0 0.06171875 0.63671875 0.03046875 0.02421875
0 0.06015625 0.63125 0.02578125 0.01328125
0 0.06953125 0.63515625 0.02578125 0.01484375
3 0.0140625 0.75625 0.028125 0.075
0 0.0015625 0.303125 0.00234375 0.059375
0 0.01953125 0.3234375 0.01015625 0.0609375
0 0.00859375 0.3109375 0.01171875 0.06796875
0 0.00703125 0.246875 0.0140625 0.08671875
0 0.01953125 0.265625 0.01015625 0.078125
0 0.02890625 0.28125 0.009375 0.07109375
0 0.0375 0.29375 0.0078125 0.065625
0 0.0296875 0.334375 0.009375 0.05625
0 0.03828125 0.34453125 0.0078125 0.0515625
0 0.04609375 0.353125 0.00703125 0.0484375
0 0.05078125 0.35078125 0.0171875 0.04921875
0 0.0703125 0.36328125 0.00390625 0.03515625
0 0.07421875 0.36875 0.00390625 0.034375
0 0.078125 0.3734375 0.00390625 0.03203125
0 0.08203125 0.37890625 0.00390625 0.03125
0 0.08515625 0.3828125 0.003125 0.02890625
0 0.03046875 0.48828125 0.06015625 0.0296875
0 0.06953125 0.496875 0.00078125 0.04140625
0 0.071875 0.496875 0.00390625 0.04140625
0 0.04453125 0.453125 0.05859375 0.04609375
0 0.0765625 0.49609375 0.00390625 0.0390625
0 0.0796875 0.49609375 0.00390625 0.03828125
0 0.08359375 0.49609375 0.003125 0.0359375
0 0.08671875 0.4953125 0.00234375 0.03515625
0 0.07578125 0.45625 0.00390625 0.03984375
0 0.0796875 0.45703125 0.00390625 0.0390625
0 0.08359375 0.45859375 0.003125 0.0359375
3 0.4953125 0.67578125 0.0515625 0.03828125
3 0.98359375 0.51953125 0.03203125 0.0359375
3 0.8984375 0.51796875 0.14140625 0.03671875
3 0.4046875 0.56796875 0.02734375 0.015625
3 0.46640625 0.58828125 0.04765625 0.0234375
3 0.4953125 0.596875 0.0515625 0.0265625
3 0.521875 0.60703125 0.05390625 0.03125
3 0.5640625 0.50703125 0.05390625 0.01796875
3 0.6109375 0.509375 0.0734375 0.0203125
3 0.66875 0.5125 0.07890625 0.0234375
3 0.67578125 0.78359375 0.0875 0.08359375
3 0.52578125 0.69296875 0.05703125 0.04375
3 0.4109375 0.6265625 0.03671875 0.021875
3 0.45703125 0.50234375 0.03515625 0.01171875
3 0.48515625 0.503125 0.05234375 0.0140625
3 0.5703125 0.721875 0.06640625 0.0546875
0 0.90859375 0.71640625 0.10390625 0.10625
0 0.42734375 0.56796875 0.0203125 0.028125
3 0.775 0.8421875 0.10859375 0.1140625
3 0.88828125 0.91015625 0.1390625 0.15546875
3 0.97734375 0.9484375 0.04375 0.1015625
3 0.7828125 0.696875 0.10859375 0.0609375
0 0.6796875 0.64296875 0.04296875 0.0640625
0 0.653125 0.63828125 0.03984375 0.05390625
0 0.621875 0.62734375 0.02265625 0.05625
0 0.65390625 0.58984375 0.04140625 0.05546875
0 0.6015625 0.57890625 0.03671875 0.0484375
0 0.60234375 0.62109375 0.0375 0.0484375
0 0.57421875 0.61640625 0.0171875 0.04375
0 0.55703125 0.60859375 0.01640625 0.04609375
0 0.5828125 0.575 0.034375 0.04609375
0 0.44609375 0.49375 0.025 0.02578125
0 0.4296875 0.49296875 0.00703125 0.025
0 0.421875 0.49375 0.00703125 0.02421875
0 0.43046875 0.46875 0.02265625 0.02421875
0 0.41484375 0.49296875 0.00625 0.0234375
0 0.40859375 0.49296875 0.00625 0.0234375
0 0.40234375 0.49296875 0.00546875 0.021875
0 0.39609375 0.49296875 0.00546875 0.021875
0 0.41484375 0.46875 0.00625 0.0234375
0 0.40859375 0.46875 0.00546875 0.0234375
0 0.40234375 0.46953125 0.00546875 0.021875
0 0.446875 0.4125 0.025 0.0265625
0 0.43046875 0.41484375 0.00703125 0.02578125
0 0.42265625 0.41640625 0.00703125 0.025
0 0.415625 0.41875 0.00625 0.02421875
0 0.40859375 0.4203125 0.00625 0.02421875
0 0.403125 0.421875 0.00546875 0.0234375
0 0.396875 0.42421875 0.00546875 0.021875
0 0.5375 0.4015625 0.03203125 0.0359375
0 0.5140625 0.4046875 0.01328125 0.03515625
0 0.48984375 0.4109375 0.0109375 0.03203125
0 0.5015625 0.40859375 0.01171875 0.03359375
0 0.5109375 0.37578125 0.0296875 0.03515625
0 0.48984375 0.38046875 0.0109375 0.034375
0 0.47890625 0.38359375 0.01015625 0.03203125
0 0.46796875 0.38671875 0.009375 0.03125
0 0.47890625 0.41328125 0.01015625 0.03046875
0 0.46796875 0.415625 0.009375 0.0296875
0 0.45859375 0.41796875 0.00859375 0.02890625