2 0.21484375 0.553125 0.07265625 0.15078125
3 0.00078125 0.66171875 0.0015625 0.028125
3 0.46171875 0.61328125 0.05078125 0.028125
3 0.93046875 0.38359375 0.1375 0.04921875
3 0.81484375 0.39765625 0.1 0.03984375
3 0.5265625 0.43359375 0.03671875 0.01796875
3 0.571875 0.4296875 0.05234375 0.0203125
3 0.63203125 0.42265625 0.06796875 0.0234375
3 0.36640625 0.58515625 0.03984375 0.01875
3 0.41875 0.44609375 0.03046875 0.0140625
3 0.45078125 0.44296875 0.05078125 0.015625
3 0.53984375 0.6359375 0.0609375 0.03671875
0 0.9046875 0.56484375 0.0859375 0.0703125
0 0.4140625 0.5296875 0.0078125 0.00703125
0 0.4 0.52890625 0.009375 0.00859375
0 0.39921875 0.525 0.01015625 0.01328125
0 0.384375 0.5265625 0.01015625 0.00703125
0 0.3921875 0.5265625 0.0046875 0.00703125
3 0.72109375 0.6890625 0.0828125 0.0609375
3 0.603125 0.65625 0.06796875 0.040625
3 0.809375 0.71328125 0.09921875 0.075
3 0.92265625 0.74609375 0.1375 0.09375
3 0.4921875 0.53828125 0.05390625 0.01953125
0 0.79296875 0.55390625 0.03828125 0.059375
0 0.75703125 0.5515625 0.0375 0.0546875
0 0.721875 0.5484375 0.03203125 0.05390625
0 0.75703125 0.5 0.0375 0.0515625
0 0.56953125 0.49765625 0.03203125 0.03828125
0 0.5703125 0.5359375 0.03203125 0.03984375
0 0.5453125 0.534375 0.0171875 0.03671875
0 0.528125 0.53203125 0.01640625 0.03828125
0 0.54453125 0.496875 0.01640625 0.03671875
0 0.50625 0.33828125 0.0296875 0.034375
0 0.48359375 0.34296875 0.01328125 0.034375
0 0.45703125 0.3515625 0.01171875 0.03125
0 0.4703125 0.34765625 0.01328125 0.03203125
0 0.478125 0.31640625 0.02890625 0.03515625
0 0.45703125 0.321875 0.01171875 0.034375
0 0.4453125 0.3265625 0.01171875 0.03359375
0 0.43359375 0.33125 0.01015625 0.03203125
0 0.4453125 0.35546875 0.01171875 0.0296875
0 0.43359375 0.359375 0.01015625 0.0296875
0 0.4234375 0.3625 0.01015625 0.02890625
0 0.40625 0.359375 0.02265625 0.02890625
0 0.390625 0.36171875 0.00859375 0.02578125
0 0.38203125 0.365625 0.00859375 0.025
0 0.3734375 0.36796875 0.0078125 0.025
0 0.365625 0.37109375 0.00703125 0.02421875
0 0.3578125 0.3734375 0.00703125 0.0234375
0 0.35078125 0.3765625 0.00625 0.0234375
0 0.4078125 0.440625 0.02578125 0.02578125
0 0.38984375 0.44140625 0.00859375 0.02578125
0 0.38125 0.44296875 0.0078125 0.025
0 0.38984375 0.41875 0.02421875 0.02578125
0 0.3734375 0.44453125 0.0078125 0.02421875
0 0.36484375 0.4453125 0.00703125 0.02421875
0 0.3578125 0.446875 0.00703125 0.0234375
0 0.35078125 0.446875 0.00703125 0.021875
0 0.3734375 0.41953125 0.0078125 0.025
0 0.36484375 0.421875 0.00703125 0.025
0 0.3578125 0.4234375 0.00703125 0.02421875
3 0.85859375 0.44609375 0.05234375 0.015625
3 0.809375 0.4484375 0.0453125 0.01484375
3 0.50859375 0.51328125 0.02734375 0.00625
3 0.59765625 0.51796875 0.02265625 0.009375
3 0.61875 0.51875 0.03046875 0.01015625
3 0.646875 0.45859375 0.025 0.009375
3 0.6765625 0.45703125 0.03515625 0.01015625
3 0.71328125 0.45546875 0.03671875 0.01015625
3 0.56171875 0.4625 0.01796875 0.00859375
3 0.5859375 0.46171875 0.02890625 0.00859375
0 0.81328125 0.52109375 0.03359375 0.0265625
0 0.52890625 0.50703125 0.01484375 0.0109375
0 0.71875 0.51328125 0.0171875 0.015625
0 0.70234375 0.51640625 0.0140625 0.021875
0 0.69140625 0.515625 0.00703125 0.021875
0 0.70390625 0.49453125 0.01640625 0.021875
0 0.67265625 0.49453125 0.015625 0.0203125
0 0.67265625 0.515625 0.01484375 0.02109375
0 0.65859375 0.51484375 0.01171875 0.0203125
0 0.646875 0.5140625 0.0109375 0.02109375
0 0.65859375 0.49453125 0.01171875 0.0203125
0 0.54765625 0.46171875 0.01484375 0.01015625
0 0.5359375 0.4625 0.0078125 0.01015625
0 0.53046875 0.4625 0.00234375 0.01015625
0 0.51953125 0.46328125 0.00546875 0.009375
0 0.51328125 0.46328125 0.00703125 0.01015625
0 0.50625 0.4640625 0.00703125 0.009375
0 0.49921875 0.4640625 0.00625 0.00859375
0 0.51875 0.43828125 0.00234375 0.0046875
0 0.5484375 0.40625 0.01484375 0.01640625
0 0.53671875 0.40703125 0.00703125 0.01640625
0 0.53125 0.40859375 0.00390625 0.015625
0 0.5203125 0.41015625 0.00546875 0.01484375
0 0.5140625 0.41171875 0.00703125 0.015625
0 0.509375 0.41171875 0.00078125 0.01484375
0 0.49921875 0.4140625 0.00546875 0.01484375
0 0.628125 0.4015625 0.015625 0.01953125
0 0.61484375 0.403125 0.01015625 0.01953125
0 0.59375 0.40625 0.009375 0.01875
0 0.60390625 0.4046875 0.01015625 0.01875
0 0.60703125 0.3859375 0.015625 0.0203125
0 0.59375 0.3875 0.009375 0.01953125
0 0.58359375 0.38984375 0.009375 0.01875
0 0.57421875 0.39140625 0.00859375 0.01875
0 0.58359375 0.4078125 0.009375 0.01796875
0 0.57421875 0.409375 0.00859375 0.01875
0 0.565625 0.41015625 0.00859375 0.01875
3 0.753125 0.93359375 0.05859375 0.13125