3 0.41015625 0.74375 0.065625 0.05703125
3 0.8421875 0.49296875 0.08828125 0.02109375
3 0.7875 0.49296875 0.08828125 0.02109375
3 0.13359375 0.64375 0.11015625 0.0453125
3 0.34296875 0.6390625 0.078125 0.0453125
3 0.409375 0.63359375 0.0671875 0.04375
3 0.475 0.63359375 0.053125 0.04609375
3 0.5421875 0.49921875 0.05390625 0.025
3 0.59453125 0.4984375 0.06875 0.0234375
3 0.65703125 0.49921875 0.07265625 0.021875
3 0.66015625 0.73125 0.07578125 0.053125
3 0.471875 0.73984375 0.0609375 0.05546875
3 0.14296875 0.759375 0.10703125 0.06328125
3 0.33359375 0.503125 0.07421875 0.0265625
3 0.38828125 0.50234375 0.06328125 0.0265625
3 0.5484375 0.73828125 0.065625 0.05546875
0 0.7921875 0.60859375 0.05078125 0.0515625
0 0.2171875 0.62890625 0.059375 0.06015625
3 0.728125 0.728125 0.08203125 0.05
3 0.79140625 0.73125 0.065625 0.0359375
3 0.8421875 0.725 0.06953125 0.0390625
3 0.72890625 0.62109375 0.08203125 0.034375
0 0.66875 0.6109375 0.02421875 0.05390625
0 0.6390625 0.61171875 0.03671875 0.05390625
0 0.6171875 0.6125 0.03203125 0.0546875
0 0.63984375 0.57109375 0.0375 0.05078125
0 0.5859375 0.571875 0.03203125 0.0515625
0 0.58984375 0.61953125 0.02421875 0.04375
0 0.56484375 0.62109375 0.02421875 0.04375
0 0.53828125 0.615625 0.0296875 0.05625
0 0.56171875 0.5734375 0.03125 0.0515625
0 0.271875 0.48984375 0.03828125 0.0484375
0 0.24140625 0.48984375 0.03671875 0.0484375
0 0.209375 0.49140625 0.0296875 0.046875
0 0.21875 0.44296875 0.0515625 0.046875
0 0.1796875 0.49140625 0.03046875 0.046875
0 0.15078125 0.49140625 0.03125 0.0484375
0 0.12109375 0.49140625 0.03125 0.0484375
0 0.090625 0.490625 0.03203125 0.05
0 0.178125 0.44296875 0.03046875 0.046875
0 0.1484375 0.44296875 0.03125 0.046875
0 0.11875 0.44296875 0.03125 0.04921875
0 0.26953125 0.34375 0.0375 0.046875
0 0.2359375 0.34375 0.03046875 0.0484375
0 0.20703125 0.34296875 0.03046875 0.0484375
0 0.17734375 0.34140625 0.03125 0.0484375
0 0.146875 0.34140625 0.03203125 0.04921875
0 0.1171875 0.340625 0.03203125 0.04921875
0 0.08671875 0.33984375 0.03203125 0.05
0 0.49296875 0.36796875 0.02578125 0.04609375
0 0.4671875 0.3671875 0.02578125 0.0453125
0 0.4140625 0.36640625 0.0265625 0.0453125
0 0.440625 0.3671875 0.02578125 0.0453125
0 0.440625 0.3203125 0.02734375 0.04609375
0 0.41328125 0.31953125 0.02734375 0.046875
0 0.3859375 0.31875 0.02734375 0.046875
0 0.35859375 0.31875 0.02734375 0.0484375
0 0.38671875 0.36640625 0.02734375 0.0453125
0 0.359375 0.365625 0.02734375 0.04609375
0 0.33203125 0.3640625 0.02734375 0.046875