3 0.359375 0.82421875 0.14453125 0.14921875
3 0.7234375 0.43828125 0.03515625 0.01953125
3 0.69140625 0.43203125 0.06328125 0.0234375
3 0.53828125 0.38671875 0.08671875 0.03984375
3 0.5921875 0.40234375 0.06015625 0.03203125
3 0.63203125 0.4140625 0.05546875 0.02890625
3 0.19140625 0.2625 0.1796875 0.11953125
3 0.3390625 0.3125 0.12421875 0.084375
3 0.54453125 0.72734375 0.1 0.07890625
0 0.715625 0.53671875 0.0359375 0.03515625
0 0.0046875 0.64375 0.009375 0.04296875
3 0.66953125 0.6640625 0.06953125 0.03515625
3 0.60859375 0.69765625 0.08515625 0.04921875
3 0.70859375 0.65 0.03515625 0.03125
3 0.728125 0.63828125 0.03203125 0.0265625
3 0.465625 0.58671875 0.11640625 0.0515625
0 0.70234375 0.5390625 0.009375 0.03828125
0 0.6921875 0.540625 0.0109375 0.03984375
0 0.6671875 0.54140625 0.04140625 0.04140625
0 0.67734375 0.50078125 0.03984375 0.03984375
0 0.590625 0.49609375 0.01796875 0.05546875
0 0.590625 0.55234375 0.01875 0.05625
0 0.57109375 0.5546875 0.02109375 0.059375
0 0.5328125 0.55625 0.0546875 0.0640625
0 0.5546875 0.49609375 0.0515625 0.05859375
0 0.4984375 0.17109375 0.0296875 0.07578125
0 0.465625 0.146875 0.03359375 0.08359375
0 0.38671875 0.08828125 0.04609375 0.10078125
0 0.4296875 0.11953125 0.0390625 0.090625
0 0.4296875 0.05234375 0.03828125 0.1046875
0 0.38671875 0.03671875 0.04609375 0.0734375
0 0.340625 0.01796875 0.0453125 0.0359375
0 0.33671875 0.05390625 0.053125 0.10703125
0 0.278125 0.0359375 0.0640625 0.07109375
0 0.22578125 0.01328125 0.040625 0.0265625
0 0.021875 0.18515625 0.04375 0.1453125
3 0.26484375 0.61328125 0.015625 0.00625
3 0.5 0.46875 0.02578125 0.01015625
3 0.4734375 0.46640625 0.03515625 0.0109375
3 0.1921875 0.54609375 0.06015625 0.01875
3 0.2484375 0.54375 0.05390625 0.01640625
3 0.29765625 0.54140625 0.04453125 0.015625
3 0.3421875 0.45625 0.03984375 0.01328125
3 0.37890625 0.459375 0.03359375 0.01171875
3 0.4125 0.46328125 0.03359375 0.0109375
3 0.41171875 0.59296875 0.02890625 0.00546875
3 0.27421875 0.6109375 0.01171875 0.00546875
3 0.1859375 0.44140625 0.05078125 0.01953125
3 0.234375 0.44609375 0.04609375 0.01796875
3 0.334375 0.603125 0.01328125 0.00546875
0 0.47734375 0.5265625 0.0203125 0.0203125
0 0.04296875 0.540625 0.03828125 0.040625
3 0.44765625 0.534375 0.0375 0.009375
0 0.41796875 0.52890625 0.01171875 0.02421875
0 0.40234375 0.52890625 0.01796875 0.02421875
0 0.38984375 0.52890625 0.01796875 0.025
0 0.4015625 0.5046875 0.0203125 0.02421875
0 0.37421875 0.50390625 0.01328125 0.025
0 0.37421875 0.53046875 0.01328125 0.025
0 0.359375 0.53046875 0.01484375 0.02578125
0 0.340625 0.53125 0.02109375 0.0265625
0 0.35625 0.50390625 0.02109375 0.025
0 0.1265625 0.4265625 0.0265625 0.03828125
0 0.053125 0.41953125 0.021875 0.040625
0 0.053125 0.38046875 0.02109375 0.04140625
0 0.02421875 0.41640625 0.03671875 0.04296875
0 0.003125 0.41484375 0.00546875 0.040625
0 0.02421875 0.37578125 0.03671875 0.04453125
0 0.003125 0.37265625 0.00625 0.04140625
0 0.23515625 0.309375 0.00546875 0.0046875