2 0.30078125 0.49609375 0.04453125 0.1234375
3 0.08046875 0.71640625 0.096875 0.08828125
3 0.15078125 0.50390625 0.0546875 0.03125
3 0.0828125 0.5703125 0.0875 0.04453125
3 0.05859375 0.60546875 0.10546875 0.059375
3 0.04140625 0.65390625 0.0828125 0.071875
3 0.01328125 0.528125 0.02578125 0.04296875
3 0.16015625 0.5734375 0.05234375 0.03984375
3 0.075 0.45078125 0.08984375 0.028125
3 0.05703125 0.46953125 0.0875 0.04140625
3 0.028125 0.8734375 0.05625 0.125
0 0.009375 0.7 0.01875 0.0796875
0 0.01015625 0.33359375 0.0203125 0.06015625
0 0.0421875 0.33203125 0.0234375 0.0515625
0 0.02421875 0.33359375 0.02734375 0.05546875
0 0.01484375 0.2765625 0.0296875 0.059375
0 0.03359375 0.28046875 0.025 0.0546875
0 0.05 0.2828125 0.02265625 0.05078125
0 0.06328125 0.28515625 0.01953125 0.0484375
0 0.05703125 0.33203125 0.02109375 0.0484375
0 0.07109375 0.33203125 0.01875 0.0453125
0 0.0828125 0.33125 0.0171875 0.04375
0 0.09140625 0.3140625 0.03984375 0.03984375
0 0.11328125 0.31484375 0.01328125 0.03671875
0 0.12109375 0.315625 0.01171875 0.03515625
0 0.128125 0.31640625 0.0109375 0.034375
0 0.13515625 0.31640625 0.01015625 0.03203125
0 0.14140625 0.31640625 0.009375 0.03125
0 0.146875 0.31640625 0.00859375 0.0296875
0 0.10078125 0.4265625 0.05234375 0.0359375
0 0.11015625 0.42265625 0.0484375 0.03828125
0 0.13515625 0.41875 0.01015625 0.03515625
0 0.1125 0.38671875 0.04765625 0.03671875
0 0.1421875 0.41484375 0.01015625 0.03359375
0 0.1484375 0.41171875 0.00859375 0.03203125
0 0.15390625 0.4078125 0.00859375 0.03046875
0 0.15859375 0.4046875 0.00859375 0.0296875
0 0.12109375 0.38359375 0.04375 0.03359375
0 0.13125 0.38125 0.0359375 0.03125
0 0.134375 0.37890625 0.0390625 0.03046875
3 0.484375 0.58203125 0.04453125 0.04296875
3 0.9171875 0.659375 0.1640625 0.16796875
3 0.796875 0.58203125 0.1734375 0.12109375
3 0.53359375 0.44609375 0.065625 0.03359375
3 0.56328125 0.46171875 0.071875 0.04140625
3 0.603125 0.48671875 0.08203125 0.053125
3 0.43359375 0.51171875 0.03046875 0.02421875
3 0.46171875 0.41171875 0.04609375 0.0203125
3 0.47265625 0.41875 0.04453125 0.0234375
3 0.528125 0.65 0.05546875 0.06328125
0 0.8890625 0.8953125 0.14296875 0.19296875
0 0.4578125 0.47890625 0.01171875 0.01015625
0 0.45 0.4765625 0.01171875 0.00859375
0 0.453125 0.46875 0.01015625 0.01015625
0 0.44296875 0.4671875 0.01015625 0.00859375
3 0.65859375 0.846875 0.09453125 0.13515625
3 0.571875 0.715625 0.07265625 0.0765625
3 0.7453125 0.9328125 0.14140625 0.13203125
3 0.81796875 0.9859375 0.03125 0.0265625
3 0.496875 0.53125 0.04921875 0.0390625
0 0.75 0.75546875 0.08046875 0.1265625
0 0.7109375 0.728125 0.07109375 0.09296875
0 0.66484375 0.68671875 0.03515625 0.1
0 0.71640625 0.659375 0.0734375 0.10625
0 0.553125 0.52890625 0.03984375 0.05546875
0 0.55234375 0.57109375 0.03984375 0.05
0 0.52734375 0.55859375 0.0109375 0.046875
0 0.51640625 0.54609375 0.01015625 0.0484375
0 0.53984375 0.51875 0.0359375 0.0515625
0 0.5109375 0.33046875 0.034375 0.03828125
0 0.4890625 0.33046875 0.00859375 0.0359375
0 0.47265625 0.33046875 0.00703125 0.03203125
0 0.48046875 0.33046875 0.0078125 0.034375
0 0.4921875 0.29453125 0.03203125 0.03515625
0 0.47265625 0.29609375 0.00703125 0.03359375
0 0.465625 0.29765625 0.00625 0.03203125
0 0.459375 0.2984375 0.00546875 0.03125
0 0.465625 0.3296875 0.00703125 0.03125
0 0.459375 0.3296875 0.00625 0.0296875
0 0.453125 0.32890625 0.00546875 0.0296875
0 0.446875 0.31796875 0.0171875 0.028125
0 0.4359375 0.31796875 0.0046875 0.02578125
0 0.43125 0.31796875 0.0046875 0.025
0 0.42734375 0.31875 0.00390625 0.02421875
0 0.4234375 0.31875 0.00390625 0.02421875
0 0.41953125 0.31875 0.00390625 0.0234375
0 0.41640625 0.31875 0.00390625 0.021875
0 0.4515625 0.39375 0.02421875 0.02109375
0 0.44609375 0.39453125 0.02109375 0.0265625
0 0.4328125 0.39375 0.0046875 0.025
0 0.44140625 0.36953125 0.02265625 0.02578125
0 0.42890625 0.39140625 0.00390625 0.02421875
0 0.425 0.390625 0.00390625 0.0234375
0 0.421875 0.38828125 0.00390625 0.021875
0 0.41796875 0.3859375 0.00390625 0.021875
0 0.434375 0.36796875 0.01484375 0.02421875
0 0.43203125 0.36640625 0.01875 0.02421875
0 0.428125 0.365625 0.0171875 0.0234375
3 0.6859375 0.51171875 0.03203125 0.01640625
3 0.984375 0.45703125 0.0296875 0.00625
3 0.596875 0.43125 0.0265625 0.0140625
3 0.6578125 0.45390625 0.03828125 0.01875
3 0.68984375 0.4625 0.03203125 0.02109375
3 0.71328125 0.4734375 0.04453125 0.021875
3 0.75078125 0.41328125 0.03359375 0.009375
3 0.79140625 0.4203125 0.0484375 0.0109375
3 0.84609375 0.43125 0.0609375 0.0140625
3 0.71015625 0.52578125 0.04140625 0.01875
3 0.65 0.39375 0.01953125 0.00625
3 0.67578125 0.3984375 0.0328125 0.00703125
0 0.98671875 0.5625 0.025 0.04921875
0 0.615625 0.43359375 0.01171875 0.02109375
3 0.9234375 0.54921875 0.08359375 0.03984375
0 0.846875 0.51015625 0.03671875 0.040625
0 0.825 0.50546875 0.03359375 0.034375
0 0.80078125 0.49609375 0.02265625 0.03671875
0 0.8296875 0.4734375 0.03515625 0.03828125
0 0.78515625 0.46171875 0.03046875 0.034375
0 0.7828125 0.48984375 0.03046875 0.03125
0 0.76015625 0.484375 0.01796875 0.03046875
0 0.7453125 0.47734375 0.0171875 0.03203125
0 0.76796875 0.45703125 0.02890625 0.03203125
0 0.6203125 0.35390625 0.01015625 0.00859375
0 0.61640625 0.353125 0.01796875 0.00859375
0 0.60625 0.35234375 0.01171875 0.00859375
0 0.6 0.3515625 0.01328125 0.00703125
0 0.6453125 0.31953125 0.01640625 0.0203125
0 0.62578125 0.31953125 0.00234375 0.01953125
0 0.62109375 0.31953125 0.00859375 0.01953125
0 0.6125 0.31953125 0.0078125 0.01875
0 0.60546875 0.31953125 0.00703125 0.01875
0 0.5984375 0.31953125 0.00703125 0.01796875
0 0.5921875 0.31953125 0.00703125 0.01796875
0 0.73671875 0.32890625 0.02734375 0.02578125
0 0.7171875 0.328125 0.01484375 0.025
0 0.69140625 0.328125 0.01328125 0.0234375
0 0.70390625 0.32890625 0.01328125 0.02421875
0 0.71171875 0.303125 0.02578125 0.025
0 0.69296875 0.30390625 0.01328125 0.0234375
0 0.684375 0.3046875 0.00546875 0.021875
0 0.66875 0.30390625 0.00703125 0.01875
0 0.6828125 0.328125 0.00546875 0.0234375
0 0.6671875 0.328125 0.00703125 0.02109375
0 0.659375 0.328125 0.0109375 0.02109375