3 0.1484375 0.796875 0.0609375 0.0890625
3 0.06328125 0.68671875 0.1265625 0.1140625
3 0.0484375 0.75546875 0.09609375 0.13828125
3 0.009375 0.84453125 0.01796875 0.08046875
3 0.18984375 0.63046875 0.0234375 0.040625
3 0.11484375 0.5359375 0.090625 0.03828125
3 0.09921875 0.57109375 0.10390625 0.065625
3 0.12578125 0.95625 0.046875 0.0859375
0 0.159375 0.61796875 0.01796875 0.01875
0 0.15625 0.6109375 0.02109375 0.01953125
0 0.16875 0.59453125 0.01953125 0.01953125
0 0.16796875 0.58359375 0.01875 0.015625
0 0.1734375 0.58828125 0.01953125 0.0140625
3 0.1171875 0.75546875 0.0703125 0.08125
0 0.0546875 0.8640625 0.06953125 0.13515625
0 0.05 0.9265625 0.1 0.14453125
0 0.10078125 0.8609375 0.02109375 0.09375
0 0.10859375 0.82109375 0.0234375 0.084375
0 0.08515625 0.80546875 0.03359375 0.09296875
0 0.03984375 0.47421875 0.07890625 0.08046875
0 0.05546875 0.45625 0.0875 0.06171875
0 0.10859375 0.43984375 0.01484375 0.05390625
0 0.09921875 0.44765625 0.01640625 0.05859375
0 0.059375 0.39921875 0.0828125 0.06328125
0 0.07109375 0.390625 0.07578125 0.05390625
0 0.08203125 0.38671875 0.06953125 0.05078125
0 0.09609375 0.3828125 0.05390625 0.046875
0 0.11640625 0.4328125 0.01328125 0.05078125
0 0.1234375 0.4265625 0.01171875 0.046875
0 0.12890625 0.4203125 0.01171875 0.04609375
0 0.1296875 0.3953125 0.01953125 0.040625
0 0.13359375 0.390625 0.02890625 0.03828125
0 0.1359375 0.38828125 0.03359375 0.03671875
0 0.1375 0.384375 0.0375 0.034375
0 0.13984375 0.38203125 0.03984375 0.034375
0 0.14296875 0.37890625 0.03828125 0.03203125
0 0.146875 0.37734375 0.03671875 0.03046875
0 0.13203125 0.50390625 0.04296875 0.04140625
0 0.140625 0.49453125 0.04375 0.0359375
0 0.16328125 0.48828125 0.00546875 0.03671875
0 0.14296875 0.459375 0.0375 0.04296875
0 0.165625 0.48125 0.00625 0.03515625
0 0.16875 0.47578125 0.00546875 0.03203125
0 0.17109375 0.46953125 0.00546875 0.03203125
0 0.1734375 0.4640625 0.00546875 0.03125
0 0.1578125 0.45078125 0.01484375 0.03515625
0 0.15078125 0.4453125 0.03359375 0.03359375
0 0.15234375 0.44140625 0.0359375 0.03203125
3 0.50625 0.62109375 0.04453125 0.0453125
3 0.93515625 0.7421875 0.128125 0.153125
3 0.82890625 0.66875 0.13671875 0.12109375
3 0.4375 0.49296875 0.02734375 0.0234375
3 0.4828125 0.5375 0.04140625 0.034375
3 0.50546875 0.55546875 0.0453125 0.03828125
3 0.52734375 0.5796875 0.05234375 0.04296875
3 0.565625 0.50859375 0.0609375 0.040625
3 0.59921875 0.52890625 0.06796875 0.05
3 0.64453125 0.5609375 0.075 0.06015625
3 0.63671875 0.78125 0.075 0.09609375
3 0.528125 0.646875 0.04921875 0.0515625
3 0.4421875 0.54453125 0.03203125 0.028125
3 0.48046875 0.46015625 0.04453125 0.02578125
3 0.49765625 0.47109375 0.04765625 0.02890625
3 0.5609375 0.690625 0.05703125 0.065625
0 0.81484375 0.82890625 0.08359375 0.1203125
0 0.45234375 0.5015625 0.01640625 0.0296875
3 0.70625 0.86796875 0.09296875 0.12578125
3 0.78125 0.9375 0.11484375 0.1234375
3 0.84375 0.98203125 0.0328125 0.03359375
3 0.72421875 0.765625 0.09921875 0.090625
0 0.64453125 0.67265625 0.03828125 0.07109375
0 0.6265625 0.6609375 0.040625 0.05390625
0 0.59921875 0.6390625 0.01875 0.06015625
0 0.62890625 0.61875 0.04140625 0.06171875
0 0.58828125 0.58671875 0.03671875 0.05390625
0 0.5875 0.625 0.0359375 0.04609375
0 0.56328125 0.61171875 0.0140625 0.04453125
0 0.55078125 0.596875 0.0125 0.046875
0 0.57265625 0.575 0.03046875 0.05
0 0.4671875 0.440625 0.02265625 0.028125
0 0.46015625 0.43828125 0.02109375 0.02890625
0 0.446875 0.43671875 0.00546875 0.025
0 0.45390625 0.4125 0.021875 0.0265625
0 0.44140625 0.43359375 0.00546875 0.02421875
0 0.4359375 0.43046875 0.00546875 0.0234375
0 0.43125 0.4265625 0.0046875 0.021875
0 0.4265625 0.4234375 0.0046875 0.0234375
0 0.44765625 0.41015625 0.01953125 0.02578125
0 0.44296875 0.40703125 0.0203125 0.02578125
0 0.4375 0.40546875 0.01796875 0.025
0 0.46640625 0.36796875 0.02265625 0.028125
0 0.459375 0.36640625 0.021875 0.0265625
0 0.45 0.36484375 0.01484375 0.02578125
0 0.44609375 0.36328125 0.01875 0.025
0 0.44140625 0.36171875 0.01875 0.02421875
0 0.4359375 0.3609375 0.01796875 0.0234375
0 0.43125 0.359375 0.0171875 0.0234375
0 0.54140625 0.39921875 0.03203125 0.0390625
0 0.528125 0.39609375 0.02890625 0.03671875
0 0.49921875 0.39140625 0.00859375 0.03203125
0 0.50859375 0.39453125 0.009375 0.03359375
0 0.51796875 0.36171875 0.028125 0.03359375
0 0.5078125 0.3609375 0.02578125 0.03203125
0 0.49921875 0.35859375 0.0265625 0.03046875
0 0.490625 0.35703125 0.02578125 0.0296875
0 0.48984375 0.38828125 0.00859375 0.03046875
0 0.48203125 0.3859375 0.0078125 0.0296875
0 0.47421875 0.38359375 0.00703125 0.0296875