3 0.40703125 0.79140625 0.0765625 0.046875
3 0.90234375 0.51640625 0.08984375 0.02421875
3 0.82734375 0.51640625 0.10390625 0.02421875
3 0.13984375 0.6640625 0.1078125 0.0265625
3 0.34140625 0.665625 0.08515625 0.0296875
3 0.409375 0.6640625 0.07421875 0.02890625
3 0.47578125 0.665625 0.05703125 0.03125
3 0.55 0.51953125 0.05546875 0.0203125
3 0.61015625 0.51953125 0.06484375 0.01875
3 0.67890625 0.51953125 0.07265625 0.01875
3 0.69453125 0.79453125 0.09140625 0.0484375
3 0.47265625 0.79140625 0.06796875 0.046875
3 0.13515625 0.7890625 0.1125 0.046875
3 0.33046875 0.51875 0.06015625 0.021875
3 0.3921875 0.51875 0.06796875 0.021875
3 0.56171875 0.79375 0.07265625 0.04921875
0 0.8453125 0.65234375 0.06328125 0.053125
0 0.21953125 0.6515625 0.05859375 0.0515625
3 0.77890625 0.79453125 0.10390625 0.04921875
3 0.8578125 0.8 0.08984375 0.0390625
3 0.92734375 0.7984375 0.09609375 0.04140625
3 0.76953125 0.66484375 0.096875 0.02578125
0 0.69609375 0.65078125 0.0296875 0.0515625
0 0.6625 0.65078125 0.03984375 0.0515625
0 0.6359375 0.65078125 0.03828125 0.0515625
0 0.66015625 0.60390625 0.04140625 0.0484375
0 0.60234375 0.603125 0.02734375 0.046875
0 0.60390625 0.65234375 0.02734375 0.04921875
0 0.5765625 0.65234375 0.02734375 0.04921875
0 0.54765625 0.65078125 0.03046875 0.0515625
0 0.5734375 0.603125 0.03203125 0.046875
0 0.284375 0.50703125 0.04609375 0.04453125
0 0.2484375 0.50703125 0.02890625 0.04453125
0 0.221875 0.50703125 0.02890625 0.04453125
0 0.2359375 0.46328125 0.05078125 0.04453125
0 0.19609375 0.5078125 0.028125 0.04375
0 0.16953125 0.5078125 0.02890625 0.04375
0 0.14375 0.5078125 0.02890625 0.04375
0 0.1171875 0.50703125 0.02890625 0.04453125
0 0.1984375 0.46328125 0.02890625 0.04453125
0 0.17265625 0.46328125 0.02890625 0.04453125
0 0.146875 0.46328125 0.02890625 0.04453125
0 0.2921875 0.3765625 0.04375 0.0515625
0 0.2578125 0.3703125 0.02734375 0.0390625
0 0.23203125 0.3703125 0.02734375 0.0390625
0 0.20625 0.3703125 0.02734375 0.0390625
0 0.18046875 0.3703125 0.028125 0.0390625
0 0.15546875 0.3703125 0.02734375 0.0390625
0 0.13046875 0.3703125 0.028125 0.0390625
0 0.4984375 0.39609375 0.02578125 0.059375
0 0.471875 0.38671875 0.0265625 0.040625
0 0.4203125 0.3875 0.02578125 0.03984375
0 0.44609375 0.3875 0.02578125 0.03984375
0 0.4484375 0.34609375 0.02890625 0.04140625
0 0.42109375 0.34609375 0.02578125 0.04140625
0 0.3953125 0.34609375 0.02578125 0.04140625
0 0.36953125 0.34609375 0.02578125 0.04140625
0 0.39453125 0.3875 0.02578125 0.03984375
0 0.36875 0.3875 0.02578125 0.03984375
0 0.34296875 0.3875 0.0265625 0.03984375