3 0.41875 0.71640625 0.09765625 0.071875
3 0.565625 0.35390625 0.08828125 0.053125
3 0.67578125 0.33125 0.1328125 0.0640625
3 0.85390625 0.29140625 0.20546875 0.0859375
3 0.2546875 0.6515625 0.071875 0.0390625
3 0.35078125 0.40390625 0.08203125 0.03203125
3 0.39765625 0.39453125 0.09609375 0.03671875
3 0.58671875 0.790625 0.12265625 0.11953125
0 0.33203125 0.55859375 0.01875 0.0140625
0 0.30625 0.55859375 0.01328125 0.01484375
0 0.31171875 0.5453125 0.02421875 0.0109375
0 0.2828125 0.55390625 0.01796875 0.0140625
0 0.29609375 0.5546875 0.0078125 0.01328125
3 0.99765625 0.89453125 0.00390625 0.046875
3 0.76796875 0.86171875 0.16953125 0.17578125
3 0.48046875 0.57890625 0.10546875 0.0453125
0 0.65859375 0.4890625 0.0578125 0.08671875
0 0.659375 0.575 0.0578125 0.090625
0 0.6078125 0.571875 0.04453125 0.08359375
0 0.565625 0.5671875 0.03984375 0.08046875
0 0.6078125 0.48984375 0.04453125 0.08125
0 0.50859375 0.18828125 0.05546875 0.09921875
0 0.465625 0.18984375 0.0296875 0.06875
0 0.41171875 0.21953125 0.02421875 0.0609375
0 0.4375 0.20546875 0.02578125 0.06484375
0 0.4515625 0.15078125 0.05390625 0.075
0 0.41171875 0.16640625 0.02421875 0.07109375
0 0.3890625 0.18125 0.021875 0.06640625
0 0.36796875 0.19453125 0.01953125 0.0640625
0 0.38828125 0.23203125 0.021875 0.05703125
0 0.3671875 0.24375 0.01953125 0.05390625
0 0.3484375 0.25390625 0.01796875 0.0515625
0 0.31953125 0.25859375 0.03828125 0.04921875
0 0.2921875 0.265625 0.01484375 0.04453125
0 0.278125 0.27421875 0.01328125 0.04296875
0 0.26484375 0.28203125 0.0125 0.04140625
0 0.25234375 0.2890625 0.01171875 0.03984375
0 0.240625 0.29609375 0.0109375 0.03828125
0 0.2296875 0.30234375 0.01015625 0.0359375
0 0.321875 0.4015625 0.046875 0.04609375
0 0.290625 0.40546875 0.01484375 0.0453125
0 0.2765625 0.40859375 0.01328125 0.04375
0 0.2921875 0.3671875 0.04453125 0.046875
0 0.26328125 0.4125 0.01171875 0.04140625
0 0.25078125 0.415625 0.01171875 0.03984375
0 0.2390625 0.41875 0.0109375 0.0390625
0 0.22890625 0.42109375 0.01015625 0.03828125
0 0.26328125 0.371875 0.0125 0.0453125
0 0.25078125 0.3765625 0.01171875 0.04375
0 0.23984375 0.38046875 0.01015625 0.04140625
3 0.96875 0.43125 0.06171875 0.02421875
3 0.90859375 0.4359375 0.07734375 0.0234375
3 0.4765625 0.53125 0.03515625 0.009375
3 0.6859375 0.453125 0.00703125 0.0109375
3 0.71328125 0.4515625 0.04609375 0.0140625
3 0.76640625 0.44765625 0.053125 0.015625
3 0.771875 0.6125 0.04921875 0.00625
3 0.55234375 0.46171875 0.02734375 0.0109375
3 0.575 0.46015625 0.01953125 0.0109375
0 0.91796875 0.5375 0.04765625 0.03828125
0 0.50234375 0.5265625 0.01328125 0.02109375
3 0.84609375 0.5453125 0.06796875 0.01640625
0 0.775 0.53359375 0.02265625 0.03125
0 0.753125 0.5328125 0.02109375 0.03046875
0 0.7328125 0.53203125 0.01953125 0.0296875
0 0.753125 0.5015625 0.02109375 0.0296875
0 0.70703125 0.50234375 0.01875 0.02890625
0 0.7078125 0.53203125 0.01953125 0.02890625
0 0.69296875 0.53125 0.009375 0.028125
0 0.69296875 0.503125 0.009375 0.028125
0 0.52890625 0.4578125 0.01484375 0.0234375
0 0.50390625 0.459375 0.009375 0.02109375
0 0.50390625 0.43828125 0.009375 0.02109375
0 0.49375 0.4609375 0.01015625 0.02109375
0 0.48359375 0.4609375 0.009375 0.0203125
0 0.47421875 0.46171875 0.00859375 0.0203125
0 0.46484375 0.46328125 0.00859375 0.0203125
0 0.49375 0.4390625 0.01015625 0.02109375
0 0.48359375 0.440625 0.009375 0.02109375
0 0.47421875 0.44140625 0.00859375 0.0203125