2 0.0875 0.54375 0.13046875 0.24375
3 0.4515625 0.61796875 0.0734375 0.0796875
3 0.56796875 0.409375 0.11015625 0.065625
3 0.64921875 0.434375 0.13671875 0.084375
3 0.7828125 0.48125 0.17265625 0.11484375
3 0.34140625 0.51015625 0.05078125 0.04296875
3 0.396875 0.3609375 0.07734375 0.03515625
3 0.428125 0.3703125 0.08359375 0.040625
3 0.5609375 0.73125 0.0984375 0.13046875
0 0.38671875 0.46328125 0.01875 0.01875
0 0.3734375 0.459375 0.01875 0.01796875
0 0.37421875 0.446875 0.01875 0.01796875
0 0.35546875 0.44453125 0.01796875 0.015625
0 0.36875 0.44765625 0.01796875 0.0140625
3 0.8609375 0.96015625 0.04453125 0.078125
3 0.66953125 0.84375 0.12578125 0.18359375
3 0.48984375 0.546875 0.08984375 0.08125
0 0.96953125 0.8390625 0.059375 0.20546875
0 0.6234375 0.54609375 0.06484375 0.10703125
0 0.6203125 0.6171875 0.06328125 0.09375
0 0.57421875 0.59921875 0.0328125 0.07890625
0 0.5453125 0.56796875 0.0296875 0.0953125
0 0.58984375 0.52890625 0.0609375 0.1
0 0.51328125 0.20546875 0.059375 0.0734375
0 0.471875 0.2078125 0.02421875 0.06953125
0 0.4296875 0.2140625 0.0203125 0.06015625
0 0.44921875 0.21171875 0.021875 0.0640625
0 0.4640625 0.14765625 0.05546875 0.07109375
0 0.42734375 0.15390625 0.02109375 0.06640625
0 0.409375 0.16015625 0.01875 0.06328125
0 0.39296875 0.16484375 0.0171875 0.059375
0 0.41171875 0.2171875 0.01875 0.05625
0 0.3953125 0.21953125 0.0171875 0.05390625
0 0.38125 0.22109375 0.01640625 0.0515625
0 0.36484375 0.20703125 0.0421875 0.046875
0 0.3390625 0.20859375 0.01328125 0.0453125
0 0.32890625 0.2109375 0.0125 0.04375
0 0.31953125 0.21328125 0.01171875 0.04140625
0 0.3109375 0.21484375 0.0109375 0.040625
0 0.303125 0.21640625 0.01015625 0.0390625
0 0.2953125 0.21875 0.01015625 0.03671875
0 0.37265625 0.33828125 0.040625 0.04453125
0 0.359375 0.3359375 0.03515625 0.04453125
0 0.33828125 0.33515625 0.01171875 0.0390625
0 0.34921875 0.29609375 0.03984375 0.040625
0 0.32890625 0.3328125 0.0109375 0.03828125
0 0.3203125 0.33046875 0.01015625 0.0359375
0 0.3125 0.328125 0.01015625 0.03515625
0 0.3046875 0.32578125 0.01015625 0.0359375
0 0.33125 0.29453125 0.02109375 0.03828125
0 0.32734375 0.29375 0.03125 0.03828125
0 0.31640625 0.29296875 0.02421875 0.0359375
3 0.99296875 0.35078125 0.0125 0.02421875
3 0.5296875 0.371875 0.0265625 0.015625
3 0.615625 0.3859375 0.03671875 0.0109375
3 0.64765625 0.39453125 0.04296875 0.01484375
3 0.6828125 0.403125 0.03828125 0.015625
3 0.73984375 0.3296875 0.05 0.0203125
3 0.7859375 0.334375 0.0609375 0.021875
3 0.8484375 0.34140625 0.06640625 0.025
3 0.61328125 0.31796875 0.03984375 0.01484375
3 0.64140625 0.3203125 0.04296875 0.01640625
0 0.9921875 0.47109375 0.0140625 0.04609375
0 0.5625 0.36953125 0.01875 0.0203125
3 0.92734375 0.465625 0.078125 0.04375
0 0.8421875 0.4328125 0.03046875 0.04140625
0 0.81796875 0.43046875 0.03046875 0.03359375
0 0.79453125 0.42265625 0.02734375 0.03828125
0 0.82265625 0.396875 0.03125 0.04296875
0 0.7703125 0.38828125 0.02890625 0.0390625
0 0.7671875 0.41875 0.028125 0.03359375
0 0.74453125 0.41484375 0.021875 0.0296875
0 0.72734375 0.40859375 0.02109375 0.03515625
0 0.75078125 0.384375 0.02734375 0.03671875
0 0.5875 0.30703125 0.02109375 0.02578125
0 0.575 0.30625 0.01796875 0.02421875
0 0.5609375 0.30625 0.01015625 0.0234375
0 0.56640625 0.2828125 0.0203125 0.0234375
0 0.55546875 0.30546875 0.00078125 0.021875
0 0.540625 0.30390625 0.00859375 0.02109375
0 0.53125 0.303125 0.00859375 0.02109375
0 0.52265625 0.30234375 0.00859375 0.02109375
0 0.55546875 0.290625 0.00078125 0.00546875
0 0.540625 0.28203125 0.00859375 0.02109375
0 0.5328125 0.28125 0.01171875 0.021875
0 0.59140625 0.228125 0.021875 0.01640625
0 0.575 0.22890625 0.01171875 0.01640625
0 0.5640625 0.2296875 0.0109375 0.01640625
0 0.5578125 0.23046875 0.0015625 0.015625
0 0.54453125 0.23125 0.00390625 0.015625
0 0.7140625 0.22578125 0.02578125 0.009375
0 0.6921875 0.2265625 0.01796875 0.009375
0 0.659375 0.22890625 0.015625 0.00703125
0 0.675 0.228125 0.01640625 0.00703125
0 0.68046875 0.20859375 0.02578125 0.03125
0 0.6609375 0.209375 0.0171875 0.03046875
0 0.6453125 0.2109375 0.01640625 0.0296875
0 0.63125 0.2125 0.01484375 0.02890625
0 0.64453125 0.2296875 0.01484375 0.00703125
0 0.6296875 0.23046875 0.01328125 0.00703125
0 0.61640625 0.23125 0.01328125 0.00703125