3 0.1296875 0.73984375 0.0828125 0.05546875
3 0.15703125 0.46875 0.02578125 0.034375
3 0.1234375 0.4515625 0.05390625 0.04921875
3 0.0546875 0.41015625 0.0859375 0.06328125
3 0.1734375 0.67109375 0.04453125 0.02578125
3 0.1734375 0.4984375 0.02421875 0.01875
3 0.16953125 0.4921875 0.02109375 0.02109375
3 0.11875 0.81171875 0.0375 0.07421875
0 0.171875 0.60625 0.01171875 0.0109375
0 0.1765625 0.59921875 0.01796875 0.01640625
0 0.18671875 0.60078125 0.0046875 0.009375
3 0.053125 0.91328125 0.10625 0.1453125
3 0.14921875 0.63046875 0.02890625 0.03046875
0 0.0734375 0.57421875 0.096875 0.07578125
0 0.06953125 0.646875 0.09921875 0.08671875
0 0.12265625 0.63359375 0.0109375 0.06796875
0 0.13125 0.628125 0.009375 0.06328125
0 0.125 0.57109375 0.0109375 0.0640625
0 0.1484375 0.31796875 0.01484375 0.03671875
0 0.16953125 0.35859375 0.00390625 0.0296875
0 0.165625 0.346875 0.00390625 0.03125
0 0.15078125 0.309375 0.03671875 0.06328125
0 0.1703125 0.3265625 0.0046875 0.0484375
0 0.17421875 0.33828125 0.00390625 0.04609375
0 0.17734375 0.346875 0.00390625 0.04296875
0 0.1734375 0.3671875 0.00390625 0.0265625
0 0.17578125 0.3765625 0.003125 0.025
0 0.17890625 0.38359375 0.003125 0.025
0 0.1828125 0.38984375 0.00625 0.03125
0 0.1921875 0.403125 0.0015625 0.01796875
0 0.19375 0.40859375 0.0015625 0.015625
0 0.1953125 0.41328125 0.0015625 0.01484375
0 0.196875 0.41796875 0.0015625 0.01484375
0 0.17578125 0.48203125 0.01328125 0.0140625
0 0.1875 0.49453125 0.00078125 0.0234375
0 0.1734375 0.46640625 0.02890625 0.034375
0 0.18828125 0.49765625 0.00234375 0.025
0 0.190625 0.49921875 0.00234375 0.02421875
0 0.1921875 0.50078125 0.00234375 0.02421875
0 0.19375 0.50234375 0.0015625 0.0234375
0 0.1890625 0.48046875 0.0015625 0.01015625
0 0.19140625 0.48125 0.00234375 0.01328125
0 0.19296875 0.4765625 0.00234375 0.0265625
3 0.5046875 0.6640625 0.04453125 0.02421875
3 0.8921875 0.44609375 0.14140625 0.053125
3 0.7828125 0.4640625 0.10390625 0.040625
3 0.43359375 0.5828125 0.021875 0.01015625
3 0.48125 0.590625 0.03984375 0.0140625
3 0.50390625 0.59375 0.04375 0.01484375
3 0.52109375 0.59765625 0.04140625 0.01796875
3 0.55078125 0.50390625 0.03828125 0.01640625
3 0.57890625 0.49921875 0.0375 0.01875
3 0.63125 0.49296875 0.06640625 0.021875
3 0.6390625 0.725 0.075 0.0484375
3 0.52734375 0.67421875 0.0484375 0.028125
3 0.4390625 0.63515625 0.03203125 0.01484375
3 0.46796875 0.515625 0.01796875 0.01171875
3 0.49609375 0.51328125 0.04453125 0.01328125
3 0.5609375 0.690625 0.05703125 0.034375
0 0.79765625 0.628125 0.075 0.06640625
0 0.4515625 0.57890625 0.0171875 0.021875
3 0.70859375 0.75859375 0.08828125 0.06171875
3 0.790625 0.7953125 0.11484375 0.08125
3 0.9 0.8453125 0.1453125 0.11875
3 0.715625 0.63125 0.0921875 0.03046875
0 0.6375 0.60390625 0.0328125 0.0453125
0 0.61171875 0.60234375 0.01796875 0.04140625
0 0.59453125 0.59921875 0.01640625 0.03984375
0 0.62109375 0.56328125 0.03671875 0.0390625
0 0.58359375 0.56171875 0.03359375 0.034375
0 0.58359375 0.596875 0.0328125 0.0359375
0 0.5609375 0.59453125 0.01328125 0.034375
0 0.5484375 0.59296875 0.01171875 0.034375
0 0.56015625 0.5609375 0.0125 0.03359375
0 0.4671875 0.5109375 0.02109375 0.021875
0 0.453125 0.51171875 0.00546875 0.021875
0 0.44765625 0.51328125 0.0046875 0.0203125
0 0.45390625 0.49140625 0.01640625 0.021875
0 0.4421875 0.5140625 0.0046875 0.0203125
0 0.4375 0.51484375 0.0046875 0.0203125
0 0.43203125 0.515625 0.00390625 0.01875
0 0.428125 0.51640625 0.00390625 0.01953125
0 0.4421875 0.49375 0.0046875 0.0203125
0 0.4375 0.49453125 0.0046875 0.02109375
0 0.4328125 0.49609375 0.00390625 0.0203125
0 0.46640625 0.44140625 0.01796875 0.021875
0 0.45390625 0.44453125 0.00546875 0.021875
0 0.4484375 0.44765625 0.00546875 0.02109375
0 0.44296875 0.45 0.0046875 0.0203125
0 0.43828125 0.45234375 0.00390625 0.01953125
0 0.43359375 0.45546875 0.00390625 0.01953125
0 0.42890625 0.45703125 0.00390625 0.01875
0 0.53515625 0.4203125 0.02734375 0.0296875
0 0.51640625 0.425 0.009375 0.0296875
0 0.4984375 0.4328125 0.0078125 0.0265625
0 0.50703125 0.42890625 0.00859375 0.02890625
0 0.51484375 0.403125 0.025 0.03046875
0 0.4984375 0.40859375 0.0078125 0.0296875
0 0.48984375 0.4125 0.00703125 0.02890625
0 0.4828125 0.4171875 0.00703125 0.0265625
0 0.48984375 0.43671875 0.00703125 0.02578125
0 0.4828125 0.440625 0.00703125 0.025
0 0.475 0.44375 0.00703125 0.02421875