3 0.37890625 0.78515625 0.0859375 0.05
3 0.659375 0.56484375 0.040625 0.01640625
3 0.634375 0.559375 0.04921875 0.01796875
3 0.00703125 0.64609375 0.0140625 0.0296875
3 0.31328125 0.6484375 0.09296875 0.025
3 0.39296875 0.64921875 0.06796875 0.021875
3 0.45546875 0.64921875 0.05703125 0.01953125
3 0.5 0.528125 0.0578125 0.02421875
3 0.5390625 0.5375 0.046875 0.02109375
3 0.575 0.54609375 0.04453125 0.01953125
3 0.58046875 0.74375 0.06015625 0.0265625
3 0.43984375 0.771875 0.07734375 0.04296875
3 0.31640625 0.478125 0.07421875 0.04296875
3 0.38046875 0.49375 0.06171875 0.03671875
3 0.50546875 0.759375 0.06953125 0.0359375
0 0.64375 0.6421875 0.0296875 0.02890625
0 0.10859375 0.62578125 0.10234375 0.075
3 0.61796875 0.73828125 0.0546875 0.0203125
3 0.64609375 0.73203125 0.04609375 0.01875
3 0.67421875 0.728125 0.03203125 0.01640625
3 0.61640625 0.6515625 0.04453125 0.0109375
0 0.58671875 0.640625 0.01328125 0.034375
0 0.5734375 0.63984375 0.0140625 0.03515625
0 0.55703125 0.6390625 0.01953125 0.0359375
0 0.56328125 0.6046875 0.0328125 0.03515625
0 0.5390625 0.60078125 0.01484375 0.0390625
0 0.53984375 0.6390625 0.015625 0.0390625
0 0.5234375 0.63828125 0.01640625 0.03984375
0 0.496875 0.63828125 0.03515625 0.040625
0 0.5140625 0.59921875 0.034375 0.0390625
0 0.23125 0.44453125 0.04453125 0.06328125
0 0.1875 0.4328125 0.05078125 0.06796875
0 0.1390625 0.4203125 0.05703125 0.0703125
0 0.14765625 0.36171875 0.05859375 0.07578125
0 0.08515625 0.40546875 0.06484375 0.07578125
0 0.03046875 0.38984375 0.0609375 0.0796875
0 0.09375 0.34375 0.06328125 0.0796875
0 0.03515625 0.32421875 0.0703125 0.0859375
0 0.0046875 0.30625 0.009375 0.05859375
0 0.24921875 0.28203125 0.040625 0.06015625
0 0.20859375 0.26328125 0.0453125 0.06484375
0 0.16484375 0.24140625 0.0515625 0.06875
0 0.115625 0.21796875 0.0578125 0.0734375
0 0.0609375 0.19140625 0.06640625 0.0796875
0 0.01875 0.16875 0.03671875 0.071875
0 0.471875 0.4046875 0.01953125 0.040625
0 0.4515625 0.3953125 0.02109375 0.04296875
0 0.40703125 0.375 0.025 0.04609375
0 0.43046875 0.3859375 0.02265625 0.04375
0 0.43125 0.3484375 0.021875 0.04921875
0 0.40859375 0.3375 0.02421875 0.05078125
0 0.384375 0.32421875 0.0265625 0.053125
0 0.35390625 0.3109375 0.0375 0.05546875
0 0.3828125 0.3640625 0.0265625 0.0484375
0 0.35546875 0.35234375 0.02890625 0.05078125
0 0.3234375 0.3390625 0.03828125 0.05390625
3 0.80859375 0.7078125 0.05703125 0.01953125