3 0.0015625 0.746875 0.003125 0.01875
0 0.003125 0.17890625 0.00625 0.06875
0 0.00234375 0.25390625 0.00390625 0.0390625
0 0.00859375 0.27890625 0.01484375 0.046875
0 0.0234375 0.3015625 0.00390625 0.01953125
0 0.02578125 0.31328125 0.00546875 0.03046875
0 0.0296875 0.328125 0.00546875 0.02890625
0 0.03359375 0.3421875 0.00546875 0.0265625
0 0.03671875 0.3546875 0.0046875 0.02421875
0 0.03984375 0.36640625 0.00390625 0.0234375
0 0.00234375 0.4515625 0.0046875 0.03671875
0 0.0046875 0.459375 0.009375 0.040625
0 0.00859375 0.43046875 0.0125 0.034375
0 0.01015625 0.46796875 0.00859375 0.03828125
0 0.01484375 0.47578125 0.00859375 0.0359375
0 0.01875 0.4828125 0.00703125 0.034375
0 0.02265625 0.48828125 0.00703125 0.03203125
0 0.015625 0.43046875 0.01015625 0.05078125
0 0.01953125 0.4390625 0.009375 0.04921875
0 0.0234375 0.4484375 0.00859375 0.04609375
3 0.48984375 0.72578125 0.05859375 0.028125
3 0.93125 0.39296875 0.13671875 0.078125
3 0.38515625 0.63359375 0.03203125 0.01015625
3 0.45 0.63359375 0.04140625 0.01328125
3 0.48125 0.63359375 0.0421875 0.01484375
3 0.52265625 0.6328125 0.06171875 0.015625
3 0.56015625 0.50546875 0.04140625 0.028125
3 0.61171875 0.4921875 0.06171875 0.03203125
3 0.684375 0.471875 0.084375 0.03984375
3 0.7078125 0.7828125 0.0953125 0.06015625
3 0.52578125 0.734375 0.06484375 0.03203125
3 0.38984375 0.7015625 0.04296875 0.01796875
3 0.44609375 0.5375 0.034375 0.01953125
3 0.47734375 0.53125 0.05390625 0.02109375
3 0.58046875 0.74921875 0.07578125 0.03984375
0 0.9578125 0.60703125 0.0828125 0.084375
0 0.4109375 0.625 0.0234375 0.028125
3 0.83828125 0.815625 0.13046875 0.08359375
3 0.95 0.84140625 0.09921875 0.08671875
3 0.82734375 0.63359375 0.11953125 0.0265625
0 0.70546875 0.615625 0.04765625 0.05546875
0 0.6671875 0.6171875 0.0328125 0.053125
0 0.6390625 0.61796875 0.02734375 0.05
0 0.671875 0.565625 0.04453125 0.053125
0 0.6125 0.57265625 0.03984375 0.046875
0 0.609375 0.61875 0.0328125 0.046875
0 0.58359375 0.61953125 0.021875 0.04453125
0 0.56328125 0.6203125 0.01953125 0.04296875
0 0.58203125 0.57578125 0.02109375 0.0453125
0 0.434375 0.53671875 0.02734375 0.028125
0 0.41640625 0.5390625 0.00859375 0.0265625
0 0.4078125 0.5421875 0.00859375 0.0265625
0 0.4171875 0.51640625 0.02578125 0.028125
0 0.4 0.54453125 0.00859375 0.02578125
0 0.3921875 0.546875 0.0078125 0.025
0 0.38515625 0.54921875 0.00703125 0.02421875
0 0.378125 0.5515625 0.00703125 0.0234375
0 0.40078125 0.51953125 0.0078125 0.0265625
0 0.39296875 0.5234375 0.00703125 0.02578125
0 0.3859375 0.52578125 0.00703125 0.02578125
0 0.434375 0.453125 0.021875 0.028125
0 0.41875 0.4578125 0.00859375 0.0265625
0 0.4109375 0.4625 0.0078125 0.025
0 0.403125 0.4671875 0.0078125 0.025
0 0.3953125 0.47109375 0.00703125 0.02421875
0 0.38828125 0.47578125 0.00703125 0.0234375
0 0.38125 0.47890625 0.00703125 0.0234375
0 0.5359375 0.4140625 0.0328125 0.04375
0 0.5125 0.41796875 0.0140625 0.0359375
0 0.48515625 0.43203125 0.0125 0.03359375
0 0.4984375 0.42578125 0.01328125 0.034375
0 0.50703125 0.39609375 0.03046875 0.03828125
0 0.48515625 0.40390625 0.01171875 0.03671875
0 0.47265625 0.4109375 0.01171875 0.03515625
0 0.46171875 0.41796875 0.01015625 0.034375
0 0.47265625 0.43984375 0.01171875 0.03125
0 0.4609375 0.44609375 0.0109375 0.03046875
0 0.45078125 0.45078125 0.01015625 0.0296875