2 0.6109375 0.95859375 0.121875 0.08046875
3 0.91796875 0.93125 0.0875 0.1359375
3 0.8484375 0.39609375 0.05 0.02421875
3 0.859375 0.4171875 0.05625 0.0359375
3 0.9765625 0.93671875 0.04609375 0.12421875
3 0.953125 0.828125 0.0921875 0.134375
3 0.9375 0.7390625 0.11171875 0.103125
3 0.934375 0.54765625 0.11015625 0.07890625
3 0.9125 0.5015625 0.08671875 0.05078125
3 0.89609375 0.46953125 0.06796875 0.03984375
3 0.98046875 0.696875 0.0375 0.09609375
3 0.8703125 0.74609375 0.05546875 0.090625
0 0.834375 0.4703125 0.02421875 0.03359375
0 0.82890625 0.49375 0.009375 0.034375
0 0.8453125 0.50390625 0.03515625 0.03515625
0 0.8515625 0.51796875 0.04140625 0.0453125
0 0.85 0.48046875 0.034375 0.04453125
0 0.8828125 0.571875 0.02734375 0.05078125
0 0.86796875 0.60625 0.01484375 0.05078125
0 0.875 0.62578125 0.015625 0.05390625
0 0.9078125 0.65546875 0.06640625 0.07421875
0 0.903125 0.5984375 0.05390625 0.07109375
0 0.97890625 0.43203125 0.040625 0.06953125
0 0.9875 0.4484375 0.02421875 0.075
0 0.996875 0.48046875 0.00546875 0.02421875
3 0.8078125 0.53671875 0.01484375 0.03046875
3 0.8109375 0.56171875 0.009375 0.03515625
3 0.84921875 0.67109375 0.04453125 0.06953125
3 0.8296875 0.59609375 0.03515625 0.04921875
3 0.45703125 0.65625 0.05625 0.0703125
3 0.57890625 0.35390625 0.02890625 0.01953125
3 0.56875 0.36328125 0.03359375 0.02109375
3 0.50390625 0.42578125 0.0515625 0.03671875
3 0.5203125 0.40703125 0.0453125 0.0296875
3 0.540625 0.39375 0.03359375 0.028125
3 0.2671875 0.940625 0.11015625 0.11796875
3 0.4171875 0.51796875 0.0765625 0.06796875
3 0.446875 0.4875 0.06875 0.05625
3 0.509375 0.5765625 0.04453125 0.046875
0 0.57890625 0.4125 0.015625 0.0265625
0 0.3734375 0.67421875 0.0234375 0.03046875
0 0.36484375 0.696875 0.025 0.03515625
0 0.34296875 0.70390625 0.02578125 0.0453125
0 0.309375 0.76328125 0.02890625 0.04296875
0 0.32421875 0.72890625 0.02734375 0.03828125
3 0.55546875 0.5015625 0.03203125 0.02890625
3 0.53125 0.54140625 0.03828125 0.0359375
3 0.57265625 0.48359375 0.015625 0.025
3 0.58125 0.46796875 0.01484375 0.0234375
3 0.48515625 0.54296875 0.0546875 0.053125
0 0.57265625 0.42578125 0.00390625 0.02578125
0 0.56171875 0.4328125 0.0171875 0.025
0 0.55546875 0.43671875 0.02109375 0.03046875
0 0.5609375 0.41015625 0.02109375 0.028125
0 0.52578125 0.459375 0.0140625 0.03515625
0 0.52890625 0.48671875 0.00625 0.03203125
0 0.521875 0.496875 0.00703125 0.034375
0 0.5046875 0.50234375 0.02734375 0.04375
0 0.5125 0.46796875 0.02734375 0.03828125
0 0.49453125 0.34453125 0.0203125 0.04375
0 0.48984375 0.35234375 0.01015625 0.04375
0 0.46640625 0.36640625 0.01328125 0.04609375
0 0.47890625 0.359375 0.01171875 0.04375
0 0.46484375 0.31875 0.0375 0.046875
0 0.45234375 0.32421875 0.03984375 0.04921875
0 0.43828125 0.33046875 0.04296875 0.053125
0 0.4234375 0.33671875 0.04296875 0.05546875
0 0.453125 0.375 0.0140625 0.0484375
0 0.43828125 0.38359375 0.01640625 0.05078125
0 0.4078125 0.390625 0.04765625 0.06015625
0 0.3578125 0.39609375 0.05703125 0.071875
0 0.33203125 0.409375 0.0625 0.0796875
0 0.30234375 0.42421875 0.06875 0.08671875
0 0.26796875 0.44140625 0.07578125 0.0953125
0 0.22734375 0.46171875 0.08515625 0.10546875
0 0.1796875 0.4859375 0.096875 0.11875
0 0.121875 0.51484375 0.11171875 0.13515625
0 0.36796875 0.54375 0.05234375 0.078125
0 0.3578125 0.56484375 0.03125 0.08359375
0 0.334375 0.59765625 0.03203125 0.0734375
0 0.3140625 0.53984375 0.06328125 0.0890625
0 0.3046875 0.6265625 0.03828125 0.08046875
0 0.2703125 0.66015625 0.04453125 0.0890625
0 0.23046875 0.6984375 0.053125 0.0984375
0 0.1703125 0.728125 0.090625 0.14140625
0 0.2828125 0.56484375 0.06953125 0.0984375
0 0.246875 0.59375 0.0765625 0.109375
0 0.20390625 0.6265625 0.08671875 0.121875
3 0.3890625 0.33203125 0.01015625 0.0109375
3 0.02421875 0.5890625 0.0484375 0.05859375
3 0.30390625 0.36875 0.040625 0.021875
3 0.32734375 0.359375 0.0390625 0.0203125
3 0.35390625 0.3515625 0.03359375 0.01640625
3 0.36875 0.4578125 0.02578125 0.01953125
3 0.04921875 0.66015625 0.06640625 0.07421875
3 0.1890625 0.41171875 0.05703125 0.03125
3 0.225 0.3984375 0.05234375 0.028125
3 0.32734375 0.48671875 0.028125 0.021875
3 0.3921875 0.44375 0.0140625 0.0140625
3 0.3859375 0.39921875 0.00078125 0.00703125
0 0.1390625 0.4203125 0.03828125 0.04296875
0 0.11953125 0.42890625 0.03203125 0.04453125
0 0.09609375 0.440625 0.03359375 0.040625
0 0.0828125 0.40546875 0.04453125 0.0453125
0 0.07109375 0.44921875 0.03125 0.03984375
0 0.00859375 0.47421875 0.0171875 0.04140625
0 0.06171875 0.4125 0.034375 0.046875
0 0.003125 0.4421875 0.00625 0.025
0 0.1203125 0.32421875 0.040625 0.040625
0 0.09453125 0.32890625 0.04296875 0.04296875
0 0.06796875 0.33359375 0.0453125 0.04453125
0 0.04375 0.3390625 0.03828125 0.04609375
0 0.00390625 0.35390625 0.0078125 0.028125
0 0.27265625 0.30625 0.02734375 0.02890625
0 0.26328125 0.30859375 0.0171875 0.03046875
0 0.23359375 0.31640625 0.01953125 0.0296875
0 0.2484375 0.31328125 0.01796875 0.0296875
0 0.2390625 0.28515625 0.03046875 0.0296875
0 0.2234375 0.28828125 0.03046875 0.03125
0 0.20703125 0.290625 0.03046875 0.03203125
0 0.1875 0.29296875 0.03515625 0.034375
0 0.21640625 0.3203125 0.02109375 0.03125
0 0.1984375 0.3234375 0.02265625 0.03203125
0 0.1734375 0.3265625 0.0359375 0.0359375
3 0.70390625 0.50625 0.04375 0.03046875
3 0.4875 0.403125 0.0234375 0.01328125