3 0.0609375 0.95078125 0.04765625 0.09609375
3 0.06875 0.709375 0.06484375 0.07890625
3 0.01484375 0.6109375 0.02890625 0.0609375
3 0.0078125 0.659375 0.015625 0.075
0 0.03671875 0.71171875 0.02890625 0.03046875
0 0.0296875 0.7015625 0.03359375 0.03515625
0 0.05 0.6734375 0.0328125 0.0296875
0 0.04765625 0.65546875 0.03046875 0.0296875
0 0.05546875 0.659375 0.03125 0.02109375
3 0.01953125 0.9453125 0.0390625 0.10625
0 0.00078125 0.40546875 0.0015625 0.0109375
0 0.00390625 0.3890625 0.0078125 0.03984375
0 0.00625 0.378125 0.0125 0.05
0 0.009375 0.37265625 0.01796875 0.046875
0 0.0109375 0.3671875 0.021875 0.04375
0 0.00859375 0.5578125 0.0171875 0.05625
0 0.015625 0.54453125 0.03046875 0.0515625
0 0.028125 0.52890625 0.01328125 0.053125
0 0.0125 0.48828125 0.025 0.059375
0 0.03203125 0.5171875 0.01328125 0.05078125
0 0.03671875 0.50625 0.0125 0.046875
0 0.03984375 0.49609375 0.01171875 0.0453125
0 0.04296875 0.48671875 0.0125 0.0453125
0 0.01484375 0.47578125 0.02890625 0.05078125
0 0.0171875 0.46640625 0.03359375 0.04921875
0 0.02109375 0.45703125 0.03203125 0.04609375
3 0.49375 0.6234375 0.05078125 0.05625
3 0.9984375 0.72421875 0.00234375 0.08984375
3 0.92421875 0.69140625 0.15 0.15390625
3 0.4 0.4796875 0.03515625 0.0296875
3 0.4625 0.53203125 0.04921875 0.04453125
3 0.49296875 0.553125 0.053125 0.05
3 0.5234375 0.5796875 0.05859375 0.05703125
3 0.5734375 0.503125 0.06796875 0.05390625
3 0.61875 0.5265625 0.07890625 0.06484375
3 0.68125 0.56484375 0.08671875 0.07578125
3 0.66328125 0.79921875 0.07578125 0.115625
3 0.5234375 0.653125 0.05546875 0.06484375
3 0.40625 0.53671875 0.03828125 0.034375
3 0.45859375 0.44453125 0.05234375 0.034375
3 0.48203125 0.45703125 0.05546875 0.0390625
3 0.56796875 0.70078125 0.0640625 0.0796875
0 0.9 0.8578125 0.1015625 0.14140625
0 0.42109375 0.490625 0.021875 0.03671875
3 0.75390625 0.88828125 0.09921875 0.153125
3 0.84765625 0.94140625 0.11796875 0.11484375
3 0.9203125 0.9890625 0.02734375 0.0203125
3 0.778125 0.78203125 0.10546875 0.1203125
0 0.68125 0.68515625 0.04609375 0.08515625
0 0.6546875 0.6734375 0.04296875 0.06171875
0 0.62421875 0.646875 0.02734375 0.07421875
0 0.65859375 0.628125 0.04375 0.07421875
0 0.6046875 0.59140625 0.0390625 0.0640625
0 0.603125 0.63203125 0.0390625 0.05546875
0 0.575 0.61953125 0.01953125 0.0484375
0 0.55859375 0.5984375 0.01875 0.0609375
0 0.584375 0.578125 0.03359375 0.0609375
0 0.4390625 0.42265625 0.02734375 0.0359375
0 0.4296875 0.41875 0.02578125 0.03515625
0 0.41328125 0.4171875 0.00859375 0.02890625
0 0.4203125 0.3890625 0.02578125 0.03359375
0 0.40546875 0.41328125 0.00859375 0.028125
0 0.39765625 0.40859375 0.0078125 0.0265625
0 0.390625 0.40546875 0.0078125 0.0265625
0 0.384375 0.40078125 0.00703125 0.028125
0 0.41171875 0.3859375 0.02421875 0.03203125
0 0.4046875 0.38203125 0.0234375 0.03125
0 0.396875 0.37890625 0.02265625 0.03046875
0 0.43671875 0.33671875 0.028125 0.03359375
0 0.42578125 0.3359375 0.025 0.03203125
0 0.4171875 0.33359375 0.02265625 0.03125
0 0.41015625 0.33125 0.02421875 0.03046875
0 0.4015625 0.3296875 0.02265625 0.0296875
0 0.3953125 0.328125 0.0234375 0.0296875
0 0.38828125 0.32578125 0.02265625 0.028125
0 0.54140625 0.3765625 0.03671875 0.04609375
0 0.52109375 0.3734375 0.028125 0.04609375
0 0.48671875 0.3671875 0.0125 0.03828125
0 0.5 0.37109375 0.01328125 0.0390625
0 0.51015625 0.3328125 0.034375 0.04140625
0 0.4953125 0.33046875 0.03046875 0.040625
0 0.4828125 0.328125 0.03203125 0.03828125
0 0.4703125 0.32578125 0.0296875 0.03671875
0 0.4734375 0.36328125 0.01171875 0.0359375
0 0.46171875 0.36015625 0.01171875 0.03515625
0 0.45078125 0.35625 0.01015625 0.0359375