3 0.434375 0.71328125 0.065625 0.05625
3 0.94375 0.50625 0.11171875 0.03671875
3 0.87265625 0.50390625 0.121875 0.0359375
3 0.22890625 0.5921875 0.07265625 0.0359375
3 0.37734375 0.6109375 0.07109375 0.04375
3 0.4328125 0.6140625 0.0671875 0.04453125
3 0.4890625 0.621875 0.05703125 0.05078125
3 0.55625 0.49609375 0.05390625 0.03203125
3 0.6171875 0.4984375 0.06796875 0.03125
3 0.690625 0.5015625 0.08125 0.0296875
3 0.690625 0.7546875 0.08046875 0.0703125
3 0.4875 0.72109375 0.0625 0.059375
3 0.23828125 0.6828125 0.07421875 0.046875
3 0.36875 0.490625 0.06953125 0.02890625
3 0.4140625 0.49140625 0.06640625 0.0296875
3 0.56171875 0.73515625 0.06171875 0.06484375
0 0.871875 0.64453125 0.0671875 0.0734375
0 0.28359375 0.5890625 0.04375 0.0515625
3 0.778125 0.76796875 0.09765625 0.07578125
3 0.8625 0.7859375 0.09296875 0.06484375
3 0.94296875 0.79609375 0.10703125 0.07421875
3 0.78359375 0.646875 0.09921875 0.0546875
0 0.69921875 0.62578125 0.03125 0.0640625
0 0.6671875 0.62265625 0.03515625 0.0640625
0 0.63984375 0.61953125 0.03359375 0.0640625
0 0.66796875 0.578125 0.03671875 0.06015625
0 0.60546875 0.5734375 0.028125 0.05859375
0 0.60546875 0.62421875 0.02734375 0.0453125
0 0.57890625 0.621875 0.02578125 0.0453125
0 0.55390625 0.61171875 0.02578125 0.059375
0 0.5796875 0.571875 0.0265625 0.05703125
0 0.32421875 0.47578125 0.03984375 0.04375
0 0.3015625 0.47421875 0.0359375 0.04375
0 0.27421875 0.47578125 0.02109375 0.0390625
0 0.2828125 0.4359375 0.0421875 0.0390625
0 0.2546875 0.475 0.02109375 0.0390625
0 0.23515625 0.47421875 0.02109375 0.03828125
0 0.21640625 0.47421875 0.01953125 0.03671875
0 0.1984375 0.471875 0.01953125 0.03984375
0 0.253125 0.4359375 0.0203125 0.0390625
0 0.23359375 0.4359375 0.02109375 0.0390625
0 0.21484375 0.4359375 0.01953125 0.03828125
0 0.321875 0.35234375 0.04140625 0.04375
0 0.29140625 0.35234375 0.021875 0.04140625
0 0.2703125 0.353125 0.02109375 0.040625
0 0.25078125 0.353125 0.02109375 0.03984375
0 0.23046875 0.35390625 0.02109375 0.03984375
0 0.21171875 0.35390625 0.0203125 0.03984375
0 0.19296875 0.35546875 0.0203125 0.03984375
0 0.50703125 0.3640625 0.025 0.04609375
0 0.48203125 0.3640625 0.025 0.0453125
0 0.4328125 0.365625 0.02421875 0.04453125
0 0.45625 0.365625 0.02421875 0.0453125
0 0.46015625 0.31953125 0.03203125 0.0453125
0 0.43203125 0.32109375 0.02421875 0.0453125
0 0.40859375 0.321875 0.02421875 0.04453125
0 0.38515625 0.3234375 0.02265625 0.04453125
0 0.40859375 0.36640625 0.02421875 0.04375
0 0.3859375 0.3671875 0.02265625 0.04375
0 0.3640625 0.3671875 0.02265625 0.04375