2 0.6375 0.84140625 0.11953125 0.315625
3 0.853125 0.7640625 0.08359375 0.09375
3 0.7671875 0.415625 0.0359375 0.0140625
3 0.775 0.42421875 0.03984375 0.01953125
3 0.9125 0.7265625 0.10859375 0.10390625
3 0.87265625 0.66484375 0.09375 0.0796875
3 0.84296875 0.61796875 0.075 0.0546875
3 0.82890625 0.4828125 0.06953125 0.0359375
3 0.81328125 0.46328125 0.05625 0.02421875
3 0.8 0.446875 0.03984375 0.01640625
3 0.9234375 0.5796875 0.09453125 0.06484375
3 0.903125 0.54140625 0.10703125 0.04609375
3 0.8078125 0.65703125 0.05390625 0.05625
0 0.75703125 0.47578125 0.009375 0.025
0 0.75859375 0.4890625 0.00546875 0.02578125
0 0.77109375 0.49375 0.025 0.0265625
0 0.7765625 0.50234375 0.02890625 0.03046875
0 0.77421875 0.47265625 0.02734375 0.03046875
0 0.8015625 0.51953125 0.0203125 0.03671875
0 0.7921875 0.5484375 0.0078125 0.0359375
0 0.79765625 0.55859375 0.00859375 0.0390625
0 0.8203125 0.571875 0.04296875 0.0484375
0 0.81640625 0.53046875 0.03984375 0.04453125
0 0.85 0.38515625 0.0265625 0.04296875
0 0.8546875 0.3890625 0.01640625 0.0453125
0 0.87890625 0.39921875 0.01953125 0.05078125
0 0.86640625 0.39375 0.01796875 0.046875
0 0.89375 0.35 0.0609375 0.04609375
0 0.909375 0.3515625 0.06796875 0.05
0 0.9203125 0.3546875 0.0609375 0.05390625
0 0.95 0.35859375 0.0890625 0.059375
0 0.89375 0.40546875 0.021875 0.0546875
0 0.91015625 0.41171875 0.025 0.05859375
0 0.94765625 0.41875 0.06640625 0.06484375
0 0.9859375 0.41328125 0.02734375 0.07890625
0 0.96953125 0.61328125 0.06015625 0.08515625
0 0.9828125 0.6421875 0.03359375 0.0953125
0 0.99765625 0.684375 0.00390625 0.0203125
3 0.7453125 0.5328125 0.0109375 0.02109375
3 0.74921875 0.54921875 0.0078125 0.02421875
3 0.790625 0.6140625 0.04765625 0.04453125
3 0.76796875 0.56875 0.0328125 0.0296875
3 0.4671875 0.63359375 0.04765625 0.05078125
3 0.55078125 0.39921875 0.025 0.01328125
3 0.54453125 0.40390625 0.02734375 0.0140625
3 0.5 0.44140625 0.04296875 0.02109375
3 0.51171875 0.4296875 0.03671875 0.01875
3 0.525 0.421875 0.02734375 0.01875
3 0.334375 0.8546875 0.09453125 0.128125
3 0.4515625 0.490625 0.04765625 0.0390625
3 0.46328125 0.47421875 0.05625 0.03359375
3 0.5046875 0.5765625 0.03671875 0.0359375
0 0.55390625 0.45 0.01171875 0.021875
0 0.41015625 0.621875 0.01953125 0.01875
0 0.40625 0.6375 0.02109375 0.0234375
0 0.3890625 0.64140625 0.02109375 0.03359375
0 0.36796875 0.6796875 0.02421875 0.028125
0 0.37578125 0.65859375 0.02265625 0.025
3 0.53984375 0.5234375 0.02109375 0.02109375
3 0.51953125 0.5515625 0.0328125 0.02578125
3 0.55078125 0.5109375 0.0125 0.01875
3 0.55625 0.5 0.0109375 0.01640625
3 0.48828125 0.5375 0.04609375 0.034375
0 0.54921875 0.45859375 0.00234375 0.02109375
0 0.540625 0.46328125 0.0140625 0.021875
0 0.5359375 0.465625 0.01796875 0.02421875
0 0.5390625 0.44375 0.01796875 0.021875
0 0.515625 0.47421875 0.01171875 0.0296875
0 0.51953125 0.4984375 0.00390625 0.028125
0 0.51484375 0.5046875 0.00390625 0.028125
0 0.50078125 0.50859375 0.0234375 0.03203125
0 0.50625 0.4796875 0.02265625 0.0296875
0 0.496875 0.36640625 0.01328125 0.03125
0 0.49296875 0.36875 0.00625 0.03203125
0 0.47890625 0.37421875 0.0078125 0.03515625
0 0.48671875 0.37109375 0.00703125 0.03359375
0 0.4859375 0.3390625 0.00703125 0.03203125
0 0.4671875 0.340625 0.03046875 0.034375
0 0.4703125 0.3421875 0.00859375 0.0359375
0 0.4484375 0.34296875 0.03515625 0.03828125
0 0.4703125 0.37734375 0.00859375 0.0359375
0 0.46171875 0.38046875 0.009375 0.03828125
0 0.44296875 0.38203125 0.02734375 0.04296875
0 0.409375 0.37421875 0.04140625 0.046875
0 0.39296875 0.378125 0.04609375 0.05078125
0 0.3765625 0.38203125 0.0484375 0.05546875
0 0.35703125 0.38671875 0.05390625 0.059375
0 0.334375 0.39296875 0.06015625 0.0640625
0 0.30859375 0.39921875 0.06484375 0.0703125
0 0.278125 0.40703125 0.07421875 0.0765625
0 0.41796875 0.5 0.0296875 0.05390625
0 0.41171875 0.51171875 0.015625 0.05546875
0 0.39609375 0.5265625 0.01796875 0.05625
0 0.3796875 0.47890625 0.0484375 0.06015625
0 0.37890625 0.540625 0.0203125 0.06015625
0 0.359375 0.55625 0.0234375 0.06484375
0 0.3359375 0.57578125 0.02734375 0.07109375
0 0.29140625 0.59140625 0.06875 0.0890625
0 0.3609375 0.48984375 0.05234375 0.06484375
0 0.33984375 0.503125 0.05703125 0.0703125
0 0.31640625 0.5171875 0.0609375 0.0765625
3 0.26015625 0.5625 0.03203125 0.03203125
3 0.053125 0.59609375 0.08359375 0.05390625
3 0.21796875 0.52109375 0.05546875 0.03125
3 0.2546875 0.50390625 0.03359375 0.0265625
3 0.28125 0.48515625 0.03984375 0.01328125
3 0.26875 0.54375 0.0140625 0.01171875
3 0.0703125 0.6765625 0.0828125 0.06328125
3 0.19765625 0.44453125 0.04296875 0.02421875
3 0.228125 0.43203125 0.03671875 0.01484375
0 0.390625 0.4359375 0.01484375 0.01796875
0 0.1296875 0.5515625 0.03984375 0.04609375
3 0.409375 0.46953125 0.0125 0.00625
3 0.3734375 0.446875 0.02578125 0.0109375
0 0.35703125 0.44921875 0.00703125 0.015625
0 0.35 0.453125 0.0078125 0.01484375
0 0.340625 0.45703125 0.01171875 0.01796875
0 0.33125 0.4609375 0.00859375 0.01640625
0 0.32265625 0.465625 0.009375 0.01796875
0 0.3078125 0.47109375 0.02109375 0.02109375
0 0.159375 0.446875 0.03671875 0.03515625
0 0.1453125 0.453125 0.02578125 0.03671875
0 0.1234375 0.46015625 0.02734375 0.03671875
0 0.11171875 0.42734375 0.04140625 0.03828125
0 0.09921875 0.4671875 0.0296875 0.03828125
0 0.0734375 0.47421875 0.03203125 0.040625
0 0.04453125 0.48203125 0.0359375 0.04296875
0 0.01640625 0.48828125 0.0328125 0.05
0 0.0875 0.4328125 0.04453125 0.03984375
0 0.0609375 0.43828125 0.04609375 0.04375
0 0.03125 0.44453125 0.05078125 0.04453125
0 0.15 0.35703125 0.03515625 0.03203125
0 0.13046875 0.35859375 0.0328125 0.034375
0 0.10546875 0.3609375 0.03984375 0.0359375
0 0.0796875 0.3625 0.04140625 0.03828125
0 0.05 0.365625 0.04765625 0.03984375
0 0.02265625 0.36796875 0.0453125 0.04296875
0 0.00703125 0.36953125 0.01328125 0.04140625
0 0.28203125 0.3546875 0.01640625 0.02421875
0 0.2765625 0.35625 0.00546875 0.0234375
0 0.24609375 0.359375 0.01484375 0.02578125
0 0.25625 0.3578125 0.00703125 0.0234375
0 0.25390625 0.33359375 0.00703125 0.02421875
0 0.24453125 0.334375 0.01484375 0.02578125
0 0.22890625 0.334375 0.01875 0.0265625
0 0.20703125 0.33515625 0.03203125 0.028125
0 0.23203125 0.36171875 0.01640625 0.0265625
0 0.22421875 0.36171875 0.00390625 0.02578125
0 0.19609375 0.3640625 0.02890625 0.0296875
3 0.6625 0.515625 0.0359375 0.01953125
3 0.46640625 0.4546875 0.02109375 0.009375