0 0.53515625 0.4078125 0.71875 0.78203125
0 0.83984375 0.075 0.13203125 0.14140625
0 0.72734375 0.08125 0.103125 0.1625
6 0.115625 0.1984375 0.03828125 0.12421875
6 0.0609375 0.22890625 0.0453125 0.05546875
6 0.01953125 0.203125 0.03359375 0.0984375
6 0.11875 0.33359375 0.05078125 0.11953125
6 0.06015625 0.32890625 0.0484375 0.128125
6 0.115625 0.471875 0.03828125 0.115625
6 0.06484375 0.4765625 0.053125 0.115625
6 0.01796875 0.47421875 0.03125 0.10234375
6 0.0171875 0.3203125 0.03359375 0.128125