0 0.2484375 0.66015625 0.478125 0.6625
0 0.93984375 0.465625 0.1109375 0.9234375
6 0.68046875 0.51953125 0.03359375 0.10703125
6 0.725 0.51484375 0.0359375 0.115625
6 0.7828125 0.528125 0.0359375 0.10703125
6 0.8296875 0.52578125 0.04296875 0.1109375
6 0.87734375 0.528125 0.02890625 0.10703125
6 0.87890625 0.384375 0.0359375 0.09375
6 0.8265625 0.378125 0.03828125 0.0984375
6 0.83203125 0.2390625 0.03828125 0.11953125
6 0.72265625 0.26484375 0.15625 0.0765625
6 0.7765625 0.3828125 0.04296875 0.115625
6 0.7234375 0.378125 0.04296875 0.10703125
6 0.67421875 0.38046875 0.0453125 0.1109375
6 0.5921875 0.52578125 0.0890625 0.128125
6 0.58203125 0.3375 0.1109375 0.1796875
6 0.59765625 0.1796875 0.0890625 0.221875
6 0.49765625 0.1046875 0.115625 0.20078125
6 0.453125 0.31015625 0.1515625 0.209375
6 0.2609375 0.23515625 0.2140625 0.290625
6 0.08515625 0.18125 0.165625 0.3546875