5 0.52890625 0.58125 0.15859375 0.2390625
6 0.26328125 0.21171875 0.31484375 0.18359375
6 0.63359375 0.23515625 0.2953125 0.20546875
6 0.59375 0.43125 0.35078125 0.1453125
6 0.59375 0.6109375 0.34140625 0.1625
6 0.26796875 0.60703125 0.2671875 0.1625
6 0.26953125 0.39765625 0.27890625 0.18828125
6 0.04453125 0.121875 0.084375 0.23515625
6 0.046875 0.35234375 0.0890625 0.2265625
6 0.03828125 0.6109375 0.0765625 0.196875
0 0.78828125 0.6109375 0.0578125 0.18828125
0 0.90390625 0.74609375 0.1875 0.4828125