6 0.5421875 0.6171875 0.7234375 0.20078125
6 0.2390625 0.378125 0.1421875 0.209375
6 0.4078125 0.3890625 0.15625 0.196875
6 0.55625 0.4078125 0.13203125 0.1578125
6 0.71171875 0.41640625 0.125 0.1578125
6 0.85703125 0.4296875 0.11796875 0.1578125
6 0.75703125 0.18125 0.365625 0.23515625
6 0.3109375 0.16640625 0.34375 0.2140625
6 0.0625 0.10703125 0.125 0.20546875
6 0.06015625 0.32890625 0.115625 0.25625
6 0.04921875 0.6453125 0.09375 0.2734375
5 0.6109375 0.5984375 0.1734375 0.29921875
0 0.95078125 0.63671875 0.09375 0.23046875