6 0.73671875 0.6171875 0.084375 0.2265625
6 0.828125 0.621875 0.06484375 0.209375
6 0.8890625 0.615625 0.0625 0.221875
6 0.853125 0.3546875 0.125 0.18828125
6 0.9 0.0984375 0.0796875 0.18828125
6 0.81875 0.0984375 0.07421875 0.18828125
6 0.7328125 0.08984375 0.071875 0.17109375
6 0.6578125 0.0875 0.07421875 0.16640625
6 0.56015625 0.07890625 0.10078125 0.14921875
6 0.34140625 0.06640625 0.09609375 0.12421875
6 0.2203125 0.05546875 0.1078125 0.1109375
6 0.08671875 0.0515625 0.16796875 0.09375
6 0.7328125 0.35078125 0.0765625 0.18828125
6 0.6453125 0.34609375 0.06484375 0.18828125
6 0.5421875 0.3421875 0.07421875 0.2140625
6 0.44921875 0.32890625 0.09609375 0.2140625
6 0.33515625 0.31171875 0.084375 0.25625
6 0.228125 0.29921875 0.09609375 0.2734375
6 0.0984375 0.284375 0.10546875 0.2859375
6 0.0984375 0.61953125 0.09609375 0.25625
6 0.025 0.621875 0.0453125 0.25234375
6 0.2328125 0.62578125 0.09609375 0.24375
6 0.3390625 0.61953125 0.09609375 0.23046875
6 0.45078125 0.62578125 0.084375 0.2265625
6 0.6515625 0.62578125 0.09140625 0.23515625
5 0.6 0.53828125 0.2671875 0.4875
0 0.95078125 0.6109375 0.09375 0.28203125