6 0.665625 0.55546875 0.125 0.290625
6 0.76328125 0.56171875 0.0890625 0.278125
6 0.8453125 0.54921875 0.0890625 0.25234375
6 0.84140625 0.2375 0.08671875 0.2265625
6 0.7609375 0.215625 0.084375 0.24375
6 0.665625 0.20703125 0.1203125 0.2609375
6 0.5515625 0.17734375 0.0890625 0.26953125
6 0.415625 0.16640625 0.14921875 0.325
6 0.27421875 0.1515625 0.134375 0.29453125
6 0.0875 0.14765625 0.1703125 0.2859375
6 0.103125 0.58515625 0.1875 0.4015625
6 0.2859375 0.5921875 0.125 0.36328125
5 0.515625 0.4640625 0.3578125 0.75625
0 0.92890625 0.54453125 0.13671875 0.3546875