5 0.46015625 0.465625 0.57421875 0.93125
6 0.7296875 0.50625 0.1421875 0.38046875
6 0.8609375 0.47890625 0.1203125 0.37578125
6 0.9578125 0.47421875 0.0796875 0.35859375
6 0.89765625 0.10703125 0.19921875 0.2140625
6 0.72265625 0.1046875 0.146875 0.20078125
6 0.5875 0.10703125 0.13203125 0.20546875
6 0.3765625 0.10859375 0.15625 0.209375
6 0.1890625 0.10234375 0.19921875 0.196875
6 0.22578125 0.58515625 0.1921875 0.4875
6 0.38671875 0.53828125 0.1734375 0.41015625
6 0.58515625 0.50859375 0.1421875 0.39296875
6 0.0375 0.59609375 0.06953125 0.47421875