0 0.4421875 0.615625 0.10546875 0.31640625
0 0.57109375 0.615625 0.146875 0.325
0 0.86171875 0.48515625 0.0890625 0.34609375
0 0.94375 0.48046875 0.1078125 0.7390625
0 0.79296875 0.4875 0.053125 0.2140625
0 0.76171875 0.4890625 0.03359375 0.14140625
0 0.65625 0.5578125 0.04296875 0.16640625
0 0.6890625 0.534375 0.03125 0.1109375
0 0.1390625 0.6703125 0.278125 0.65
0 0.6875 0.4125 0.04296875 0.0296875
0 0.49765625 0.1984375 0.1109375 0.23515625
0 0.42578125 0.115625 0.04296875 0.221875
0 0.37109375 0.10234375 0.05546875 0.196875
0 0.31640625 0.07265625 0.06015625 0.1453125
0 0.6296875 0.36328125 0.071875 0.128125
0 0.56640625 0.28828125 0.0359375 0.14140625
0 0.5765625 0.41484375 0.03359375 0.10234375
0 0.5109375 0.384375 0.0359375 0.1453125
0 0.5453125 0.4125 0.04296875 0.10703125
0 0.48046875 0.39296875 0.053125 0.11953125
0 0.4359375 0.34609375 0.040625 0.20546875
0 0.40390625 0.365625 0.03828125 0.1578125
0 0.3453125 0.296875 0.0890625 0.29453125
0 0.26328125 0.26953125 0.07421875 0.35078125
0 0.1875 0.22890625 0.09609375 0.39765625
0 0.07109375 0.20078125 0.13671875 0.4015625