0 0.546875 0.675 0.396875 0.5296875
0 0.7828125 0.56640625 0.084375 0.21796875
0 0.9015625 0.4828125 0.04296875 0.17109375
0 0.9578125 0.48046875 0.0796875 0.2609375
0 0.09765625 0.19453125 0.18984375 0.38046875
0 0.290625 0.21171875 0.1921875 0.41484375
0 0.209375 0.62421875 0.1828125 0.41875
0 0.44140625 0.2609375 0.1078125 0.325
0 0.553125 0.31640625 0.1203125 0.2140625
6 0.8734375 0.41640625 0.0265625 0.115625
6 0.84765625 0.4296875 0.021875 0.10703125
6 0.8109375 0.425 0.040625 0.08984375
6 0.7484375 0.33359375 0.0796875 0.13671875