0 0.66796875 0.54453125 0.125 0.26953125
0 0.859375 0.459375 0.0796875 0.25234375
0 0.94453125 0.43125 0.10546875 0.55546875
0 0.32421875 0.6390625 0.64453125 0.7140625
0 0.50234375 0.11328125 0.10078125 0.1328125
0 0.375 0.20078125 0.1390625 0.18828125
0 0.478125 0.26484375 0.0578125 0.18828125
0 0.55859375 0.31640625 0.09375 0.13671875
0 0.2703125 0.1984375 0.12734375 0.1921875
0 0.10078125 0.14296875 0.2015625 0.278125
6 0.80625 0.32890625 0.021875 0.06875
6 0.80390625 0.4078125 0.0265625 0.07265625
6 0.775 0.40625 0.021875 0.0765625
6 0.7328125 0.33515625 0.0671875 0.03828125
6 0.5921875 0.17109375 0.06015625 0.1625
6 0.6546875 0.25234375 0.084375 0.1796875
6 0.87109375 0.31171875 0.021875 0.0515625
6 0.74609375 0.40625 0.0265625 0.06875
6 0.7203125 0.40625 0.0265625 0.06875