0 0.65859375 0.37578125 0.1296875 0.62421875
0 0.29921875 0.49140625 0.59375 0.9828125
0 0.9625 0.209375 0.06953125 0.41015625
6 0.9046875 0.2796875 0.0265625 0.0984375
6 0.86640625 0.26953125 0.03125 0.0765625
6 0.82578125 0.27109375 0.0265625 0.08125
6 0.78359375 0.26953125 0.02421875 0.0765625
6 0.8703125 0.1578125 0.03359375 0.09375
6 0.91015625 0.16015625 0.0359375 0.08984375
6 0.915625 0.053125 0.03359375 0.08984375
6 0.8125 0.06640625 0.09609375 0.05546875
6 0.78828125 0.1578125 0.02890625 0.08515625
6 0.8265625 0.1578125 0.03359375 0.08515625
6 0.740625 0.13671875 0.0484375 0.1109375