3 0.4015625 0.7484375 0.0640625 0.06484375
3 0.7375 0.490625 0.05703125 0.015625
3 0.70234375 0.49140625 0.0625 0.01640625
3 0.06484375 0.6875 0.1296875 0.06796875
3 0.33046875 0.65078125 0.0734375 0.053125
3 0.4015625 0.63828125 0.06484375 0.04609375
3 0.46328125 0.63046875 0.05859375 0.0453125
3 0.51953125 0.5015625 0.05859375 0.02109375
3 0.5640625 0.49921875 0.06171875 0.01953125
3 0.61171875 0.4984375 0.059375 0.01875
3 0.61640625 0.696875 0.06328125 0.04609375
3 0.459375 0.73359375 0.0640625 0.05859375
3 0.06953125 0.828125 0.13828125 0.09921875
3 0.31953125 0.509375 0.06484375 0.028125
3 0.38203125 0.50703125 0.05703125 0.02578125
3 0.52734375 0.71953125 0.06484375 0.05390625
0 0.70703125 0.58203125 0.0375 0.03671875
0 0.178125 0.65625 0.07109375 0.065625
3 0.66484375 0.68828125 0.06328125 0.0359375
3 0.709375 0.68203125 0.04375 0.02890625
3 0.74140625 0.67421875 0.04375 0.02578125
3 0.6640625 0.5984375 0.06171875 0.025
0 0.625 0.59375 0.0171875 0.0453125
0 0.59921875 0.596875 0.03203125 0.04453125
0 0.5859375 0.5984375 0.02421875 0.046875
0 0.59921875 0.5609375 0.03359375 0.04375
0 0.55703125 0.565625 0.03203125 0.0453125
0 0.56328125 0.60625 0.01875 0.040625
0 0.54375 0.609375 0.01953125 0.040625
0 0.51875 0.60703125 0.03046875 0.0515625
0 0.5375 0.56640625 0.03203125 0.04609375
0 0.25078125 0.496875 0.04296875 0.053125
0 0.215625 0.49765625 0.04765625 0.0546875
0 0.1734375 0.49921875 0.0390625 0.05390625
0 0.1796875 0.44453125 0.0546875 0.05390625
0 0.134375 0.5 0.04140625 0.05546875
0 0.09296875 0.5015625 0.04375 0.05625
0 0.04921875 0.503125 0.04609375 0.059375
0 0.0140625 0.50234375 0.028125 0.0609375
0 0.1328125 0.44453125 0.04140625 0.05546875
0 0.09140625 0.44375 0.04453125 0.05703125
0 0.04765625 0.44375 0.04609375 0.059375
0 0.25 0.3390625 0.04375 0.05390625
0 0.21015625 0.33515625 0.0375 0.05546875
0 0.171875 0.33125 0.0390625 0.05703125
0 0.1328125 0.328125 0.04140625 0.059375
0 0.090625 0.3234375 0.04453125 0.06015625
0 0.046875 0.31953125 0.04609375 0.06328125
0 0.0125 0.31640625 0.025 0.06171875
0 0.48203125 0.378125 0.02265625 0.04375
0 0.4578125 0.3765625 0.02421875 0.04453125
0 0.40703125 0.37265625 0.0265625 0.0453125
0 0.4328125 0.37421875 0.025 0.0453125
0 0.4328125 0.33046875 0.025 0.04609375
0 0.40625 0.32734375 0.0265625 0.046875
0 0.3796875 0.32421875 0.02734375 0.04921875
0 0.35078125 0.32109375 0.02890625 0.05078125
0 0.3796875 0.37109375 0.02734375 0.046875
0 0.3515625 0.36875 0.02890625 0.0484375
0 0.321875 0.365625 0.03046875 0.05
3 0.93046875 0.68984375 0.08203125 0.05546875