2 0.0265625 0.84375 0.053125 0.309375
3 0.4203125 0.6671875 0.0734375 0.0453125
3 0.69921875 0.45390625 0.03359375 0.01484375
3 0.66796875 0.45 0.05078125 0.01640625
3 0.5265625 0.4296875 0.059375 0.0203125
3 0.56796875 0.4359375 0.046875 0.01875
3 0.60390625 0.44140625 0.04453125 0.01796875
3 0.08359375 0.734375 0.07578125 0.06875
3 0.35234375 0.39921875 0.06640625 0.03359375
3 0.41171875 0.40859375 0.05703125 0.0296875
3 0.53359375 0.64453125 0.06484375 0.03515625
0 0.69296875 0.53125 0.028125 0.028125
0 0.271875 0.5578125 0.01640625 0.01796875
0 0.24609375 0.55859375 0.01875 0.01953125
0 0.22265625 0.553125 0.02109375 0.03046875
0 0.1578125 0.56328125 0.02734375 0.01953125
0 0.1953125 0.559375 0.0234375 0.01875
3 0.64375 0.6234375 0.05390625 0.02109375
3 0.5859375 0.6359375 0.06015625 0.025
3 0.678125 0.61796875 0.03515625 0.01953125
3 0.7015625 0.61328125 0.0328125 0.01640625
3 0.4796875 0.54921875 0.06484375 0.0203125
0 0.67265625 0.53203125 0.01015625 0.02890625
0 0.6625 0.53203125 0.01015625 0.0296875
0 0.64140625 0.5328125 0.03046875 0.03046875
0 0.653125 0.50234375 0.02890625 0.02890625
0 0.56640625 0.4984375 0.01484375 0.03515625
0 0.56640625 0.534375 0.01484375 0.0359375
0 0.55078125 0.53515625 0.015625 0.03671875
0 0.52578125 0.5359375 0.03359375 0.03828125
0 0.5421875 0.49765625 0.0328125 0.0359375
0 0.4984375 0.30703125 0.01953125 0.04140625
0 0.478125 0.30078125 0.0203125 0.04375
0 0.43359375 0.28515625 0.0234375 0.04609375
0 0.45703125 0.29296875 0.021875 0.0453125
0 0.45703125 0.253125 0.021875 0.04921875
0 0.434375 0.24375 0.0234375 0.05078125
0 0.409375 0.234375 0.025 0.05390625
0 0.3796875 0.22421875 0.03515625 0.05546875
0 0.409375 0.2765625 0.025 0.0484375
0 0.3828125 0.26796875 0.0265625 0.05078125
0 0.35234375 0.2578125 0.03515625 0.053125
0 0.2796875 0.2109375 0.03515625 0.059375
0 0.2421875 0.196875 0.03984375 0.06328125
0 0.2015625 0.18203125 0.04296875 0.065625
0 0.1578125 0.16640625 0.04609375 0.06953125
0 0.10859375 0.1484375 0.0515625 0.07421875
0 0.0546875 0.128125 0.05703125 0.07890625
0 0.0140625 0.11328125 0.02734375 0.07109375
0 0.275 0.37421875 0.0359375 0.05703125
0 0.2375 0.3671875 0.03984375 0.06015625
0 0.19609375 0.3609375 0.04296875 0.06171875
0 0.1984375 0.303125 0.04765625 0.06796875
0 0.15078125 0.353125 0.04765625 0.06640625
0 0.10078125 0.34375 0.053125 0.06953125
0 0.04609375 0.334375 0.05859375 0.07421875
0 0.009375 0.328125 0.01796875 0.07109375
0 0.1515625 0.29296875 0.04765625 0.0703125
0 0.10234375 0.28125 0.05234375 0.07578125
0 0.04765625 0.26875 0.0578125 0.0796875
3 0.34375 0.59375 0.03515625 0.01484375
3 0.53359375 0.48046875 0.02265625 0.00859375
3 0.5109375 0.47890625 0.02890625 0.009375
3 0.17734375 0.5390625 0.05234375 0.01171875
3 0.31015625 0.5375 0.03671875 0.01015625
3 0.33203125 0.5359375 0.01015625 0.009375
3 0.38359375 0.5359375 0.01796875 0.00859375
3 0.4078125 0.4734375 0.02890625 0.009375
3 0.43515625 0.475 0.025 0.009375
3 0.4609375 0.4765625 0.02578125 0.00859375
3 0.46171875 0.5828125 0.03125 0.01171875
3 0.37421875 0.59140625 0.034375 0.0140625
3 0.178125 0.60859375 0.0515625 0.01953125
3 0.30703125 0.465625 0.03125 0.01171875
3 0.3375 0.46796875 0.02890625 0.0109375
3 0.41328125 0.58828125 0.03046875 0.01328125
0 0.50703125 0.528125 0.00234375 0.01640625
0 0.234375 0.53125 0.03046875 0.025
3 0.490625 0.58125 0.02890625 0.009375
3 0.5140625 0.5796875 0.02265625 0.009375
3 0.5328125 0.57734375 0.0234375 0.00859375
3 0.48984375 0.53359375 0.03046875 0.00625
0 0.46484375 0.52890625 0.009375 0.01875
0 0.45546875 0.52890625 0.009375 0.01875
0 0.44375 0.52890625 0.01328125 0.01875
0 0.45234375 0.509375 0.015625 0.01875
0 0.43125 0.50859375 0.01015625 0.01953125
0 0.43125 0.528125 0.01015625 0.01640625
0 0.42109375 0.528125 0.01015625 0.01640625
0 0.40703125 0.52890625 0.015625 0.01953125
0 0.41796875 0.50859375 0.015625 0.01953125
0 0.27109375 0.45625 0.015625 0.02421875
0 0.25390625 0.45546875 0.01640625 0.025
0 0.2375 0.45390625 0.0171875 0.025
0 0.23828125 0.434375 0.01796875 0.015625
0 0.21953125 0.453125 0.01796875 0.02578125
0 0.20078125 0.4515625 0.01875 0.0265625
0 0.18203125 0.44921875 0.01953125 0.0265625
0 0.16171875 0.4484375 0.01953125 0.028125
0 0.21953125 0.4328125 0.01796875 0.015625
0 0.2015625 0.43125 0.01796875 0.015625
0 0.18203125 0.42890625 0.01953125 0.015625
0 0.36328125 0.38359375 0.0125 0.01640625
0 0.35078125 0.38046875 0.0125 0.01640625
0 0.3375 0.378125 0.01328125 0.01796875
0 0.325 0.378125 0.0109375 0.02109375
0 0.340625 0.4015625 0.0046875 0.00703125
0 0.303125 0.39609375 0.0046875 0.01796875
3 0.92265625 0.63828125 0.103125 0.04140625
3 0.6046875 0.5671875 0.03125 0.00859375