3 0.8765625 0.47421875 0.0390625 0.028125
3 0.8859375 0.49609375 0.05078125 0.040625
3 0.93515625 0.65859375 0.11484375 0.1109375
3 0.91796875 0.5984375 0.08125 0.06484375
3 0.91015625 0.56171875 0.0609375 0.053125
3 0.9765625 0.9515625 0.0453125 0.0953125
3 0.9640625 0.85703125 0.07109375 0.14375
3 0.86015625 0.88671875 0.0265625 0.103125
0 0.86015625 0.56171875 0.009375 0.03046875
3 0.84609375 0.70234375 0.0171875 0.0546875
3 0.853125 0.79140625 0.02109375 0.07578125
3 0.8390625 0.6640625 0.00546875 0.040625
3 0.8390625 0.63359375 0.00859375 0.0359375
3 0.91015625 0.89921875 0.07890625 0.15
0 0.85703125 0.58046875 0.0078125 0.0296875
0 0.8640625 0.59609375 0.01875 0.03671875
0 0.86953125 0.61484375 0.02109375 0.05
0 0.8671875 0.56875 0.01484375 0.04609375
0 0.88359375 0.68828125 0.01328125 0.04609375
0 0.875 0.721875 0.0109375 0.06015625
0 0.8875 0.74609375 0.03046875 0.06484375
0 0.8984375 0.7890625 0.04609375 0.0890625
0 0.89296875 0.709375 0.02421875 0.078125
0 0.97265625 0.51640625 0.046875 0.084375
0 0.9765625 0.53671875 0.0328125 0.09140625
0 0.99375 0.59921875 0.01171875 0.07109375
0 0.9859375 0.56171875 0.02734375 0.10078125
0 0.99453125 0.4953125 0.01015625 0.05546875
3 0.41875 0.7015625 0.06015625 0.07421875
3 0.58671875 0.41328125 0.03359375 0.01953125
3 0.57265625 0.42109375 0.03671875 0.021875
3 0.1390625 0.86328125 0.12578125 0.16953125
3 0.37578125 0.66328125 0.07265625 0.0796875
3 0.4171875 0.621875 0.06328125 0.06484375
3 0.45546875 0.5921875 0.05625 0.0546875
3 0.484375 0.4765625 0.04921875 0.0359375
3 0.50703125 0.46171875 0.04609375 0.03046875
3 0.53203125 0.44921875 0.03828125 0.028125
3 0.5328125 0.58203125 0.040625 0.040625
3 0.45234375 0.66640625 0.05390625 0.06171875
3 0.16796875 0.940625 0.11484375 0.11796875
3 0.36171875 0.55390625 0.075 0.06484375
3 0.40234375 0.52890625 0.06796875 0.0546875
3 0.48984375 0.62890625 0.04765625 0.053125
0 0.575 0.48125 0.02109375 0.0296875
0 0.25546875 0.74921875 0.0546875 0.09453125
3 0.5546875 0.5625 0.03671875 0.02890625
3 0.57578125 0.54609375 0.021875 0.02578125
3 0.5890625 0.53125 0.02109375 0.0234375
3 0.55546875 0.50546875 0.034375 0.0234375
0 0.54140625 0.515625 0.0078125 0.03203125
0 0.52734375 0.5234375 0.01953125 0.03046875
0 0.5234375 0.52890625 0.01171875 0.03671875
0 0.52578125 0.49609375 0.025 0.03515625
0 0.50625 0.51171875 0.02265625 0.0390625
0 0.5125 0.54140625 0.00859375 0.03203125
0 0.503125 0.55 0.01015625 0.03515625
0 0.48359375 0.55546875 0.02734375 0.04375
0 0.49609375 0.51953125 0.0234375 0.03984375
0 0.3015625 0.57109375 0.0484375 0.075
0 0.2796875 0.5875 0.03828125 0.08046875
0 0.2484375 0.615625 0.03984375 0.06796875
0 0.234375 0.55703125 0.05703125 0.08359375
0 0.2109375 0.6375 0.046875 0.0734375
0 0.16875 0.66328125 0.053125 0.0796875
0 0.1203125 0.69140625 0.0625 0.0859375
0 0.0625 0.70859375 0.07734375 0.128125
0 0.196875 0.57578125 0.06171875 0.090625
0 0.15390625 0.596875 0.06640625 0.1
0 0.1046875 0.6203125 0.07265625 0.1109375
0 0.290625 0.42890625 0.0515625 0.06640625
0 0.25859375 0.43828125 0.05546875 0.07109375
0 0.22265625 0.4484375 0.059375 0.0765625
0 0.1828125 0.46015625 0.06484375 0.08359375
0 0.1359375 0.4734375 0.0703125 0.09140625
0 0.0828125 0.4890625 0.07734375 0.1
0 0.03203125 0.50546875 0.0640625 0.1109375
0 0.4609375 0.39453125 0.02890625 0.04296875
0 0.45390625 0.39921875 0.01484375 0.04375
0 0.421875 0.4125 0.01796875 0.04375
0 0.4390625 0.40703125 0.01640625 0.04140625
0 0.42734375 0.3671875 0.03671875 0.04375
0 0.41171875 0.37109375 0.0375 0.04609375
0 0.3921875 0.37578125 0.03984375 0.04921875
0 0.371875 0.3796875 0.04296875 0.0515625
0 0.40390625 0.41875 0.0203125 0.04609375
0 0.384375 0.425 0.02265625 0.0484375
0 0.35546875 0.42890625 0.0390625 0.05703125
3 0.67421875 0.51640625 0.0328125 0.025