3 0.86484375 0.40390625 0.05546875 0.0140625
3 0.89140625 0.40859375 0.07265625 0.01796875
3 0.9984375 0.43828125 0.00234375 0.021875
3 0.9765625 0.4328125 0.0453125 0.02890625
3 0.9609375 0.4234375 0.0765625 0.0234375
3 0.9828125 0.7375 0.03359375 0.05859375
0 0.8609375 0.4875 0.02421875 0.034375
0 0.86640625 0.5 0.01171875 0.03515625
0 0.89140625 0.50625 0.04453125 0.03828125
0 0.90546875 0.51484375 0.05234375 0.04453125
0 0.89765625 0.47421875 0.04921875 0.040625
0 0.9875 0.52421875 0.02421875 0.059375
0 0.9828125 0.5734375 0.02734375 0.0609375
0 0.99453125 0.58203125 0.009375 0.05546875
0 0.9984375 0.5453125 0.00234375 0.01875
3 0.8359375 0.5671875 0.01875 0.0265625
3 0.853125 0.58671875 0.02109375 0.03203125
3 0.95546875 0.68046875 0.08828125 0.06875
3 0.8953125 0.61484375 0.06796875 0.04609375
3 0.4453125 0.7109375 0.08046875 0.0890625
3 0.56875 0.396875 0.03046875 0.0109375
3 0.56015625 0.39921875 0.03515625 0.01171875
3 0.5 0.41875 0.06328125 0.021875
3 0.51640625 0.4125 0.05234375 0.01796875
3 0.5375 0.409375 0.03515625 0.01640625
3 0.40625 0.453125 0.0921875 0.04609375
3 0.440625 0.4390625 0.08671875 0.0359375
3 0.50703125 0.62109375 0.05390625 0.05078125
0 0.57265625 0.4625 0.01328125 0.0265625
0 0.31875 0.69609375 0.04140625 0.04453125
0 0.30234375 0.7265625 0.04609375 0.05390625
0 0.259375 0.73671875 0.04921875 0.07578125
0 0.1765625 0.8375 0.0640625 0.08046875
0 0.21796875 0.77890625 0.05546875 0.06484375
3 0.55546875 0.55390625 0.02734375 0.02578125
3 0.52890625 0.58828125 0.04609375 0.03515625
3 0.56875 0.5390625 0.01484375 0.0234375
3 0.575 0.5265625 0.0140625 0.0203125
3 0.48125 0.55703125 0.07265625 0.046875
0 0.56640625 0.46953125 0.003125 0.0265625
0 0.55546875 0.4734375 0.01875 0.0265625
0 0.55 0.4765625 0.0234375 0.03046875
0 0.55390625 0.44765625 0.0234375 0.02890625
0 0.5171875 0.4734375 0.03046875 0.03984375
0 0.5296875 0.5078125 0.00546875 0.03828125
0 0.52265625 0.51484375 0.00625 0.040625
0 0.5015625 0.51875 0.03515625 0.04296875
0 0.51015625 0.478125 0.03359375 0.04140625
0 0.5 0.290625 0.009375 0.046875
0 0.4890625 0.28515625 0.0109375 0.0515625
0 0.4640625 0.271875 0.01484375 0.059375
0 0.47734375 0.27890625 0.0125 0.0546875
0 0.47734375 0.22734375 0.0125 0.06171875
0 0.46328125 0.21640625 0.01484375 0.06796875
0 0.446875 0.20390625 0.0171875 0.07421875
0 0.4125 0.1890625 0.05390625 0.08359375
0 0.44765625 0.2640625 0.01640625 0.06484375
0 0.4296875 0.25546875 0.0203125 0.07109375
0 0.38671875 0.24296875 0.06796875 0.08046875
0 0.3328125 0.165625 0.04453125 0.11328125
0 0.28515625 0.1359375 0.05703125 0.134375
0 0.22421875 0.09609375 0.078125 0.16328125
0 0.13984375 0.071875 0.1078125 0.14375
0 0.04765625 0.0484375 0.0953125 0.09609375
0 0.31796875 0.446875 0.0875 0.09375
0 0.29921875 0.45703125 0.05234375 0.10859375
0 0.24453125 0.471875 0.06875 0.12109375
0 0.23671875 0.3546875 0.07265625 0.121875
0 0.16953125 0.48984375 0.096875 0.14453125
0 0.0671875 0.515625 0.134375 0.1796875
0 0.00703125 0.55546875 0.0140625 0.1109375
0 0.1578125 0.3515625 0.10390625 0.146875
0 0.06015625 0.346875 0.1203125 0.178125
3 0.16875 0.60625 0.0546875 0.02578125
3 0.3828125 0.39296875 0.03046875 0.00703125
3 0.3625 0.39453125 0.03359375 0.009375
3 0.2859375 0.39921875 0.02734375 0.00546875
3 0.30625 0.396875 0.02734375 0.00546875
3 0.3265625 0.53203125 0.02734375 0.01328125
3 0.21796875 0.58359375 0.04296875 0.02109375
3 0.26796875 0.56015625 0.03671875 0.01875
3 0.35625 0.51875 0.0203125 0.0109375
3 0.37421875 0.5109375 0.0140625 0.00859375
0 0.16796875 0.27421875 0.02421875 0.0296875
0 0.14375 0.26953125 0.0265625 0.03125
0 0.11796875 0.2640625 0.02890625 0.03359375
0 0.08203125 0.25859375 0.04765625 0.0359375
3 0.721875 0.5421875 0.05390625 0.025
3 0.45859375 0.478125 0.01640625 0.01171875