3 0.87890625 0.4859375 0.04609375 0.021875
3 0.88828125 0.50390625 0.06015625 0.0359375
3 0.92890625 0.615625 0.11796875 0.08671875
3 0.9171875 0.571875 0.0921875 0.04921875
3 0.909375 0.54921875 0.06796875 0.0453125
3 0.96640625 0.86796875 0.06640625 0.184375
3 0.95625 0.7515625 0.08671875 0.11015625
3 0.86484375 0.8734375 0.02265625 0.09609375
0 0.859375 0.56953125 0.00390625 0.01328125
3 0.85078125 0.7109375 0.01328125 0.05
3 0.85703125 0.7890625 0.01640625 0.06875
3 0.84453125 0.6765625 0.0046875 0.03671875
3 0.84296875 0.6515625 0.0046875 0.03359375
3 0.90703125 0.8484375 0.07265625 0.125
0 0.85859375 0.5921875 0.00390625 0.0359375
0 0.8703125 0.6171875 0.02109375 0.04921875
0 0.86796875 0.57890625 0.00625 0.028125
0 0.88046875 0.65859375 0.00859375 0.059375
0 0.87578125 0.703125 0.00625 0.06015625
0 0.8765625 0.715625 0.00546875 0.05078125
0 0.89921875 0.75625 0.03984375 0.08828125
0 0.88984375 0.6796875 0.02109375 0.071875
0 0.94140625 0.45390625 0.02890625 0.075
0 0.9453125 0.4625 0.0203125 0.08046875
0 0.96953125 0.48515625 0.0265625 0.0984375
0 0.95625 0.47265625 0.02265625 0.08828125
0 0.96796875 0.3921875 0.02578125 0.0859375
0 0.9828125 0.39609375 0.03046875 0.09453125
0 0.99140625 0.4015625 0.01640625 0.1046875
0 0.98515625 0.49921875 0.02890625 0.10859375
0 0.99296875 0.521875 0.0125 0.096875
3 0.41875 0.7015625 0.06015625 0.0640625
3 0.58828125 0.44375 0.03359375 0.01640625
3 0.57578125 0.4484375 0.03203125 0.01796875
3 0.1421875 0.8015625 0.11953125 0.1359375
3 0.3765625 0.64921875 0.0703125 0.065625
3 0.41796875 0.61875 0.06171875 0.05390625
3 0.45625 0.59453125 0.0546875 0.0453125
3 0.4859375 0.4859375 0.04765625 0.028125
3 0.50859375 0.4765625 0.04453125 0.025
3 0.53359375 0.46796875 0.0375 0.02109375
3 0.53515625 0.603125 0.040625 0.03515625
3 0.453125 0.671875 0.05390625 0.0546875
3 0.16328125 0.92265625 0.1125 0.153125
3 0.365625 0.53671875 0.07109375 0.0484375
3 0.40546875 0.52109375 0.06484375 0.04140625
3 0.49140625 0.64140625 0.04765625 0.04609375
0 0.5796875 0.50859375 0.01640625 0.0265625
0 0.25703125 0.7109375 0.05234375 0.08359375
3 0.55703125 0.58671875 0.03671875 0.025
3 0.5796875 0.57265625 0.0203125 0.0234375
3 0.5921875 0.5609375 0.01953125 0.02109375
3 0.55859375 0.528125 0.03125 0.01953125
0 0.54296875 0.53359375 0.0078125 0.03046875
0 0.52890625 0.540625 0.01875 0.0296875
0 0.52421875 0.54375 0.01171875 0.034375
0 0.5265625 0.51328125 0.02421875 0.03359375
0 0.50625 0.525 0.025 0.03671875
0 0.5140625 0.5546875 0.00859375 0.03125
0 0.50390625 0.5609375 0.009375 0.03203125
0 0.48515625 0.5640625 0.02734375 0.03984375
0 0.496875 0.53046875 0.0234375 0.03828125
0 0.3078125 0.54375 0.04453125 0.06328125
0 0.28671875 0.55390625 0.03359375 0.06875
0 0.25546875 0.57109375 0.03671875 0.0609375
0 0.2453125 0.51640625 0.05078125 0.06875
0 0.2203125 0.584375 0.0421875 0.065625
0 0.1796875 0.60078125 0.04765625 0.0703125
0 0.134375 0.61796875 0.0546875 0.0765625
0 0.08125 0.628125 0.06640625 0.103125
0 0.209375 0.5265625 0.0546875 0.07421875
0 0.16953125 0.53828125 0.0578125 0.08046875
0 0.12421875 0.5515625 0.0625 0.08671875
0 0.30234375 0.40546875 0.04375 0.053125
0 0.27265625 0.4078125 0.04765625 0.05625
0 0.2390625 0.4109375 0.05234375 0.059375
0 0.20234375 0.41484375 0.05546875 0.06484375
0 0.1609375 0.41875 0.05859375 0.06953125
0 0.11328125 0.42421875 0.06484375 0.07421875
0 0.0578125 0.4296875 0.07109375 0.08125
0 0.4625 0.4015625 0.02734375 0.03515625
0 0.45625 0.40390625 0.01484375 0.03671875
0 0.425 0.409375 0.0171875 0.0390625
0 0.44140625 0.40625 0.015625 0.03671875
0 0.440625 0.3703125 0.01640625 0.03671875
0 0.42421875 0.37109375 0.01796875 0.03828125
0 0.40703125 0.371875 0.01875 0.03984375
0 0.37890625 0.37265625 0.0390625 0.04140625
0 0.4078125 0.41171875 0.01796875 0.03984375
0 0.3890625 0.4140625 0.0203125 0.04296875
0 0.36171875 0.415625 0.03515625 0.046875
3 0.67734375 0.54609375 0.03203125 0.0234375