3 0.140625 0.81953125 0.01875 0.07578125
3 0.06484375 0.62890625 0.1296875 0.08515625
3 0.05546875 0.6734375 0.10703125 0.10625
3 0.03203125 0.75703125 0.02890625 0.1234375
3 0.1546875 0.671875 0.0125 0.0359375
3 0.08671875 0.534375 0.09921875 0.02890625
3 0.075 0.559375 0.1140625 0.0546875
3 0.11875 0.965625 0.025 0.06640625
0 0.12890625 0.63984375 0.02109375 0.0203125
0 0.1265625 0.6296875 0.01328125 0.009375
0 0.13515625 0.6203125 0.02109375 0.0203125
0 0.13359375 0.609375 0.0078125 0.00625
0 0.13828125 0.61640625 0.02109375 0.0140625
3 0.1140625 0.75234375 0.04140625 0.0734375
0 0.06796875 0.81015625 0.04609375 0.13125
0 0.06640625 0.8921875 0.0625 0.1453125
0 0.09765625 0.83671875 0.0125 0.103125
0 0.103125 0.80234375 0.01328125 0.09140625
0 0.090625 0.76640625 0.015625 0.0984375
0 0.04453125 0.40859375 0.0890625 0.0734375
0 0.10234375 0.40859375 0.0078125 0.05390625
0 0.09921875 0.4078125 0.00625 0.0546875
0 0.05703125 0.346875 0.08203125 0.06640625
0 0.0984375 0.359375 0.0078125 0.04453125
0 0.103125 0.359375 0.00703125 0.0484375
0 0.10703125 0.359375 0.00703125 0.04921875
0 0.10703125 0.40859375 0.00703125 0.05
0 0.1109375 0.4078125 0.00703125 0.046875
0 0.1140625 0.40703125 0.00625 0.04609375
0 0.11640625 0.390625 0.0125 0.04140625
0 0.128125 0.39296875 0.00234375 0.03359375
0 0.12890625 0.39296875 0.00390625 0.034375
0 0.13125 0.39375 0.00390625 0.03359375
0 0.1328125 0.39375 0.00390625 0.03203125
0 0.10546875 0.5078125 0.05 0.0359375
0 0.10703125 0.490625 0.04296875 0.00625
0 0.1078125 0.46953125 0.03984375 0.040625
0 0.1359375 0.503125 0.00234375 0.02109375
0 0.1375 0.50390625 0.00234375 0.01640625
0 0.1390625 0.5015625 0.00234375 0.01171875
0 0.140625 0.49921875 0.0015625 0.00859375
0 0.128125 0.46328125 0.0109375 0.03125
0 0.13359375 0.45703125 0.003125 0.0234375
0 0.13515625 0.45546875 0.003125 0.02421875
3 0.49765625 0.63984375 0.0453125 0.0390625
3 0.934375 0.6015625 0.13046875 0.08203125
3 0.821875 0.57109375 0.1125 0.0640625
3 0.41640625 0.53046875 0.025 0.01875
3 0.471875 0.56015625 0.04296875 0.028125
3 0.496875 0.571875 0.04609375 0.03046875
3 0.51953125 0.5859375 0.04609375 0.03515625
3 0.5625 0.50546875 0.0578125 0.028125
3 0.59765625 0.51484375 0.0640625 0.03125
3 0.6421875 0.52890625 0.0640625 0.0359375
3 0.64453125 0.75234375 0.07265625 0.0765625
3 0.5234375 0.65859375 0.04921875 0.04375
3 0.42265625 0.58359375 0.03359375 0.0234375
3 0.46953125 0.48203125 0.04453125 0.01875
3 0.48828125 0.48828125 0.04765625 0.0203125
3 0.5609375 0.68984375 0.05703125 0.05390625
0 0.8203125 0.728125 0.07578125 0.09453125
0 0.43671875 0.534375 0.01875 0.028125
3 0.71875 0.80859375 0.0875 0.10078125
3 0.796875 0.86875 0.10390625 0.12890625
3 0.90234375 0.93125 0.12890625 0.13515625
3 0.73046875 0.69921875 0.08984375 0.06171875
0 0.65078125 0.6390625 0.03828125 0.06015625
0 0.6296875 0.63359375 0.03671875 0.0484375
0 0.603125 0.61953125 0.01875 0.05390625
0 0.63125 0.59140625 0.0375 0.0546875
0 0.58828125 0.5734375 0.03359375 0.046875
0 0.58828125 0.6109375 0.0328125 0.04296875
0 0.5640625 0.60390625 0.01484375 0.03984375
0 0.55 0.59375 0.01328125 0.04453125
0 0.57265625 0.5671875 0.03125 0.0453125
0 0.45390625 0.46953125 0.02265625 0.0265625
0 0.44453125 0.46875 0.01953125 0.02578125
0 0.43125 0.46796875 0.00703125 0.02421875
0 0.43828125 0.44453125 0.02109375 0.02421875
0 0.425 0.465625 0.00625 0.021875
0 0.41875 0.4640625 0.00546875 0.02109375
0 0.41328125 0.46328125 0.00546875 0.02109375
0 0.4078125 0.46171875 0.00546875 0.02109375
0 0.4296875 0.44296875 0.01640625 0.0234375
0 0.42421875 0.44296875 0.01796875 0.021875
0 0.41953125 0.44140625 0.01953125 0.021875
0 0.453125 0.39609375 0.0234375 0.02421875
0 0.43828125 0.39609375 0.00703125 0.02421875
0 0.43125 0.396875 0.00703125 0.0234375
0 0.42421875 0.396875 0.00625 0.021875
0 0.41875 0.396875 0.00546875 0.021875
0 0.4125 0.39765625 0.00546875 0.02109375
0 0.40703125 0.39765625 0.00546875 0.02109375
0 0.53515625 0.40703125 0.0296875 0.03203125
0 0.5140625 0.40625 0.01171875 0.03125
0 0.4921875 0.40703125 0.01015625 0.02890625
0 0.50234375 0.40625 0.01015625 0.0296875
0 0.51171875 0.3765625 0.028125 0.03046875
0 0.4921875 0.37734375 0.01015625 0.02890625
0 0.48203125 0.378125 0.009375 0.02890625
0 0.47265625 0.37890625 0.00859375 0.0265625
0 0.48203125 0.40625 0.00859375 0.028125
0 0.47265625 0.40703125 0.00859375 0.0265625
0 0.4640625 0.40625 0.00859375 0.02578125