2 0.3171875 0.971875 0.071875 0.05390625
3 0.9890625 0.44921875 0.02109375 0.03125
3 0.99140625 0.46953125 0.01640625 0.0390625
3 0.9921875 0.9390625 0.01484375 0.1203125
3 0.96484375 0.9421875 0.03984375 0.1140625
0 0.9796875 0.5546875 0.021875 0.04296875
0 0.97265625 0.5796875 0.01328125 0.0390625
0 0.9828125 0.5984375 0.03203125 0.0484375
0 0.98671875 0.61953125 0.02578125 0.06015625
0 0.98828125 0.5640625 0.02265625 0.059375
0 0.99296875 0.7515625 0.01328125 0.075
0 0.99453125 0.7890625 0.01015625 0.065625
0 0.996875 0.8203125 0.00546875 0.028125
3 0.9421875 0.64296875 0.01328125 0.04140625
3 0.940625 0.678125 0.0078125 0.04921875
3 0.9578125 0.83359375 0.0328125 0.09453125
3 0.95078125 0.72421875 0.02578125 0.065625
3 0.44140625 0.6515625 0.06171875 0.071875
3 0.6375 0.37109375 0.03828125 0.0203125
3 0.62265625 0.378125 0.03828125 0.021875
3 0.5171875 0.42421875 0.053125 0.0359375
3 0.54296875 0.41171875 0.05234375 0.03125
3 0.57265625 0.4015625 0.04296875 0.028125
3 0.18203125 0.86953125 0.10390625 0.15859375
3 0.38046875 0.48671875 0.075 0.0609375
3 0.425 0.4671875 0.06953125 0.053125
3 0.5203125 0.5890625 0.0515625 0.053125
0 0.6328125 0.4359375 0.02421875 0.0296875
0 0.32578125 0.6328125 0.02109375 0.03046875
0 0.31015625 0.65078125 0.021875 0.034375
0 0.2875 0.64921875 0.02109375 0.04375
0 0.240625 0.690625 0.0234375 0.0390625
0 0.26484375 0.66640625 0.02265625 0.0359375
3 0.5953125 0.53046875 0.04140625 0.02890625
3 0.55625 0.5640625 0.04609375 0.03515625
3 0.61953125 0.5140625 0.02578125 0.0265625
3 0.6359375 0.50078125 0.02421875 0.02421875
3 0.4828125 0.54296875 0.05859375 0.0546875
0 0.62109375 0.4484375 0.00859375 0.0296875
0 0.609375 0.4546875 0.0171875 0.028125
0 0.59765625 0.45625 0.025 0.03515625
0 0.60703125 0.42734375 0.02578125 0.03203125
0 0.53984375 0.465625 0.02734375 0.04296875
0 0.546875 0.4984375 0.0109375 0.034375
0 0.534375 0.50546875 0.01484375 0.03515625
0 0.515625 0.509375 0.0296875 0.04453125
0 0.52890625 0.471875 0.02734375 0.04375
0 0.490625 0.33125 0.03203125 0.04375
0 0.4828125 0.33359375 0.01640625 0.0453125
0 0.446875 0.34296875 0.0203125 0.04609375
0 0.465625 0.3390625 0.01796875 0.04375
0 0.45625 0.29609375 0.03515625 0.04453125
0 0.43671875 0.2984375 0.0375 0.04609375
0 0.4171875 0.30078125 0.03828125 0.04921875
0 0.3921875 0.303125 0.04296875 0.0515625
0 0.42578125 0.346875 0.021875 0.046875
0 0.40390625 0.35078125 0.02421875 0.05
0 0.37109375 0.353125 0.04375 0.05703125
0 0.30390625 0.34375 0.05078125 0.06484375
0 0.26953125 0.34921875 0.053125 0.06875
0 0.23203125 0.3546875 0.05625 0.07421875
0 0.18984375 0.3609375 0.06015625 0.07890625
0 0.14296875 0.36796875 0.06484375 0.084375
0 0.0859375 0.3765625 0.07421875 0.09140625
0 0.0328125 0.3859375 0.06484375 0.09921875
0 0.31640625 0.49609375 0.046875 0.0734375
0 0.28984375 0.5078125 0.03984375 0.07890625
0 0.25625 0.53125 0.04296875 0.065625
0 0.24453125 0.47109375 0.053125 0.08046875
0 0.2171875 0.546875 0.04921875 0.0703125
0 0.17421875 0.565625 0.05546875 0.075
0 0.125 0.5859375 0.06328125 0.0796875
0 0.06953125 0.5953125 0.07421875 0.11328125
0 0.20625 0.48359375 0.05703125 0.08671875
0 0.1625 0.49765625 0.06015625 0.09375
0 0.11171875 0.5140625 0.06796875 0.1015625
3 0.2796875 0.45078125 0.03046875 0.02578125
3 0.30703125 0.440625 0.040625 0.02578125
3 0.33984375 0.4296875 0.03515625 0.0203125
3 0.41484375 0.44609375 0.01796875 0.00859375
3 0.34375 0.48046875 0.0046875 0.01875
3 0.371875 0.4640625 0.02265625 0.0140625
0 0.4671875 0.38671875 0.01640625 0.01953125
3 0.446875 0.44296875 0.02890625 0.01328125
3 0.46875 0.43515625 0.02109375 0.01328125
3 0.4828125 0.4296875 0.015625 0.009375
3 0.4453125 0.39921875 0.0296875 0.01328125
0 0.4234375 0.4 0.009375 0.021875
0 0.41171875 0.40390625 0.01484375 0.02109375
0 0.403125 0.40546875 0.01328125 0.02421875
0 0.4109375 0.3921875 0.01484375 0.00625
0 0.39140625 0.3984375 0.01015625 0.00625
0 0.3921875 0.4109375 0.01015625 0.0203125
0 0.38203125 0.4140625 0.0109375 0.02109375
0 0.36875 0.415625 0.01640625 0.02578125
0 0.378125 0.4015625 0.01640625 0.00703125
0 0.209375 0.2984375 0.02421875 0.03046875
0 0.18984375 0.29921875 0.025 0.03046875
0 0.16875 0.30078125 0.0265625 0.03125
0 0.146875 0.30234375 0.02734375 0.03203125
0 0.12421875 0.30390625 0.02890625 0.034375
0 0.1 0.30546875 0.03046875 0.03515625
0 0.07421875 0.30703125 0.03359375 0.0359375
0 0.33203125 0.29921875 0.01015625 0.02421875
0 0.33046875 0.29921875 0.00859375 0.025
0 0.3 0.3015625 0.01640625 0.02109375
0 0.3125 0.3015625 0.0125 0.0234375
0 0.3078125 0.27734375 0.01796875 0.025
0 0.29765625 0.278125 0.01640625 0.02578125
0 0.28203125 0.27890625 0.01796875 0.02578125
0 0.2640625 0.27890625 0.0234375 0.0265625
0 0.28515625 0.30234375 0.01640625 0.02109375
0 0.26953125 0.30390625 0.01796875 0.021875
0 0.25078125 0.3046875 0.0234375 0.02578125
3 0.78046875 0.56953125 0.05625 0.0484375