2 0.67734375 0.97578125 0.078125 0.04609375
3 0.9109375 0.8796875 0.10234375 0.1484375
3 0.81015625 0.36875 0.04453125 0.02421875
3 0.82265625 0.38828125 0.05078125 0.03359375
3 0.96875 0.88984375 0.0609375 0.140625
3 0.9453125 0.78046875 0.10859375 0.12578125
3 0.91171875 0.69453125 0.0984375 0.09140625
3 0.90546875 0.51953125 0.09765625 0.06953125
3 0.88125 0.475 0.07890625 0.04609375
3 0.8625 0.446875 0.06171875 0.04609375
3 0.99609375 0.7203125 0.00703125 0.0296875
3 0.97265625 0.67109375 0.05390625 0.0953125
3 0.85078125 0.69921875 0.06484375 0.08515625
0 0.79921875 0.43671875 0.0234375 0.03203125
0 0.79609375 0.4609375 0.01015625 0.03203125
0 0.81328125 0.4703125 0.03515625 0.03359375
0 0.81796875 0.484375 0.03671875 0.040625
0 0.81640625 0.44765625 0.03203125 0.03984375
0 0.8578125 0.53984375 0.0296875 0.04609375
0 0.84296875 0.57109375 0.01484375 0.046875
0 0.85078125 0.5890625 0.01640625 0.04921875
0 0.8796875 0.615625 0.0578125 0.06328125
0 0.87578125 0.56328125 0.05 0.0609375
0 0.96640625 0.42421875 0.0625 0.06484375
0 0.97265625 0.4421875 0.04140625 0.06953125
0 0.996875 0.4953125 0.00546875 0.0203125
0 0.9859375 0.46328125 0.02734375 0.07421875
0 0.99453125 0.4140625 0.01015625 0.03828125
3 0.775 0.4984375 0.01640625 0.0296875
3 0.77890625 0.5234375 0.0109375 0.03359375
3 0.8265625 0.628125 0.0515625 0.06484375
3 0.80234375 0.55703125 0.0421875 0.04921875
3 0.4703125 0.665625 0.03984375 0.0703125
3 0.5578125 0.33359375 0.02890625 0.0203125
3 0.55078125 0.34453125 0.03125 0.02421875
3 0.49921875 0.421875 0.0515625 0.040625
3 0.5125 0.3984375 0.04375 0.03046875
3 0.52890625 0.38203125 0.03203125 0.03046875
3 0.3390625 0.9765625 0.04609375 0.04453125
3 0.43046875 0.54140625 0.078125 0.0765625
3 0.4546875 0.5015625 0.06953125 0.0640625
3 0.509375 0.5703125 0.03203125 0.0484375
0 0.5609375 0.39140625 0.01328125 0.028125
0 0.3921875 0.70859375 0.02421875 0.03359375
0 0.3875 0.7359375 0.02578125 0.03671875
0 0.36640625 0.75078125 0.02734375 0.04296875
0 0.3390625 0.82109375 0.03046875 0.0453125
0 0.35 0.7796875 0.02890625 0.040625
3 0.54375 0.48359375 0.0234375 0.03046875
3 0.5265625 0.52890625 0.0265625 0.03828125
3 0.55546875 0.46328125 0.01328125 0.0265625
3 0.5625 0.44609375 0.01328125 0.02421875
3 0.48671875 0.54453125 0.05390625 0.0546875
0 0.55546875 0.40703125 0.003125 0.02578125
0 0.546875 0.415625 0.01328125 0.025
0 0.53984375 0.4203125 0.02109375 0.0296875
0 0.54609375 0.39375 0.01640625 0.028125
0 0.52109375 0.453125 0.00859375 0.03515625
0 0.52265625 0.47890625 0.0046875 0.03359375
0 0.5171875 0.48984375 0.00546875 0.03515625
0 0.50078125 0.49765625 0.02734375 0.03984375
0 0.509375 0.46328125 0.021875 0.03671875
0 0.49609375 0.34609375 0.015625 0.0453125
0 0.4921875 0.35546875 0.0078125 0.046875
0 0.4734375 0.37578125 0.01015625 0.05
0 0.4828125 0.365625 0.00859375 0.046875
0 0.46796875 0.32421875 0.03828125 0.0515625
0 0.4578125 0.33203125 0.04140625 0.05546875
0 0.44609375 0.3421875 0.04375 0.05859375
0 0.4328125 0.35234375 0.04765625 0.06171875
0 0.4625 0.38828125 0.01171875 0.0515625
0 0.45078125 0.40078125 0.01328125 0.05546875
0 0.4203125 0.4109375 0.04921875 0.06875
0 0.37734375 0.43125 0.06171875 0.08203125
0 0.3546875 0.45234375 0.06796875 0.08984375
0 0.328125 0.4765625 0.07578125 0.1
0 0.296875 0.50546875 0.0859375 0.11171875
0 0.259375 0.540625 0.09765625 0.1265625
0 0.21328125 0.58203125 0.11328125 0.1453125
0 0.1640625 0.634375 0.1203125 0.1703125
0 0.390625 0.58046875 0.05078125 0.084375
0 0.38515625 0.61171875 0.02734375 0.08671875
0 0.365625 0.6515625 0.02734375 0.08359375
0 0.35078125 0.5984375 0.04765625 0.09296875
0 0.34140625 0.69140625 0.03359375 0.090625
0 0.31171875 0.7390625 0.0390625 0.10078125
0 0.2765625 0.79453125 0.0484375 0.1140625
0 0.21875 0.84453125 0.09140625 0.165625
0 0.32421875 0.63515625 0.05546875 0.1015625
0 0.2921875 0.67890625 0.06328125 0.115625
0 0.24609375 0.73125 0.08984375 0.13046875
3 0.38671875 0.30703125 0.02421875 0.015625
3 0.36796875 0.315625 0.0328125 0.015625
3 0.01015625 0.6375 0.0203125 0.03984375
3 0.171875 0.515625 0.0671875 0.0515625
3 0.2125 0.484375 0.05859375 0.04375
3 0.25 0.459375 0.05078125 0.0359375
3 0.26953125 0.36640625 0.04609375 0.0265625
3 0.29453125 0.353125 0.04453125 0.025
3 0.321875 0.340625 0.03671875 0.021875
3 0.02734375 0.72734375 0.05390625 0.07890625
3 0.1453125 0.43203125 0.0703125 0.04296875
3 0.18515625 0.41171875 0.06328125 0.03671875
0 0.37578125 0.3640625 0.01796875 0.021875
0 0.05859375 0.5828125 0.02734375 0.05078125
3 0.3546875 0.38515625 0.02890625 0.01875
0 0.3375 0.39375 0.0109375 0.0265625
0 0.3234375 0.4015625 0.02109375 0.025
0 0.3171875 0.40625 0.015625 0.02890625
0 0.3203125 0.3796875 0.0234375 0.028125
0 0.29765625 0.39375 0.025 0.0296875
0 0.30703125 0.4171875 0.01171875 0.0265625
0 0.296875 0.42421875 0.01328125 0.028125
0 0.27890625 0.4296875 0.02734375 0.03359375
0 0.28671875 0.4 0.02734375 0.03125
0 0.0859375 0.4484375 0.05078125 0.05078125
0 0.07109375 0.45859375 0.02890625 0.046875
0 0.02734375 0.4859375 0.02265625 0.03984375
0 0.01328125 0.44296875 0.0265625 0.05390625
0 0.01796875 0.4890625 0.01875 0.03828125
0 0.0078125 0.45234375 0.01484375 0.04140625
0 0.05703125 0.340625 0.05546875 0.05
0 0.028125 0.34921875 0.05546875 0.0515625
0 0.0125 0.35703125 0.02421875 0.04921875
0 0.23203125 0.3015625 0.03359375 0.034375
0 0.2234375 0.30625 0.02109375 0.03515625
0 0.190625 0.31875 0.02421875 0.03515625
0 0.2078125 0.31328125 0.02109375 0.034375
0 0.1953125 0.28203125 0.03671875 0.0359375
0 0.17734375 0.28671875 0.0390625 0.03828125
0 0.1578125 0.29140625 0.04140625 0.03984375
0 0.1359375 0.296875 0.04453125 0.04140625
0 0.171875 0.325 0.025 0.03671875
0 0.1515625 0.33125 0.02734375 0.0390625
0 0.121875 0.3359375 0.04609375 0.04453125
3 0.68203125 0.478125 0.04140625 0.028125