3 0.38671875 0.8234375 0.08359375 0.06171875
3 0.87734375 0.5265625 0.08125 0.02421875
3 0.81171875 0.52578125 0.09921875 0.02421875
3 0.06328125 0.68828125 0.12578125 0.03828125
3 0.3109375 0.684375 0.0984375 0.03828125
3 0.390625 0.68125 0.08203125 0.03515625
3 0.46953125 0.68125 0.06328125 0.03828125
3 0.54609375 0.521875 0.06015625 0.021875
3 0.609375 0.52421875 0.065625 0.0203125
3 0.6765625 0.52578125 0.0703125 0.02109375
3 0.690625 0.8078125 0.09453125 0.0546875
3 0.46328125 0.81875 0.07578125 0.06015625
3 0.0609375 0.84296875 0.12109375 0.06875
3 0.3015625 0.51640625 0.07265625 0.0265625
3 0.371875 0.51796875 0.07421875 0.02578125
3 0.5578125 0.81640625 0.08046875 0.05859375
0 0.82890625 0.65859375 0.06171875 0.0515625
0 0.159375 0.67109375 0.07578125 0.06328125
3 0.76953125 0.80390625 0.10234375 0.05078125
3 0.8421875 0.80625 0.0828125 0.03828125
3 0.90234375 0.80078125 0.08359375 0.0390625
3 0.759375 0.6734375 0.09609375 0.028125
0 0.69296875 0.66015625 0.028125 0.05390625
0 0.6578125 0.6609375 0.04453125 0.0546875
0 0.634375 0.6609375 0.0375 0.05546875
0 0.65625 0.61171875 0.04453125 0.04921875
0 0.6015625 0.61171875 0.02734375 0.05
0 0.60234375 0.6640625 0.028125 0.0515625
0 0.57421875 0.6640625 0.028125 0.0515625
0 0.54296875 0.6625 0.03515625 0.05625
0 0.56875 0.6125 0.03671875 0.05078125
0 0.23828125 0.5015625 0.04609375 0.053125
0 0.19921875 0.50078125 0.03671875 0.053125
0 0.16484375 0.5 0.0375 0.05390625
0 0.18203125 0.446875 0.06328125 0.05390625
0 0.13046875 0.49921875 0.03828125 0.05390625
0 0.09609375 0.4984375 0.03984375 0.05390625
0 0.06015625 0.49765625 0.03984375 0.0546875
0 0.02421875 0.49609375 0.04140625 0.05546875
0 0.13515625 0.44609375 0.03828125 0.053125
0 0.1 0.44453125 0.0390625 0.05390625
0 0.06484375 0.44296875 0.03984375 0.0546875
0 0.253125 0.34921875 0.05234375 0.059375
0 0.21171875 0.340625 0.03515625 0.046875
0 0.17890625 0.33828125 0.03515625 0.046875
0 0.14609375 0.3359375 0.03671875 0.0484375
0 0.11171875 0.334375 0.0375 0.0484375
0 0.078125 0.33203125 0.0375 0.04921875
0 0.04375 0.32890625 0.03828125 0.04921875
0 0.49140625 0.378125 0.028125 0.04453125
0 0.46328125 0.37578125 0.028125 0.04453125
0 0.40546875 0.37265625 0.0296875 0.0453125
0 0.434375 0.37421875 0.02890625 0.0453125
0 0.4359375 0.32890625 0.0296875 0.046875
0 0.40625 0.3265625 0.0296875 0.0484375
0 0.37734375 0.325 0.03046875 0.0484375
0 0.34765625 0.32265625 0.03046875 0.04921875
0 0.37578125 0.37109375 0.03046875 0.0453125
0 0.34609375 0.36953125 0.03046875 0.04609375
0 0.31640625 0.3671875 0.03125 0.046875