3 0.05859375 0.92578125 0.09765625 0.14375
3 0.0078125 0.7875 0.015625 0.075
3 0.11484375 0.678125 0.03125 0.05703125
3 0.03359375 0.58046875 0.06640625 0.0515625
3 0.02734375 0.628125 0.05390625 0.07890625
0 0.07109375 0.6765625 0.025 0.025
0 0.065625 0.66875 0.02890625 0.0296875
0 0.084375 0.64453125 0.02890625 0.0265625
0 0.0828125 0.62890625 0.0265625 0.025
0 0.08984375 0.63359375 0.02734375 0.01875
3 0.0328125 0.9015625 0.065625 0.140625
0 0.00625 0.98046875 0.01171875 0.03671875
0 0.0015625 0.47265625 0.003125 0.01796875
0 0.00625 0.44296875 0.0125 0.0671875
0 0.0109375 0.43203125 0.021875 0.0640625
0 0.0140625 0.3953125 0.028125 0.05625
0 0.021875 0.3890625 0.04296875 0.05
0 0.02421875 0.38359375 0.0484375 0.0484375
0 0.02734375 0.37890625 0.05390625 0.04609375
0 0.0296875 0.37421875 0.059375 0.04453125
0 0.034375 0.3703125 0.06015625 0.04296875
0 0.0390625 0.36640625 0.0578125 0.040625
0 0.028125 0.540625 0.05625 0.06171875
0 0.0390625 0.52421875 0.06171875 0.0484375
0 0.06875 0.51171875 0.01171875 0.0484375
0 0.04140625 0.4765625 0.05 0.05859375
0 0.07265625 0.50078125 0.01171875 0.04609375
0 0.07734375 0.4921875 0.01015625 0.04375
0 0.08046875 0.48359375 0.01015625 0.040625
0 0.08359375 0.47578125 0.01015625 0.03984375
0 0.04609375 0.4625 0.04921875 0.0453125
0 0.04765625 0.45546875 0.0546875 0.04375
0 0.05078125 0.44765625 0.05703125 0.04140625
3 0.49765625 0.625 0.05 0.05390625
3 0.99140625 0.734375 0.01640625 0.1
3 0.9109375 0.69375 0.153125 0.153125
3 0.41171875 0.484375 0.0328125 0.028125
3 0.46875 0.53515625 0.04765625 0.040625
3 0.496875 0.55546875 0.0515625 0.046875
3 0.525 0.58125 0.0578125 0.05390625
3 0.57265625 0.50546875 0.0671875 0.05078125
3 0.61484375 0.52890625 0.07734375 0.0609375
3 0.67421875 0.56640625 0.08515625 0.0734375
3 0.66171875 0.803125 0.08203125 0.1140625
3 0.52578125 0.65390625 0.0546875 0.06171875
3 0.4171875 0.540625 0.0359375 0.03203125
3 0.465625 0.45 0.05078125 0.03125
3 0.48671875 0.46171875 0.05390625 0.0359375
3 0.5671875 0.70234375 0.06328125 0.0765625
0 0.88984375 0.865625 0.10234375 0.14375
0 0.43125 0.49453125 0.0203125 0.034375
3 0.746875 0.8953125 0.1015625 0.15390625
3 0.840625 0.946875 0.12421875 0.1046875
3 0.7703125 0.790625 0.10859375 0.11171875
0 0.675 0.68671875 0.046875 0.08359375
0 0.65 0.67578125 0.04453125 0.06015625
0 0.61953125 0.64921875 0.02578125 0.071875
0 0.653125 0.62890625 0.04453125 0.071875
0 0.60234375 0.5921875 0.03984375 0.06171875
0 0.60078125 0.63359375 0.0390625 0.053125
0 0.5734375 0.6203125 0.01796875 0.0484375
0 0.55703125 0.60078125 0.0171875 0.05703125
0 0.58203125 0.57890625 0.03359375 0.05859375
0 0.44765625 0.428125 0.02578125 0.03203125
0 0.43984375 0.425 0.025 0.03359375
0 0.4234375 0.4234375 0.00703125 0.028125
0 0.43046875 0.39609375 0.02265625 0.03046875
0 0.41640625 0.41875 0.00703125 0.0265625
0 0.409375 0.415625 0.00703125 0.0265625
0 0.403125 0.41171875 0.00703125 0.02578125
0 0.39765625 0.4078125 0.00625 0.0265625
0 0.42421875 0.39296875 0.02421875 0.0296875
0 0.41640625 0.38984375 0.02265625 0.0296875
0 0.41015625 0.38671875 0.021875 0.028125
0 0.44609375 0.3453125 0.02734375 0.03125
0 0.4359375 0.34375 0.0234375 0.03046875
0 0.42734375 0.3421875 0.0203125 0.03046875
0 0.421875 0.340625 0.02265625 0.02890625
0 0.4140625 0.3390625 0.02109375 0.028125
0 0.40859375 0.3375 0.021875 0.0265625
0 0.40234375 0.3359375 0.021875 0.02578125
0 0.5421875 0.38203125 0.0359375 0.04453125
0 0.5265625 0.37890625 0.03359375 0.04375
0 0.490625 0.3734375 0.01171875 0.0359375
0 0.503125 0.3765625 0.0125 0.03671875
0 0.5140625 0.340625 0.03359375 0.03984375
0 0.49921875 0.33828125 0.028125 0.03671875
0 0.48828125 0.3359375 0.0296875 0.03671875
0 0.4765625 0.334375 0.02734375 0.03515625
0 0.4796875 0.3703125 0.0109375 0.03515625
0 0.46875 0.3671875 0.01015625 0.034375
0 0.45859375 0.36328125 0.01015625 0.034375