2 0.08046875 0.89375 0.1609375 0.209375
3 0.43125 0.61171875 0.04921875 0.059375
3 0.80546875 0.3984375 0.07578125 0.04140625
3 0.75859375 0.403125 0.07578125 0.04296875
3 0.54140625 0.421875 0.04765625 0.05078125
3 0.5875 0.41796875 0.06171875 0.04453125
3 0.64296875 0.41640625 0.06328125 0.04140625
3 0.21875 0.63828125 0.07578125 0.065625
3 0.35390625 0.4421875 0.059375 0.05859375
3 0.40390625 0.43828125 0.05234375 0.05703125
3 0.54140625 0.6015625 0.0515625 0.05625
0 0.78046875 0.49140625 0.04453125 0.04921875
0 0.31875 0.540625 0.01640625 0.02421875
0 0.3015625 0.5484375 0.0171875 0.025
0 0.28984375 0.5375 0.01796875 0.03203125
0 0.253125 0.55 0.01953125 0.02421875
0 0.27421875 0.54140625 0.01796875 0.0234375
3 0.68359375 0.584375 0.06015625 0.04921875
3 0.60234375 0.5953125 0.05625 0.0515625
3 0.73203125 0.58671875 0.04921875 0.03203125
3 0.77265625 0.57890625 0.05078125 0.0359375
3 0.4828125 0.53359375 0.04453125 0.06171875
0 0.73984375 0.49453125 0.02421875 0.04921875
0 0.715625 0.49609375 0.03359375 0.05078125
0 0.696875 0.496875 0.034375 0.05390625
0 0.71875 0.465625 0.03984375 0.05
0 0.57734375 0.48046875 0.02578125 0.053125
0 0.578125 0.521875 0.02109375 0.03203125
0 0.55625 0.515625 0.025 0.0484375
0 0.53515625 0.5140625 0.02578125 0.05703125
0 0.55625 0.48203125 0.028125 0.053125
0 0.496875 0.3109375 0.02734375 0.05703125
0 0.471875 0.31171875 0.02578125 0.05703125
0 0.421875 0.32109375 0.02734375 0.04453125
0 0.446875 0.31953125 0.0265625 0.0453125
0 0.4453125 0.26953125 0.02734375 0.05625
0 0.41875 0.27109375 0.02890625 0.05625
0 0.3921875 0.271875 0.03046875 0.05859375
0 0.365625 0.27265625 0.03203125 0.05859375
0 0.3953125 0.321875 0.02890625 0.04609375
0 0.36875 0.32421875 0.0296875 0.0453125
0 0.34296875 0.31875 0.03125 0.059375
0 0.27890625 0.30390625 0.0421875 0.0609375
0 0.25 0.3046875 0.04296875 0.0609375
0 0.221875 0.30625 0.04609375 0.06171875
0 0.19296875 0.30703125 0.04921875 0.06328125
0 0.16328125 0.30859375 0.05078125 0.06171875
0 0.134375 0.31015625 0.05390625 0.06328125
0 0.1046875 0.31171875 0.05703125 0.0640625
0 0.29765625 0.43046875 0.03828125 0.0609375
0 0.2703125 0.4328125 0.03828125 0.06171875
0 0.24140625 0.4453125 0.03359375 0.040625
0 0.240625 0.39609375 0.04921875 0.06171875
0 0.21484375 0.44765625 0.034375 0.04140625
0 0.18828125 0.45 0.0359375 0.040625
0 0.1609375 0.4515625 0.03671875 0.040625
0 0.134375 0.44453125 0.03828125 0.06015625
0 0.2109375 0.396875 0.04453125 0.06328125
0 0.18359375 0.39921875 0.04765625 0.06328125
0 0.15625 0.40078125 0.04921875 0.06328125
3 0.4390625 0.39765625 0.0265625 0.02109375
3 0.6421875 0.2765625 0.034375 0.015625
3 0.615625 0.278125 0.03359375 0.01640625
3 0.3078125 0.35625 0.01953125 0.01953125
3 0.49453125 0.27890625 0.021875 0.00703125
3 0.528125 0.2828125 0.01640625 0.015625
3 0.5515625 0.2828125 0.03046875 0.015625
3 0.55078125 0.38984375 0.0296875 0.01875
3 0.465625 0.39609375 0.0265625 0.02109375
3 0.3296875 0.40546875 0.02265625 0.02109375
3 0.4953125 0.39453125 0.01953125 0.0203125
3 0.58203125 0.38828125 0.03046875 0.01640625
3 0.60859375 0.38828125 0.02734375 0.01640625
3 0.6328125 0.3859375 0.028125 0.01953125
0 0.54296875 0.31171875 0.0140625 0.01484375
0 0.52109375 0.31328125 0.00390625 0.01484375
0 0.3515625 0.28125 0.00078125 0.0109375
0 0.3453125 0.28203125 0.01328125 0.01328125
0 0.34375 0.2625 0.01640625 0.0265625
0 0.33203125 0.2875 0.01328125 0.02109375
0 0.3234375 0.28828125 0.0078125 0.021875
0 0.309375 0.28828125 0.009375 0.02109375
0 0.33125 0.26328125 0.01640625 0.028125
0 0.32109375 0.26328125 0.01015625 0.0265625
0 0.30546875 0.26328125 0.01171875 0.0265625
0 0.3671875 0.2140625 0.0171875 0.0265625
0 0.353125 0.21484375 0.01640625 0.02578125
0 0.33984375 0.215625 0.01640625 0.0265625
0 0.3265625 0.215625 0.0171875 0.0265625
0 0.31640625 0.215625 0.01171875 0.0265625
0 0.29765625 0.21640625 0.009375 0.0265625
0 0.2859375 0.21640625 0.01796875 0.0265625
0 0.47265625 0.22109375 0.0125 0.02578125
0 0.46015625 0.22109375 0.0125 0.02578125
0 0.43515625 0.22421875 0.01328125 0.021875
0 0.44765625 0.2234375 0.01328125 0.0234375
0 0.446875 0.19921875 0.01328125 0.02578125
0 0.434375 0.19921875 0.01328125 0.02578125
0 0.42109375 0.19921875 0.01328125 0.025
0 0.40859375 0.2 0.01328125 0.02578125
0 0.42265625 0.22421875 0.01328125 0.0234375
0 0.41015625 0.22421875 0.01328125 0.0234375
0 0.396875 0.2234375 0.0140625 0.02578125
3 0.9453125 0.89609375 0.10859375 0.1859375
3 0.6984375 0.4 0.00859375 0.00546875