2 0.71640625 0.75078125 0.50234375 0.496875
3 0.88359375 0.434375 0.03359375 0.01484375
3 0.90859375 0.43046875 0.05703125 0.01875
3 0.99375 0.4109375 0.01171875 0.0265625
3 0.97734375 0.415625 0.040625 0.028125
3 0.946875 0.4234375 0.02109375 0.0203125
3 0.99453125 0.7265625 0.01015625 0.03203125
0 0.8921875 0.5109375 0.01640625 0.01015625
0 0.89609375 0.51328125 0.00703125 0.00859375
0 0.91484375 0.515625 0.02890625 0.00703125
0 0.93515625 0.521875 0.053125 0.01640625
0 0.92578125 0.4953125 0.05078125 0.03671875
0 0.99296875 0.50859375 0.01328125 0.05390625
0 0.99140625 0.56171875 0.015625 0.05703125
3 0.87109375 0.60625 0.009375 0.0203125
3 0.96953125 0.69140625 0.06015625 0.05390625
3 0.928125 0.646875 0.04765625 0.03125
3 0.44140625 0.675 0.075 0.05703125
3 0.59296875 0.44375 0.02265625 0.01015625
3 0.58125 0.44140625 0.0296875 0.0109375
3 0.50859375 0.43203125 0.05234375 0.01640625
3 0.5421875 0.4359375 0.01640625 0.01484375
3 0.55859375 0.4390625 0.015625 0.01328125
3 0.08671875 0.9171875 0.1734375 0.1625
3 0.3984375 0.41171875 0.08359375 0.03125
3 0.45 0.41875 0.05 0.0265625
3 0.496875 0.62421875 0.02265625 0.03359375
0 0.59140625 0.5 0.0171875 0.009375
0 0.31875 0.59609375 0.03125 0.0265625
0 0.3015625 0.60546875 0.03359375 0.0296875
0 0.26796875 0.60234375 0.03515625 0.0453125
0 0.2 0.6359375 0.0421875 0.03828125
0 0.234375 0.61796875 0.03828125 0.03203125
3 0.56953125 0.58671875 0.0328125 0.01953125
3 0.5515625 0.60703125 0.02109375 0.02578125
3 0.5875 0.578125 0.0171875 0.01796875
3 0.59375 0.5734375 0.00625 0.00859375
3 0.48203125 0.5484375 0.06640625 0.02890625
0 0.584375 0.5015625 0.00390625 0.00859375
0 0.57265625 0.50234375 0.01953125 0.00859375
0 0.565625 0.50625 0.0234375 0.01640625
0 0.57109375 0.4859375 0.02265625 0.02421875
0 0.53515625 0.4921875 0.00703125 0.03203125
0 0.53515625 0.52109375 0.00703125 0.0265625
0 0.52734375 0.5265625 0.00859375 0.034375
0 0.50703125 0.528125 0.03203125 0.03671875
0 0.51640625 0.49296875 0.03125 0.034375
0 0.5 0.3140625 0.0109375 0.04140625
0 0.4875 0.30625 0.01171875 0.04453125
0 0.46015625 0.28828125 0.01484375 0.05
0 0.475 0.296875 0.01328125 0.04609375
0 0.47421875 0.25703125 0.01328125 0.053125
0 0.46015625 0.24453125 0.015625 0.05703125
0 0.44375 0.23125 0.0171875 0.06171875
0 0.41015625 0.21484375 0.0484375 0.06640625
0 0.44375 0.2765625 0.01640625 0.05390625
0 0.425 0.2640625 0.01953125 0.05859375
0 0.3890625 0.24921875 0.0515625 0.0640625
0 0.33984375 0.1796875 0.03359375 0.08125
0 0.30390625 0.15234375 0.0390625 0.09140625
0 0.2609375 0.1203125 0.04765625 0.10390625
0 0.20859375 0.08125 0.059375 0.12109375
0 0.14375 0.0515625 0.0734375 0.103125
0 0.06640625 0.0265625 0.0796875 0.053125
0 0.33984375 0.38203125 0.0328125 0.07109375
0 0.30390625 0.37421875 0.03828125 0.078125
0 0.26171875 0.36484375 0.046875 0.08515625
0 0.2609375 0.28671875 0.04765625 0.0953125
0 0.209375 0.353125 0.05859375 0.09609375
0 0.14453125 0.33828125 0.07421875 0.11015625
0 0.06171875 0.31953125 0.096875 0.1296875
0 0.00859375 0.31015625 0.0171875 0.121875
0 0.2078125 0.26640625 0.06015625 0.10859375
0 0.1421875 0.240625 0.07421875 0.12578125
0 0.05390625 0.20703125 0.10703125 0.1484375
3 0.2234375 0.59609375 0.05703125 0.02578125
3 0.421875 0.45078125 0.02734375 0.0046875
3 0.40390625 0.44921875 0.03046875 0.00625
3 0.17890625 0.53046875 0.05859375 0.0203125
3 0.2234375 0.52421875 0.05703125 0.01796875
3 0.265625 0.51953125 0.04765625 0.015625
3 0.3 0.44453125 0.04140625 0.009375
3 0.3296875 0.446875 0.0328125 0.00859375
3 0.359375 0.44765625 0.025 0.00859375
3 0.36015625 0.56171875 0.02890625 0.015625
3 0.26328125 0.584375 0.05 0.01953125
3 0.1671875 0.43671875 0.06015625 0.01328125
3 0.2171875 0.43984375 0.03984375 0.0109375
3 0.30625 0.57578125 0.04453125 0.01953125
0 0.4078125 0.4984375 0.01796875 0.01796875
0 0.0484375 0.53359375 0.05546875 0.04140625
3 0.38515625 0.50625 0.03203125 0.00703125
0 0.3640625 0.503125 0.009375 0.02109375
0 0.35390625 0.50390625 0.009375 0.02109375
0 0.346875 0.50546875 0.00390625 0.02109375
0 0.3515625 0.48359375 0.0140625 0.0203125
0 0.328125 0.484375 0.01328125 0.021875
0 0.32890625 0.50703125 0.01015625 0.0234375
0 0.31796875 0.5078125 0.01171875 0.0234375
0 0.3 0.50859375 0.0234375 0.025
0 0.3125 0.48515625 0.02265625 0.021875
0 0.11328125 0.434375 0.02734375 0.01328125
0 0.084375 0.4328125 0.02890625 0.0140625
0 0.05390625 0.43125 0.03203125 0.0140625
0 0.01875 0.42890625 0.0359375 0.015625
0 0.00078125 0.428125 0.00078125 0.0140625
3 0.74296875 0.58203125 0.05546875 0.0140625
3 0.4859375 0.53046875 0.0078125 0.00703125