3 0.1328125 0.8859375 0.04453125 0.1046875
3 0.06484375 0.803125 0.10078125 0.14140625
3 0.05 0.909375 0.1 0.178125
3 0.140625 0.67421875 0.01328125 0.046875
3 0.08671875 0.5875 0.0421875 0.046875
3 0.07890625 0.634375 0.053125 0.078125
0 0.1140625 0.67421875 0.015625 0.021875
0 0.1109375 0.6609375 0.00703125 0.01328125
0 0.1171875 0.653125 0.01875 0.01875
0 0.1109375 0.63046875 0.00390625 0.01015625
0 0.11875 0.6359375 0.02109375 0.01640625
3 0.11328125 0.8625 0.03828125 0.10625
0 0.0921875 0.9859375 0.00859375 0.0265625
0 0.1078125 0.97890625 0.01171875 0.040625
0 0.10546875 0.95390625 0.02421875 0.090625
0 0.09609375 0.959375 0.01328125 0.0796875
0 0.02109375 0.55078125 0.0421875 0.1046875
0 0.02578125 0.515625 0.0515625 0.065625
0 0.053125 0.49140625 0.01640625 0.0703125
0 0.04765625 0.50625 0.01875 0.07421875
0 0.021875 0.4484375 0.04375 0.08359375
0 0.02421875 0.43125 0.0484375 0.065625
0 0.02734375 0.42265625 0.05390625 0.065625
0 0.03671875 0.4140625 0.04375 0.0609375
0 0.0578125 0.478125 0.01484375 0.0640625
0 0.06171875 0.4671875 0.0140625 0.06015625
0 0.0640625 0.45546875 0.01484375 0.05703125
0 0.06171875 0.41875 0.0234375 0.053125
0 0.05625 0.390625 0.01484375 0.00546875
0 0.06328125 0.40390625 0.03125 0.040625
0 0.05234375 0.39921875 0.0578125 0.04140625
0 0.0546875 0.39453125 0.05703125 0.03984375
0 0.0578125 0.3890625 0.05390625 0.03984375
0 0.0609375 0.384375 0.0515625 0.03828125
0 0.08515625 0.5484375 0.028125 0.05390625
0 0.08515625 0.5171875 0.00859375 0.01171875
0 0.0984375 0.51953125 0.00703125 0.03828125
0 0.0828125 0.4890625 0.02421875 0.04609375
0 0.09765625 0.5 0.00390625 0.01484375
0 0.09921875 0.49453125 0.00546875 0.0234375
0 0.1015625 0.49453125 0.00703125 0.03828125
0 0.1015625 0.4875 0.0078125 0.03828125
0 0.0828125 0.47734375 0.02734375 0.04375
0 0.0828125 0.46953125 0.02890625 0.040625
0 0.09375 0.4625 0.009375 0.03984375
3 0.49453125 0.6125 0.0453125 0.04921875
3 0.94140625 0.7046875 0.115625 0.13359375
3 0.83515625 0.646875 0.1125 0.11015625
3 0.40859375 0.48359375 0.03203125 0.0265625
3 0.46640625 0.53046875 0.04453125 0.0390625
3 0.49375 0.5484375 0.04765625 0.04296875
3 0.52109375 0.571875 0.05234375 0.04921875
3 0.5640625 0.5015625 0.059375 0.04609375
3 0.60234375 0.521875 0.06640625 0.05390625
3 0.653125 0.553125 0.07109375 0.06171875
3 0.64296875 0.75703125 0.06953125 0.09296875
3 0.52109375 0.63828125 0.04921875 0.05546875
3 0.4140625 0.53671875 0.03515625 0.03046875
3 0.46328125 0.45234375 0.046875 0.03046875
3 0.48359375 0.46328125 0.04921875 0.034375
3 0.56015625 0.678125 0.05625 0.06640625
0 0.821875 0.78515625 0.07421875 0.10703125
0 0.428125 0.49375 0.0203125 0.03359375
3 0.7140625 0.82578125 0.08203125 0.11796875
3 0.78671875 0.89453125 0.0953125 0.1453125
3 0.8796875 0.9453125 0.11328125 0.10703125
3 0.73203125 0.73671875 0.08671875 0.08125
0 0.6546875 0.65703125 0.0390625 0.06953125
0 0.6328125 0.6484375 0.03671875 0.0515625
0 0.60703125 0.6265625 0.021875 0.06328125
0 0.63515625 0.60859375 0.0375 0.0609375
0 0.59140625 0.578125 0.034375 0.0546875
0 0.58984375 0.615625 0.03359375 0.046875
0 0.565625 0.60390625 0.01640625 0.04140625
0 0.55078125 0.58671875 0.015625 0.0515625
0 0.5734375 0.56796875 0.0296875 0.0515625
0 0.4453125 0.43125 0.02421875 0.03125
0 0.43671875 0.428125 0.02265625 0.03203125
0 0.42109375 0.4265625 0.0078125 0.0265625
0 0.428125 0.40078125 0.0234375 0.0296875
0 0.4140625 0.42265625 0.00703125 0.025
0 0.40703125 0.41875 0.00703125 0.025
0 0.40078125 0.415625 0.00703125 0.02421875
0 0.39453125 0.41171875 0.00703125 0.025
0 0.4203125 0.39765625 0.02265625 0.02890625
0 0.41328125 0.39453125 0.021875 0.02890625
0 0.40703125 0.39140625 0.02109375 0.028125
0 0.44375 0.35546875 0.02578125 0.03046875
0 0.434375 0.353125 0.0234375 0.0296875
0 0.42578125 0.35078125 0.02109375 0.02890625
0 0.41796875 0.3484375 0.02109375 0.02890625
0 0.4125 0.346875 0.02265625 0.0265625
0 0.4046875 0.34453125 0.02109375 0.0265625
0 0.3984375 0.34375 0.0203125 0.02578125
0 0.5359375 0.39296875 0.03203125 0.040625
0 0.51875 0.3890625 0.02421875 0.040625
0 0.48828125 0.38359375 0.0109375 0.03359375
0 0.5 0.3875 0.01171875 0.034375
0 0.509375 0.35390625 0.03046875 0.03671875
0 0.49609375 0.35078125 0.02734375 0.03515625
0 0.48515625 0.3484375 0.02734375 0.034375
0 0.47421875 0.34609375 0.0265625 0.03359375
0 0.4765625 0.38046875 0.0109375 0.03203125
0 0.46640625 0.3765625 0.01015625 0.03125
0 0.45703125 0.37265625 0.009375 0.03203125