2 0.240625 0.9390625 0.18671875 0.1203125
3 0.9734375 0.65546875 0.0109375 0.04140625
3 0.97890625 0.68828125 0.01171875 0.04921875
3 0.996875 0.82109375 0.00546875 0.05703125
3 0.9890625 0.73203125 0.02109375 0.06640625
3 0.4375 0.659375 0.06640625 0.06953125
3 0.640625 0.39140625 0.03984375 0.015625
3 0.62578125 0.39609375 0.03828125 0.01796875
3 0.51796875 0.42578125 0.0546875 0.028125
3 0.54375 0.41796875 0.05390625 0.02421875
3 0.575 0.4109375 0.04375 0.021875
3 0.13828125 0.871875 0.12265625 0.16640625
3 0.3734375 0.46640625 0.078125 0.0484375
3 0.42109375 0.453125 0.071875 0.04140625
3 0.521875 0.603125 0.05390625 0.05
0 0.6375 0.4578125 0.02421875 0.02890625
0 0.31171875 0.62109375 0.021875 0.0296875
0 0.29375 0.63671875 0.02265625 0.03203125
0 0.26953125 0.634375 0.02265625 0.04453125
0 0.21484375 0.671875 0.02421875 0.03828125
0 0.24375 0.65 0.02265625 0.03515625
3 0.6 0.55078125 0.04296875 0.0265625
3 0.559375 0.5796875 0.04921875 0.03359375
3 0.6265625 0.53671875 0.02421875 0.025
3 0.6421875 0.525 0.02265625 0.021875
3 0.48203125 0.54609375 0.06171875 0.04921875
0 0.62578125 0.4671875 0.0078125 0.02890625
0 0.6140625 0.471875 0.01640625 0.028125
0 0.6015625 0.4734375 0.02578125 0.03359375
0 0.6109375 0.44453125 0.02578125 0.03125
0 0.54140625 0.4734375 0.02890625 0.040625
0 0.54921875 0.50625 0.01171875 0.03515625
0 0.5375 0.5125 0.01171875 0.0359375
0 0.51640625 0.515625 0.03125 0.04453125
0 0.5296875 0.478125 0.02890625 0.04296875
0 0.49921875 0.32265625 0.015625 0.03984375
0 0.48203125 0.32265625 0.0171875 0.04140625
0 0.44453125 0.3234375 0.02109375 0.04453125
0 0.4640625 0.3234375 0.01875 0.04296875
0 0.46328125 0.27890625 0.01875 0.04453125
0 0.44375 0.27734375 0.02109375 0.046875
0 0.421875 0.275 0.0234375 0.05
0 0.3890625 0.27265625 0.04375 0.053125
0 0.42265625 0.3234375 0.02265625 0.04609375
0 0.4 0.3234375 0.02578125 0.04921875
0 0.36640625 0.32265625 0.04453125 0.053125
0 0.3 0.29921875 0.0390625 0.0609375
0 0.2625 0.296875 0.04453125 0.06484375
0 0.2203125 0.29609375 0.05078125 0.06953125
0 0.17265625 0.29375 0.05859375 0.075
0 0.11796875 0.29140625 0.06796875 0.0796875
0 0.0546875 0.2890625 0.0796875 0.0859375
0 0.01484375 0.2890625 0.02890625 0.0890625
0 0.3046875 0.46640625 0.04765625 0.06796875
0 0.275 0.47421875 0.04140625 0.0734375
0 0.23671875 0.4890625 0.04609375 0.06640625
0 0.22734375 0.42578125 0.05390625 0.071875
0 0.19296875 0.49921875 0.05390625 0.07109375
0 0.14375 0.51171875 0.06015625 0.0765625
0 0.0875 0.52578125 0.0703125 0.08359375
0 0.03203125 0.5328125 0.0640625 0.10625
0 0.184375 0.43359375 0.0578125 0.078125
0 0.134375 0.440625 0.06328125 0.08515625
0 0.07578125 0.44921875 0.07421875 0.09140625
3 0.31015625 0.52265625 0.0359375 0.01796875
3 0.484375 0.36953125 0.02421875 0.009375
3 0.46484375 0.371875 0.02890625 0.01015625
3 0.3421875 0.45546875 0.01953125 0.01953125
3 0.365625 0.384375 0.0328125 0.0140625
3 0.3890625 0.38203125 0.03359375 0.01171875
3 0.41640625 0.37890625 0.03125 0.01171875
3 0.4234375 0.484375 0.0296875 0.0140625
3 0.34765625 0.5109375 0.02109375 0.0140625
3 0.13359375 0.58203125 0.05546875 0.0265625
3 0.2609375 0.39765625 0.0359375 0.01796875
3 0.290625 0.39453125 0.0390625 0.01640625
3 0.3765625 0.50078125 0.0328125 0.015625
0 0.46875 0.41953125 0.01640625 0.01875
3 0.45234375 0.47578125 0.02109375 0.01328125
3 0.471875 0.46953125 0.01796875 0.01171875
3 0.48671875 0.4640625 0.02109375 0.0109375
3 0.44609375 0.43046875 0.03046875 0.0109375
0 0.42421875 0.42578125 0.009375 0.01484375
0 0.4125 0.42890625 0.01484375 0.01328125
0 0.40390625 0.43046875 0.01328125 0.015625
0 0.4109375 0.4125 0.01640625 0.02109375
0 0.38828125 0.4171875 0.01796875 0.0234375
0 0.3921875 0.43359375 0.01015625 0.01171875
0 0.38203125 0.4359375 0.01015625 0.01328125
0 0.36796875 0.43828125 0.01640625 0.01875
0 0.37734375 0.41875 0.01796875 0.02421875
0 0.215625 0.3859375 0.02265625 0.0140625
0 0.19765625 0.3875 0.0203125 0.0140625
0 0.178125 0.390625 0.02109375 0.0109375
0 0.175 0.37109375 0.02421875 0.03046875
0 0.15625 0.39375 0.0234375 0.01328125
0 0.13359375 0.39453125 0.02421875 0.01171875
0 0.109375 0.396875 0.02578125 0.01328125
0 0.084375 0.396875 0.02734375 0.01640625
0 0.153125 0.371875 0.02578125 0.03125
0 0.13046875 0.3734375 0.02734375 0.03203125
0 0.10625 0.375 0.02890625 0.03359375
0 0.34453125 0.321875 0.0015625 0.021875
0 0.32890625 0.31953125 0.01171875 0.01953125
3 0.796875 0.5828125 0.06171875 0.0453125
3 0.553125 0.45546875 0.0265625 0.01171875