3 0.99609375 0.4 0.00703125 0.02578125
0 0.98984375 0.5140625 0.01953125 0.05078125
0 0.9921875 0.5515625 0.01484375 0.0515625
0 0.9953125 0.57578125 0.00859375 0.04140625
0 0.9984375 0.59765625 0.00234375 0.01171875
3 0.95 0.60078125 0.0296875 0.0484375
3 0.95390625 0.64296875 0.01875 0.05625
3 0.990625 0.8265625 0.01796875 0.0984375
3 0.97734375 0.703125 0.04453125 0.0859375
3 0.4359375 0.68984375 0.0734375 0.1
3 0.6296875 0.3203125 0.040625 0.02578125
3 0.61484375 0.33125 0.04453125 0.02890625
3 0.515625 0.4046875 0.0625 0.0515625
3 0.53984375 0.38359375 0.06015625 0.04140625
3 0.5703125 0.36640625 0.04609375 0.03671875
3 0.15390625 0.98515625 0.03125 0.028125
3 0.36015625 0.52578125 0.10390625 0.10390625
3 0.4140625 0.484375 0.090625 0.084375
3 0.51875 0.58828125 0.05703125 0.06953125
0 0.62578125 0.3921875 0.02265625 0.034375
0 0.296875 0.72109375 0.0296875 0.0484375
0 0.2765625 0.7546875 0.03203125 0.05390625
0 0.2453125 0.7609375 0.0328125 0.06640625
0 0.1796875 0.84453125 0.03671875 0.06640625
0 0.2140625 0.79375 0.034375 0.059375
3 0.5890625 0.50078125 0.04296875 0.0359375
3 0.553125 0.54921875 0.05078125 0.04609375
3 0.6140625 0.47890625 0.02265625 0.03203125
3 0.62734375 0.4609375 0.02109375 0.02890625
3 0.4796875 0.553125 0.0703125 0.07578125
0 0.615625 0.409375 0.0078125 0.03359375
0 0.6015625 0.4171875 0.0234375 0.03203125
0 0.59296875 0.42109375 0.028125 0.03984375
0 0.6015625 0.3890625 0.02734375 0.03515625
0 0.5421875 0.4484375 0.02265625 0.046875
0 0.546875 0.48359375 0.0109375 0.040625
0 0.5296875 0.49453125 0.02421875 0.04296875
0 0.51328125 0.50078125 0.03515625 0.05703125
0 0.52578125 0.45859375 0.03515625 0.04921875
0 0.48984375 0.296875 0.03671875 0.059375
0 0.48125 0.30546875 0.01953125 0.06015625
0 0.4390625 0.3234375 0.025 0.06328125
0 0.4609375 0.31484375 0.02109375 0.059375
0 0.446875 0.25859375 0.04921875 0.0640625
0 0.4234375 0.2640625 0.053125 0.06875
0 0.39765625 0.26953125 0.05703125 0.0734375
0 0.36796875 0.2765625 0.06328125 0.07890625
0 0.41484375 0.3328125 0.028125 0.06796875
0 0.38671875 0.34375 0.03359375 0.071875
0 0.34375 0.34921875 0.06328125 0.08828125
0 0.24296875 0.35390625 0.08515625 0.10703125
0 0.18828125 0.37109375 0.09453125 0.11953125
0 0.125 0.390625 0.10703125 0.13515625
0 0.0546875 0.415625 0.109375 0.153125
0 0.01171875 0.4609375 0.02265625 0.08125
0 0.27421875 0.559375 0.07265625 0.11484375
0 0.23515625 0.58984375 0.06953125 0.128125
0 0.1875 0.64375 0.07265625 0.10546875
0 0.16171875 0.5578125 0.09453125 0.14140625
0 0.12421875 0.68828125 0.0890625 0.11796875
0 0.0515625 0.740625 0.103125 0.13671875
0 0.0125 0.79140625 0.02421875 0.0765625
0 0.096875 0.5953125 0.10625 0.159375
0 0.0390625 0.63984375 0.078125 0.1796875
3 0.25703125 0.48671875 0.05 0.04140625
3 0.309375 0.31484375 0.034375 0.01875
3 0.33125 0.30390625 0.0203125 0.00859375
3 0.3859375 0.41796875 0.0359375 0.028125
3 0.2921875 0.4671875 0.04609375 0.03828125
3 0.33359375 0.4453125 0.04140625 0.03125
3 0.41328125 0.40546875 0.03359375 0.01953125
3 0.4375 0.39375 0.0234375 0.01953125
3 0.4546875 0.384375 0.02265625 0.01640625
0 0.05390625 0.3296875 0.0375 0.028125
0 0.02265625 0.3359375 0.03984375 0.0296875
0 0.0046875 0.33984375 0.00859375 0.02578125
0 0.09765625 0.253125 0.04140625 0.04375
0 0.06796875 0.25703125 0.04296875 0.0453125
0 0.03671875 0.2609375 0.04609375 0.046875
0 0.01328125 0.2625 0.0265625 0.05
0 0.278125 0.24453125 0.0234375 0.03203125
0 0.26328125 0.24765625 0.02109375 0.03203125
0 0.22734375 0.25390625 0.02421875 0.03359375
0 0.24609375 0.25078125 0.02265625 0.03125
0 0.2375 0.21953125 0.03046875 0.03359375
0 0.21953125 0.22109375 0.03046875 0.034375
0 0.19921875 0.22265625 0.03125 0.0359375
0 0.17578125 0.22421875 0.03515625 0.03671875
0 0.20703125 0.25625 0.025 0.034375
0 0.1859375 0.259375 0.02734375 0.03515625
0 0.16015625 0.2609375 0.03671875 0.03984375
3 0.78828125 0.53515625 0.06328125 0.0515625
3 0.521875 0.37109375 0.00703125 0.0046875