3 0.03359375 0.77578125 0.0671875 0.05625
3 0.065625 0.36015625 0.04453125 0.0796875
3 0.0296875 0.284375 0.05859375 0.13515625
3 0.071875 0.7140625 0.07109375 0.0296875
3 0.103125 0.46796875 0.00859375 0.03203125
3 0.08984375 0.44765625 0.021875 0.04140625
3 0.00078125 0.81953125 0.0015625 0.0140625
0 0.075 0.615625 0.025 0.01328125
0 0.0859375 0.61171875 0.02578125 0.02109375
0 0.10078125 0.615625 0.00546875 0.0109375
3 0.0375 0.60859375 0.0546875 0.03046875
0 0.00234375 0.553125 0.0046875 0.046875
0 0.01015625 0.57890625 0.0203125 0.090625
0 0.00859375 0.48046875 0.01640625 0.10390625
0 0.07734375 0.17578125 0.00859375 0.03125
0 0.08984375 0.22578125 0.0015625 0.01171875
0 0.09765625 0.265625 0.00546875 0.03125
0 0.09296875 0.24375 0.00546875 0.03515625
0 0.08828125 0.2046875 0.02578125 0.08671875
0 0.10078125 0.23515625 0.009375 0.06875
0 0.1046875 0.25703125 0.00859375 0.06171875
0 0.1078125 0.2765625 0.0078125 0.059375
0 0.1015625 0.28671875 0.0046875 0.02890625
0 0.10546875 0.3046875 0.00390625 0.02578125
0 0.10859375 0.3203125 0.00390625 0.02421875
0 0.11328125 0.33984375 0.00703125 0.03125
0 0.121875 0.36171875 0.00078125 0.00859375
0 0.12265625 0.37109375 0.00234375 0.0140625
0 0.125 0.38046875 0.0015625 0.01328125
0 0.1265625 0.3890625 0.0015625 0.01328125
0 0.128125 0.396875 0.0015625 0.01171875
0 0.10234375 0.45234375 0.00390625 0.00859375
0 0.11015625 0.47890625 0.003125 0.02421875
0 0.09453125 0.44375 0.03828125 0.05078125
0 0.11171875 0.48359375 0.00390625 0.025
0 0.1140625 0.4890625 0.00390625 0.0234375
0 0.115625 0.49375 0.00390625 0.0234375
0 0.11796875 0.49921875 0.003125 0.021875
0 0.1140625 0.4609375 0.0046875 0.028125
0 0.11640625 0.4640625 0.00546875 0.03359375
0 0.11875 0.46796875 0.0046875 0.0359375
3 0.496875 0.6984375 0.0515625 0.021875
3 0.95390625 0.3734375 0.09140625 0.06484375
3 0.85 0.40625 0.12109375 0.06640625
3 0.40859375 0.61796875 0.02734375 0.00859375
3 0.46796875 0.61640625 0.04609375 0.0109375
3 0.4875 0.61640625 0.03359375 0.01171875
3 0.521875 0.615625 0.0515625 0.01484375
3 0.5578125 0.50390625 0.0453125 0.02421875
3 0.59375 0.49140625 0.04921875 0.028125
3 0.65390625 0.47421875 0.06953125 0.03359375
3 0.6734375 0.74140625 0.08828125 0.04453125
3 0.5265625 0.7046875 0.05703125 0.02578125
3 0.41328125 0.678125 0.03671875 0.0140625
3 0.45859375 0.53203125 0.0296875 0.01640625
3 0.4859375 0.52578125 0.0484375 0.01875
3 0.5703125 0.71640625 0.06640625 0.03125
0 0.8796875 0.5890625 0.09453125 0.0703125
0 0.43125 0.61015625 0.0203125 0.02421875
3 0.7703125 0.765625 0.10859375 0.0609375
3 0.88046875 0.79375 0.13671875 0.0796875
3 0.9734375 0.81328125 0.0515625 0.0703125
3 0.76796875 0.6125 0.10546875 0.02109375
0 0.67109375 0.59921875 0.04375 0.0484375
0 0.63828125 0.60078125 0.025 0.0453125
0 0.61640625 0.6015625 0.021875 0.04375
0 0.6453125 0.55546875 0.04140625 0.04609375
0 0.596875 0.5625 0.03671875 0.04140625
0 0.59296875 0.603125 0.02578125 0.040625
0 0.571875 0.603125 0.0171875 0.03828125
0 0.55546875 0.60390625 0.015625 0.03671875
0 0.57109375 0.56484375 0.01640625 0.0390625
0 0.45 0.53125 0.02421875 0.02421875
0 0.434375 0.53359375 0.00703125 0.02421875
0 0.42734375 0.5359375 0.00703125 0.02421875
0 0.43515625 0.51328125 0.02109375 0.025
0 0.4203125 0.53828125 0.00703125 0.0234375
0 0.4140625 0.540625 0.00625 0.021875
0 0.4078125 0.5421875 0.00546875 0.02109375
0 0.40234375 0.54375 0.00546875 0.02109375
0 0.42109375 0.51640625 0.00703125 0.025
0 0.41484375 0.51875 0.00625 0.0234375
0 0.40859375 0.521875 0.00546875 0.0234375
0 0.44921875 0.45546875 0.01796875 0.02421875
0 0.4359375 0.46015625 0.00703125 0.02421875
0 0.42890625 0.4640625 0.00625 0.0234375
0 0.42265625 0.46875 0.00625 0.021875
0 0.41640625 0.471875 0.00625 0.021875
0 0.41015625 0.47578125 0.00546875 0.0203125
0 0.4046875 0.4796875 0.00546875 0.0203125
0 0.53515625 0.41875 0.0296875 0.03359375
0 0.5140625 0.42578125 0.01171875 0.03203125
0 0.49140625 0.43828125 0.01015625 0.0296875
0 0.50234375 0.43203125 0.01015625 0.03046875
0 0.5109375 0.40546875 0.02734375 0.034375
0 0.49140625 0.41171875 0.01015625 0.03359375
0 0.48125 0.41875 0.009375 0.03125
0 0.471875 0.42421875 0.00859375 0.03046875
0 0.48125 0.44375 0.01015625 0.02890625
0 0.471875 0.44921875 0.00859375 0.028125
0 0.4625 0.45390625 0.00859375 0.0265625