3 0.9328125 0.390625 0.06484375 0.02421875
3 0.95703125 0.41015625 0.0859375 0.0390625
3 0.98828125 0.459375 0.02109375 0.0359375
3 0.984375 0.8296875 0.03046875 0.09375
0 0.91484375 0.484375 0.02734375 0.04140625
0 0.915625 0.509375 0.01484375 0.04375
0 0.94453125 0.51953125 0.0578125 0.04609375
0 0.9546875 0.53828125 0.0625 0.059375
0 0.95234375 0.490625 0.059375 0.05546875
0 0.996875 0.6546875 0.00625 0.028125
3 0.88203125 0.56640625 0.0234375 0.0375
3 0.890625 0.59609375 0.01796875 0.04375
3 0.96484375 0.7375 0.0703125 0.096875
3 0.934375 0.63984375 0.0765625 0.0671875
3 0.44296875 0.69453125 0.0734375 0.09375
3 0.59921875 0.3515625 0.03203125 0.01796875
3 0.5859375 0.359375 0.03828125 0.0203125
3 0.509375 0.4125 0.0578125 0.03828125
3 0.52890625 0.396875 0.05546875 0.0296875
3 0.55234375 0.384375 0.040625 0.0265625
3 0.3828125 0.5046875 0.1 0.08203125
3 0.42734375 0.47265625 0.0890625 0.06484375
3 0.51328125 0.59765625 0.05390625 0.05859375
0 0.5984375 0.41953125 0.01796875 0.0296875
0 0.31640625 0.71484375 0.0328125 0.04453125
0 0.29921875 0.746875 0.03515625 0.05078125
0 0.265625 0.75546875 0.0375 0.065625
0 0.20078125 0.84453125 0.04375 0.0671875
0 0.2328125 0.790625 0.03828125 0.05859375
3 0.56953125 0.5171875 0.0375 0.03046875
3 0.540625 0.56015625 0.046875 0.04140625
3 0.590625 0.49921875 0.01796875 0.02734375
3 0.6 0.48359375 0.0171875 0.02421875
3 0.48125 0.55390625 0.06953125 0.0625
0 0.58984375 0.43203125 0.00546875 0.0296875
0 0.57734375 0.43828125 0.02109375 0.0296875
0 0.5703125 0.4421875 0.02578125 0.03515625
0 0.5765625 0.41171875 0.02578125 0.0296875
0 0.53046875 0.4578125 0.0234375 0.0421875
0 0.5375 0.49140625 0.00859375 0.03828125
0 0.52890625 0.5015625 0.00859375 0.04140625
0 0.5078125 0.5078125 0.034375 0.05078125
0 0.5171875 0.465625 0.0328125 0.04453125
0 0.4921875 0.30390625 0.02890625 0.04765625
0 0.4859375 0.3078125 0.0140625 0.05078125
0 0.453125 0.3140625 0.01953125 0.05625
0 0.47109375 0.3109375 0.015625 0.053125
0 0.46953125 0.2578125 0.0171875 0.05390625
0 0.4515625 0.25859375 0.0203125 0.0578125
0 0.43125 0.25859375 0.02265625 0.06171875
0 0.390625 0.25859375 0.06171875 0.065625
0 0.4328125 0.31796875 0.02109375 0.059375
0 0.4109375 0.3234375 0.02578125 0.0640625
0 0.3671875 0.32734375 0.06484375 0.0734375
0 0.28984375 0.3109375 0.07109375 0.08828125
0 0.2359375 0.3171875 0.09375 0.09921875
0 0.18046875 0.32421875 0.10546875 0.11171875
0 0.1046875 0.334375 0.13046875 0.1265625
0 0.04453125 0.34453125 0.08828125 0.14453125
0 0.30390625 0.528125 0.07578125 0.10546875
0 0.2765625 0.55390625 0.0578125 0.1171875
0 0.22890625 0.59609375 0.06484375 0.11171875
0 0.20234375 0.5078125 0.1 0.1265625
0 0.16796875 0.6359375 0.0828125 0.12578125
0 0.09140625 0.68671875 0.10625 0.14765625
0 0.03125 0.73671875 0.0625 0.14375
0 0.1390625 0.5375 0.115625 0.14609375
0 0.0625 0.57578125 0.125 0.1734375
0 0.01875 0.6140625 0.0375 0.14453125
3 0.234375 0.459375 0.0234375 0.0203125
3 0.259375 0.45078125 0.05 0.03046875
3 0.359375 0.46484375 0.0375 0.0234375
3 0.31875 0.48203125 0.01796875 0.0109375
0 0.40546875 0.3875 0.01796875 0.0203125
0 0.02578125 0.5078125 0.02109375 0.0078125
3 0.3859375 0.45078125 0.034375 0.01953125
3 0.409375 0.440625 0.0234375 0.0171875
3 0.42578125 0.43125 0.02265625 0.015625
3 0.3828125 0.4015625 0.03515625 0.015625
0 0.36484375 0.40390625 0.00234375 0.01953125
0 0.34453125 0.4109375 0.0125 0.0234375
0 0.3375 0.4125 0.0171875 0.02734375
0 0.340625 0.3890625 0.0171875 0.02109375
0 0.3234375 0.39609375 0.0109375 0.0265625
0 0.325 0.41953125 0.01171875 0.0234375
0 0.30703125 0.4265625 0.003125 0.0234375
0 0.29609375 0.42734375 0.0203125 0.03203125
0 0.29921875 0.39921875 0.015625 0.03046875
0 0.0578125 0.265625 0.0359375 0.0109375
0 0.02421875 0.26640625 0.0375 0.01171875
0 0.003125 0.26640625 0.00625 0.009375
0 0.215625 0.2546875 0.02265625 0.0265625
0 0.19609375 0.2546875 0.02421875 0.0265625
0 0.1734375 0.2546875 0.02578125 0.02890625
0 0.14609375 0.25390625 0.03828125 0.0296875
3 0.74921875 0.52578125 0.05625 0.0359375