2 0.60703125 0.93359375 0.19921875 0.13046875
3 0.98515625 0.95390625 0.0296875 0.0890625
3 0.8859375 0.4125 0.059375 0.01953125
3 0.90078125 0.425 0.0671875 0.02890625
3 0.98046875 0.73046875 0.03828125 0.0859375
3 0.96953125 0.50625 0.0609375 0.05078125
3 0.95390625 0.478125 0.06484375 0.0375
3 0.94921875 0.45546875 0.07890625 0.02578125
3 0.95234375 0.78203125 0.0921875 0.10625
0 0.86875 0.49453125 0.015625 0.034375
0 0.8703125 0.51328125 0.0109375 0.0375
0 0.89296875 0.52109375 0.04609375 0.0375
0 0.9 0.534375 0.04921875 0.05
0 0.89765625 0.49296875 0.046875 0.04609375
0 0.95390625 0.565625 0.04765625 0.05859375
0 0.93125 0.609375 0.01796875 0.0578125
0 0.94296875 0.62734375 0.0203125 0.0625
0 0.971875 0.65390625 0.05625 0.0828125
0 0.9703125 0.5875 0.059375 0.07421875
3 0.84765625 0.571875 0.01796875 0.03046875
3 0.853125 0.5953125 0.0125 0.03515625
3 0.925 0.70625 0.08828125 0.08515625
3 0.88515625 0.62734375 0.0578125 0.05
3 0.45 0.66640625 0.0640625 0.07109375
3 0.5890625 0.3859375 0.0296875 0.01484375
3 0.578125 0.390625 0.03515625 0.015625
3 0.50859375 0.4265625 0.05078125 0.02734375
3 0.52734375 0.415625 0.04375 0.0234375
3 0.546875 0.409375 0.0359375 0.02109375
3 0.1859375 0.9359375 0.15078125 0.12578125
3 0.40703125 0.48125 0.07578125 0.05234375
3 0.43828125 0.46328125 0.07421875 0.04375
3 0.51171875 0.59453125 0.04921875 0.046875
0 0.590625 0.44765625 0.0171875 0.0265625
0 0.34609375 0.653125 0.0265625 0.03203125
0 0.33359375 0.67421875 0.02890625 0.03515625
0 0.30703125 0.6765625 0.02890625 0.04921875
0 0.259375 0.73203125 0.034375 0.04453125
0 0.2828125 0.7 0.03046875 0.03828125
3 0.565625 0.53359375 0.03203125 0.0265625
3 0.5375 0.56640625 0.0421875 0.0328125
3 0.5828125 0.51953125 0.01953125 0.0234375
3 0.5921875 0.50703125 0.0171875 0.0203125
3 0.48359375 0.54609375 0.0609375 0.04609375
0 0.5828125 0.45625 0.00546875 0.02578125
0 0.56953125 0.4609375 0.0203125 0.0265625
0 0.5640625 0.4640625 0.0234375 0.0296875
0 0.57109375 0.43671875 0.02265625 0.02890625
0 0.52578125 0.46953125 0.0234375 0.0375
0 0.534375 0.50078125 0.0078125 0.034375
0 0.52578125 0.5078125 0.00859375 0.03515625
0 0.50703125 0.5125 0.03046875 0.0421875
0 0.515625 0.47578125 0.02890625 0.0390625
0 0.49921875 0.3296875 0.01171875 0.03828125
0 0.4875 0.33046875 0.01171875 0.04140625
0 0.4609375 0.3328125 0.01484375 0.04453125
0 0.475 0.3328125 0.0140625 0.04140625
0 0.47421875 0.2890625 0.0125 0.04375
0 0.4609375 0.2875 0.01484375 0.046875
0 0.44453125 0.2859375 0.0171875 0.04921875
0 0.4125 0.28359375 0.04765625 0.05234375
0 0.44609375 0.334375 0.0171875 0.046875
0 0.42734375 0.3359375 0.01953125 0.05
0 0.39453125 0.3359375 0.05 0.053125
0 0.34765625 0.3140625 0.034375 0.06484375
0 0.315625 0.3140625 0.03828125 0.0703125
0 0.27890625 0.3140625 0.046875 0.07734375
0 0.2328125 0.3140625 0.0578125 0.08515625
0 0.17890625 0.3140625 0.06953125 0.09453125
0 0.1125 0.3140625 0.08828125 0.10625
0 0.0421875 0.31328125 0.084375 0.11796875
0 0.3421875 0.48984375 0.0578125 0.0734375
0 0.32578125 0.50234375 0.0375 0.08203125
0 0.29296875 0.5234375 0.04140625 0.07890625
0 0.27421875 0.45546875 0.06953125 0.084375
0 0.25234375 0.5421875 0.05 0.0859375
0 0.2046875 0.5640625 0.0609375 0.096875
0 0.14765625 0.5921875 0.07421875 0.1078125
0 0.0671875 0.61328125 0.11171875 0.14765625
0 0.2328125 0.46875 0.07890625 0.0921875
0 0.1828125 0.484375 0.0875 0.10390625
0 0.12421875 0.50234375 0.10078125 0.1171875
3 0.02421875 0.559375 0.04765625 0.0421875
3 0.30859375 0.3921875 0.040625 0.015625
3 0.3296875 0.38828125 0.0296875 0.01484375
3 0.365625 0.384375 0.0234375 0.0125
3 0.02109375 0.640625 0.01171875 0.015625
3 0.1875 0.415625 0.0578125 0.0234375
3 0.225 0.409375 0.05234375 0.0203125
0 0.4140625 0.421875 0.0171875 0.0203125
0 0.07890625 0.52421875 0.0140625 0.034375
3 0.3921875 0.434375 0.03046875 0.0125
0 0.371875 0.4359375 0.009375 0.0234375
0 0.3625 0.43984375 0.0109375 0.02265625
0 0.3515625 0.44140625 0.0140625 0.0234375
0 0.3609375 0.41953125 0.0125 0.0234375
0 0.33359375 0.42578125 0.0203125 0.02578125
0 0.33984375 0.44453125 0.01171875 0.0171875
0 0.32890625 0.4484375 0.0125 0.01796875
0 0.315625 0.45078125 0.0171875 0.0234375
0 0.32265625 0.42734375 0.02265625 0.02578125
0 0.1359375 0.415625 0.03203125 0.0375
0 0.11328125 0.41953125 0.03046875 0.03828125
0 0.0859375 0.42421875 0.034375 0.03828125
0 0.08359375 0.40546875 0.02890625 0.00546875
0 0.05625 0.4296875 0.0359375 0.040625
0 0.02421875 0.43515625 0.040625 0.0421875
0 0.00546875 0.4375 0.0109375 0.0390625
0 0.053125 0.409375 0.03203125 0.00625
0 0.02109375 0.41484375 0.034375 0.00625
3 0.7265625 0.5375 0.04921875 0.0296875