0 0.0046875 0.28046875 0.0015625 0.01328125
0 0.00625 0.29453125 0.00234375 0.01875
0 0.0078125 0.31015625 0.00234375 0.01640625
0 0.01015625 0.32578125 0.00234375 0.015625
0 0.01171875 0.3390625 0.00234375 0.01484375
3 0.48359375 0.73203125 0.05859375 0.02421875
3 0.99140625 0.36796875 0.015625 0.04296875
3 0.92109375 0.38984375 0.14296875 0.078125
3 0.37265625 0.64453125 0.034375 0.0109375
3 0.44296875 0.6390625 0.04375 0.015625
3 0.48359375 0.63671875 0.05859375 0.01640625
3 0.51953125 0.634375 0.0625 0.01875
3 0.55859375 0.50625 0.04296875 0.028125
3 0.6109375 0.49140625 0.06328125 0.03359375
3 0.68125 0.4703125 0.07890625 0.0390625
3 0.709375 0.7703125 0.09453125 0.0484375
3 0.521875 0.73828125 0.06484375 0.02890625
3 0.37578125 0.71484375 0.04453125 0.01640625
3 0.43984375 0.54375 0.03671875 0.0203125
3 0.47109375 0.53515625 0.05078125 0.021875
3 0.5796875 0.7484375 0.075 0.034375
0 0.9515625 0.58359375 0.09609375 0.08125
0 0.4 0.634375 0.02421875 0.028125
3 0.83671875 0.790625 0.12421875 0.06328125
3 0.94453125 0.80703125 0.109375 0.06875
3 0.821875 0.61640625 0.11328125 0.02890625
0 0.70390625 0.60703125 0.04453125 0.0546875
0 0.66796875 0.61015625 0.03203125 0.0515625
0 0.6390625 0.6125 0.02890625 0.04921875
0 0.6703125 0.5609375 0.04140625 0.053125
0 0.6109375 0.57109375 0.03828125 0.04609375
0 0.61015625 0.615625 0.03359375 0.04609375
0 0.5828125 0.61796875 0.02265625 0.04453125
0 0.5625 0.61953125 0.0203125 0.04296875
0 0.58125 0.575 0.02109375 0.04453125
0 0.4234375 0.54375 0.02265625 0.028125
0 0.40703125 0.546875 0.01015625 0.028125
0 0.39765625 0.55 0.009375 0.02578125
0 0.4078125 0.52421875 0.0265625 0.02890625
0 0.3890625 0.553125 0.00859375 0.02578125
0 0.38125 0.55625 0.00859375 0.025
0 0.3734375 0.55859375 0.0078125 0.02421875
0 0.365625 0.5609375 0.0078125 0.02421875
0 0.390625 0.528125 0.00859375 0.0265625
0 0.38203125 0.53203125 0.00859375 0.0265625
0 0.37421875 0.534375 0.00859375 0.0265625
0 0.4265625 0.46015625 0.0234375 0.028125
0 0.4109375 0.46484375 0.01015625 0.02578125
0 0.4015625 0.4703125 0.00859375 0.02578125
0 0.39296875 0.47421875 0.00859375 0.025
0 0.38515625 0.4796875 0.00859375 0.02421875
0 0.3765625 0.48359375 0.0078125 0.0234375
0 0.36953125 0.4875 0.0078125 0.0234375
0 0.5328125 0.4203125 0.03203125 0.04453125
0 0.509375 0.4234375 0.01484375 0.03515625
0 0.48046875 0.43828125 0.0125 0.03203125
0 0.49453125 0.43125 0.01328125 0.03359375
0 0.50234375 0.40234375 0.03046875 0.03828125
0 0.48125 0.41015625 0.01328125 0.03671875
0 0.46796875 0.41796875 0.0125 0.03515625
0 0.45625 0.42421875 0.01171875 0.034375
0 0.46796875 0.4453125 0.0125 0.03125
0 0.45546875 0.4515625 0.01171875 0.03046875
0 0.44453125 0.45703125 0.0109375 0.0296875