2 0.05390625 0.5984375 0.10703125 0.26875
3 0.43671875 0.64296875 0.06484375 0.03671875
3 0.96171875 0.38671875 0.07578125 0.03671875
3 0.88203125 0.39140625 0.13125 0.0390625
3 0.54140625 0.41875 0.05078125 0.021875
3 0.60078125 0.415625 0.06796875 0.0234375
3 0.6765625 0.41015625 0.075 0.02421875
3 0.27890625 0.61640625 0.06015625 0.028125
3 0.37734375 0.4296875 0.04921875 0.01875
3 0.4203125 0.4265625 0.06328125 0.0203125
3 0.5515625 0.66328125 0.06640625 0.0453125
0 0.96328125 0.55859375 0.07265625 0.065625
0 0.3546875 0.540625 0.01640625 0.01015625
0 0.33984375 0.5390625 0.0171875 0.01171875
0 0.3359375 0.534375 0.0171875 0.01796875
0 0.3109375 0.5375 0.01640625 0.01015625
0 0.3234375 0.53671875 0.009375 0.0109375
3 0.78828125 0.70078125 0.09765625 0.06328125
3 0.6390625 0.67734375 0.06953125 0.053125
3 0.8859375 0.71796875 0.11640625 0.06875
3 0.96015625 0.72890625 0.078125 0.06640625
3 0.484375 0.5484375 0.06171875 0.02578125
0 0.8671875 0.553125 0.0421875 0.0609375
0 0.8203125 0.55078125 0.05234375 0.059375
0 0.78359375 0.54921875 0.04765625 0.05703125
0 0.8203125 0.496875 0.05390625 0.05546875
0 0.5921875 0.49609375 0.02890625 0.04453125
0 0.5921875 0.54140625 0.02890625 0.046875
0 0.565625 0.540625 0.02421875 0.04453125
0 0.540625 0.53828125 0.0234375 0.0453125
0 0.565625 0.49609375 0.02421875 0.04453125
0 0.503125 0.30546875 0.03203125 0.05390625
0 0.47578125 0.30390625 0.02109375 0.040625
0 0.43515625 0.31171875 0.01953125 0.03984375
0 0.45546875 0.3078125 0.01953125 0.03984375
0 0.46171875 0.26953125 0.03203125 0.04296875
0 0.43515625 0.27421875 0.01953125 0.04296875
0 0.415625 0.278125 0.01796875 0.04140625
0 0.39765625 0.28203125 0.0171875 0.040625
0 0.415625 0.315625 0.01796875 0.03828125
0 0.39765625 0.31875 0.0171875 0.03671875
0 0.38046875 0.321875 0.01640625 0.0359375
0 0.35078125 0.31796875 0.03359375 0.04140625
0 0.32578125 0.31796875 0.01484375 0.034375
0 0.3109375 0.32109375 0.0140625 0.03359375
0 0.29609375 0.32421875 0.01328125 0.03203125
0 0.28203125 0.32734375 0.01328125 0.03203125
0 0.26875 0.3296875 0.0125 0.03125
0 0.25546875 0.3328125 0.0125 0.03046875
0 0.35 0.4234375 0.034375 0.03515625
0 0.325 0.42421875 0.01484375 0.034375
0 0.31015625 0.42578125 0.01484375 0.03359375
0 0.31953125 0.3921875 0.034375 0.034375
0 0.2953125 0.4265625 0.0140625 0.03359375
0 0.28203125 0.428125 0.01328125 0.03125
0 0.26796875 0.42890625 0.0125 0.03046875
0 0.25546875 0.4296875 0.01171875 0.03125
0 0.2953125 0.39375 0.01328125 0.034375
0 0.28125 0.39609375 0.01328125 0.03203125
0 0.26796875 0.39765625 0.0125 0.03203125
3 0.78125 0.45 0.046875 0.01328125
3 0.746875 0.45078125 0.03359375 0.01328125
3 0.4375 0.51640625 0.03046875 0.00859375
3 0.5078125 0.51796875 0.02578125 0.00859375
3 0.53984375 0.51875 0.025 0.009375
3 0.5953125 0.45703125 0.025 0.00859375
3 0.6234375 0.45625 0.03203125 0.009375
3 0.65859375 0.45546875 0.03359375 0.009375
3 0.5 0.459375 0.0140625 0.00859375
3 0.52890625 0.45859375 0.02734375 0.00859375
0 0.74921875 0.51796875 0.01875 0.02421875
0 0.4640625 0.51171875 0.01875 0.01796875
3 0.703125 0.5234375 0.0328125 0.01015625
0 0.66328125 0.515625 0.01328125 0.021875
0 0.64921875 0.515625 0.0125 0.02109375
0 0.63671875 0.51484375 0.0125 0.021875
0 0.65 0.49375 0.01328125 0.0203125
0 0.61953125 0.49375 0.01328125 0.0203125
0 0.61953125 0.5140625 0.01328125 0.02109375
0 0.61015625 0.51484375 0.00546875 0.0203125
0 0.61015625 0.49375 0.00546875 0.0203125
0 0.484375 0.45703125 0.01328125 0.01328125
0 0.47265625 0.45859375 0.009375 0.01328125
0 0.46328125 0.45859375 0.00859375 0.01328125
0 0.46640625 0.43125 0.01484375 0.0046875
0 0.45390625 0.45859375 0.00859375 0.01171875
0 0.44453125 0.45859375 0.00859375 0.01171875
0 0.4359375 0.459375 0.00859375 0.01328125
0 0.42734375 0.459375 0.00859375 0.01171875
0 0.48515625 0.3984375 0.0125 0.01875
0 0.4734375 0.39921875 0.009375 0.01875
0 0.4640625 0.4 0.00859375 0.01875
0 0.4546875 0.40078125 0.00859375 0.01796875
0 0.4453125 0.4015625 0.00859375 0.01796875
0 0.43671875 0.40234375 0.00859375 0.01796875
0 0.42734375 0.403125 0.00859375 0.01796875
0 0.57265625 0.3984375 0.0109375 0.0203125
0 0.5609375 0.3984375 0.01171875 0.01953125
0 0.53828125 0.40078125 0.01015625 0.01875
0 0.54921875 0.4 0.01015625 0.01875
0 0.5515625 0.38046875 0.0140625 0.0203125
0 0.53828125 0.38125 0.01015625 0.0203125
0 0.53046875 0.38203125 0.00546875 0.01875
0 0.51796875 0.38359375 0.00546875 0.01953125
0 0.53046875 0.4015625 0.00546875 0.01796875
0 0.51796875 0.403125 0.00546875 0.01875
0 0.5046875 0.40390625 0.00546875 0.01875