3 0.36953125 0.80078125 0.09375 0.0484375
3 0.6625 0.58203125 0.028125 0.01875
3 0.63359375 0.57578125 0.04765625 0.01953125
3 0.3015625 0.646875 0.1015625 0.03203125
3 0.38671875 0.65234375 0.07265625 0.0265625
3 0.45234375 0.65625 0.06015625 0.0234375
3 0.5 0.53359375 0.05390625 0.028125
3 0.5375 0.54609375 0.04765625 0.02421875
3 0.5734375 0.55703125 0.04296875 0.021875
3 0.58046875 0.7640625 0.0625 0.02578125
3 0.43515625 0.7890625 0.08203125 0.040625
3 0.3078125 0.465625 0.0796875 0.05078125
3 0.375 0.4875 0.06484375 0.04375
3 0.503125 0.778125 0.0734375 0.034375
0 0.64296875 0.6609375 0.03046875 0.03046875
0 0.07265625 0.61015625 0.1203125 0.08515625
3 0.61796875 0.75859375 0.05625 0.0203125
3 0.65234375 0.75390625 0.03359375 0.01875
3 0.6734375 0.75 0.03203125 0.01640625
3 0.615625 0.66875 0.04453125 0.01328125
0 0.5859375 0.65546875 0.0140625 0.0359375
0 0.57265625 0.65390625 0.0140625 0.03671875
0 0.55625 0.65234375 0.01953125 0.03828125
0 0.56171875 0.61796875 0.03359375 0.03671875
0 0.5375 0.61171875 0.015625 0.03984375
0 0.53828125 0.65078125 0.01640625 0.040625
0 0.521875 0.64921875 0.01640625 0.04140625
0 0.49453125 0.64765625 0.03671875 0.04375
0 0.51171875 0.60859375 0.0359375 0.04140625
0 0.21640625 0.42421875 0.05 0.06796875
0 0.16875 0.40859375 0.05703125 0.0734375
0 0.115625 0.390625 0.065625 0.078125
0 0.1265625 0.33125 0.06640625 0.084375
0 0.05546875 0.36953125 0.07578125 0.084375
0 0.01484375 0.35390625 0.0296875 0.0765625
0 0.06796875 0.30625 0.0734375 0.08984375
0 0.021875 0.28359375 0.04375 0.0859375
0 0.23984375 0.25859375 0.04375 0.0640625
0 0.196875 0.234375 0.04921875 0.06953125
0 0.15078125 0.2078125 0.05625 0.0734375
0 0.09765625 0.178125 0.0640625 0.0796875
0 0.0375 0.14375 0.07421875 0.08671875
0 0.00625 0.121875 0.0125 0.06015625
0 0.46953125 0.40546875 0.01953125 0.04140625
0 0.44921875 0.39375 0.02109375 0.04375
0 0.4046875 0.36953125 0.02578125 0.046875
0 0.42734375 0.3828125 0.02265625 0.0453125
0 0.42890625 0.34609375 0.02265625 0.05078125
0 0.40546875 0.33203125 0.025 0.053125
0 0.38125 0.31640625 0.02734375 0.05546875
0 0.34921875 0.30078125 0.03984375 0.05859375
0 0.37890625 0.35625 0.02734375 0.05
0 0.3515625 0.34140625 0.03046875 0.053125
0 0.31796875 0.32421875 0.040625 0.05625
3 0.809375 0.72734375 0.059375 0.01796875