2 0.52109375 0.86796875 0.11484375 0.26328125
3 0.79765625 0.828125 0.0609375 0.11171875
3 0.78984375 0.42421875 0.01875 0.0203125
3 0.79375 0.43984375 0.021875 0.02578125
3 0.809375 0.80625 0.03046875 0.09921875
3 0.809375 0.72890625 0.05078125 0.075
3 0.79453125 0.675 0.02890625 0.05703125
3 0.8078125 0.5375 0.0421875 0.05078125
3 0.80390625 0.5046875 0.03125 0.03125
3 0.80390625 0.4859375 0.02421875 0.03515625
3 0.8421875 0.6890625 0.065625 0.08359375
3 0.8328125 0.634375 0.05859375 0.0640625
3 0.77421875 0.69453125 0.01171875 0.0546875
0 0.78125 0.4859375 0.00546875 0.01875
0 0.7796875 0.4984375 0.00390625 0.0140625
0 0.78203125 0.51171875 0.01015625 0.021875
0 0.7828125 0.52421875 0.00859375 0.03125
0 0.78359375 0.49921875 0.00625 0.01640625
0 0.78984375 0.56640625 0.0046875 0.03125
0 0.78515625 0.584375 0.00546875 0.0265625
0 0.7859375 0.6015625 0.00546875 0.03515625
0 0.79453125 0.621875 0.015625 0.0453125
0 0.79296875 0.57890625 0.00859375 0.04296875
0 0.83046875 0.45390625 0.01796875 0.046875
0 0.83046875 0.465625 0.0125 0.05
0 0.83828125 0.49296875 0.01328125 0.05625
0 0.83359375 0.47890625 0.01171875 0.053125
0 0.86796875 0.43515625 0.06328125 0.05390625
0 0.87421875 0.446875 0.06875 0.05703125
0 0.88203125 0.4609375 0.07421875 0.0609375
0 0.89140625 0.484375 0.08125 0.08359375
0 0.84296875 0.50859375 0.01328125 0.0609375
0 0.8484375 0.52578125 0.01484375 0.06484375
0 0.88828125 0.5484375 0.08359375 0.078125
0 0.92109375 0.58125 0.10859375 0.08828125
0 0.9375 0.6125 0.121875 0.096875
0 0.94375 0.64921875 0.11171875 0.10859375
0 0.95 0.69453125 0.09921875 0.1234375
0 0.9578125 0.7515625 0.0828125 0.140625
0 0.96796875 0.82265625 0.06328125 0.165625
0 0.98046875 0.90546875 0.03828125 0.1765625
0 0.85546875 0.75 0.04609375 0.08515625
0 0.8515625 0.79140625 0.02734375 0.09453125
0 0.85546875 0.840625 0.021875 0.10390625
0 0.8734375 0.784375 0.0328125 0.10625
0 0.86484375 0.8984375 0.02578125 0.115625
0 0.8765625 0.95078125 0.0296875 0.096875
0 0.88984375 0.9875 0.01171875 0.0234375
0 0.88515625 0.8390625 0.0375 0.11953125
0 0.9 0.90625 0.04375 0.13515625
0 0.9171875 0.95390625 0.05078125 0.08984375
3 0.7671875 0.54375 0.00546875 0.025
3 0.76640625 0.5640625 0.003125 0.02890625
3 0.771875 0.64375 0.009375 0.04453125
3 0.76953125 0.5890625 0.00859375 0.034375
3 0.4640625 0.61953125 0.04453125 0.0515625
3 0.575 0.38203125 0.0265625 0.01796875
3 0.56484375 0.3890625 0.02890625 0.01953125
3 0.50703125 0.440625 0.0375 0.0296875
3 0.51953125 0.42734375 0.0375 0.025
3 0.5375 0.415625 0.02890625 0.02421875
3 0.328125 0.8 0.0734375 0.10390625
3 0.43515625 0.50625 0.05390625 0.046875
3 0.45703125 0.4859375 0.0515625 0.040625
3 0.509375 0.56328125 0.03671875 0.03828125
0 0.57421875 0.43203125 0.015625 0.0234375
0 0.40078125 0.61875 0.01640625 0.0203125
0 0.39453125 0.63203125 0.0171875 0.021875
0 0.3796875 0.63515625 0.01796875 0.0296875
0 0.35703125 0.66875 0.01875 0.025
0 0.3671875 0.65 0.01796875 0.02421875
3 0.55234375 0.50703125 0.02890625 0.0234375
3 0.52890625 0.53828125 0.03359375 0.02890625
3 0.56875 0.49296875 0.01484375 0.02109375
3 0.578125 0.48046875 0.0140625 0.01953125
3 0.48828125 0.53359375 0.04375 0.03984375
0 0.56796875 0.44375 0.00390625 0.021875
0 0.55859375 0.44921875 0.01484375 0.021875
0 0.55234375 0.4515625 0.01875 0.02578125
0 0.5578125 0.4296875 0.01796875 0.02421875
0 0.52265625 0.46953125 0.01328125 0.0296875
0 0.52578125 0.4921875 0.00625 0.0265625
0 0.51953125 0.49921875 0.00625 0.028125
0 0.50546875 0.503125 0.02265625 0.034375
0 0.5125 0.47578125 0.02265625 0.03046875
0 0.4953125 0.378125 0.01640625 0.034375
0 0.49140625 0.384375 0.00859375 0.03359375
0 0.471875 0.39609375 0.01015625 0.034375
0 0.48203125 0.390625 0.00859375 0.03359375
0 0.47265625 0.359375 0.02734375 0.0359375
0 0.4625 0.3640625 0.02890625 0.03828125
0 0.4515625 0.36953125 0.03046875 0.03984375
0 0.440625 0.375 0.03046875 0.040625
0 0.46171875 0.403125 0.0109375 0.03515625
0 0.45078125 0.40859375 0.01171875 0.0359375
0 0.42890625 0.41328125 0.03359375 0.04375
0 0.39453125 0.41796875 0.0375 0.05
0 0.378125 0.4265625 0.0390625 0.053125
0 0.36015625 0.43515625 0.04140625 0.05546875
0 0.33984375 0.4453125 0.04453125 0.059375
0 0.31796875 0.45703125 0.04765625 0.0640625
0 0.29453125 0.46953125 0.05078125 0.06875
0 0.26796875 0.48359375 0.0546875 0.0734375
0 0.40078125 0.52109375 0.03359375 0.053125
0 0.39296875 0.53359375 0.01875 0.0546875
0 0.37734375 0.553125 0.01875 0.0484375
0 0.365625 0.51328125 0.0390625 0.05703125
0 0.359375 0.56796875 0.021875 0.05078125
0 0.33984375 0.5859375 0.02421875 0.053125
0 0.31796875 0.60390625 0.0265625 0.05546875
0 0.28359375 0.615625 0.05078125 0.078125
0 0.34609375 0.52578125 0.04140625 0.0609375
0 0.32578125 0.54140625 0.04453125 0.065625
0 0.303125 0.55703125 0.0484375 0.0703125
3 0.4359375 0.34921875 0.02265625 0.00625
3 0.42265625 0.3578125 0.02578125 0.01171875
3 0.15078125 0.5484375 0.05703125 0.04453125
3 0.34453125 0.38984375 0.03203125 0.01875
3 0.3625 0.38203125 0.03203125 0.01796875
3 0.38125 0.37421875 0.0203125 0.015625
3 0.3953125 0.465625 0.0234375 0.01640625
3 0.16484375 0.60703125 0.05546875 0.04921875
3 0.26484375 0.42421875 0.03203125 0.02578125
3 0.28515625 0.4140625 0.03984375 0.0234375
3 0.36796875 0.4828125 0.009375 0.00859375
0 0.20390625 0.5140625 0.02890625 0.03671875
3 0.41328125 0.45390625 0.01640625 0.01328125
0 0.378125 0.396875 0.01015625 0.00546875
0 0.35234375 0.40859375 0.0125 0.00546875
0 0.2296875 0.42890625 0.0171875 0.03125
0 0.20859375 0.43515625 0.0125 0.03359375
0 0.196875 0.44375 0.01953125 0.0296875
0 0.18828125 0.4171875 0.0296875 0.034375
0 0.1796875 0.45078125 0.02109375 0.03046875
0 0.1609375 0.45703125 0.02265625 0.03125
0 0.14140625 0.46484375 0.02421875 0.03359375
0 0.1171875 0.46953125 0.03359375 0.040625
0 0.1703125 0.42265625 0.03046875 0.0359375
0 0.1515625 0.42890625 0.03203125 0.03671875
0 0.13203125 0.43515625 0.03359375 0.0390625
0 0.21796875 0.35625 0.01796875 0.03046875
0 0.19296875 0.36015625 0.01796875 0.03125
0 0.18125 0.3640625 0.0296875 0.03359375
0 0.1625 0.36796875 0.03203125 0.034375
0 0.1421875 0.37265625 0.0328125 0.0359375
0 0.121875 0.378125 0.03515625 0.03671875
0 0.09921875 0.38203125 0.03671875 0.0390625
0 0.321875 0.3390625 0.01953125 0.0234375
0 0.31484375 0.3421875 0.0125 0.025
0 0.29296875 0.34921875 0.01328125 0.02421875
0 0.3046875 0.34609375 0.01328125 0.0234375
0 0.29765625 0.3234375 0.02265625 0.025
0 0.2859375 0.32578125 0.02265625 0.02578125
0 0.27421875 0.32890625 0.02265625 0.02578125
0 0.26015625 0.33125 0.025 0.0265625
0 0.28046875 0.3515625 0.01484375 0.02421875
0 0.26796875 0.35546875 0.01484375 0.025
0 0.25078125 0.35703125 0.025 0.02890625
3 0.678125 0.515625 0.03515625 0.0265625
3 0.496875 0.4203125 0.0171875 0.01328125