3 0.45546875 0.66171875 0.065625 0.0734375
3 0.96171875 0.56875 0.07578125 0.08828125
3 0.28671875 0.5078125 0.05703125 0.04375
3 0.403125 0.55703125 0.06875 0.059375
3 0.453125 0.571875 0.06953125 0.06484375
3 0.5046875 0.59609375 0.0671875 0.0765625
3 0.578125 0.48203125 0.07265625 0.06640625
3 0.64453125 0.4984375 0.084375 0.0703125
3 0.740625 0.5234375 0.1015625 0.07421875
3 0.715625 0.7921875 0.084375 0.12109375
3 0.50390625 0.68515625 0.06796875 0.08125
3 0.3 0.584375 0.06015625 0.05078125
3 0.39140625 0.4421875 0.071875 0.046875
3 0.4328125 0.4515625 0.07265625 0.0515625
3 0.57421875 0.72421875 0.07109375 0.09453125
0 0.96796875 0.75234375 0.06328125 0.11953125
0 0.32734375 0.51640625 0.03671875 0.053125
3 0.8265625 0.84609375 0.115625 0.14375
3 0.9375 0.909375 0.12421875 0.14140625
3 0.9921875 0.91328125 0.01484375 0.05625
3 0.85390625 0.72421875 0.12890625 0.11328125
0 0.734375 0.6609375 0.04296875 0.09453125
0 0.6984375 0.64765625 0.0390625 0.09140625
0 0.66484375 0.6359375 0.0359375 0.08828125
0 0.70390625 0.6015625 0.040625 0.08984375
0 0.628125 0.5765625 0.03671875 0.08125
0 0.625 0.62578125 0.03671875 0.07421875
0 0.59453125 0.62421875 0.03046875 0.053125
0 0.56796875 0.6015625 0.02890625 0.0765625
0 0.59921875 0.56796875 0.03671875 0.07890625
0 0.3546875 0.41796875 0.03984375 0.05078125
0 0.33515625 0.4140625 0.03515625 0.05078125
0 0.3109375 0.415625 0.01796875 0.0390625
0 0.31953125 0.37421875 0.04140625 0.046875
0 0.29609375 0.41171875 0.01796875 0.0390625
0 0.28203125 0.40859375 0.01796875 0.03828125
0 0.26796875 0.40546875 0.01640625 0.03671875
0 0.2546875 0.40078125 0.01640625 0.03984375
0 0.30234375 0.371875 0.03828125 0.0453125
0 0.2875 0.36953125 0.03828125 0.04453125
0 0.2734375 0.3671875 0.0375 0.04375
0 0.346875 0.296875 0.04375 0.04609375
0 0.32578125 0.29609375 0.03671875 0.04453125
0 0.30625 0.2953125 0.03046875 0.04453125
0 0.29453125 0.29453125 0.03828125 0.04296875
0 0.27578125 0.29296875 0.03046875 0.04140625
0 0.265625 0.29296875 0.03828125 0.040625
0 0.24765625 0.29140625 0.02890625 0.040625
0 0.52890625 0.3296875 0.040625 0.059375
0 0.5015625 0.32734375 0.03984375 0.05859375
0 0.4453125 0.325 0.02421875 0.05
0 0.46875 0.328125 0.02421875 0.0515625
0 0.4765625 0.27578125 0.0421875 0.053125
0 0.44375 0.275 0.025 0.0515625
0 0.4203125 0.275 0.02421875 0.05
0 0.3984375 0.27421875 0.02265625 0.0484375
0 0.421875 0.3234375 0.0234375 0.04921875
0 0.40078125 0.321875 0.02265625 0.046875
0 0.38046875 0.31796875 0.021875 0.04921875