3 0.034375 0.828125 0.06328125 0.07890625
3 0.0171875 0.46953125 0.03359375 0.04453125
3 0.0859375 0.71015625 0.06953125 0.04296875
3 0.0625 0.49765625 0.06015625 0.0234375
3 0.04921875 0.4921875 0.059375 0.02890625
0 0.0703125 0.63828125 0.025 0.0140625
0 0.0671875 0.63125 0.03046875 0.01015625
0 0.08515625 0.625 0.028125 0.021875
0 0.08671875 0.61953125 0.02578125 0.0046875
0 0.10234375 0.625 0.00625 0.01328125
3 0.025 0.696875 0.03359375 0.0546875
0 0.00546875 0.24296875 0.0109375 0.0609375
0 0.03125 0.278125 0.0125 0.06328125
0 0.05390625 0.31171875 0.01171875 0.0546875
0 0.04296875 0.29453125 0.0125 0.06015625
0 0.02578125 0.234375 0.05078125 0.09375
0 0.05546875 0.2625 0.01171875 0.0734375
0 0.06484375 0.28046875 0.01015625 0.06796875
0 0.0734375 0.29609375 0.00859375 0.06171875
0 0.06328125 0.3265625 0.01015625 0.05078125
0 0.071875 0.3390625 0.00859375 0.04609375
0 0.07890625 0.34921875 0.00703125 0.04375
0 0.0859375 0.35390625 0.01328125 0.04375
0 0.10078125 0.365625 0.00234375 0.03046875
0 0.1046875 0.37109375 0.0046875 0.03203125
0 0.10859375 0.378125 0.0046875 0.0296875
0 0.1125 0.384375 0.00390625 0.02890625
0 0.11640625 0.390625 0.003125 0.0265625
0 0.11953125 0.39609375 0.00390625 0.02578125
0 0.06171875 0.47578125 0.05390625 0.025
0 0.096875 0.49140625 0.00390625 0.0390625
0 0.10078125 0.49296875 0.00546875 0.03828125
0 0.078125 0.453125 0.05234375 0.04609375
0 0.10546875 0.49453125 0.0046875 0.0359375
0 0.109375 0.496875 0.00390625 0.034375
0 0.11328125 0.4984375 0.00390625 0.03359375
0 0.11640625 0.49921875 0.00390625 0.03203125
0 0.10625 0.459375 0.0046875 0.0390625
0 0.11015625 0.4625 0.00390625 0.0359375
0 0.1140625 0.46484375 0.00390625 0.03515625
3 0.5 0.68671875 0.0515625 0.03359375
3 0.98515625 0.4640625 0.02890625 0.0453125
3 0.896875 0.4703125 0.15 0.05
3 0.41484375 0.58671875 0.02578125 0.0140625
3 0.471875 0.60078125 0.046875 0.01953125
3 0.49921875 0.60546875 0.0515625 0.021875
3 0.5234375 0.61328125 0.05234375 0.025
3 0.5609375 0.50546875 0.04765625 0.01875
3 0.59921875 0.5015625 0.05234375 0.0203125
3 0.6640625 0.496875 0.07734375 0.025
3 0.678125 0.78203125 0.09296875 0.07578125
3 0.52890625 0.7015625 0.0578125 0.0390625
3 0.42109375 0.64609375 0.03671875 0.01953125
3 0.45625 0.51328125 0.01953125 0.01171875
3 0.48984375 0.51171875 0.0515625 0.0140625
3 0.57265625 0.7265625 0.06796875 0.04921875
0 0.9171875 0.68671875 0.1140625 0.10078125
0 0.4359375 0.58359375 0.01953125 0.0265625
3 0.78125 0.8375 0.11953125 0.10859375
3 0.90234375 0.9046875 0.15546875 0.15390625
3 0.98984375 0.94375 0.01875 0.10390625
3 0.78515625 0.67890625 0.11796875 0.0515625
0 0.6796875 0.63359375 0.04609375 0.06015625
0 0.64375 0.63046875 0.025 0.053125
0 0.6203125 0.6234375 0.02265625 0.053125
0 0.65234375 0.58203125 0.04375 0.05078125
0 0.6015625 0.5765625 0.0390625 0.04375
0 0.60234375 0.61875 0.03828125 0.04609375
0 0.57421875 0.615625 0.0171875 0.04375
0 0.5578125 0.6109375 0.015625 0.04375
0 0.58359375 0.57421875 0.0359375 0.04140625
0 0.45390625 0.50703125 0.02421875 0.02578125
0 0.43828125 0.50859375 0.00703125 0.02578125
0 0.43125 0.509375 0.00625 0.02421875
0 0.43828125 0.48515625 0.02109375 0.02421875
0 0.425 0.509375 0.00546875 0.0234375
0 0.41875 0.5109375 0.00546875 0.0234375
0 0.41328125 0.51171875 0.00546875 0.02109375
0 0.4078125 0.51171875 0.00546875 0.02109375
0 0.425 0.48671875 0.00546875 0.0234375
0 0.41875 0.4875 0.00546875 0.0234375
0 0.41328125 0.4890625 0.0046875 0.021875
0 0.453125 0.428125 0.02109375 0.025
0 0.4390625 0.43125 0.00703125 0.02578125
0 0.43203125 0.434375 0.00625 0.02421875
0 0.42578125 0.4375 0.00546875 0.0234375
0 0.41953125 0.43984375 0.00546875 0.021875
0 0.4140625 0.44296875 0.00546875 0.021875
0 0.40859375 0.44453125 0.0046875 0.02109375
0 0.5390625 0.40625 0.03203125 0.0359375
0 0.51640625 0.41015625 0.01171875 0.03515625
0 0.49375 0.41953125 0.01015625 0.03125
0 0.5046875 0.415625 0.0109375 0.03359375
0 0.5140625 0.384375 0.0296875 0.0359375
0 0.49375 0.390625 0.01015625 0.034375
0 0.48359375 0.3953125 0.009375 0.03359375
0 0.47421875 0.4 0.00859375 0.03125
0 0.48359375 0.4234375 0.009375 0.03046875
0 0.4734375 0.428125 0.00859375 0.0296875
0 0.46484375 0.43125 0.00859375 0.02890625