2 0.115625 0.60859375 0.13359375 0.23046875
3 0.446875 0.60546875 0.05703125 0.0484375
3 0.94375 0.47421875 0.1109375 0.053125
3 0.85859375 0.46484375 0.11796875 0.05
3 0.54375 0.43203125 0.059375 0.03359375
3 0.59453125 0.4390625 0.06640625 0.03515625
3 0.6625 0.44765625 0.06953125 0.0359375
3 0.31171875 0.559375 0.05234375 0.03515625
3 0.3953125 0.41640625 0.05859375 0.02578125
3 0.42890625 0.42109375 0.059375 0.028125
3 0.54453125 0.6421875 0.06015625 0.06015625
0 0.9203125 0.62578125 0.07421875 0.08828125
0 0.3734375 0.503125 0.01484375 0.01328125
0 0.36015625 0.503125 0.01484375 0.01484375
0 0.35703125 0.49453125 0.01484375 0.01875
0 0.33515625 0.49453125 0.01484375 0.0140625
0 0.34921875 0.49453125 0.01484375 0.0140625
3 0.74140625 0.709375 0.07890625 0.08359375
3 0.6171875 0.66796875 0.06171875 0.06875
3 0.8234375 0.7375 0.09296875 0.09140625
3 0.9140625 0.76875 0.11484375 0.1046875
3 0.48671875 0.53671875 0.05703125 0.0453125
0 0.82421875 0.60078125 0.0421875 0.075
0 0.78671875 0.59140625 0.04140625 0.0734375
0 0.75234375 0.58359375 0.040625 0.07109375
0 0.78984375 0.54609375 0.04765625 0.07109375
0 0.58359375 0.50703125 0.0296875 0.0546875
0 0.5828125 0.54765625 0.02890625 0.053125
0 0.55703125 0.546875 0.021875 0.04140625
0 0.5359375 0.53515625 0.02109375 0.05390625
0 0.56171875 0.503125 0.0296875 0.05390625
0 0.50390625 0.3125 0.03203125 0.04140625
0 0.47734375 0.31328125 0.0203125 0.040625
0 0.4390625 0.3140625 0.01875 0.0390625
0 0.4578125 0.31328125 0.01953125 0.03984375
0 0.4640625 0.2734375 0.03359375 0.040625
0 0.43828125 0.27421875 0.01875 0.03984375
0 0.4203125 0.27578125 0.01796875 0.03984375
0 0.40234375 0.2765625 0.01796875 0.03828125
0 0.42109375 0.3140625 0.01796875 0.03828125
0 0.40390625 0.3140625 0.0171875 0.0359375
0 0.3875 0.3140625 0.0171875 0.0359375
0 0.36015625 0.30078125 0.034375 0.03515625
0 0.33671875 0.3015625 0.015625 0.034375
0 0.32265625 0.3015625 0.01484375 0.03359375
0 0.31015625 0.303125 0.01484375 0.03359375
0 0.29765625 0.303125 0.01640625 0.03203125
0 0.284375 0.303125 0.0140625 0.03203125
0 0.27265625 0.30390625 0.01328125 0.03125
0 0.3640625 0.403125 0.03203125 0.03671875
0 0.3484375 0.4015625 0.02890625 0.0359375
0 0.328125 0.4015625 0.01484375 0.03203125
0 0.33515625 0.36953125 0.03359375 0.03359375
0 0.315625 0.4 0.0140625 0.03125
0 0.303125 0.3984375 0.0140625 0.03046875
0 0.290625 0.396875 0.01328125 0.0296875
0 0.2796875 0.3953125 0.01328125 0.03125
0 0.32109375 0.36796875 0.03046875 0.03203125
0 0.30703125 0.36796875 0.02578125 0.03125
0 0.29609375 0.36640625 0.02890625 0.03125
3 0.54375 0.48203125 0.02265625 0.01640625
3 0.796875 0.3890625 0.04765625 0.015625
3 0.75625 0.38671875 0.04296875 0.01484375
3 0.4578125 0.42109375 0.01953125 0.00546875
3 0.6078125 0.38125 0.02890625 0.01171875
3 0.63515625 0.38203125 0.0328125 0.01328125
3 0.6703125 0.38515625 0.0328125 0.01328125
3 0.665625 0.5046875 0.03203125 0.021875
3 0.45546875 0.46796875 0.028125 0.01484375
3 0.51953125 0.3765625 0.02734375 0.01015625
3 0.54140625 0.378125 0.02734375 0.0109375
3 0.61015625 0.49453125 0.0234375 0.01953125
0 0.75390625 0.44921875 0.0265625 0.01953125
0 0.478125 0.41953125 0.01796875 0.0140625
3 0.7078125 0.51171875 0.03515625 0.02421875
3 0.74375 0.51796875 0.03828125 0.025
3 0.7640625 0.52109375 0.01015625 0.0203125
3 0.7140625 0.45078125 0.03359375 0.009375
0 0.671875 0.4390625 0.0125 0.01796875
0 0.64453125 0.43671875 0.01328125 0.01796875
0 0.659375 0.4203125 0.0140625 0.021875
0 0.6296875 0.41875 0.0140625 0.02421875
0 0.63125 0.4359375 0.00859375 0.01484375
0 0.6171875 0.415625 0.0140625 0.01953125
0 0.49765625 0.36953125 0.0125 0.01953125
0 0.4875 0.36875 0.01171875 0.01953125
0 0.4765625 0.36875 0.00859375 0.01796875
0 0.4796875 0.35390625 0.01484375 0.01171875
0 0.46796875 0.36875 0.00859375 0.01796875
0 0.459375 0.36875 0.00859375 0.01640625
0 0.45078125 0.36796875 0.00859375 0.01796875
0 0.4421875 0.3671875 0.00859375 0.01796875
0 0.46796875 0.35390625 0.00859375 0.0109375
0 0.45859375 0.353125 0.00859375 0.01171875
0 0.45 0.353125 0.0078125 0.01171875
0 0.5859375 0.31953125 0.01171875 0.0203125
0 0.57421875 0.31953125 0.01171875 0.0203125
0 0.5515625 0.31953125 0.0109375 0.01953125
0 0.5625 0.31953125 0.01171875 0.0203125
0 0.56484375 0.29921875 0.01484375 0.0203125
0 0.5515625 0.29921875 0.0109375 0.0203125
0 0.540625 0.29921875 0.0109375 0.01953125
0 0.53203125 0.29921875 0.00703125 0.01953125
0 0.540625 0.31953125 0.01015625 0.01953125
0 0.53125 0.31953125 0.00703125 0.01953125
0 0.52109375 0.31953125 0.0015625 0.01953125
3 0.903125 0.56640625 0.07734375 0.0390625