2 0.14609375 0.50859375 0.10546875 0.21171875
3 0.4609375 0.60390625 0.06875 0.078125
3 0.5640625 0.41875 0.1109375 0.07109375
3 0.6375 0.453125 0.13671875 0.09609375
3 0.76015625 0.51640625 0.17734375 0.1390625
3 0.36875 0.48984375 0.04609375 0.040625
3 0.4140625 0.35546875 0.07265625 0.03671875
3 0.440625 0.36796875 0.0796875 0.04296875
3 0.55546875 0.728125 0.09609375 0.13125
0 0.40703125 0.44921875 0.01796875 0.01796875
0 0.3953125 0.44609375 0.0171875 0.015625
0 0.4 0.43359375 0.0109375 0.01796875
0 0.37890625 0.4296875 0.0125 0.01484375
0 0.3921875 0.43203125 0.01640625 0.0140625
3 0.8375 0.98125 0.04296875 0.0359375
3 0.65234375 0.859375 0.12578125 0.17890625
3 0.49375 0.54375 0.08671875 0.0796875
0 0.953125 0.8984375 0.0921875 0.20078125
0 0.6125 0.559375 0.0671875 0.10703125
0 0.60859375 0.62890625 0.065625 0.090625
0 0.5640625 0.6046875 0.02890625 0.0796875
0 0.5390625 0.5734375 0.02578125 0.090625
0 0.58046875 0.53828125 0.05859375 0.0984375
0 0.515625 0.215625 0.05859375 0.0703125
0 0.47578125 0.2171875 0.02109375 0.065625
0 0.4390625 0.2203125 0.0171875 0.05703125
0 0.45625 0.21953125 0.01875 0.0609375
0 0.47265625 0.15703125 0.05390625 0.06796875
0 0.4375 0.16171875 0.0171875 0.06328125
0 0.42265625 0.165625 0.015625 0.059375
0 0.40859375 0.16953125 0.01484375 0.05625
0 0.42421875 0.22109375 0.015625 0.05390625
0 0.4109375 0.221875 0.01484375 0.0515625
0 0.39921875 0.22265625 0.01328125 0.04921875
0 0.38515625 0.20703125 0.03515625 0.0453125
0 0.36484375 0.2078125 0.01171875 0.04375
0 0.35625 0.209375 0.01015625 0.040625
0 0.3484375 0.2109375 0.009375 0.03984375
0 0.34140625 0.21171875 0.009375 0.03828125
0 0.33515625 0.2125 0.00859375 0.0359375
0 0.32890625 0.21328125 0.00859375 0.0359375
0 0.39375 0.33046875 0.03828125 0.04140625
0 0.38359375 0.328125 0.03359375 0.04375
0 0.36328125 0.3265625 0.009375 0.03828125
0 0.37421875 0.2890625 0.03671875 0.03984375
0 0.35625 0.3234375 0.009375 0.0359375
0 0.34921875 0.3203125 0.00859375 0.03515625
0 0.34296875 0.31796875 0.00859375 0.03359375
0 0.33671875 0.3140625 0.0078125 0.034375
0 0.36328125 0.2875 0.02890625 0.03828125
0 0.35703125 0.2859375 0.02890625 0.03671875
0 0.35 0.284375 0.02890625 0.03515625
3 0.5625 0.359375 0.03359375 0.01796875
3 0.64140625 0.38515625 0.04453125 0.02421875
3 0.6765625 0.39453125 0.04765625 0.0265625
3 0.7140625 0.40703125 0.04921875 0.03046875
3 0.77734375 0.3265625 0.0578125 0.02421875
3 0.828125 0.334375 0.07109375 0.028125
3 0.88984375 0.34375 0.0609375 0.02890625
3 0.86328125 0.53125 0.03828125 0.0265625
3 0.64375 0.30859375 0.04296875 0.01796875
3 0.671875 0.31328125 0.04609375 0.01875
0 0.58984375 0.3625 0.021875 0.0265625
3 0.95703125 0.57109375 0.07890625 0.0453125
3 0.99765625 0.58828125 0.003125 0.01484375
3 0.96953125 0.48359375 0.06015625 0.0484375
0 0.88671875 0.446875 0.03671875 0.05078125
0 0.86015625 0.4421875 0.0375 0.04140625
0 0.8328125 0.43125 0.03203125 0.04609375
0 0.8671875 0.40390625 0.03828125 0.046875
0 0.809375 0.390625 0.034375 0.04296875
0 0.80390625 0.42578125 0.03359375 0.03828125
0 0.7796875 0.41953125 0.02421875 0.03515625
0 0.76015625 0.4109375 0.02421875 0.03984375
0 0.7875 0.3859375 0.03203125 0.040625
0 0.6171875 0.2984375 0.02265625 0.0234375
0 0.60078125 0.296875 0.01171875 0.021875
0 0.58984375 0.29609375 0.01015625 0.02109375
0 0.5796875 0.29375 0.01015625 0.02109375
0 0.5703125 0.29296875 0.009375 0.02109375
0 0.5609375 0.2921875 0.00859375 0.01953125
0 0.62265625 0.21953125 0.02421875 0.02578125
0 0.60546875 0.2203125 0.0125 0.02578125
0 0.59453125 0.22109375 0.01171875 0.025
0 0.58359375 0.22109375 0.0109375 0.025
0 0.5734375 0.22109375 0.01015625 0.02421875
0 0.5640625 0.221875 0.01015625 0.0234375
0 0.559375 0.221875 0.00078125 0.02109375
0 0.75 0.228125 0.03203125 0.03359375
0 0.7265625 0.228125 0.021875 0.03203125
0 0.69140625 0.22890625 0.01875 0.0296875
0 0.70859375 0.22890625 0.01953125 0.03125
0 0.71640625 0.19609375 0.03046875 0.03359375
0 0.69453125 0.19765625 0.01953125 0.03203125
0 0.678125 0.19921875 0.01796875 0.03125
0 0.66328125 0.2 0.01640625 0.0296875
0 0.67578125 0.22890625 0.0171875 0.02890625
0 0.6609375 0.2296875 0.015625 0.028125
0 0.646875 0.2296875 0.01484375 0.028125