3 0.39453125 0.7640625 0.10859375 0.14609375
3 0.70546875 0.34296875 0.053125 0.0203125
3 0.6828125 0.34765625 0.06171875 0.02265625
3 0.53125 0.3828125 0.08828125 0.04140625
3 0.57265625 0.37265625 0.084375 0.034375
3 0.6171875 0.36484375 0.065625 0.0296875
3 0.246875 0.4484375 0.1421875 0.096875
3 0.35234375 0.4234375 0.1265625 0.07421875
3 0.5359375 0.6515625 0.08203125 0.08828125
0 0.6984375 0.4359375 0.0328125 0.0390625
0 0.12265625 0.7421875 0.0421875 0.07421875
0 0.0640625 0.7875 0.05390625 0.0875
0 0.021875 0.78046875 0.04375 0.10390625
3 0.646875 0.56484375 0.06171875 0.040625
3 0.590625 0.6125 0.07109375 0.05546875
3 0.68046875 0.54453125 0.0375 0.0359375
3 0.70078125 0.5265625 0.0328125 0.03203125
3 0.47109375 0.575 0.09765625 0.0921875
0 0.684375 0.4484375 0.01171875 0.0390625
0 0.66328125 0.45390625 0.0328125 0.0421875
0 0.65078125 0.45625 0.03828125 0.04921875
0 0.6640625 0.4171875 0.03828125 0.04453125
0 0.5671875 0.45703125 0.04453125 0.0625
0 0.57890625 0.5078125 0.01796875 0.053125
0 0.56171875 0.5171875 0.01953125 0.05625
0 0.52734375 0.52109375 0.04921875 0.07265625
0 0.54921875 0.4640625 0.046875 0.065625
0 0.49921875 0.19453125 0.0296875 0.0765625
0 0.4671875 0.1875 0.034375 0.0828125
0 0.38984375 0.17109375 0.04765625 0.09609375
0 0.43125 0.18046875 0.0390625 0.08828125
0 0.428125 0.0953125 0.04140625 0.10078125
0 0.3859375 0.07890625 0.05 0.1109375
0 0.3359375 0.0609375 0.059375 0.121875
0 0.27109375 0.053125 0.084375 0.10625
0 0.3421875 0.1609375 0.05625 0.10390625
0 0.2859375 0.1484375 0.06796875 0.115625
0 0.2171875 0.1328125 0.0875 0.13203125
0 0.034375 0.0578125 0.06875 0.115625
0 0.0609375 0.4453125 0.12109375 0.14765625
0 0.0078125 0.4515625 0.015625 0.14609375
3 0.2671875 0.5078125 0.04921875 0.03046875
3 0.49921875 0.32421875 0.0234375 0.01171875
3 0.47109375 0.32578125 0.0359375 0.0109375
3 0.2609375 0.428125 0.01171875 0.01171875
3 0.340625 0.3359375 0.04140625 0.01484375
3 0.3734375 0.334375 0.0421875 0.0140625
3 0.4078125 0.33203125 0.0375 0.0125
3 0.41640625 0.4625 0.0375 0.0203125
3 0.31015625 0.4953125 0.04375 0.0265625
3 0.02890625 0.58046875 0.0578125 0.0421875
3 0.190625 0.34765625 0.05078125 0.0203125
3 0.2359375 0.34453125 0.04921875 0.0203125
3 0.35859375 0.48046875 0.03828125 0.02578125
0 0.47265625 0.38359375 0.0125 0.0203125
3 0.44921875 0.45234375 0.0359375 0.015625
3 0.47578125 0.446875 0.0265625 0.01484375
3 0.49921875 0.4390625 0.02109375 0.01484375
3 0.446875 0.3953125 0.0359375 0.01171875
0 0.41875 0.39375 0.01171875 0.0234375
0 0.40234375 0.39453125 0.0203125 0.01796875
0 0.390625 0.390625 0.01796875 0.01171875
0 0.4015625 0.37421875 0.0203125 0.0265625
0 0.371875 0.3765625 0.0203125 0.02578125
0 0.3578125 0.37734375 0.02109375 0.0234375
0 0.12421875 0.33984375 0.02265625 0.0390625
0 0.1 0.34140625 0.0359375 0.040625
0 0.06796875 0.34453125 0.03828125 0.040625
0 0.0625 0.30390625 0.0421875 0.040625
0 0.034375 0.34765625 0.04140625 0.04140625
0 0.0109375 0.3484375 0.02109375 0.04140625
0 0.0265625 0.30546875 0.0421875 0.04140625
0 0.00625 0.30546875 0.0125 0.0421875
0 0.10546875 0.22265625 0.02265625 0.04140625
0 0.08125 0.2203125 0.0390625 0.04453125
0 0.04765625 0.2171875 0.040625 0.04453125
0 0.0171875 0.2140625 0.034375 0.04609375
0 0.30703125 0.25859375 0.01796875 0.01953125
0 0.28828125 0.2578125 0.01953125 0.01953125
0 0.24921875 0.25546875 0.02265625 0.01953125
0 0.26953125 0.25625 0.02109375 0.01953125
0 0.22734375 0.25390625 0.02421875 0.0203125
0 0.20390625 0.25234375 0.02578125 0.0203125
0 0.1796875 0.25234375 0.02734375 0.02109375
3 0.95625 0.6359375 0.0875 0.07734375
3 0.57890625 0.428125 0.03203125 0.0140625