3 0.859375 0.51640625 0.00859375 0.01953125
3 0.871875 0.50703125 0.02265625 0.0234375
3 0.9171875 0.44453125 0.05234375 0.05078125
3 0.9 0.4703125 0.02734375 0.03125
3 0.88828125 0.484375 0.003125 0.00859375
3 0.9828125 0.34453125 0.03359375 0.08203125
3 0.9671875 0.79453125 0.06484375 0.0640625
0 0.87734375 0.596875 0.00234375 0.015625
3 0.9015625 0.72265625 0.0265625 0.03046875
3 0.9546875 0.75859375 0.08984375 0.05
3 0.88359375 0.709375 0.009375 0.025
3 0.8765625 0.69921875 0.00859375 0.02109375
3 0.971875 0.634375 0.05546875 0.03671875
0 0.88046875 0.60546875 0.00625 0.0359375
0 0.88359375 0.60546875 0.00390625 0.0359375
0 0.90546875 0.60546875 0.03203125 0.040625
0 0.89765625 0.56640625 0.0390625 0.0390625
0 0.91875 0.55390625 0.01171875 0.05390625
0 0.9234375 0.60703125 0.01171875 0.05546875
0 0.93203125 0.6078125 0.01328125 0.05859375
0 0.97265625 0.60859375 0.05390625 0.06640625
0 0.96171875 0.54609375 0.07578125 0.06484375
0 0.925 0.21953125 0.0125 0.05625
0 0.9359375 0.18828125 0.0140625 0.06328125
0 0.9625 0.10703125 0.01953125 0.08359375
0 0.94765625 0.1515625 0.01640625 0.07109375
0 0.9421875 0.1 0.01953125 0.10703125
0 0.95625 0.05625 0.021875 0.1125
0 0.9734375 0.03125 0.025 0.0625
0 0.98046875 0.053125 0.0234375 0.096875
0 0.99375 0.02265625 0.01171875 0.0453125
3 0.40546875 0.72421875 0.07109375 0.0390625
3 0.590625 0.5421875 0.0203125 0.01171875
3 0.57109375 0.5390625 0.0359375 0.01328125
3 0.071875 0.634375 0.14296875 0.03984375
3 0.3625 0.6203125 0.08203125 0.021875
3 0.4171875 0.61796875 0.053125 0.01875
3 0.45625 0.615625 0.05078125 0.01640625
3 0.48359375 0.51640625 0.04921875 0.01875
3 0.51484375 0.5234375 0.02890625 0.015625
3 0.53515625 0.5296875 0.03046875 0.01484375
3 0.53515625 0.68359375 0.04453125 0.02109375
3 0.4453125 0.71171875 0.06171875 0.03203125
3 0.0671875 0.83359375 0.134375 0.1015625
3 0.359375 0.48046875 0.07578125 0.03203125
3 0.409375 0.49296875 0.05234375 0.028125
3 0.48828125 0.6984375 0.05390625 0.0265625
0 0.5765625 0.603125 0.02265625 0.0234375
0 0.21875 0.60859375 0.065625 0.06328125
3 0.55859375 0.67734375 0.03984375 0.015625
3 0.58203125 0.671875 0.02109375 0.01484375
3 0.5953125 0.66796875 0.0203125 0.01328125
3 0.5609375 0.61171875 0.02734375 0.00859375
0 0.5421875 0.60390625 0.0078125 0.0265625
0 0.534375 0.60390625 0.00859375 0.0265625
0 0.5234375 0.60390625 0.01171875 0.02890625
0 0.528125 0.57578125 0.0203125 0.028125
0 0.5125 0.57421875 0.00859375 0.0296875
0 0.51328125 0.6046875 0.009375 0.0296875
0 0.50234375 0.6046875 0.01015625 0.03125
0 0.4828125 0.6046875 0.0296875 0.03125
0 0.49609375 0.5734375 0.02421875 0.03125
0 0.30625 0.4515625 0.03046875 0.0546875
0 0.27578125 0.44140625 0.034375 0.05859375
0 0.24140625 0.43125 0.03984375 0.06171875
0 0.24453125 0.37890625 0.03828125 0.06640625
0 0.20078125 0.41875 0.04609375 0.06796875
0 0.15546875 0.40546875 0.05234375 0.0734375
0 0.103125 0.3890625 0.06171875 0.08046875
0 0.040625 0.36953125 0.07421875 0.08984375
0 0.2046875 0.36328125 0.0453125 0.071875
0 0.16015625 0.34453125 0.0515625 0.07890625
0 0.10625 0.32421875 0.065625 0.08671875
0 0.31484375 0.30703125 0.02890625 0.05546875
0 0.2859375 0.2890625 0.03203125 0.06015625
0 0.253125 0.26953125 0.03671875 0.06484375
0 0.215625 0.246875 0.0421875 0.07109375
0 0.1734375 0.22109375 0.0484375 0.0765625
0 0.12421875 0.190625 0.05625 0.08515625
0 0.0671875 0.15625 0.0671875 0.09453125
0 0.46953125 0.4140625 0.0125 0.03515625
0 0.45625 0.40625 0.01328125 0.0359375
0 0.4265625 0.3890625 0.01640625 0.03984375
0 0.4421875 0.3984375 0.01484375 0.03828125
0 0.44296875 0.36640625 0.01484375 0.04140625
0 0.42734375 0.35625 0.01640625 0.04375
0 0.41015625 0.34453125 0.01796875 0.046875
0 0.38359375 0.3328125 0.0375 0.04921875
0 0.41015625 0.38046875 0.01796875 0.04140625
0 0.39140625 0.36953125 0.01953125 0.04453125
0 0.365625 0.3578125 0.03359375 0.046875
3 0.68359375 0.64921875 0.0359375 0.01171875