3 0.48125 0.66640625 0.0546875 0.04921875
3 0.98984375 0.55390625 0.01953125 0.01796875
3 0.928125 0.56328125 0.14296875 0.0703125
3 0.36640625 0.5421875 0.03515625 0.0234375
3 0.4453125 0.57421875 0.05234375 0.03515625
3 0.48046875 0.5859375 0.05625 0.03828125
3 0.51640625 0.6015625 0.059375 0.04453125
3 0.5703125 0.503125 0.06484375 0.03359375
3 0.61875 0.51171875 0.07421875 0.03671875
3 0.68671875 0.52578125 0.0796875 0.04140625
3 0.684375 0.7859375 0.08046875 0.0953125
3 0.5171875 0.6859375 0.05859375 0.05546875
3 0.37421875 0.60546875 0.04296875 0.03046875
3 0.440625 0.48125 0.05390625 0.0234375
3 0.46796875 0.4859375 0.05625 0.025
3 0.5703125 0.71953125 0.06640625 0.06796875
0 0.921875 0.7421875 0.09140625 0.11171875
0 0.39453125 0.5453125 0.025 0.03515625
3 0.7859375 0.84375 0.0953125 0.121875
3 0.89609375 0.90390625 0.12890625 0.15390625
3 0.971875 0.9421875 0.05546875 0.1140625
3 0.79921875 0.70859375 0.1 0.08984375
0 0.69296875 0.65390625 0.03828125 0.07421875
0 0.66484375 0.64765625 0.0375 0.06015625
0 0.63359375 0.63359375 0.02734375 0.06484375
0 0.66640625 0.59921875 0.03828125 0.065625
0 0.6078125 0.58125 0.03515625 0.05703125
0 0.60703125 0.625 0.03515625 0.05390625
0 0.57890625 0.61953125 0.02109375 0.04609375
0 0.55859375 0.60625 0.01953125 0.05546875
0 0.5859375 0.575 0.03359375 0.05546875
0 0.4171875 0.4671875 0.028125 0.03203125
0 0.403125 0.465625 0.02109375 0.03125
0 0.38828125 0.46484375 0.009375 0.028125
0 0.39609375 0.43671875 0.02734375 0.02890625
0 0.37890625 0.46328125 0.009375 0.0265625
0 0.36953125 0.46171875 0.00859375 0.02578125
0 0.3609375 0.4609375 0.00859375 0.02578125
0 0.353125 0.45859375 0.00859375 0.0265625
0 0.3859375 0.4359375 0.025 0.028125
0 0.3734375 0.43515625 0.01796875 0.028125
0 0.36875 0.434375 0.02421875 0.0265625
0 0.41640625 0.37734375 0.02890625 0.03046875
0 0.396875 0.37890625 0.01015625 0.0296875
0 0.38671875 0.37890625 0.01015625 0.02890625
0 0.37734375 0.3796875 0.009375 0.028125
0 0.36796875 0.38046875 0.009375 0.0265625
0 0.359375 0.38046875 0.00859375 0.02578125
0 0.3515625 0.38125 0.00859375 0.02578125
0 0.5328125 0.3859375 0.03359375 0.0390625
0 0.5078125 0.38671875 0.0171875 0.03828125
0 0.47578125 0.3875 0.01484375 0.034375
0 0.49140625 0.3875 0.015625 0.0359375
0 0.49921875 0.35078125 0.0328125 0.03828125
0 0.47578125 0.35234375 0.01484375 0.0359375
0 0.4609375 0.35390625 0.0140625 0.03515625
0 0.446875 0.35546875 0.01328125 0.034375
0 0.4609375 0.38828125 0.0140625 0.03359375
0 0.44765625 0.38828125 0.01328125 0.03203125
0 0.43515625 0.38828125 0.0125 0.03203125