3 0.04453125 0.83984375 0.071875 0.09453125
3 0.00859375 0.5265625 0.0171875 0.034375
3 0.10859375 0.696875 0.06484375 0.0453125
3 0.0515625 0.51171875 0.09375 0.02109375
3 0.04296875 0.515625 0.0765625 0.0265625
0 0.08359375 0.6390625 0.02265625 0.01875
0 0.08125 0.63515625 0.0265625 0.01875
0 0.10078125 0.6234375 0.02734375 0.021875
0 0.10390625 0.6140625 0.02421875 0.0046875
0 0.11171875 0.62109375 0.0171875 0.0140625
3 0.02578125 0.728125 0.03828125 0.06796875
0 0.003125 0.30703125 0.00234375 0.05703125
0 0.01328125 0.31640625 0.01875 0.0734375
0 0.04453125 0.34140625 0.01328125 0.059375
0 0.03046875 0.33046875 0.015625 0.065625
0 0.01953125 0.26875 0.0359375 0.08203125
0 0.04453125 0.2875 0.01328125 0.06953125
0 0.05703125 0.30078125 0.01171875 0.06484375
0 0.06796875 0.3125 0.01015625 0.06015625
0 0.05703125 0.3515625 0.01171875 0.0546875
0 0.06796875 0.36015625 0.01015625 0.0515625
0 0.078125 0.36796875 0.00859375 0.0484375
0 0.0828125 0.36328125 0.01953125 0.04453125
0 0.103125 0.37109375 0.00546875 0.03671875
0 0.109375 0.3765625 0.00546875 0.0359375
0 0.11484375 0.38125 0.00546875 0.03515625
0 0.11953125 0.38671875 0.00390625 0.03203125
0 0.12421875 0.390625 0.00390625 0.03046875
0 0.12890625 0.39453125 0.00390625 0.0296875
0 0.06875 0.4875 0.05 0.0265625
0 0.1046875 0.49609375 0.00625 0.03984375
0 0.1109375 0.49609375 0.00546875 0.03828125
0 0.0875 0.45625 0.05078125 0.040625
0 0.11640625 0.4953125 0.00546875 0.03515625
0 0.12109375 0.49453125 0.0046875 0.034375
0 0.12578125 0.49453125 0.00390625 0.03203125
0 0.1296875 0.49453125 0.00390625 0.03125
0 0.115625 0.45859375 0.0046875 0.0359375
0 0.1203125 0.46015625 0.0046875 0.03515625
0 0.125 0.4609375 0.0046875 0.03359375
3 0.50390625 0.67890625 0.05078125 0.0390625
3 0.9171875 0.521875 0.1640625 0.04375
3 0.42265625 0.5671875 0.02421875 0.015625
3 0.4765625 0.5890625 0.04609375 0.02421875
3 0.503125 0.59765625 0.0515625 0.0265625
3 0.525 0.61015625 0.05078125 0.03125
3 0.57109375 0.50703125 0.0640625 0.01875
3 0.6078125 0.509375 0.06640625 0.02109375
3 0.66640625 0.5140625 0.07890625 0.02578125
3 0.67734375 0.80625 0.09609375 0.09375
3 0.53125 0.69765625 0.05703125 0.0453125
3 0.4296875 0.62578125 0.03515625 0.021875
3 0.47421875 0.503125 0.046875 0.01328125
3 0.49375 0.503125 0.05234375 0.0140625
3 0.5734375 0.73125 0.06875 0.05859375
0 0.93515625 0.75390625 0.12734375 0.1296875
0 0.44296875 0.56796875 0.01953125 0.028125
3 0.78203125 0.88359375 0.12734375 0.1390625
3 0.909375 0.93828125 0.1703125 0.12109375
3 0.996875 0.9859375 0.0046875 0.0265625
3 0.79140625 0.721875 0.128125 0.075
0 0.68125 0.6546875 0.04921875 0.0703125
0 0.65390625 0.6484375 0.04609375 0.05703125
0 0.6203125 0.6359375 0.021875 0.06015625
0 0.6546875 0.59609375 0.04609375 0.059375
0 0.60390625 0.58359375 0.040625 0.05
0 0.60390625 0.628125 0.040625 0.04921875
0 0.575 0.62109375 0.01640625 0.04609375
0 0.55859375 0.61328125 0.01484375 0.046875
0 0.5859375 0.57890625 0.03828125 0.0484375
0 0.46015625 0.49375 0.025 0.02578125
0 0.44453125 0.49296875 0.00625 0.025
0 0.4375 0.49375 0.00546875 0.02421875
0 0.44453125 0.46875 0.01875 0.02421875
0 0.43203125 0.49296875 0.00546875 0.0234375
0 0.42578125 0.49296875 0.00546875 0.0234375
0 0.4203125 0.49296875 0.0046875 0.02109375
0 0.415625 0.49296875 0.00390625 0.02109375
0 0.43125 0.46875 0.00546875 0.0234375
0 0.42578125 0.46953125 0.00546875 0.0234375
0 0.4203125 0.4703125 0.0046875 0.021875
0 0.46015625 0.41328125 0.025 0.02578125
0 0.44453125 0.41484375 0.00625 0.02578125
0 0.4375 0.4171875 0.00546875 0.025
0 0.43203125 0.41953125 0.00546875 0.02421875
0 0.42578125 0.421875 0.00546875 0.0234375
0 0.42109375 0.4234375 0.00390625 0.021875
0 0.415625 0.425 0.0046875 0.021875
0 0.5421875 0.39921875 0.03359375 0.03671875
0 0.51875 0.403125 0.01171875 0.03671875
0 0.496875 0.409375 0.01015625 0.03203125
0 0.50703125 0.40625 0.01015625 0.03359375
0 0.51796875 0.37421875 0.03125 0.03671875
0 0.496875 0.37890625 0.01015625 0.03515625
0 0.48671875 0.3828125 0.00859375 0.03203125
0 0.47734375 0.38671875 0.00859375 0.03203125
0 0.48671875 0.41328125 0.00859375 0.03125
0 0.47734375 0.415625 0.00859375 0.0296875
0 0.46875 0.41796875 0.0078125 0.02890625