3 0.459375 0.6671875 0.06171875 0.0640625
3 0.93984375 0.5578125 0.11875 0.07890625
3 0.30078125 0.52734375 0.05 0.0359375
3 0.4109375 0.56796875 0.06328125 0.05
3 0.4578125 0.58046875 0.06484375 0.0546875
3 0.5046875 0.59921875 0.06328125 0.06484375
3 0.57109375 0.48984375 0.06640625 0.0515625
3 0.63125 0.5015625 0.0765625 0.0546875
3 0.71640625 0.51953125 0.08671875 0.05625
3 0.7015625 0.77890625 0.078125 0.1046875
3 0.5046875 0.68671875 0.06328125 0.0703125
3 0.3125 0.60078125 0.05546875 0.04453125
3 0.40234375 0.459375 0.06484375 0.03828125
3 0.43984375 0.46640625 0.065625 0.040625
3 0.5703125 0.72109375 0.0671875 0.08203125
0 0.94453125 0.72890625 0.0875 0.11328125
0 0.340625 0.5328125 0.03359375 0.046875
3 0.80703125 0.8265625 0.09921875 0.1203125
3 0.91015625 0.87578125 0.12109375 0.13046875
3 0.975 0.903125 0.0484375 0.11015625
3 0.8265625 0.70078125 0.10859375 0.09921875
0 0.71484375 0.65 0.03671875 0.08359375
0 0.68203125 0.6390625 0.034375 0.08046875
0 0.65234375 0.63046875 0.03359375 0.0765625
0 0.6859375 0.5953125 0.03515625 0.078125
0 0.6171875 0.5765625 0.03359375 0.07109375
0 0.615625 0.621875 0.03359375 0.065625
0 0.58671875 0.62109375 0.0265625 0.04921875
0 0.5625 0.60234375 0.02578125 0.06796875
0 0.59140625 0.56953125 0.03359375 0.06875
0 0.36875 0.440625 0.0359375 0.04375
0 0.3515625 0.43671875 0.0328125 0.04375
0 0.32890625 0.43828125 0.01640625 0.03515625
0 0.33671875 0.4015625 0.03671875 0.03984375
0 0.31484375 0.43515625 0.01484375 0.03515625
0 0.3015625 0.4328125 0.015625 0.034375
0 0.28828125 0.43046875 0.01484375 0.03359375
0 0.2765625 0.4265625 0.0140625 0.0359375
0 0.321875 0.39921875 0.03359375 0.0390625
0 0.3078125 0.39765625 0.03359375 0.03828125
0 0.2953125 0.39609375 0.0328125 0.03828125
0 0.3640625 0.33046875 0.03828125 0.0390625
0 0.3375 0.33046875 0.0171875 0.03828125
0 0.32265625 0.3296875 0.01640625 0.03671875
0 0.3078125 0.32890625 0.01640625 0.0359375
0 0.29453125 0.32890625 0.015625 0.03515625
0 0.28125 0.328125 0.01484375 0.034375
0 0.26875 0.328125 0.01484375 0.034375
0 0.5265625 0.353125 0.0359375 0.04921875
0 0.50078125 0.353125 0.0328125 0.0484375
0 0.4515625 0.3515625 0.02109375 0.04375
0 0.4734375 0.35234375 0.021875 0.0453125
0 0.48046875 0.30625 0.0375 0.04609375
0 0.45078125 0.30625 0.021875 0.04453125
0 0.43046875 0.30703125 0.02109375 0.04375
0 0.4109375 0.30703125 0.01953125 0.04140625
0 0.43125 0.35 0.0203125 0.04296875
0 0.4125 0.34921875 0.01953125 0.040625
0 0.39453125 0.34765625 0.01875 0.04140625