3 0.40625 0.7140625 0.06171875 0.075
3 0.79375 0.4421875 0.07734375 0.03203125
3 0.75078125 0.44609375 0.07734375 0.034375
3 0.0875 0.66953125 0.1296875 0.08359375
3 0.3328125 0.63203125 0.07734375 0.0703125
3 0.403125 0.615625 0.065625 0.06484375
3 0.46796875 0.6078125 0.05625 0.06796875
3 0.53125 0.47109375 0.0609375 0.04453125
3 0.58125 0.465625 0.07109375 0.0390625
3 0.6390625 0.46171875 0.06953125 0.0359375
3 0.6328125 0.665625 0.0671875 0.06015625
3 0.465625 0.70078125 0.0609375 0.0703125
3 0.11484375 0.7796875 0.11796875 0.0984375
3 0.31328125 0.49765625 0.075 0.05625
3 0.375 0.49140625 0.06171875 0.0546875
3 0.5375 0.68828125 0.06015625 0.06796875
0 0.746875 0.54609375 0.04453125 0.0484375
0 0.18984375 0.640625 0.06640625 0.07109375
3 0.68828125 0.65546875 0.06875 0.05
3 0.73984375 0.65234375 0.0515625 0.034375
3 0.77890625 0.6421875 0.05234375 0.034375
3 0.69375 0.5640625 0.07109375 0.03984375
0 0.646875 0.56171875 0.02265625 0.05703125
0 0.61953125 0.56640625 0.03515625 0.05546875
0 0.6015625 0.56875 0.02890625 0.059375
0 0.62109375 0.528125 0.0375 0.05625
0 0.571875 0.5359375 0.0328125 0.05859375
0 0.5765625 0.5828125 0.02265625 0.04140625
0 0.55078125 0.58125 0.0296875 0.053125
0 0.52734375 0.58046875 0.03203125 0.06328125
0 0.55 0.5390625 0.03359375 0.059375
0 0.2421875 0.48671875 0.04921875 0.06875
0 0.2078125 0.48984375 0.05234375 0.0703125
0 0.16640625 0.5015625 0.04296875 0.05546875
0 0.16953125 0.44296875 0.065625 0.06875
0 0.12890625 0.50546875 0.04609375 0.05546875
0 0.090625 0.509375 0.0484375 0.05703125
0 0.0515625 0.51328125 0.05078125 0.05703125
0 0.01796875 0.50859375 0.0359375 0.0734375
0 0.1296875 0.44453125 0.06484375 0.06953125
0 0.09140625 0.44765625 0.0703125 0.07109375
0 0.05234375 0.45078125 0.07734375 0.0734375
0 0.22578125 0.32890625 0.053125 0.05859375
0 0.18359375 0.33046875 0.04609375 0.06015625
0 0.14375 0.33046875 0.04765625 0.0609375
0 0.1046875 0.33125 0.05078125 0.06171875
0 0.0625 0.33203125 0.05390625 0.0640625
0 0.0234375 0.33203125 0.046875 0.06484375
0 0.0015625 0.3546875 0.003125 0.01875
0 0.4828125 0.34453125 0.03203125 0.0515625
0 0.45703125 0.34453125 0.02890625 0.053125
0 0.39921875 0.3484375 0.03125 0.0515625
0 0.428125 0.346875 0.0296875 0.0515625
0 0.42734375 0.29453125 0.03046875 0.053125
0 0.396875 0.29453125 0.03203125 0.05390625
0 0.365625 0.29453125 0.034375 0.0546875
0 0.33359375 0.29453125 0.03515625 0.05546875
0 0.36796875 0.3484375 0.03359375 0.053125
0 0.33671875 0.35 0.034375 0.05390625
0 0.3046875 0.34921875 0.03671875 0.05703125
3 0.97734375 0.69765625 0.04453125 0.065625