2 0.00234375 0.7 0.0046875 0.0875
3 0.42734375 0.67265625 0.08125 0.06015625
3 0.5546875 0.39140625 0.0703125 0.03046875
3 0.6390625 0.38515625 0.09921875 0.03515625
3 0.759375 0.37578125 0.12734375 0.03984375
3 0.2640625 0.61875 0.06796875 0.03828125
3 0.36171875 0.40703125 0.07421875 0.0234375
3 0.40625 0.403125 0.0828125 0.025
3 0.56796875 0.721875 0.0921875 0.08515625
0 0.3390625 0.53671875 0.02109375 0.0140625
0 0.3203125 0.5359375 0.0171875 0.015625
0 0.31953125 0.52890625 0.01875 0.021875
0 0.29375 0.53125 0.0203125 0.0140625
0 0.30625 0.53125 0.01015625 0.01328125
3 0.91875 0.83671875 0.16171875 0.1484375
3 0.6921875 0.76328125 0.1078125 0.109375
3 0.48203125 0.56171875 0.084375 0.0453125
0 0.97578125 0.60390625 0.04765625 0.10703125
0 0.93984375 0.60078125 0.10546875 0.11015625
0 0.97578125 0.51875 0.04765625 0.09375
0 0.625 0.50078125 0.04296875 0.06640625
0 0.625 0.56328125 0.04296875 0.071875
0 0.58671875 0.5609375 0.034375 0.06484375
0 0.553125 0.55390625 0.03203125 0.06875
0 0.58984375 0.49921875 0.03984375 0.06328125
0 0.50625 0.23671875 0.0453125 0.07578125
0 0.46953125 0.23671875 0.0265625 0.05859375
0 0.41953125 0.2515625 0.02265625 0.05390625
0 0.44375 0.24453125 0.02421875 0.05546875
0 0.45390625 0.19375 0.0453125 0.0609375
0 0.41953125 0.20234375 0.02265625 0.05859375
0 0.396875 0.2109375 0.02109375 0.05625
0 0.3765625 0.21875 0.0203125 0.0546875
0 0.39765625 0.25859375 0.02109375 0.05078125
0 0.3765625 0.265625 0.0203125 0.04921875
0 0.35703125 0.2703125 0.01875 0.0484375
0 0.32734375 0.26875 0.040625 0.05078125
0 0.3 0.27109375 0.01640625 0.04140625
0 0.284375 0.27578125 0.01484375 0.040625
0 0.2703125 0.28125 0.0140625 0.03984375
0 0.25625 0.28515625 0.01328125 0.0390625
0 0.24375 0.2890625 0.01328125 0.03828125
0 0.23125 0.29375 0.0125 0.03671875
0 0.33046875 0.3984375 0.04296875 0.04296875
0 0.30078125 0.4 0.01640625 0.040625
0 0.2859375 0.4015625 0.01484375 0.03984375
0 0.2984375 0.36171875 0.0421875 0.04140625
0 0.271875 0.403125 0.0140625 0.0390625
0 0.2578125 0.4046875 0.01328125 0.03671875
0 0.2453125 0.40625 0.0125 0.0359375
0 0.2328125 0.40703125 0.01171875 0.0359375
0 0.2703125 0.3640625 0.0140625 0.03984375
0 0.25703125 0.3671875 0.01328125 0.03984375
0 0.24453125 0.36875 0.0125 0.03828125
3 0.89609375 0.4234375 0.0484375 0.009375
3 0.8234375 0.42578125 0.04765625 0.00859375
3 0.4578125 0.49375 0.0328125 0.01015625
3 0.5359375 0.4984375 0.03359375 0.01171875
3 0.559375 0.49921875 0.01953125 0.01171875
3 0.63671875 0.43125 0.03046875 0.00859375
3 0.671875 0.43046875 0.0390625 0.00859375
3 0.71640625 0.42890625 0.04296875 0.00859375
3 0.71875 0.57734375 0.04296875 0.0234375
3 0.46484375 0.54140625 0.01953125 0.009375
3 0.53125 0.43359375 0.02265625 0.00625
3 0.55859375 0.43359375 0.0328125 0.00703125
3 0.653125 0.56875 0.01328125 0.01875
0 0.83046875 0.50625 0.03359375 0.03125
0 0.48671875 0.490625 0.02109375 0.02109375
3 0.77421875 0.584375 0.05078125 0.02578125
3 0.8203125 0.58984375 0.04765625 0.02578125
3 0.875 0.6 0.02578125 0.01875
3 0.77734375 0.51171875 0.05234375 0.015625
0 0.72109375 0.50078125 0.01796875 0.02890625
0 0.70390625 0.5 0.01640625 0.028125
0 0.68671875 0.49921875 0.01640625 0.028125
0 0.7046875 0.47421875 0.0171875 0.02578125
0 0.66640625 0.4734375 0.01640625 0.025
0 0.665625 0.4984375 0.01640625 0.02578125
0 0.65234375 0.4984375 0.0109375 0.02421875
0 0.65078125 0.4734375 0.01484375 0.02421875
0 0.50390625 0.434375 0.00546875 0.00625
0 0.4953125 0.43515625 0.01015625 0.00546875
0 0.48515625 0.43515625 0.01015625 0.00546875
0 0.4890625 0.403125 0.0171875 0.01171875
0 0.475 0.43515625 0.009375 0.00546875
0 0.46484375 0.4359375 0.009375 0.00546875
0 0.45625 0.4359375 0.00859375 0.00546875
0 0.446875 0.4359375 0.00859375 0.00546875
0 0.475 0.40390625 0.009375 0.01171875
0 0.46484375 0.4046875 0.009375 0.0109375
0 0.45546875 0.40546875 0.00859375 0.0109375
0 0.5109375 0.3625 0.0171875 0.02109375
0 0.49609375 0.36328125 0.01015625 0.02109375
0 0.4859375 0.36484375 0.01015625 0.0203125
0 0.47578125 0.36640625 0.009375 0.01953125
0 0.465625 0.36796875 0.009375 0.0203125
0 0.45625 0.36875 0.00859375 0.0203125
0 0.446875 0.36953125 0.00859375 0.01953125
0 0.61015625 0.359375 0.01328125 0.02421875
0 0.59609375 0.3609375 0.01328125 0.02421875
0 0.56953125 0.3640625 0.0125 0.0234375
0 0.5828125 0.3625 0.0125 0.0234375
0 0.58515625 0.33984375 0.0171875 0.02421875
0 0.5703125 0.34140625 0.01171875 0.0234375
0 0.5578125 0.34296875 0.01171875 0.0234375
0 0.5453125 0.34453125 0.0109375 0.0234375
0 0.55703125 0.365625 0.01171875 0.021875
0 0.5453125 0.36640625 0.0109375 0.021875
0 0.5296875 0.36796875 0.003125 0.02109375