2 0.08046875 0.69921875 0.1609375 0.265625
3 0.440625 0.5859375 0.0578125 0.06484375
3 0.95 0.51796875 0.09921875 0.08828125
3 0.8734375 0.50078125 0.12109375 0.08828125
3 0.54765625 0.43125 0.06171875 0.06640625
3 0.60390625 0.44375 0.06875 0.06640625
3 0.67890625 0.46328125 0.07578125 0.06328125
3 0.2828125 0.528125 0.05859375 0.05078125
3 0.37265625 0.396875 0.06640625 0.0546875
3 0.4140625 0.40625 0.06640625 0.05703125
3 0.5453125 0.628125 0.0578125 0.075
0 0.9078125 0.6421875 0.07265625 0.09375
0 0.3515625 0.47734375 0.0171875 0.01953125
0 0.3359375 0.478125 0.01640625 0.02109375
0 0.33125 0.465625 0.0171875 0.025
0 0.3046875 0.465625 0.0171875 0.01953125
0 0.32109375 0.4640625 0.01640625 0.0203125
3 0.73515625 0.69609375 0.075 0.09375
3 0.61953125 0.65546875 0.05859375 0.08203125
3 0.8078125 0.728125 0.07890625 0.084375
3 0.8828125 0.753125 0.09140625 0.096875
3 0.48203125 0.52890625 0.05234375 0.07109375
0 0.82421875 0.6140625 0.04375 0.0796875
0 0.79140625 0.60234375 0.0421875 0.08203125
0 0.75703125 0.59296875 0.04609375 0.08046875
0 0.79765625 0.56796875 0.05390625 0.07578125
0 0.58984375 0.51171875 0.02890625 0.0640625
0 0.5875 0.5484375 0.02890625 0.0609375
0 0.5625 0.55078125 0.02421875 0.040625
0 0.540625 0.53046875 0.02421875 0.06640625
0 0.56640625 0.50546875 0.02890625 0.06171875
0 0.50234375 0.296875 0.03515625 0.06328125
0 0.47734375 0.29375 0.0359375 0.06171875
0 0.42421875 0.29375 0.025 0.0484375
0 0.44765625 0.296875 0.025 0.04921875
0 0.45234375 0.2453125 0.0390625 0.059375
0 0.42734375 0.24296875 0.0375 0.05703125
0 0.4046875 0.240625 0.03828125 0.05625
0 0.3828125 0.23828125 0.0390625 0.05625
0 0.4015625 0.290625 0.025 0.04609375
0 0.3796875 0.2875 0.02421875 0.0453125
0 0.35859375 0.2796875 0.02421875 0.05546875
0 0.3203125 0.25703125 0.0453125 0.053125
0 0.296875 0.25390625 0.03828125 0.053125
0 0.2796875 0.25234375 0.04140625 0.05078125
0 0.2625 0.25 0.04140625 0.05
0 0.24375 0.2484375 0.03984375 0.05
0 0.22734375 0.24609375 0.040625 0.04921875
0 0.2125 0.24453125 0.0421875 0.0484375
0 0.33359375 0.3734375 0.040625 0.0546875
0 0.31328125 0.36953125 0.03671875 0.05390625
0 0.2890625 0.3734375 0.021875 0.03828125
0 0.29375 0.33046875 0.04296875 0.0515625
0 0.271875 0.36953125 0.02109375 0.03671875
0 0.25546875 0.365625 0.021875 0.03671875
0 0.23984375 0.3625 0.02109375 0.0359375
0 0.225 0.35546875 0.02109375 0.04375
0 0.27421875 0.328125 0.03828125 0.0515625
0 0.2578125 0.325 0.0390625 0.05
0 0.24140625 0.321875 0.03828125 0.04921875
3 0.52890625 0.38203125 0.025 0.02421875
3 0.7859375 0.29453125 0.046875 0.025
3 0.7453125 0.290625 0.04453125 0.02421875
3 0.59296875 0.27578125 0.0296875 0.021875
3 0.621875 0.27890625 0.03359375 0.021875
3 0.65859375 0.28359375 0.03515625 0.01953125
3 0.6484375 0.40703125 0.03203125 0.02890625
3 0.55234375 0.3875 0.03046875 0.025
3 0.425 0.3625 0.03125 0.02109375
3 0.49609375 0.2609375 0.0265625 0.009375
3 0.5203125 0.26796875 0.02890625 0.01796875
3 0.58828125 0.39609375 0.03046875 0.0265625
3 0.68828125 0.41484375 0.034375 0.0296875
3 0.7234375 0.42109375 0.0359375 0.0296875
3 0.7578125 0.428125 0.03984375 0.03125
0 0.6453125 0.31796875 0.01484375 0.021875
0 0.6140625 0.31328125 0.0140625 0.02109375
0 0.6015625 0.31171875 0.0140625 0.02109375
0 0.475 0.253125 0.00625 0.01953125
0 0.46953125 0.1890625 0.01484375 0.02578125
0 0.45859375 0.18828125 0.01640625 0.025
0 0.4484375 0.1875 0.0171875 0.025
0 0.43671875 0.18671875 0.01640625 0.02578125
0 0.4265625 0.18671875 0.0171875 0.025
0 0.41484375 0.1859375 0.015625 0.025
0 0.40546875 0.18515625 0.01796875 0.02421875
0 0.5703125 0.2046875 0.0140625 0.028125
0 0.55859375 0.20390625 0.01640625 0.028125
0 0.534375 0.20390625 0.00703125 0.02421875
0 0.54453125 0.2046875 0.01328125 0.02421875
0 0.546875 0.178125 0.01640625 0.0265625
0 0.53671875 0.178125 0.01015625 0.0265625
0 0.521875 0.17734375 0.0046875 0.0265625
0 0.50625 0.1765625 0.00859375 0.02578125
0 0.52109375 0.203125 0.00390625 0.0234375
0 0.50546875 0.20234375 0.00859375 0.0234375
0 0.4953125 0.19921875 0.01171875 0.0265625