3 0.99765625 0.48671875 0.003125 0.03515625
3 0.99765625 0.52109375 0.00390625 0.0453125
3 0.9265625 0.9890625 0.03046875 0.0203125
3 0.98125 0.78046875 0.03671875 0.11171875
3 0.9890625 0.6953125 0.0203125 0.078125
3 0.91328125 0.96640625 0.0625 0.065625
0 0.978125 0.58828125 0.0171875 0.0359375
0 0.96875 0.62265625 0.01953125 0.04375
0 0.971875 0.63359375 0.02109375 0.028125
0 0.97109375 0.67265625 0.025 0.06953125
0 0.97890625 0.615625 0.0140625 0.05546875
0 0.96484375 0.809375 0.01171875 0.0484375
0 0.95 0.83515625 0.02109375 0.06875
0 0.94765625 0.86640625 0.021875 0.06015625
0 0.95390625 0.93203125 0.03828125 0.115625
0 0.978125 0.84921875 0.04296875 0.059375
3 0.934375 0.659375 0.01484375 0.046875
3 0.9265625 0.7015625 0.01171875 0.053125
3 0.90546875 0.87578125 0.02109375 0.096875
3 0.9234375 0.75546875 0.01640625 0.071875
3 0.44375 0.640625 0.0578125 0.078125
3 0.65 0.3359375 0.04140625 0.03046875
3 0.6328125 0.34765625 0.04140625 0.03203125
3 0.51875 0.4203125 0.053125 0.0515625
3 0.5453125 0.4015625 0.05390625 0.04375
3 0.57734375 0.38515625 0.04453125 0.0390625
3 0.21796875 0.853125 0.0859375 0.14453125
3 0.38203125 0.5140625 0.06953125 0.08203125
3 0.42421875 0.4859375 0.06640625 0.071875
3 0.52109375 0.57109375 0.05 0.06015625
0 0.6421875 0.4015625 0.02578125 0.03359375
0 0.334375 0.64453125 0.01875 0.03359375
0 0.3203125 0.66484375 0.01953125 0.03515625
0 0.3 0.66328125 0.01953125 0.04375
0 0.259375 0.70703125 0.0203125 0.0390625
0 0.28046875 0.68046875 0.01953125 0.03671875
3 0.6 0.5015625 0.0421875 0.03203125
3 0.5578125 0.5421875 0.04609375 0.03984375
3 0.6265625 0.4828125 0.02421875 0.03046875
3 0.64375 0.465625 0.02421875 0.028125
3 0.4828125 0.53984375 0.05546875 0.06640625
0 0.62890625 0.41875 0.009375 0.03125
0 0.61328125 0.42578125 0.02421875 0.03203125
0 0.60390625 0.42890625 0.0265625 0.03984375
0 0.61484375 0.4015625 0.02734375 0.034375
0 0.54609375 0.45625 0.01953125 0.04140625
0 0.5484375 0.48671875 0.01171875 0.034375
0 0.53515625 0.49609375 0.015625 0.03515625
0 0.51640625 0.4984375 0.02890625 0.05078125
0 0.5296875 0.465625 0.02890625 0.04375
0 0.4921875 0.33984375 0.0296875 0.0515625
0 0.48125 0.346875 0.01796875 0.05390625
0 0.44375 0.36875 0.021875 0.04921875
0 0.46328125 0.36015625 0.01953125 0.04609375
0 0.453125 0.3140625 0.03828125 0.05859375
0 0.43359375 0.321875 0.03984375 0.06015625
0 0.41171875 0.33046875 0.04140625 0.0640625
0 0.3890625 0.33828125 0.04296875 0.065625
0 0.42265625 0.37890625 0.02265625 0.05
0 0.40078125 0.3890625 0.02578125 0.0515625
0 0.36875 0.39375 0.04296875 0.06640625
0 0.3015625 0.40078125 0.05 0.0796875
0 0.26875 0.41484375 0.053125 0.08515625
0 0.23359375 0.42890625 0.05546875 0.08984375
0 0.19453125 0.4453125 0.059375 0.09609375
0 0.1515625 0.46328125 0.0625 0.103125
0 0.10234375 0.4828125 0.071875 0.11015625
0 0.04609375 0.5046875 0.08203125 0.11875
0 0.31953125 0.53359375 0.04453125 0.08046875
0 0.29296875 0.5515625 0.04296875 0.084375
0 0.26484375 0.584375 0.040625 0.06015625
0 0.25234375 0.52890625 0.05078125 0.08828125
0 0.23046875 0.60625 0.04609375 0.06484375
0 0.19296875 0.62890625 0.05078125 0.07109375
0 0.15234375 0.65703125 0.05703125 0.07109375
0 0.10625 0.66796875 0.06484375 0.11015625
0 0.2171875 0.5484375 0.05390625 0.09375
0 0.178125 0.56953125 0.05703125 0.10078125
0 0.1359375 0.59375 0.06171875 0.10703125
3 0.32734375 0.45390625 0.0296875 0.01796875
3 0.4921875 0.26875 0.02890625 0.015625
3 0.46953125 0.27421875 0.02265625 0.01796875
3 0.33203125 0.3890625 0.0078125 0.02109375
3 0.340625 0.38359375 0.01640625 0.025
3 0.3703125 0.30703125 0.03046875 0.02421875
3 0.39609375 0.296875 0.034375 0.015625
3 0.42265625 0.290625 0.03046875 0.0140625
3 0.2703125 0.34140625 0.03671875 0.03125
3 0.296875 0.33203125 0.03359375 0.02890625
0 0.22890625 0.34453125 0.025 0.03671875
0 0.2125 0.34921875 0.02421875 0.03828125
0 0.19453125 0.359375 0.02421875 0.03125
0 0.1875 0.32890625 0.0265625 0.0390625
0 0.17578125 0.36484375 0.02578125 0.03125
0 0.15546875 0.3703125 0.0265625 0.03359375
0 0.134375 0.378125 0.02890625 0.03359375
0 0.1125 0.37890625 0.03046875 0.04375
0 0.16875 0.33359375 0.02734375 0.03984375
0 0.14765625 0.3390625 0.028125 0.04140625
0 0.1265625 0.34453125 0.0296875 0.04140625
0 0.2140625 0.26328125 0.0265625 0.0359375
0 0.1953125 0.2671875 0.02734375 0.03828125
0 0.17578125 0.27109375 0.028125 0.03828125
0 0.15546875 0.275 0.02890625 0.0390625
0 0.13359375 0.27890625 0.03046875 0.040625
0 0.1109375 0.28359375 0.03125 0.04296875
0 0.08671875 0.28828125 0.03359375 0.04296875
0 0.34296875 0.2484375 0.02109375 0.0296875
0 0.33203125 0.25078125 0.01640625 0.0296875
0 0.3046875 0.259375 0.0171875 0.028125
0 0.3171875 0.25625 0.00703125 0.02421875
0 0.31796875 0.23671875 0.0125 0.015625
0 0.30234375 0.23984375 0.015625 0.01484375
0 0.28671875 0.2421875 0.01640625 0.01796875
0 0.26953125 0.24453125 0.02109375 0.01796875
0 0.28984375 0.26171875 0.01796875 0.028125
0 0.275 0.265625 0.01953125 0.028125
0 0.25625 0.26640625 0.02421875 0.034375
3 0.78046875 0.5671875 0.053125 0.06015625
3 0.5625 0.3625 0.02734375 0.01796875