3 0.4046875 0.7359375 0.06328125 0.065625
3 0.7265625 0.478125 0.05546875 0.01796875
3 0.69375 0.48046875 0.06015625 0.01875
3 0.06953125 0.69140625 0.13828125 0.0765625
3 0.33671875 0.64609375 0.07109375 0.05625
3 0.40390625 0.63125 0.0640625 0.04921875
3 0.4640625 0.621875 0.0578125 0.04921875
3 0.5171875 0.4953125 0.0578125 0.02578125
3 0.559375 0.4921875 0.0625 0.0234375
3 0.60625 0.48984375 0.0578125 0.0203125
3 0.609375 0.6796875 0.0609375 0.04609375
3 0.459375 0.71953125 0.0625 0.06015625
3 0.08359375 0.82421875 0.1328125 0.103125
3 0.3234375 0.509375 0.06171875 0.034375
3 0.384375 0.50546875 0.05625 0.03125
3 0.52421875 0.70390625 0.0625 0.0546875
0 0.696875 0.56796875 0.03515625 0.0359375
0 0.18671875 0.65625 0.06875 0.065625
3 0.65546875 0.66953125 0.059375 0.0359375
3 0.69765625 0.6625 0.04140625 0.02890625
3 0.728125 0.65390625 0.04140625 0.02578125
3 0.65546875 0.58515625 0.05859375 0.02578125
0 0.61796875 0.58125 0.0171875 0.04453125
0 0.59453125 0.5859375 0.03125 0.04375
0 0.58125 0.5875 0.0234375 0.046875
0 0.59453125 0.55078125 0.03203125 0.04375
0 0.553125 0.55546875 0.03125 0.04609375
0 0.559375 0.59609375 0.01796875 0.0390625
0 0.5359375 0.59609375 0.0296875 0.04609375
0 0.51640625 0.59765625 0.0296875 0.05078125
0 0.53515625 0.55859375 0.03125 0.04609375
0 0.25546875 0.49921875 0.04140625 0.05546875
0 0.2203125 0.50078125 0.0453125 0.05703125
0 0.1796875 0.50546875 0.03984375 0.05390625
0 0.184375 0.4515625 0.05390625 0.05390625
0 0.14140625 0.50703125 0.0421875 0.05546875
0 0.1 0.51015625 0.0453125 0.05703125
0 0.05703125 0.5125 0.0484375 0.05859375
0 0.01796875 0.5109375 0.0359375 0.065625
0 0.13828125 0.453125 0.0421875 0.05546875
0 0.096875 0.45390625 0.04609375 0.05703125
0 0.053125 0.45390625 0.0484375 0.05859375
0 0.2515625 0.34453125 0.04296875 0.05390625
0 0.2125 0.34140625 0.03828125 0.05546875
0 0.175 0.3390625 0.03984375 0.05625
0 0.13515625 0.33671875 0.04296875 0.05859375
0 0.09296875 0.33359375 0.04609375 0.0609375
0 0.0484375 0.33046875 0.04921875 0.06328125
0 0.01328125 0.32734375 0.0265625 0.0609375
0 0.48125 0.378125 0.02265625 0.04296875
0 0.4578125 0.3765625 0.0234375 0.04375
0 0.4078125 0.3734375 0.02578125 0.0453125
0 0.43359375 0.375 0.025 0.04453125
0 0.4328125 0.33125 0.025 0.0453125
0 0.40703125 0.328125 0.02578125 0.046875
0 0.38046875 0.32578125 0.02734375 0.0484375
0 0.35234375 0.3234375 0.02890625 0.05
0 0.38125 0.37265625 0.02734375 0.046875
0 0.353125 0.37109375 0.02890625 0.0484375
0 0.32421875 0.36953125 0.03046875 0.05
3 0.90234375 0.6703125 0.075 0.05390625