2 0.04921875 0.57265625 0.09765625 0.25078125
3 0.44453125 0.68046875 0.0859375 0.07890625
3 0.55546875 0.3625 0.0828125 0.04453125
3 0.6765625 0.3484375 0.159375 0.0609375
3 0.87734375 0.31953125 0.24453125 0.090625
3 0.3296875 0.5875 0.05546875 0.0375
3 0.3671875 0.3875 0.03515625 0.0234375
3 0.4234375 0.3828125 0.09140625 0.02734375
3 0.57890625 0.80078125 0.12890625 0.15234375
0 0.37421875 0.51953125 0.0125 0.01484375
0 0.3640625 0.51640625 0.0203125 0.015625
0 0.3671875 0.50390625 0.0203125 0.0125
0 0.34765625 0.5078125 0.01953125 0.0140625
0 0.36015625 0.50859375 0.015625 0.0125
3 0.73984375 0.90546875 0.184375 0.1875
3 0.48671875 0.57109375 0.10078125 0.065625
0 0.65390625 0.5203125 0.0796875 0.10625
0 0.65234375 0.6109375 0.07890625 0.1125
0 0.59296875 0.59609375 0.04140625 0.096875
0 0.5546875 0.57734375 0.03515625 0.09921875
0 0.609375 0.5109375 0.07265625 0.096875
0 0.51484375 0.1578125 0.0640625 0.0796875
0 0.4703125 0.17421875 0.02578125 0.0765625
0 0.4265625 0.2046875 0.01953125 0.06484375
0 0.446875 0.19140625 0.02109375 0.0703125
0 0.4640625 0.1296875 0.05859375 0.0828125
0 0.42578125 0.14765625 0.01953125 0.0765625
0 0.40859375 0.1640625 0.0171875 0.0703125
0 0.3921875 0.17734375 0.01484375 0.065625
0 0.40859375 0.2171875 0.0171875 0.059375
0 0.39375 0.22890625 0.01484375 0.05546875
0 0.37890625 0.23828125 0.0125 0.053125
0 0.35859375 0.240625 0.02734375 0.04609375
0 0.3390625 0.2484375 0.0109375 0.04375
0 0.33046875 0.2546875 0.009375 0.04140625
0 0.321875 0.26171875 0.009375 0.040625
0 0.3140625 0.2671875 0.00859375 0.0375
0 0.30703125 0.2734375 0.0078125 0.0359375
0 0.29921875 0.2796875 0.0078125 0.034375
0 0.36796875 0.378125 0.0421875 0.04375
0 0.3421875 0.3796875 0.0109375 0.0421875
0 0.33359375 0.38203125 0.009375 0.040625
0 0.34765625 0.3421875 0.0390625 0.04140625
0 0.32421875 0.3828125 0.00859375 0.03828125
0 0.3171875 0.38515625 0.00859375 0.0359375
0 0.309375 0.38671875 0.0078125 0.03515625
0 0.30234375 0.3875 0.0078125 0.034375
0 0.3234375 0.3453125 0.00859375 0.04140625
0 0.315625 0.3484375 0.0078125 0.0390625
0 0.3078125 0.3515625 0.0078125 0.0375
3 0.5359375 0.46953125 0.02578125 0.01171875
3 0.7078125 0.4890625 0.0296875 0.01953125
3 0.87734375 0.60625 0.07421875 0.04453125
3 0.70546875 0.5625 0.02734375 0.02734375
3 0.53671875 0.5234375 0.02421875 0.0171875
3 0.75625 0.5765625 0.0578125 0.034375
0 0.57109375 0.46640625 0.0203125 0.02421875
3 0.96640625 0.62734375 0.0671875 0.04921875
3 0.97109375 0.5203125 0.0578125 0.02734375
0 0.88671875 0.4984375 0.0328125 0.04375
0 0.85703125 0.49765625 0.03046875 0.0390625
0 0.82890625 0.49296875 0.02734375 0.0390625
0 0.859375 0.46015625 0.03046875 0.0390625
0 0.7984375 0.45703125 0.02890625 0.03515625
0 0.79765625 0.490625 0.02890625 0.0359375
0 0.771875 0.48828125 0.02265625 0.034375
0 0.75078125 0.4859375 0.02265625 0.03515625
0 0.775 0.45546875 0.0265625 0.034375
0 0.565625 0.3734375 0.00546875 0.0109375
0 0.5375 0.37421875 0.00390625 0.0125
0 0.59765625 0.32265625 0.02109375 0.02421875
0 0.58125 0.32578125 0.01171875 0.02578125
0 0.5703125 0.32734375 0.0109375 0.0234375
0 0.54765625 0.3328125 0.00625 0.02265625
0 0.5390625 0.334375 0.00859375 0.02265625
0 0.5296875 0.3359375 0.00859375 0.02109375
0 0.72421875 0.30703125 0.0265625 0.02890625
0 0.70078125 0.3109375 0.01953125 0.02734375
0 0.6671875 0.3171875 0.015625 0.0265625
0 0.6828125 0.3140625 0.0171875 0.0265625
0 0.6875 0.2875 0.02421875 0.03203125
0 0.6671875 0.290625 0.015625 0.03046875
0 0.65234375 0.29453125 0.01484375 0.0296875
0 0.6375 0.29921875 0.01484375 0.0296875
0 0.65078125 0.32109375 0.01484375 0.02421875
0 0.63671875 0.3234375 0.0140625 0.0234375
0 0.6234375 0.32578125 0.0125 0.02421875