2 0.07109375 0.67890625 0.14140625 0.284375
3 0.4390625 0.60546875 0.0609375 0.05625
3 0.946875 0.4765625 0.10625 0.06171875
3 0.86953125 0.465625 0.12265625 0.06171875
3 0.546875 0.42734375 0.059375 0.046875
3 0.60234375 0.434375 0.065625 0.04765625
3 0.6765625 0.44609375 0.0765625 0.04453125
3 0.2796875 0.559375 0.059375 0.04453125
3 0.37578125 0.4078125 0.06484375 0.0375
3 0.415625 0.41328125 0.0640625 0.0390625
3 0.54765625 0.640625 0.05859375 0.0671875
0 0.91875 0.6171875 0.07578125 0.0875
0 0.35078125 0.49921875 0.0171875 0.0171875
0 0.3359375 0.49921875 0.0171875 0.01953125
0 0.33203125 0.48828125 0.0171875 0.0234375
0 0.30546875 0.48984375 0.0171875 0.015625
0 0.32109375 0.4890625 0.0171875 0.015625
3 0.74765625 0.69921875 0.0765625 0.0828125
3 0.62421875 0.6625 0.06171875 0.07421875
3 0.82421875 0.72421875 0.0875 0.0828125
3 0.90546875 0.74609375 0.10234375 0.09375
3 0.48125 0.5359375 0.05234375 0.0578125
0 0.83203125 0.59453125 0.0421875 0.07421875
0 0.7953125 0.5859375 0.04609375 0.0765625
0 0.7609375 0.57890625 0.04609375 0.07578125
0 0.79921875 0.54296875 0.05390625 0.07578125
0 0.58984375 0.5046875 0.02890625 0.0625
0 0.58828125 0.546875 0.02734375 0.0578125
0 0.56328125 0.54921875 0.02421875 0.0421875
0 0.53984375 0.53359375 0.02421875 0.0609375
0 0.56640625 0.50078125 0.02890625 0.0609375
0 0.50234375 0.29765625 0.0328125 0.04921875
0 0.47734375 0.29609375 0.03046875 0.04765625
0 0.428125 0.296875 0.02265625 0.04453125
0 0.45 0.29765625 0.0234375 0.04453125
0 0.45546875 0.25078125 0.0359375 0.046875
0 0.4265625 0.25078125 0.0234375 0.04609375
0 0.40390625 0.25078125 0.0234375 0.04453125
0 0.38359375 0.25078125 0.02265625 0.04453125
0 0.40625 0.29609375 0.0234375 0.0421875
0 0.3859375 0.29453125 0.02265625 0.0421875
0 0.365625 0.29296875 0.02109375 0.04375
0 0.3296875 0.27578125 0.040625 0.04140625
0 0.30234375 0.275 0.02109375 0.04140625
0 0.284375 0.27421875 0.0203125 0.040625
0 0.2671875 0.27421875 0.02109375 0.040625
0 0.25078125 0.27421875 0.0203125 0.0390625
0 0.23515625 0.2734375 0.01953125 0.03828125
0 0.21953125 0.2734375 0.0203125 0.03828125
0 0.3375 0.38984375 0.0375 0.04609375
0 0.31953125 0.3875 0.03515625 0.04453125
0 0.29453125 0.3890625 0.01953125 0.0359375
0 0.30078125 0.35078125 0.040625 0.0421875
0 0.27890625 0.3875 0.01953125 0.0359375
0 0.2625 0.3859375 0.01953125 0.03515625
0 0.2484375 0.384375 0.01796875 0.034375
0 0.23359375 0.3796875 0.01796875 0.03828125
0 0.2828125 0.34921875 0.03515625 0.04140625
0 0.2671875 0.3484375 0.0359375 0.04140625
0 0.25234375 0.34609375 0.0375 0.04140625
3 0.42265625 0.384375 0.03046875 0.01484375
3 0.49609375 0.39375 0.02578125 0.0171875
3 0.528125 0.3953125 0.02421875 0.015625
3 0.553125 0.39921875 0.02734375 0.01953125
0 0.7265625 0.41171875 0.01953125 0.02734375
0 0.45078125 0.38203125 0.01953125 0.0234375
3 0.690625 0.41328125 0.0359375 0.0203125
0 0.65078125 0.40234375 0.0140625 0.0265625
0 0.6375 0.40078125 0.0140625 0.02734375
0 0.62421875 0.39921875 0.0125 0.0265625
0 0.6390625 0.38046875 0.0140625 0.0265625
0 0.609375 0.3765625 0.0140625 0.02578125
0 0.6078125 0.3984375 0.0140625 0.02421875
0 0.59609375 0.39921875 0.0125 0.0203125
0 0.584375 0.3953125 0.0125 0.0265625
0 0.596875 0.37578125 0.0125 0.0265625
0 0.47578125 0.2625 0.00390625 0.0171875
0 0.56484375 0.2734375 0.0125 0.0234375
0 0.553125 0.27421875 0.0125 0.02265625
0 0.53203125 0.2734375 0.00625 0.02109375
0 0.540625 0.2734375 0.01171875 0.02109375
0 0.5421875 0.2515625 0.01484375 0.02265625
0 0.53125 0.2515625 0.0078125 0.02265625
0 0.51953125 0.2515625 0.00390625 0.02265625
0 0.50546875 0.25234375 0.00859375 0.02109375
0 0.51953125 0.271875 0.00390625 0.01796875
0 0.50546875 0.2671875 0.00859375 0.009375
0 0.49453125 0.2671875 0.0109375 0.0109375
3 0.86796875 0.52421875 0.0703125 0.0359375