3 0.40390625 0.75625 0.10390625 0.14375
3 0.68203125 0.32578125 0.05 0.021875
3 0.6625 0.33203125 0.05703125 0.025
3 0.5265625 0.3828125 0.08359375 0.046875
3 0.56484375 0.3671875 0.07421875 0.03984375
3 0.603125 0.35625 0.0609375 0.03359375
3 0.26796875 0.48203125 0.14453125 0.1203125
3 0.3640625 0.44453125 0.12734375 0.09140625
3 0.5296875 0.634375 0.0765625 0.08828125
0 0.67578125 0.4140625 0.0296875 0.03828125
0 0.15546875 0.771875 0.040625 0.07578125
0 0.10390625 0.8234375 0.04609375 0.090625
0 0.05078125 0.82578125 0.05234375 0.11328125
0 0.0078125 0.86015625 0.015625 0.0765625
3 0.628125 0.53984375 0.05546875 0.040625
3 0.57890625 0.59140625 0.06640625 0.0546875
3 0.65859375 0.51796875 0.0328125 0.0359375
3 0.6765625 0.5 0.0296875 0.03125
3 0.47265625 0.57265625 0.09453125 0.0953125
0 0.66328125 0.42890625 0.01015625 0.0390625
0 0.64375 0.43515625 0.03203125 0.040625
0 0.6328125 0.43828125 0.03671875 0.046875
0 0.64453125 0.39921875 0.0359375 0.04375
0 0.55859375 0.4484375 0.04296875 0.0640625
0 0.5703125 0.496875 0.01640625 0.0515625
0 0.5546875 0.50859375 0.0171875 0.0546875
0 0.5234375 0.5140625 0.04609375 0.07109375
0 0.54453125 0.45703125 0.040625 0.06640625
0 0.4984375 0.209375 0.02734375 0.0734375
0 0.4625 0.20703125 0.0453125 0.07890625
0 0.3984375 0.2 0.04609375 0.090625
0 0.428125 0.20390625 0.05390625 0.084375
0 0.434375 0.11953125 0.03828125 0.0953125
0 0.3953125 0.10859375 0.04609375 0.1046875
0 0.3484375 0.09609375 0.05703125 0.115625
0 0.2828125 0.08046875 0.09140625 0.1296875
0 0.346875 0.19609375 0.06953125 0.09921875
0 0.303125 0.190625 0.06484375 0.109375
0 0.2328125 0.1828125 0.0953125 0.1234375
0 0.04375 0.10234375 0.0875 0.165625
0 0.090625 0.49921875 0.11875 0.165625
0 0.02890625 0.5203125 0.05703125 0.1703125
3 0.47421875 0.29921875 0.03125 0.01171875
3 0.45078125 0.3015625 0.03671875 0.01328125
3 0.18671875 0.4375 0.06171875 0.03828125
3 0.2390625 0.42265625 0.05625 0.03203125
3 0.28671875 0.4109375 0.046875 0.0296875
3 0.3203125 0.31875 0.04375 0.01875
3 0.353125 0.31484375 0.0453125 0.01640625
3 0.38828125 0.3109375 0.03984375 0.01484375
3 0.16328125 0.33828125 0.05703125 0.02578125
3 0.21171875 0.33203125 0.05390625 0.02421875
0 0.45625 0.3609375 0.0203125 0.02421875
3 0.428125 0.375 0.03671875 0.01484375
0 0.40078125 0.37421875 0.0125 0.02890625
0 0.384375 0.37890625 0.0203125 0.0265625
0 0.3734375 0.38125 0.01875 0.03046875
0 0.3828125 0.35390625 0.021875 0.02890625
0 0.353125 0.36015625 0.021875 0.03125
0 0.35859375 0.38671875 0.01484375 0.028125
0 0.34453125 0.390625 0.015625 0.028125
0 0.3265625 0.39140625 0.02421875 0.03359375
0 0.33828125 0.36328125 0.02421875 0.03125
0 0.096875 0.33359375 0.03671875 0.04453125
0 0.0640625 0.3359375 0.04140625 0.04609375
0 0.0296875 0.34140625 0.04453125 0.04453125
0 0.02265625 0.29765625 0.0453125 0.0453125
0 0.00859375 0.34375 0.0171875 0.04375
0 0.003125 0.29921875 0.00625 0.0453125
0 0.18671875 0.19296875 0.015625 0.03828125
0 0.16796875 0.19140625 0.03203125 0.03984375
0 0.1953125 0.228125 0.02109375 0.03203125
0 0.1734375 0.22734375 0.0296875 0.03203125
0 0.16015625 0.2234375 0.0046875 0.0265625
3 0.91796875 0.60078125 0.11015625 0.078125
3 0.56640625 0.4078125 0.015625 0.00859375