2 0.503125 0.84765625 0.1421875 0.303125
3 0.840625 0.83671875 0.08203125 0.103125
3 0.81875 0.4328125 0.0328125 0.015625
3 0.825 0.44609375 0.04140625 0.0265625
3 0.8640625 0.8125 0.0609375 0.1265625
3 0.84453125 0.72890625 0.053125 0.090625
3 0.8328125 0.6703125 0.04375 0.0578125
3 0.846875 0.521875 0.06796875 0.05
3 0.8421875 0.49296875 0.05625 0.02890625
3 0.8375 0.47890625 0.04375 0.03046875
3 0.9 0.64609375 0.10625 0.0828125
3 0.89296875 0.60078125 0.109375 0.065625
3 0.80625 0.7078125 0.0171875 0.05625
0 0.80390625 0.49609375 0.00390625 0.01171875
0 0.803125 0.51640625 0.00390625 0.02890625
0 0.8125 0.5328125 0.015625 0.0359375
0 0.8109375 0.50390625 0.00546875 0.02109375
0 0.81875 0.5578125 0.0078125 0.040625
0 0.8140625 0.590625 0.00390625 0.040625
0 0.8140625 0.609375 0.00234375 0.0125
0 0.83046875 0.621875 0.0296875 0.05625
0 0.825 0.57109375 0.015625 0.04921875
0 0.859375 0.4109375 0.0171875 0.05
0 0.86171875 0.4171875 0.0125 0.053125
0 0.87421875 0.4328125 0.0140625 0.0609375
0 0.8671875 0.425 0.0125 0.05625
0 0.90546875 0.3734375 0.07421875 0.05546875
0 0.91484375 0.37734375 0.0828125 0.059375
0 0.92578125 0.38359375 0.0890625 0.06484375
0 0.9390625 0.39140625 0.10078125 0.07265625
0 0.88046875 0.4421875 0.015625 0.06484375
0 0.88828125 0.4515625 0.0171875 0.06953125
0 0.909375 0.45859375 0.0421875 0.06796875
0 0.959375 0.46796875 0.08046875 0.09765625
0 0.9671875 0.4859375 0.06484375 0.10859375
0 0.97578125 0.51015625 0.04609375 0.1265625
0 0.98828125 0.53515625 0.02109375 0.134375
0 0.90703125 0.69609375 0.05 0.10078125
0 0.909375 0.7359375 0.034375 0.1140625
0 0.921875 0.78515625 0.0328125 0.1296875
0 0.959375 0.70390625 0.07734375 0.1296875
0 0.94140625 0.84609375 0.040625 0.15234375
0 0.96640625 0.9171875 0.05 0.1640625
0 0.98515625 0.95859375 0.0296875 0.0796875
0 0.96875 0.75546875 0.0625 0.1515625
0 0.98125 0.82578125 0.0375 0.18203125
0 0.99609375 0.9125 0.0078125 0.04921875
3 0.78984375 0.5640625 0.003125 0.0234375
3 0.79140625 0.584375 0.00390625 0.02734375
3 0.8 0.6578125 0.0109375 0.04453125
3 0.79765625 0.60625 0.01171875 0.034375
3 0.46015625 0.62421875 0.04765625 0.04921875
3 0.5828125 0.40078125 0.02734375 0.01484375
3 0.571875 0.40546875 0.03046875 0.015625
3 0.5078125 0.44140625 0.0390625 0.0234375
3 0.52265625 0.4328125 0.0390625 0.0203125
3 0.5421875 0.42421875 0.03046875 0.01953125
3 0.30078125 0.79296875 0.0765625 0.10546875
3 0.43046875 0.4875 0.05 0.03828125
3 0.45234375 0.4734375 0.05390625 0.034375
3 0.5109375 0.57421875 0.03828125 0.0359375
0 0.58203125 0.45234375 0.0171875 0.02265625
0 0.38828125 0.60546875 0.0171875 0.0203125
0 0.38046875 0.6171875 0.01796875 0.02265625
0 0.36328125 0.61875 0.01796875 0.03046875
0 0.33671875 0.6484375 0.0203125 0.02421875
0 0.34921875 0.63125 0.01953125 0.02421875
3 0.559375 0.52734375 0.0296875 0.02109375
3 0.53359375 0.55390625 0.03515625 0.0265625
3 0.57578125 0.515625 0.0171875 0.0203125
3 0.5859375 0.50390625 0.015625 0.0171875
3 0.4875 0.53515625 0.046875 0.0359375
0 0.57578125 0.4625 0.00390625 0.02265625
0 0.56484375 0.465625 0.01484375 0.02109375
0 0.55859375 0.46875 0.01953125 0.0265625
0 0.5640625 0.44609375 0.01953125 0.0234375
0 0.521875 0.47421875 0.0203125 0.0296875
0 0.52890625 0.5 0.00625 0.02734375
0 0.52265625 0.50546875 0.00625 0.02734375
0 0.50625 0.509375 0.0234375 0.034375
0 0.51484375 0.4796875 0.0234375 0.03203125
0 0.49453125 0.36953125 0.01953125 0.0328125
0 0.48984375 0.37265625 0.009375 0.0328125
0 0.46953125 0.37890625 0.0109375 0.034375
0 0.4796875 0.37578125 0.0109375 0.03046875
0 0.471875 0.34453125 0.0265625 0.034375
0 0.4609375 0.34609375 0.0265625 0.034375
0 0.4484375 0.34765625 0.02890625 0.0359375
0 0.434375 0.34921875 0.0328125 0.0375
0 0.4578125 0.38125 0.0125 0.03515625
0 0.44609375 0.38515625 0.0125 0.0359375
0 0.42109375 0.3859375 0.034375 0.040625
0 0.384375 0.38046875 0.03828125 0.04609375
0 0.36484375 0.38359375 0.040625 0.04765625
0 0.34453125 0.3875 0.04375 0.05078125
0 0.32265625 0.3921875 0.04453125 0.053125
0 0.296875 0.39765625 0.046875 0.0578125
0 0.26796875 0.40234375 0.053125 0.0609375
0 0.240625 0.409375 0.04765625 0.065625
0 0.3875 0.49453125 0.0375 0.05078125
0 0.37890625 0.50234375 0.02109375 0.05390625
0 0.36015625 0.51640625 0.02265625 0.04765625
0 0.3484375 0.4734375 0.04140625 0.05546875
0 0.33828125 0.52734375 0.02578125 0.05078125
0 0.31484375 0.540625 0.02734375 0.05546875
0 0.28828125 0.5546875 0.03203125 0.05859375
0 0.25078125 0.5625 0.05390625 0.0765625
0 0.3265625 0.4828125 0.04453125 0.05859375
0 0.3015625 0.4921875 0.04765625 0.0625
0 0.275 0.50234375 0.05234375 0.0671875
3 0.1390625 0.5390625 0.059375 0.03828125
3 0.24921875 0.49453125 0.00234375 0.00859375
3 0.15234375 0.60390625 0.0578125 0.04453125
0 0.4328125 0.4265625 0.01484375 0.0171875
0 0.19765625 0.5109375 0.02890625 0.03515625
3 0.41484375 0.4375 0.02578125 0.0125
0 0.3984375 0.4390625 0.0078125 0.01953125
0 0.384375 0.44296875 0.0078125 0.01796875
0 0.38125 0.44453125 0.01171875 0.02109375
0 0.3828125 0.42734375 0.009375 0.015625
0 0.37109375 0.4328125 0.00859375 0.01796875
0 0.37265625 0.44921875 0.00859375 0.0203125
0 0.3640625 0.4515625 0.00859375 0.015625
0 0.35 0.44609375 0.0171875 0.00546875
0 0.35859375 0.4359375 0.0171875 0.0203125
0 0.2046875 0.425 0.009375 0.01796875
0 0.19140625 0.43671875 0.01953125 0.02890625
0 0.1859375 0.4109375 0.02734375 0.0296875
0 0.17421875 0.44140625 0.02265625 0.0296875
0 0.15390625 0.44609375 0.0234375 0.0296875
0 0.134375 0.45 0.02578125 0.03203125
0 0.109375 0.453125 0.0328125 0.03828125
0 0.1671875 0.41328125 0.02890625 0.0328125
0 0.14765625 0.41640625 0.03046875 0.0328125
0 0.1265625 0.42109375 0.03203125 0.03515625
0 0.22109375 0.35234375 0.015625 0.0265625
0 0.1953125 0.3546875 0.0140625 0.02890625
0 0.18046875 0.35546875 0.02890625 0.02890625
0 0.1625 0.35703125 0.02734375 0.03046875
0 0.14140625 0.359375 0.0296875 0.03046875
0 0.11953125 0.3609375 0.03203125 0.03203125
0 0.09609375 0.3625 0.034375 0.034375
0 0.32578125 0.3515625 0.01796875 0.02265625
0 0.31875 0.3515625 0.01171875 0.02265625
0 0.2953125 0.35546875 0.0140625 0.02265625
0 0.3078125 0.35390625 0.0125 0.02109375
0 0.30234375 0.3328125 0.01796875 0.02265625
0 0.29296875 0.3328125 0.0140625 0.0234375
0 0.278125 0.334375 0.0203125 0.0234375
0 0.26328125 0.334375 0.02421875 0.0234375
0 0.28359375 0.35703125 0.0140625 0.02265625
0 0.26953125 0.35859375 0.0140625 0.0234375
0 0.2515625 0.359375 0.02421875 0.02421875
3 0.69296875 0.53359375 0.0375 0.0265625