2 0.45859375 0.85078125 0.2 0.296875
3 0.89921875 0.9078125 0.11171875 0.14453125
3 0.8609375 0.4359375 0.04375 0.01796875
3 0.86953125 0.44921875 0.053125 0.02734375
3 0.9390625 0.884375 0.10390625 0.1828125
3 0.90703125 0.76640625 0.084375 0.10546875
3 0.8875 0.69921875 0.065625 0.0703125
3 0.90234375 0.5234375 0.09609375 0.0578125
3 0.89296875 0.4921875 0.07578125 0.02890625
3 0.88828125 0.47890625 0.06171875 0.03046875
3 0.953125 0.6625 0.09375 0.10390625
3 0.9453125 0.60234375 0.109375 0.06796875
3 0.84921875 0.74453125 0.02421875 0.0671875
0 0.84296875 0.50625 0.00546875 0.0125
0 0.840625 0.528125 0.00546875 0.0328125
0 0.85390625 0.5453125 0.0234375 0.04140625
0 0.85234375 0.51171875 0.009375 0.0296875
0 0.86328125 0.56640625 0.009375 0.04375
0 0.85546875 0.60546875 0.00546875 0.04765625
0 0.85703125 0.62734375 0.003125 0.01953125
0 0.884375 0.64453125 0.046875 0.07265625
0 0.87421875 0.58515625 0.02578125 0.0578125
0 0.91484375 0.3859375 0.0234375 0.05859375
0 0.9171875 0.3890625 0.015625 0.06171875
0 0.9359375 0.4 0.0203125 0.07265625
0 0.92578125 0.39453125 0.01796875 0.065625
0 0.9359375 0.32890625 0.01953125 0.0671875
0 0.946875 0.32890625 0.0234375 0.0734375
0 0.959375 0.33046875 0.02578125 0.0796875
0 0.97578125 0.33046875 0.03203125 0.08515625
0 0.946875 0.40625 0.0234375 0.07890625
0 0.9609375 0.41328125 0.02734375 0.0859375
0 0.9796875 0.4171875 0.03828125 0.0875
0 0.98046875 0.72421875 0.03828125 0.140625
0 0.990625 0.77421875 0.0171875 0.1375
3 0.8265625 0.58359375 0.00390625 0.0265625
3 0.82890625 0.60390625 0.00390625 0.0296875
3 0.83984375 0.6859375 0.0140625 0.05078125
3 0.8359375 0.62890625 0.01484375 0.03828125
3 0.45546875 0.6328125 0.053125 0.05234375
3 0.5953125 0.40546875 0.03046875 0.0125
3 0.58359375 0.409375 0.0328125 0.01484375
3 0.51015625 0.4390625 0.04375 0.0234375
3 0.53125 0.43125 0.03515625 0.0203125
3 0.54921875 0.425 0.034375 0.01796875
3 0.26015625 0.80390625 0.0921875 0.115625
3 0.4171875 0.478125 0.05859375 0.0375
3 0.44609375 0.465625 0.059375 0.034375
3 0.51328125 0.5828125 0.04375 0.03828125
0 0.59453125 0.459375 0.01953125 0.0234375
0 0.3703125 0.6046875 0.01953125 0.02265625
0 0.3609375 0.61640625 0.01953125 0.02421875
0 0.3421875 0.615625 0.0203125 0.034375
0 0.30859375 0.646875 0.02109375 0.02734375
0 0.32421875 0.6296875 0.0203125 0.02578125
3 0.56796875 0.5375 0.034375 0.02109375
3 0.5390625 0.56328125 0.03828125 0.0265625
3 0.5875 0.525 0.0171875 0.0203125
3 0.5984375 0.51484375 0.015625 0.01953125
3 0.48671875 0.5375 0.05 0.0375
0 0.58671875 0.46796875 0.00546875 0.0234375
0 0.57421875 0.47265625 0.01953125 0.0234375
0 0.56796875 0.47421875 0.02109375 0.02734375
0 0.575 0.45078125 0.0203125 0.02421875
0 0.52578125 0.4765625 0.02265625 0.03203125
0 0.53359375 0.50390625 0.0078125 0.02890625
0 0.52578125 0.50859375 0.00859375 0.0296875
0 0.50859375 0.51171875 0.02578125 0.0359375
0 0.5171875 0.48046875 0.02421875 0.0328125
0 0.49375 0.359375 0.02109375 0.03203125
0 0.48828125 0.3609375 0.0109375 0.0328125
0 0.4640625 0.3640625 0.0125 0.03515625
0 0.4765625 0.3625 0.0125 0.034375
0 0.47578125 0.32890625 0.01171875 0.034375
0 0.46328125 0.32890625 0.0140625 0.03515625
0 0.44921875 0.32890625 0.0140625 0.0375
0 0.42578125 0.32890625 0.0359375 0.0375
0 0.45078125 0.365625 0.0140625 0.0359375
0 0.4359375 0.3671875 0.015625 0.03828125
0 0.41015625 0.36875 0.0375 0.04140625
0 0.37421875 0.35546875 0.0234375 0.04609375
0 0.35078125 0.3578125 0.0265625 0.04921875
0 0.3171875 0.359375 0.04609375 0.05078125
0 0.2984375 0.3609375 0.0328125 0.053125
0 0.2640625 0.3625 0.04375 0.0578125
0 0.2296875 0.36484375 0.046875 0.06171875
0 0.1859375 0.3671875 0.06171875 0.06484375
0 0.36953125 0.48046875 0.040625 0.053125
0 0.35703125 0.4890625 0.02421875 0.05625
0 0.33359375 0.50078125 0.0265625 0.05078125
0 0.32265625 0.45390625 0.04453125 0.05625
0 0.3078125 0.5109375 0.0296875 0.05546875
0 0.278125 0.52109375 0.03515625 0.059375
0 0.24609375 0.534375 0.03828125 0.0625
0 0.20390625 0.540625 0.05546875 0.0796875
0 0.29609375 0.4609375 0.046875 0.059375
0 0.265625 0.46875 0.05078125 0.06484375
0 0.2328125 0.47734375 0.05546875 0.06953125
3 0.12578125 0.53046875 0.05 0.034375
3 0.3515625 0.40546875 0.0328125 0.0125
3 0.37265625 0.40234375 0.03203125 0.0125
3 0.3921875 0.4015625 0.0078125 0.00546875
3 0.1375 0.5984375 0.046875 0.0390625
3 0.2578125 0.42265625 0.04140625 0.01796875
3 0.28671875 0.4171875 0.0390625 0.015625
0 0.44140625 0.4328125 0.01484375 0.0171875
0 0.19140625 0.49921875 0.0296875 0.02109375
3 0.421875 0.44296875 0.0265625 0.009375
0 0.40625 0.44375 0.00234375 0.0171875
0 0.3921875 0.44765625 0.0125 0.01796875
0 0.38671875 0.44765625 0.01171875 0.01953125
0 0.390625 0.42890625 0.01484375 0.0203125
0 0.36875 0.434375 0.009375 0.02109375
0 0.3734375 0.45078125 0.00234375 0.009375
0 0.3671875 0.45 0.009375 0.00859375
0 0.35390625 0.453125 0.01796875 0.01484375
0 0.3625 0.43671875 0.0171875 0.02265625
0 0.22421875 0.42578125 0.01796875 0.0203125
0 0.20546875 0.42890625 0.01796875 0.0203125
0 0.1875 0.43203125 0.0203125 0.02109375
0 0.17421875 0.434375 0.01171875 0.0203125
0 0.14453125 0.4359375 0.015625 0.02734375
0 0.12578125 0.43828125 0.02578125 0.0296875
0 0.1 0.440625 0.03203125 0.0359375
0 0.1390625 0.40546875 0.0234375 0.0328125
0 0.11953125 0.40859375 0.0296875 0.034375
0 0.134375 0.346875 0.01953125 0.0296875
0 0.1140625 0.34765625 0.0265625 0.03046875
0 0.08828125 0.34765625 0.03203125 0.03203125
0 0.3078125 0.32578125 0.0125 0.01484375
0 0.29453125 0.32578125 0.0125 0.015625
0 0.28125 0.325 0.0140625 0.015625
0 0.26328125 0.325 0.02265625 0.015625
3 0.71484375 0.546875 0.0421875 0.02734375
3 0.51640625 0.459375 0.02265625 0.00859375