3 0.39609375 0.69375 0.08671875 0.06640625
3 0.9734375 0.38671875 0.0515625 0.025
3 0.91015625 0.38671875 0.14296875 0.025
3 0.56328125 0.39296875 0.071875 0.02578125
3 0.63984375 0.39296875 0.08359375 0.025
3 0.7265625 0.39296875 0.09296875 0.025
3 0.0921875 0.69296875 0.13203125 0.06640625
3 0.2796875 0.39296875 0.07578125 0.0265625
3 0.3625 0.39296875 0.09140625 0.0265625
3 0.56796875 0.696875 0.08203125 0.06796875
0 0.959375 0.54609375 0.08046875 0.0703125
0 0.23984375 0.55625 0.01953125 0.02421875
0 0.21640625 0.559375 0.03203125 0.0265625
0 0.20625 0.5484375 0.03125 0.0359375
0 0.15390625 0.5578125 0.034375 0.025
0 0.18671875 0.553125 0.03125 0.02421875
3 0.80703125 0.696875 0.11796875 0.06796875
3 0.66875 0.696875 0.09765625 0.06796875
3 0.89765625 0.70625 0.09609375 0.04921875
3 0.96015625 0.7046875 0.07890625 0.0515625
3 0.47109375 0.56328125 0.06875 0.0546875
0 0.8953125 0.54609375 0.03828125 0.065625
0 0.84765625 0.54375 0.06796875 0.06953125
0 0.81875 0.54375 0.05859375 0.06953125
0 0.85 0.48984375 0.07421875 0.06484375
0 0.61953125 0.490625 0.04296875 0.06484375
0 0.62265625 0.55078125 0.03359375 0.05546875
0 0.5875 0.54453125 0.03984375 0.06875
0 0.55625 0.54375 0.03671875 0.06953125
0 0.5875 0.490625 0.04140625 0.06484375
0 0.496875 0.20703125 0.03515625 0.06171875
0 0.46171875 0.20703125 0.0359375 0.06171875
0 0.390625 0.20703125 0.03671875 0.0609375
0 0.42578125 0.20703125 0.0359375 0.0609375
0 0.428125 0.14296875 0.0421875 0.065625
0 0.3890625 0.14296875 0.03671875 0.065625
0 0.353125 0.14375 0.0375 0.06640625
0 0.31796875 0.14296875 0.0375 0.065625
0 0.35546875 0.20703125 0.03671875 0.0609375
0 0.3203125 0.20703125 0.03671875 0.0609375
0 0.28515625 0.20703125 0.0375 0.06171875
0 0.21640625 0.1890625 0.06953125 0.078125
0 0.16484375 0.18046875 0.040625 0.0609375
0 0.12890625 0.18046875 0.03984375 0.0609375
0 0.09296875 0.18046875 0.040625 0.0609375
0 0.0578125 0.18046875 0.04140625 0.0609375
0 0.021875 0.18046875 0.04140625 0.06171875
0 0.00390625 0.18046875 0.00703125 0.06171875
0 0.225 0.37421875 0.06484375 0.06015625
0 0.1765625 0.37421875 0.0390625 0.06015625
0 0.1421875 0.375 0.03828125 0.059375
0 0.15546875 0.3140625 0.07578125 0.0609375
0 0.10859375 0.375 0.0390625 0.059375
0 0.07421875 0.375 0.03984375 0.059375
0 0.03984375 0.375 0.03984375 0.059375
0 0.01328125 0.37421875 0.0265625 0.06015625
0 0.10234375 0.3140625 0.03984375 0.0609375
0 0.06796875 0.3140625 0.03984375 0.0609375
0 0.03359375 0.3140625 0.03984375 0.0609375
3 0.45625 0.51640625 0.03203125 0.015625
3 0.64609375 0.3890625 0.00234375 0.00625
3 0.325 0.459375 0.04140625 0.01328125
3 0.4234375 0.459375 0.03515625 0.0140625
3 0.45625 0.459375 0.0328125 0.01328125
3 0.48828125 0.459375 0.02578125 0.0140625
3 0.51875 0.390625 0.015625 0.009375
3 0.54609375 0.39296875 0.00703125 0.00546875
3 0.571875 0.39296875 0.00234375 0.00546875
3 0.48671875 0.51640625 0.03046875 0.015625
3 0.3296875 0.51640625 0.03984375 0.015625
3 0.41953125 0.390625 0.02265625 0.009375
3 0.44609375 0.390625 0.0296875 0.009375
3 0.52578125 0.51640625 0.02890625 0.01640625
0 0.6640625 0.453125 0.021875 0.02421875
0 0.36328125 0.453125 0.02421875 0.02421875
3 0.6421875 0.51953125 0.00546875 0.0109375
3 0.66015625 0.5171875 0.034375 0.015625
3 0.68984375 0.51640625 0.03671875 0.01640625
3 0.63046875 0.459375 0.034375 0.0109375
0 0.5921875 0.4484375 0.01328125 0.01796875
0 0.578125 0.44921875 0.01328125 0.015625
0 0.5640625 0.45234375 0.01484375 0.025
0 0.57734375 0.43359375 0.015625 0.015625
0 0.5484375 0.43359375 0.0125 0.015625
0 0.5484375 0.45390625 0.0125 0.021875
0 0.53515625 0.45390625 0.0125 0.021875
0 0.52734375 0.45234375 0.00390625 0.025
0 0.53515625 0.43359375 0.0140625 0.015625
0 0.38984375 0.37578125 0.01796875 0.00703125
0 0.37421875 0.37578125 0.01328125 0.00703125
0 0.3609375 0.37578125 0.01328125 0.00703125
0 0.3625 0.36015625 0.01953125 0.021875
0 0.34765625 0.37578125 0.0125 0.00703125
0 0.334375 0.37578125 0.01328125 0.00703125
0 0.32109375 0.37578125 0.01328125 0.00703125
0 0.3078125 0.37578125 0.01328125 0.00703125
0 0.346875 0.36015625 0.01328125 0.021875
0 0.33359375 0.36015625 0.01328125 0.021875
0 0.3203125 0.36015625 0.01328125 0.021875
0 0.3890625 0.3109375 0.01796875 0.0234375
0 0.37265625 0.3109375 0.01328125 0.0234375
0 0.359375 0.3109375 0.01328125 0.0234375
0 0.34609375 0.3109375 0.01328125 0.0234375
0 0.3328125 0.3109375 0.0140625 0.0234375
0 0.31953125 0.3109375 0.01328125 0.0234375
0 0.30625 0.3109375 0.0140625 0.0234375
0 0.4984375 0.32109375 0.0125 0.0234375
0 0.48515625 0.32109375 0.01328125 0.0234375
0 0.4578125 0.32109375 0.01328125 0.0234375
0 0.471875 0.32109375 0.01328125 0.0234375
0 0.471875 0.296875 0.0140625 0.0234375
0 0.4578125 0.296875 0.01328125 0.0234375
0 0.44453125 0.296875 0.01328125 0.0234375
0 0.43125 0.296875 0.01328125 0.0234375
0 0.44453125 0.32109375 0.01328125 0.0234375
0 0.43125 0.32109375 0.01328125 0.0234375
0 0.41796875 0.32109375 0.01328125 0.0234375
3 0.778125 0.521875 0.0046875 0.0109375