2 0.20625 0.48828125 0.08203125 0.1796875
3 0.00390625 0.51171875 0.00703125 0.0265625
3 0.0171875 0.61953125 0.034375 0.0609375
3 0.46953125 0.58671875 0.05859375 0.06796875
3 0.55234375 0.43515625 0.09453125 0.06875
3 0.60859375 0.47109375 0.1125 0.08984375
3 0.6953125 0.5328125 0.1390625 0.1234375
3 0.39140625 0.4765625 0.03984375 0.03671875
3 0.43125 0.3640625 0.06328125 0.0359375
3 0.453125 0.378125 0.06953125 0.04140625
3 0.5453125 0.69765625 0.08125 0.11015625
0 0.425 0.44453125 0.01640625 0.015625
0 0.41484375 0.440625 0.01484375 0.0140625
0 0.41953125 0.4296875 0.01015625 0.01640625
0 0.40078125 0.42421875 0.01015625 0.01328125
0 0.4125 0.42578125 0.0140625 0.0109375
3 0.73984375 0.95078125 0.0578125 0.09609375
3 0.61953125 0.81171875 0.10390625 0.1390625
3 0.49609375 0.5359375 0.075 0.0703125
0 0.9796875 0.95703125 0.03984375 0.084375
0 0.90859375 0.91328125 0.11015625 0.171875
0 0.84140625 0.8671875 0.10625 0.196875
0 0.9375 0.88125 0.12421875 0.21328125
0 0.5890625 0.56015625 0.05703125 0.08671875
0 0.58671875 0.6171875 0.05546875 0.0734375
0 0.54921875 0.59375 0.021875 0.06796875
0 0.53046875 0.56640625 0.01953125 0.07578125
0 0.5609375 0.53984375 0.04296875 0.0796875
0 0.5140625 0.26171875 0.05078125 0.06015625
0 0.49453125 0.25859375 0.04453125 0.05625
0 0.4515625 0.25546875 0.01328125 0.04921875
0 0.46484375 0.25703125 0.01484375 0.0515625
0 0.478125 0.20390625 0.04296875 0.05390625
0 0.45 0.2046875 0.0140625 0.0515625
0 0.4375 0.20546875 0.01328125 0.04921875
0 0.4265625 0.20546875 0.01171875 0.04609375
0 0.4390625 0.253125 0.01328125 0.046875
0 0.428125 0.2515625 0.01171875 0.04453125
0 0.41875 0.24921875 0.0109375 0.04375
0 0.40703125 0.23046875 0.0296875 0.0390625
0 0.3890625 0.23046875 0.009375 0.03828125
0 0.38203125 0.23046875 0.00859375 0.0359375
0 0.37578125 0.22890625 0.00859375 0.034375
0 0.36953125 0.22890625 0.0078125 0.03359375
0 0.36328125 0.228125 0.00703125 0.03203125
0 0.35859375 0.228125 0.00703125 0.03125
0 0.41484375 0.33671875 0.03359375 0.0359375
0 0.40546875 0.33515625 0.0296875 0.040625
0 0.38828125 0.3328125 0.00859375 0.034375
0 0.39765625 0.29921875 0.03203125 0.0359375
0 0.38125 0.32890625 0.0078125 0.03359375
0 0.37578125 0.32578125 0.00703125 0.03203125
0 0.3703125 0.321875 0.00703125 0.03046875
0 0.36484375 0.31796875 0.00703125 0.03046875
0 0.38828125 0.296875 0.025 0.0359375
0 0.38359375 0.29375 0.02734375 0.034375
0 0.378125 0.29140625 0.02734375 0.03359375
3 0.67734375 0.4578125 0.04453125 0.03203125
3 0.57578125 0.35625 0.03203125 0.01875
3 0.65078125 0.3859375 0.04296875 0.025
3 0.68359375 0.396875 0.046875 0.02890625
3 0.71796875 0.4109375 0.04921875 0.03125
3 0.7765625 0.33203125 0.0484375 0.0140625
3 0.828125 0.34375 0.06796875 0.01640625
3 0.89375 0.35625 0.0734375 0.02109375
3 0.8578125 0.5515625 0.07109375 0.05703125
3 0.71015625 0.47421875 0.04921875 0.03671875
3 0.57578125 0.4046875 0.03203125 0.01875
3 0.65546875 0.30703125 0.03828125 0.00859375
3 0.68125 0.31328125 0.04296875 0.01171875
3 0.75234375 0.5 0.04375 0.04296875
0 0.60234375 0.3609375 0.02109375 0.0265625
3 0.94140625 0.59453125 0.08359375 0.07109375
3 0.9875 0.61953125 0.02421875 0.05078125
3 0.96328125 0.503125 0.07265625 0.05625
0 0.88125 0.46015625 0.03984375 0.05
0 0.85546875 0.4546875 0.03828125 0.040625
0 0.8375 0.44375 0.01328125 0.04140625
0 0.85859375 0.43359375 0.03046875 0.01640625
0 0.8125 0.41875 0.0015625 0.00703125
0 0.80859375 0.4375 0.01015625 0.03203125
0 0.775 0.4265625 0.01640625 0.03203125
0 0.76015625 0.41796875 0.02265625 0.03984375
0 0.778125 0.40703125 0.01328125 0.0109375
0 0.6296875 0.2953125 0.02265625 0.01875
0 0.61796875 0.29296875 0.02109375 0.01796875
0 0.603125 0.2921875 0.01015625 0.015625
0 0.609375 0.2734375 0.02109375 0.02421875
0 0.59375 0.290625 0.009375 0.01484375
0 0.584375 0.2890625 0.009375 0.01484375
0 0.57578125 0.28671875 0.00859375 0.01484375
0 0.56796875 0.284375 0.00859375 0.015625
0 0.6 0.27109375 0.0203125 0.02421875
0 0.590625 0.26953125 0.0203125 0.0234375
0 0.58125 0.26875 0.01953125 0.0234375
0 0.63515625 0.22578125 0.0234375 0.025
0 0.61875 0.22578125 0.01171875 0.025
0 0.6078125 0.225 0.0109375 0.02421875
0 0.59765625 0.22421875 0.01015625 0.0234375
0 0.58828125 0.22421875 0.01015625 0.0234375
0 0.57890625 0.22421875 0.009375 0.021875
0 0.5703125 0.22421875 0.00859375 0.021875
0 0.7546875 0.24140625 0.0328125 0.03203125
0 0.73203125 0.240625 0.02109375 0.03125
0 0.69921875 0.2390625 0.01796875 0.02890625
0 0.71484375 0.23984375 0.01953125 0.0296875
0 0.7234375 0.20859375 0.03046875 0.03046875
0 0.7015625 0.209375 0.01796875 0.0296875
0 0.68671875 0.209375 0.0171875 0.02890625
0 0.67265625 0.209375 0.01640625 0.02890625
0 0.68359375 0.2390625 0.01640625 0.028125
0 0.6703125 0.23828125 0.01484375 0.028125
0 0.65703125 0.23671875 0.0140625 0.028125