2 0.22890625 0.94296875 0.1625 0.11328125
3 0.990625 0.9609375 0.01796875 0.07578125
3 0.97890625 0.67109375 0.00859375 0.04375
3 0.9796875 0.70625 0.0078125 0.0515625
3 0.9890625 0.86953125 0.0203125 0.10390625
3 0.98828125 0.75546875 0.02265625 0.07109375
3 0.43828125 0.6515625 0.06328125 0.06875
3 0.6484375 0.384375 0.040625 0.01875
3 0.63125 0.38984375 0.0421875 0.0203125
3 0.51875 0.42578125 0.05390625 0.03203125
3 0.54609375 0.41640625 0.05390625 0.028125
3 0.578125 0.40859375 0.04375 0.025
3 0.1640625 0.840625 0.1046875 0.1453125
3 0.37578125 0.4734375 0.07265625 0.053125
3 0.421875 0.45859375 0.06796875 0.0453125
3 0.52265625 0.59609375 0.053125 0.05
0 0.64375 0.4515625 0.02421875 0.02890625
0 0.31875 0.61796875 0.01953125 0.0296875
0 0.30078125 0.63203125 0.0203125 0.03125
0 0.27890625 0.63046875 0.0203125 0.04140625
0 0.2296875 0.665625 0.02109375 0.0359375
0 0.25546875 0.64453125 0.02109375 0.03359375
3 0.60390625 0.54375 0.04296875 0.0265625
3 0.5609375 0.57421875 0.0484375 0.034375
3 0.63125 0.53046875 0.025 0.025
3 0.64765625 0.51796875 0.02421875 0.0234375
3 0.48203125 0.54375 0.05859375 0.0515625
0 0.63125 0.4609375 0.00859375 0.0296875
0 0.61484375 0.465625 0.025 0.03046875
0 0.60625 0.46796875 0.02578125 0.034375
0 0.615625 0.4390625 0.02578125 0.03203125
0 0.54296875 0.47109375 0.02890625 0.04140625
0 0.55078125 0.50390625 0.01171875 0.034375
0 0.53828125 0.51015625 0.0125 0.03515625
0 0.5171875 0.5125 0.03046875 0.0453125
0 0.53046875 0.47578125 0.0296875 0.04296875
0 0.49140625 0.32890625 0.03203125 0.040625
0 0.48125 0.3296875 0.0171875 0.04296875
0 0.44375 0.33359375 0.02109375 0.04375
0 0.46328125 0.33203125 0.01953125 0.04140625
0 0.4625 0.2890625 0.01953125 0.04375
0 0.4421875 0.2890625 0.02109375 0.0453125
0 0.4203125 0.2890625 0.0234375 0.046875
0 0.38984375 0.2890625 0.04140625 0.04921875
0 0.42265625 0.3359375 0.02265625 0.0453125
0 0.39921875 0.3375 0.025 0.046875
0 0.3671875 0.33828125 0.0421875 0.053125
0 0.3 0.3234375 0.04453125 0.05703125
0 0.26796875 0.325 0.0421875 0.0609375
0 0.22890625 0.32734375 0.04765625 0.0640625
0 0.1859375 0.32890625 0.05390625 0.06796875
0 0.13671875 0.33125 0.06171875 0.071875
0 0.08125 0.334375 0.07109375 0.0765625
0 0.0296875 0.33671875 0.059375 0.0828125
0 0.309375 0.47578125 0.04375 0.06796875
0 0.28046875 0.484375 0.03984375 0.071875
0 0.24609375 0.5015625 0.04296875 0.06328125
0 0.2375 0.44296875 0.0484375 0.071875
0 0.20703125 0.51328125 0.0484375 0.06640625
0 0.16328125 0.521875 0.05390625 0.08046875
0 0.1140625 0.540625 0.06171875 0.075
0 0.05859375 0.546875 0.07109375 0.1
0 0.1984375 0.45078125 0.0515625 0.078125
0 0.15390625 0.4609375 0.05625 0.08203125
0 0.10234375 0.47109375 0.06484375 0.08984375
3 0.2828125 0.4484375 0.0328125 0.00703125
3 0.31953125 0.44453125 0.03828125 0.015625
3 0.3515625 0.440625 0.0328125 0.01953125
3 0.34375 0.49609375 0.00546875 0.00625
3 0.27578125 0.3875 0.03515625 0.01953125
3 0.3046875 0.38359375 0.03671875 0.01875
0 0.47890625 0.40390625 0.01484375 0.01953125
3 0.45703125 0.415625 0.02890625 0.01171875
0 0.43515625 0.41484375 0.00859375 0.021875
0 0.42265625 0.41796875 0.015625 0.0203125
0 0.41484375 0.41875 0.01328125 0.0234375
0 0.421875 0.3984375 0.01640625 0.021875
0 0.39921875 0.403125 0.01640625 0.0234375
0 0.403125 0.42421875 0.01015625 0.0203125
0 0.39296875 0.4265625 0.01015625 0.02109375
0 0.38046875 0.4265625 0.01640625 0.02578125
0 0.3890625 0.40546875 0.01796875 0.0234375
0 0.2375 0.3890625 0.01953125 0.02109375
0 0.21953125 0.39140625 0.01953125 0.021875
0 0.20078125 0.39453125 0.02109375 0.021875
0 0.18125 0.396875 0.021875 0.0234375
0 0.1609375 0.39921875 0.0234375 0.0234375
0 0.1390625 0.403125 0.02421875 0.02421875
0 0.1171875 0.40546875 0.0265625 0.02578125
0 0.16640625 0.353125 0.00078125 0.0046875
0 0.16875 0.29609375 0.02109375 0.00625
0 0.1484375 0.30625 0.02578125 0.0265625
0 0.35390625 0.30625 0.01328125 0.0109375
0 0.3453125 0.3125 0.00546875 0.0234375
0 0.3296875 0.3125 0.00859375 0.02109375
0 0.328125 0.2890625 0.00859375 0.0234375
0 0.3109375 0.2859375 0.0109375 0.015625
0 0.29765625 0.2859375 0.015625 0.015625
0 0.28046875 0.28515625 0.02109375 0.01640625
3 0.79921875 0.58671875 0.0609375 0.05
3 0.5625 0.44140625 0.02734375 0.01328125