2 0.51953125 0.75390625 0.203125 0.4890625
3 0.9421875 0.77890625 0.115625 0.10546875
3 0.81953125 0.4453125 0.01796875 0.01171875
3 0.82734375 0.44453125 0.0234375 0.01171875
3 0.965625 0.6515625 0.065625 0.07578125
3 0.9453125 0.6125 0.109375 0.053125
3 0.9171875 0.5875 0.096875 0.0359375
3 0.87578125 0.4375 0.0578125 0.02109375
3 0.87265625 0.440625 0.0625 0.015625
3 0.840625 0.44375 0.00234375 0.0125
3 0.96640625 0.4171875 0.0671875 0.04140625
3 0.94921875 0.42578125 0.090625 0.03046875
3 0.8890625 0.684375 0.07890625 0.05859375
0 0.821875 0.51796875 0.003125 0.02578125
0 0.82421875 0.52265625 0.003125 0.02890625
0 0.834375 0.5265625 0.0171875 0.02734375
0 0.84296875 0.52890625 0.02265625 0.034375
0 0.84296875 0.496875 0.03515625 0.0296875
0 0.87890625 0.509375 0.05 0.0390625
0 0.85546875 0.5484375 0.00546875 0.04140625
0 0.86171875 0.55234375 0.00625 0.04375
0 0.89296875 0.55390625 0.05859375 0.040625
0 0.88671875 0.5125 0.05390625 0.046875
0 0.890625 0.28515625 0.0109375 0.04921875
0 0.9 0.27265625 0.0109375 0.05234375
0 0.92421875 0.24453125 0.0140625 0.0625
0 0.91171875 0.259375 0.0125 0.0578125
0 0.9125 0.20859375 0.0125 0.07265625
0 0.92578125 0.1890625 0.01484375 0.08046875
0 0.940625 0.165625 0.0171875 0.0875
0 0.96640625 0.1375 0.0375 0.10625
0 0.93828125 0.22578125 0.0171875 0.0703125
0 0.95546875 0.2046875 0.0203125 0.07734375
0 0.9734375 0.1828125 0.01953125 0.08203125
3 0.8125 0.590625 0.00625 0.01953125
3 0.81875 0.60234375 0.0078125 0.02109375
3 0.87109375 0.64765625 0.06953125 0.040625
3 0.83046875 0.6140625 0.01953125 0.0265625
3 0.45546875 0.63046875 0.05546875 0.0359375
3 0.5828125 0.45 0.02578125 0.00859375
3 0.57265625 0.44921875 0.02890625 0.00859375
3 0.5078125 0.446875 0.04140625 0.0125
3 0.53671875 0.4484375 0.0140625 0.01171875
3 0.54765625 0.44921875 0.02109375 0.00859375
3 0.25078125 0.7515625 0.10390625 0.09453125
3 0.4265625 0.440625 0.05546875 0.0171875
3 0.46171875 0.4421875 0.0359375 0.015625
3 0.5109375 0.59921875 0.04375 0.01953125
0 0.5828125 0.503125 0.0171875 0.01953125
0 0.37265625 0.56640625 0.0203125 0.015625
0 0.3640625 0.57109375 0.02109375 0.01796875
0 0.34296875 0.56953125 0.02265625 0.02734375
0 0.309375 0.5859375 0.02421875 0.0203125
0 0.32421875 0.5765625 0.0234375 0.01953125
3 0.56015625 0.57109375 0.02890625 0.0171875
3 0.54140625 0.58671875 0.0234375 0.0203125
3 0.578125 0.5625 0.015625 0.00859375
3 0.590625 0.559375 0.009375 0.0140625
3 0.4859375 0.5375 0.05078125 0.02109375
0 0.5765625 0.5046875 0.00390625 0.015625
0 0.57109375 0.50546875 0.00390625 0.01484375
0 0.559375 0.5046875 0.01953125 0.0140625
0 0.5640625 0.4875 0.01953125 0.02109375
0 0.52265625 0.4921875 0.02109375 0.02578125
0 0.50625 0.52109375 0.02578125 0.0296875
0 0.5140625 0.49453125 0.02421875 0.0265625
0 0.5 0.3578125 0.00859375 0.03203125
0 0.48984375 0.353125 0.009375 0.03203125
0 0.46875 0.3453125 0.01171875 0.03515625
0 0.4796875 0.34921875 0.0109375 0.034375
0 0.4796875 0.3171875 0.0109375 0.0375
0 0.46875 0.31171875 0.01171875 0.03828125
0 0.45625 0.30546875 0.0125 0.04140625
0 0.4328125 0.2984375 0.03515625 0.04375
0 0.45625 0.3390625 0.0125 0.0375
0 0.44296875 0.33359375 0.0140625 0.0390625
0 0.41796875 0.32734375 0.0359375 0.04140625
0 0.38828125 0.2921875 0.01953125 0.04921875
0 0.36796875 0.2828125 0.02109375 0.05234375
0 0.34453125 0.27109375 0.0234375 0.05546875
0 0.31953125 0.259375 0.02734375 0.0609375
0 0.2890625 0.24453125 0.03203125 0.065625
0 0.25546875 0.22890625 0.0375 0.07265625
0 0.2125 0.21015625 0.053125 0.0796875
0 0.38828125 0.42578125 0.01953125 0.04453125
0 0.3671875 0.42265625 0.02265625 0.04765625
0 0.34453125 0.42109375 0.0234375 0.05
0 0.34453125 0.37265625 0.02421875 0.05234375
0 0.31953125 0.41796875 0.02734375 0.053125
0 0.28984375 0.41484375 0.03046875 0.0578125
0 0.25703125 0.4109375 0.0375 0.0609375
0 0.21484375 0.40625 0.04921875 0.065625
0 0.31953125 0.3671875 0.02734375 0.05546875
0 0.2890625 0.36015625 0.03046875 0.0609375
0 0.2453125 0.35234375 0.05859375 0.065625
3 0.28046875 0.57578125 0.04140625 0.01953125
3 0.0890625 0.540625 0.0703125 0.02265625
3 0.24609375 0.52265625 0.04765625 0.015625
3 0.27890625 0.51875 0.04375 0.0140625
3 0.3109375 0.5140625 0.0375 0.01171875
3 0.38515625 0.55 0.03203125 0.0125
3 0.309375 0.5671875 0.0390625 0.015625
3 0.0984375 0.62109375 0.0625 0.034375
3 0.3421875 0.56015625 0.0359375 0.0140625
0 0.42578125 0.49609375 0.01484375 0.015625
0 0.1609375 0.52421875 0.03515625 0.03046875
3 0.4015625 0.54609375 0.015625 0.00859375
3 0.40703125 0.50234375 0.0265625 0.0078125
0 0.390625 0.5 0.00390625 0.0171875
0 0.378125 0.5015625 0.003125 0.01796875
0 0.37109375 0.5015625 0.0109375 0.01796875
0 0.37421875 0.4828125 0.0125 0.0171875
0 0.35703125 0.484375 0.015625 0.01953125
0 0.36171875 0.503125 0.00859375 0.01953125
0 0.3515625 0.50390625 0.009375 0.01953125
0 0.3375 0.5046875 0.01953125 0.0203125
0 0.346875 0.484375 0.01953125 0.0203125
0 0.16640625 0.43203125 0.00078125 0.0125
0 0.165625 0.4109375 0.00234375 0.02734375
0 0.1421875 0.4375 0.02109375 0.0296875
0 0.12109375 0.4359375 0.02421875 0.0296875
0 0.0953125 0.43515625 0.0265625 0.03203125
0 0.065625 0.434375 0.034375 0.034375
0 0.140625 0.4078125 0.0203125 0.03046875
0 0.11953125 0.40546875 0.02421875 0.03203125
0 0.090625 0.40390625 0.0328125 0.0328125
0 0.20234375 0.359375 0.01796875 0.02890625
0 0.184375 0.35546875 0.01953125 0.0296875
0 0.16953125 0.35234375 0.0109375 0.02890625
0 0.140625 0.34609375 0.01953125 0.03046875
0 0.11953125 0.3421875 0.02421875 0.034375
0 0.09453125 0.3375 0.0265625 0.0359375
0 0.0640625 0.3328125 0.03515625 0.0375
3 0.70546875 0.565625 0.04140625 0.01796875