2 0.48359375 0.53828125 0.16484375 0.35703125
3 0.88203125 0.6609375 0.103125 0.0484375
3 0.80078125 0.4578125 0.0015625 0.0140625
3 0.803125 0.45078125 0.00390625 0.01796875
3 0.934375 0.4546875 0.07890625 0.1
3 0.8765625 0.50546875 0.04140625 0.025
3 0.8375 0.515625 0.01640625 0.025
3 0.825 0.5203125 0.00859375 0.0203125
3 0.81015625 0.40703125 0.01015625 0.0296875
3 0.809375 0.428125 0.00390625 0.0109375
3 0.94609375 0.85625 0.08984375 0.1703125
3 0.89765625 0.32109375 0.134375 0.05390625
3 0.88359375 0.35 0.1203125 0.04453125
3 0.8578125 0.63125 0.07109375 0.03046875
0 0.81171875 0.51796875 0.00078125 0.01796875
0 0.815625 0.52109375 0.00703125 0.0265625
0 0.81484375 0.49453125 0.0078125 0.028125
0 0.84453125 0.49921875 0.040625 0.0203125
0 0.84453125 0.471875 0.0421875 0.040625
0 0.82578125 0.18515625 0.003125 0.0484375
0 0.828125 0.16328125 0.00390625 0.053125
0 0.83046875 0.140625 0.00234375 0.053125
0 0.8578125 0.1265625 0.02890625 0.0390625
0 0.8609375 0.2234375 0.0078125 0.046875
0 0.86953125 0.190625 0.009375 0.05390625
0 0.87890625 0.1515625 0.01171875 0.065625
0 0.87734375 0.09453125 0.01328125 0.13203125
0 0.8921875 0.1015625 0.01484375 0.08125
0 0.9078125 0.04375 0.01953125 0.08671875
0 0.91875 0.00859375 0.00625 0.0171875
0 0.8890625 0.0578125 0.0171875 0.115625
0 0.90390625 0.02890625 0.0171875 0.0578125
3 0.8078125 0.596875 0.0015625 0.01171875
3 0.809375 0.6 0.0015625 0.01328125
3 0.84609375 0.61640625 0.059375 0.0203125
3 0.815625 0.60703125 0.00234375 0.01171875
3 0.58984375 0.48046875 0.01640625 0.01015625
3 0.5734375 0.4765625 0.0296875 0.0109375
3 0.5109375 0.45625 0.03359375 0.01328125
3 0.53515625 0.46171875 0.01484375 0.01328125
3 0.546875 0.4671875 0.021875 0.01171875
3 0.284375 0.64375 0.06953125 0.0390625
3 0.43359375 0.42421875 0.01171875 0.01875
3 0.47109375 0.43671875 0.015625 0.01953125
0 0.5875 0.53125 0.01328125 0.01796875
0 0.3875 0.52578125 0.0078125 0.00703125
0 0.37421875 0.5265625 0.01640625 0.0109375
0 0.35703125 0.52265625 0.01796875 0.01796875
0 0.32734375 0.525 0.01953125 0.0109375
0 0.34453125 0.525 0.0125 0.0109375
3 0.571875 0.58828125 0.0140625 0.01015625
3 0.58203125 0.5859375 0.01640625 0.009375
3 0.5921875 0.584375 0.01640625 0.009375
0 0.578125 0.5296875 0.0046875 0.01875
0 0.5734375 0.5296875 0.0046875 0.01875
0 0.56328125 0.52890625 0.01484375 0.01953125
0 0.56640625 0.509375 0.01796875 0.01953125
0 0.53046875 0.50234375 0.00546875 0.0234375
0 0.53125 0.52265625 0.00546875 0.015625
0 0.49921875 0.36328125 0.00859375 0.00859375
0 0.490625 0.36171875 0.00859375 0.01640625
0 0.4703125 0.35546875 0.01015625 0.03046875
0 0.48046875 0.36015625 0.009375 0.02578125
0 0.48046875 0.3359375 0.009375 0.03359375
0 0.4703125 0.328125 0.01015625 0.034375
0 0.459375 0.32109375 0.0109375 0.0359375
0 0.4390625 0.3125 0.02890625 0.03828125
0 0.459375 0.3484375 0.0109375 0.03125
0 0.446875 0.34140625 0.01171875 0.03203125
0 0.42578125 0.33203125 0.03046875 0.03515625
0 0.4 0.29765625 0.01640625 0.03984375
0 0.3828125 0.2859375 0.01796875 0.04296875
0 0.3640625 0.27421875 0.01953125 0.04453125
0 0.34375 0.2609375 0.021875 0.046875
0 0.321875 0.24609375 0.0234375 0.05078125
0 0.296875 0.2296875 0.02578125 0.05390625
0 0.265625 0.21171875 0.0359375 0.05859375
0 0.39609375 0.40390625 0.0140625 0.03828125
0 0.3796875 0.39765625 0.01796875 0.03984375
0 0.3609375 0.390625 0.01953125 0.04296875
0 0.36171875 0.35390625 0.01953125 0.04609375
0 0.33984375 0.3828125 0.021875 0.0453125
0 0.3171875 0.37421875 0.02421875 0.046875
0 0.2921875 0.365625 0.0265625 0.05078125
0 0.2609375 0.35390625 0.03515625 0.0546875
0 0.340625 0.34375 0.02265625 0.04921875
0 0.31796875 0.33359375 0.02421875 0.0515625
0 0.28515625 0.321875 0.04296875 0.0546875
3 0.3046875 0.58828125 0.03828125 0.01171875
3 0.4328125 0.49296875 0.01484375 0.00703125
3 0.14921875 0.53125 0.05625 0.01171875
3 0.359375 0.48125 0.0296875 0.009375
3 0.3796875 0.484375 0.02109375 0.00859375
3 0.4 0.4875 0.00546875 0.00625
3 0.33125 0.5859375 0.03359375 0.0109375
3 0.1515625 0.60234375 0.05078125 0.01796875
3 0.275 0.46796875 0.03828125 0.01328125
3 0.30625 0.471875 0.02421875 0.01171875
3 0.3625 0.58359375 0.03046875 0.009375
0 0.20078125 0.525 0.0171875 0.02421875
0 0.39921875 0.5265625 0.00390625 0.00546875
0 0.39453125 0.51640625 0.015625 0.015625
0 0.3796875 0.51328125 0.0078125 0.015625
0 0.3671875 0.5125 0.01640625 0.015625
0 0.246875 0.45703125 0.01171875 0.0234375
0 0.2265625 0.453125 0.00859375 0.0234375
0 0.21328125 0.4515625 0.01640625 0.025
0 0.2140625 0.428125 0.01640625 0.02578125
0 0.19609375 0.4484375 0.01796875 0.02578125
0 0.178125 0.44453125 0.01875 0.0265625
0 0.159375 0.44140625 0.0203125 0.028125
0 0.13671875 0.43828125 0.02578125 0.02890625
0 0.196875 0.42421875 0.01796875 0.028125
0 0.17890625 0.4203125 0.01875 0.028125
0 0.15703125 0.41640625 0.025 0.02890625
0 0.225 0.378125 0.00078125 0.01484375
0 0.2171875 0.3765625 0.01640625 0.02421875
0 0.2 0.3734375 0.01796875 0.0265625
0 0.18203125 0.36796875 0.01796875 0.02890625
0 0.16328125 0.3625 0.01953125 0.02890625
0 0.14140625 0.35625 0.02578125 0.03125
0 0.2765625 0.415625 0.01796875 0.0046875
3 0.70234375 0.5765625 0.03984375 0.0109375