2 0.1734375 0.46015625 0.10703125 0.20703125
3 0.46328125 0.56484375 0.05703125 0.07421875
3 0.559375 0.44765625 0.10546875 0.10625
3 0.62421875 0.50859375 0.12578125 0.140625
3 0.7234375 0.615625 0.15546875 0.19140625
3 0.3734375 0.421875 0.03515625 0.04296875
3 0.41875 0.3234375 0.07109375 0.05625
3 0.44453125 0.3484375 0.07734375 0.06484375
3 0.5453125 0.70078125 0.07890625 0.1203125
0 0.4140625 0.39921875 0.0171875 0.0203125
0 0.40390625 0.3921875 0.0140625 0.01796875
0 0.40703125 0.378125 0.0125 0.01875
0 0.3875 0.36953125 0.01328125 0.01796875
0 0.4 0.371875 0.01640625 0.01171875
3 0.74921875 0.9765625 0.03984375 0.04453125
3 0.62109375 0.82578125 0.0984375 0.1640625
3 0.4953125 0.52734375 0.08046875 0.09375
0 0.9109375 0.96796875 0.01328125 0.06171875
0 0.859375 0.93046875 0.11328125 0.13828125
0 0.94453125 0.965625 0.0765625 0.06796875
0 0.596875 0.59453125 0.0578125 0.09140625
0 0.5953125 0.64453125 0.06015625 0.08046875
0 0.5546875 0.6140625 0.02421875 0.071875
0 0.53828125 0.57109375 0.03203125 0.09453125
0 0.56328125 0.5640625 0.03671875 0.084375
0 0.51640625 0.240625 0.06015625 0.08515625
0 0.49375 0.23046875 0.05625 0.0796875
0 0.440625 0.21640625 0.0171875 0.06328125
0 0.45703125 0.225 0.01875 0.06640625
0 0.47265625 0.1609375 0.05390625 0.07421875
0 0.4546875 0.15625 0.05078125 0.06953125
0 0.43984375 0.15078125 0.05 0.065625
0 0.42421875 0.14609375 0.04609375 0.06328125
0 0.42578125 0.20859375 0.01640625 0.06015625
0 0.41328125 0.2015625 0.015625 0.05703125
0 0.40078125 0.19375 0.01484375 0.05703125
0 0.3859375 0.1609375 0.0359375 0.05390625
0 0.37734375 0.15703125 0.0375 0.0515625
0 0.36796875 0.153125 0.03515625 0.04921875
0 0.35546875 0.15078125 0.02578125 0.046875
0 0.35234375 0.146875 0.03203125 0.0453125
0 0.3453125 0.14375 0.03203125 0.04375
0 0.3390625 0.14140625 0.03125 0.04140625
0 0.3984375 0.28515625 0.0390625 0.05
0 0.38828125 0.27890625 0.03515625 0.0515625
0 0.36875 0.27578125 0.0109375 0.04140625
0 0.378125 0.23515625 0.03828125 0.0484375
0 0.3609375 0.26796875 0.01015625 0.040625
0 0.35390625 0.2609375 0.01015625 0.0390625
0 0.346875 0.25390625 0.009375 0.0359375
0 0.340625 0.246875 0.00859375 0.03671875
0 0.36484375 0.22890625 0.02734375 0.046875
0 0.359375 0.2234375 0.0296875 0.0453125
0 0.35234375 0.21796875 0.02890625 0.04375
3 0.575 0.26796875 0.03203125 0.02421875
3 0.653125 0.3078125 0.04609375 0.03203125
3 0.6875 0.3234375 0.04921875 0.0359375
3 0.725 0.3421875 0.05078125 0.03828125
3 0.79609375 0.2703125 0.0625 0.0390625
3 0.846875 0.28671875 0.075 0.04453125
3 0.91484375 0.3109375 0.078125 0.04921875
3 0.8765625 0.50859375 0.01640625 0.03203125
3 0.659375 0.22734375 0.046875 0.0265625
3 0.68828125 0.23671875 0.05 0.0296875
0 0.60078125 0.275 0.02265625 0.03125
3 0.909375 0.52890625 0.0140625 0.0359375
3 0.96875 0.4625 0.06171875 0.065625
0 0.89375 0.41171875 0.04453125 0.05859375
0 0.8671875 0.40546875 0.0421875 0.04375
0 0.84140625 0.3875 0.03671875 0.053125
0 0.878125 0.365625 0.04453125 0.05546875
0 0.821875 0.34296875 0.0390625 0.05
0 0.81328125 0.37890625 0.0375 0.040625
0 0.78828125 0.36875 0.0265625 0.0390625
0 0.7703125 0.3546875 0.02734375 0.04609375
0 0.80078125 0.33359375 0.0375 0.0484375
0 0.6328125 0.209375 0.02578125 0.03359375
0 0.6203125 0.20546875 0.02421875 0.03203125
0 0.60390625 0.20390625 0.01171875 0.028125
0 0.61171875 0.1765625 0.02421875 0.03046875
0 0.59296875 0.20078125 0.01171875 0.0265625
0 0.5828125 0.196875 0.0109375 0.02578125
0 0.5734375 0.19453125 0.01015625 0.02578125
0 0.565625 0.18984375 0.00703125 0.028125
0 0.6 0.1734375 0.021875 0.03046875
0 0.590625 0.17109375 0.02265625 0.0296875
0 0.5796875 0.16875 0.0203125 0.02890625
0 0.6421875 0.12421875 0.02734375 0.03359375
0 0.628125 0.121875 0.02421875 0.03125
0 0.615625 0.12109375 0.02265625 0.03046875
0 0.60546875 0.11875 0.02421875 0.03046875
0 0.59453125 0.11796875 0.0234375 0.0296875
0 0.58359375 0.11640625 0.02109375 0.02890625
0 0.575 0.11484375 0.0171875 0.028125
0 0.7765625 0.15625 0.03828125 0.04296875
0 0.75625 0.15390625 0.03671875 0.040625
0 0.7140625 0.14921875 0.021875 0.0359375
0 0.73125 0.1515625 0.0234375 0.03671875
0 0.74296875 0.115625 0.03515625 0.0390625
0 0.7234375 0.1140625 0.03125 0.03671875
0 0.7078125 0.11171875 0.0328125 0.03671875
0 0.69140625 0.1109375 0.03046875 0.0359375
0 0.696875 0.146875 0.0203125 0.034375
0 0.68125 0.14453125 0.01875 0.03359375
0 0.6671875 0.140625 0.01796875 0.03515625