2 0.2140625 0.95234375 0.14140625 0.09375
3 0.9953125 0.7734375 0.009375 0.0375
3 0.940625 0.99609375 0.0078125 0.00625
0 0.99375 0.86953125 0.0125 0.04921875
0 0.98671875 0.9578125 0.0265625 0.08203125
3 0.99140625 0.715625 0.0125 0.04921875
3 0.984375 0.75625 0.01484375 0.05546875
3 0.9515625 0.93046875 0.02265625 0.096875
3 0.97578125 0.80859375 0.0125 0.0703125
3 0.43984375 0.63828125 0.05859375 0.06796875
3 0.665625 0.37109375 0.04375 0.0234375
3 0.64453125 0.37890625 0.04609375 0.02578125
3 0.521875 0.42578125 0.05234375 0.040625
3 0.55078125 0.4140625 0.053125 0.034375
3 0.5859375 0.403125 0.04609375 0.0296875
3 0.196875 0.79453125 0.08515625 0.12109375
3 0.3765625 0.48359375 0.0640625 0.0609375
3 0.421875 0.465625 0.0625 0.05546875
3 0.52578125 0.5859375 0.05078125 0.053125
0 0.65859375 0.4390625 0.02578125 0.0296875
0 0.32578125 0.6109375 0.015625 0.02890625
0 0.3109375 0.62578125 0.0171875 0.0296875
0 0.29140625 0.62109375 0.0171875 0.03828125
0 0.24921875 0.653125 0.0171875 0.034375
0 0.27109375 0.634375 0.015625 0.0296875
3 0.6125 0.534375 0.04375 0.0296875
3 0.565625 0.56640625 0.04765625 0.03515625
3 0.64140625 0.5203125 0.02734375 0.02734375
3 0.6609375 0.50546875 0.0265625 0.02421875
3 0.4828125 0.540625 0.05546875 0.05546875
0 0.6421875 0.45078125 0.0109375 0.03203125
0 0.62734375 0.45625 0.02265625 0.03203125
0 0.61640625 0.459375 0.0265625 0.0375
0 0.628125 0.43046875 0.02421875 0.03515625
0 0.54765625 0.4671875 0.0265625 0.04453125
0 0.553125 0.5 0.0125 0.034375
0 0.5328125 0.50390625 0.02734375 0.04140625
0 0.51953125 0.5078125 0.02890625 0.04921875
0 0.53359375 0.47265625 0.02890625 0.04609375
0 0.49140625 0.334375 0.03203125 0.04609375
0 0.48046875 0.33828125 0.01796875 0.046875
0 0.44140625 0.34921875 0.02109375 0.04453125
0 0.46171875 0.34609375 0.01953125 0.0421875
0 0.4546875 0.30234375 0.0328125 0.04609375
0 0.434375 0.30546875 0.034375 0.04921875
0 0.4125 0.309375 0.0359375 0.05
0 0.3890625 0.31171875 0.0375 0.053125
0 0.4203125 0.353125 0.0234375 0.04453125
0 0.39765625 0.3578125 0.02578125 0.04765625
0 0.3671875 0.359375 0.0375 0.05625
0 0.3015625 0.35234375 0.04140625 0.06171875
0 0.2703125 0.35859375 0.0421875 0.065625
0 0.23671875 0.36328125 0.04375 0.06953125
0 0.19921875 0.3703125 0.04921875 0.07265625
0 0.15703125 0.3765625 0.05390625 0.0765625
0 0.1109375 0.384375 0.0609375 0.08046875
0 0.0609375 0.3921875 0.0671875 0.0859375
0 0.31484375 0.48828125 0.03828125 0.06796875
0 0.28671875 0.49921875 0.0375 0.07265625
0 0.2578125 0.51953125 0.03828125 0.05546875
0 0.24921875 0.4640625 0.04140625 0.0734375
0 0.22265625 0.53125 0.04140625 0.05859375
0 0.1859375 0.54453125 0.046875 0.06171875
0 0.1453125 0.559375 0.05234375 0.0640625
0 0.1015625 0.5625 0.05859375 0.09140625
0 0.2140625 0.47421875 0.04375 0.0765625
0 0.17578125 0.48515625 0.04921875 0.08046875
0 0.13359375 0.4984375 0.05390625 0.0859375
3 0.34453125 0.46953125 0.0296875 0.0265625
3 0.51796875 0.32109375 0.02109375 0.01171875
3 0.509375 0.32421875 0.00234375 0.00859375
3 0.31171875 0.42734375 0.0359375 0.02578125
3 0.3421875 0.41953125 0.0359375 0.0203125
3 0.37265625 0.4125 0.03046875 0.0203125
3 0.45234375 0.434375 0.0296875 0.0203125
3 0.371875 0.45859375 0.02890625 0.02109375
3 0.3328125 0.3578125 0.02421875 0.0171875
3 0.40703125 0.44921875 0.03046875 0.02109375
0 0.50078125 0.37578125 0.0125 0.0125
0 0.23984375 0.42890625 0.0265625 0.01171875
3 0.4765625 0.42734375 0.02578125 0.01484375
3 0.49609375 0.42109375 0.01484375 0.00859375
3 0.47578125 0.384375 0.02734375 0.0125
0 0.45390625 0.3890625 0.009375 0.0125
0 0.4453125 0.390625 0.009375 0.0140625
0 0.434375 0.39453125 0.0125 0.0140625
0 0.42265625 0.39765625 0.009375 0.0125
0 0.4125 0.39921875 0.0109375 0.0140625
0 0.4 0.40234375 0.01484375 0.0140625
0 0.22734375 0.32890625 0.015625 0.00546875
0 0.209375 0.33125 0.0171875 0.00546875
0 0.19140625 0.334375 0.0171875 0.00390625
0 0.1734375 0.33671875 0.01953125 0.00546875
0 0.25546875 0.2875 0.0203125 0.02734375
0 0.23984375 0.2890625 0.0203125 0.02890625
0 0.22265625 0.290625 0.02109375 0.0296875
0 0.2046875 0.290625 0.02265625 0.03046875
0 0.18515625 0.2921875 0.0234375 0.03203125
0 0.16640625 0.29453125 0.02421875 0.0328125
0 0.1453125 0.29609375 0.0265625 0.03203125
0 0.371875 0.2859375 0.015625 0.0234375
0 0.3625 0.2875 0.0140625 0.02578125
0 0.33984375 0.290625 0.0078125 0.02265625
0 0.34921875 0.2890625 0.0140625 0.0234375
0 0.346875 0.265625 0.0171875 0.02578125
0 0.3328125 0.26640625 0.0171875 0.02421875
0 0.31796875 0.26796875 0.0171875 0.02578125
0 0.3046875 0.26875 0.0203125 0.0265625
0 0.32109375 0.2921875 0.0125 0.0234375
0 0.309375 0.29375 0.015625 0.0234375
0 0.29375 0.29375 0.01953125 0.02734375
3 0.80625 0.603125 0.059375 0.06171875