3 0.3984375 0.71953125 0.096875 0.0703125
3 0.71328125 0.4515625 0.03515625 0.01796875
3 0.6828125 0.44609375 0.05390625 0.01953125
3 0.53125 0.4140625 0.07109375 0.02734375
3 0.57734375 0.42421875 0.053125 0.02421875
3 0.61640625 0.43359375 0.05 0.02265625
3 0.3046875 0.35546875 0.09453125 0.05546875
3 0.3875 0.375 0.07734375 0.04609375
3 0.5390625 0.67890625 0.07890625 0.04921875
0 0.7078125 0.5390625 0.02890625 0.03046875
0 0.1859375 0.578125 0.0296875 0.02421875
0 0.14375 0.58203125 0.0359375 0.0296875
0 0.1078125 0.5734375 0.0390625 0.046875
0 0.0109375 0.58828125 0.021875 0.0296875
0 0.0609375 0.584375 0.046875 0.0296875
3 0.6578125 0.6453125 0.06171875 0.0265625
3 0.596875 0.6640625 0.0703125 0.034375
3 0.6953125 0.6375 0.03515625 0.0234375
3 0.71796875 0.63046875 0.034375 0.02109375
3 0.475 0.56328125 0.084375 0.02890625
0 0.68828125 0.53984375 0.0109375 0.0328125
0 0.67890625 0.540625 0.0109375 0.034375
0 0.6546875 0.540625 0.03515625 0.03515625
0 0.66640625 0.50546875 0.03515625 0.034375
0 0.5765625 0.49921875 0.0171875 0.04375
0 0.57734375 0.54296875 0.015625 0.04375
0 0.559375 0.54453125 0.01796875 0.04609375
0 0.52890625 0.54453125 0.04140625 0.04921875
0 0.54765625 0.49765625 0.040625 0.04453125
0 0.49921875 0.259375 0.0234375 0.05234375
0 0.47421875 0.24765625 0.02421875 0.05625
0 0.4171875 0.21953125 0.03046875 0.0625
0 0.44765625 0.234375 0.02734375 0.05859375
0 0.44765625 0.184375 0.02734375 0.065625
0 0.41875 0.16796875 0.03046875 0.0703125
0 0.3859375 0.14921875 0.034375 0.0765625
0 0.34609375 0.128125 0.04609375 0.0796875
0 0.3859375 0.20390625 0.0328125 0.0671875
0 0.35078125 0.1859375 0.0375 0.0703125
0 0.3078125 0.165625 0.04765625 0.0765625
0 0.19765625 0.08046875 0.0578125 0.0921875
0 0.1375 0.04921875 0.065625 0.0984375
0 0.0671875 0.03359375 0.07578125 0.0671875
0 0.01484375 0.015625 0.0296875 0.03046875
0 0.1890625 0.3125 0.059375 0.0875
0 0.12578125 0.29609375 0.06953125 0.09453125
0 0.05390625 0.27890625 0.07890625 0.10234375
0 0.06484375 0.1953125 0.09609375 0.115625
0 0.00859375 0.26796875 0.0171875 0.09140625
0 0.009375 0.1765625 0.01875 0.096875
3 0.30546875 0.61484375 0.04140625 0.0125
3 0.5171875 0.4828125 0.01796875 0.0109375
3 0.496875 0.48046875 0.03203125 0.0109375
3 0.09296875 0.55 0.0734375 0.01484375
3 0.26953125 0.54609375 0.0328125 0.0125
3 0.35078125 0.54453125 0.02734375 0.009375
3 0.3828125 0.47265625 0.034375 0.0109375
3 0.41328125 0.47578125 0.02890625 0.0109375
3 0.44296875 0.47734375 0.02890625 0.009375
3 0.44296875 0.5984375 0.03515625 0.009375
3 0.3453125 0.6109375 0.03515625 0.0125
3 0.09453125 0.63984375 0.0734375 0.01796875
3 0.2671875 0.4625 0.02734375 0.0140625
3 0.29921875 0.4640625 0.0359375 0.0140625
3 0.3875 0.60546875 0.03515625 0.0109375
0 0.50078125 0.53515625 0.0140625 0.01953125
0 0.16953125 0.53828125 0.040625 0.0296875
3 0.4734375 0.5953125 0.0234375 0.0078125
3 0.50390625 0.5921875 0.01796875 0.00859375
3 0.52890625 0.5890625 0.009375 0.00625
3 0.471875 0.5421875 0.02890625 0.0078125
0 0.446875 0.5359375 0.0109375 0.0203125
0 0.4359375 0.5359375 0.0109375 0.02109375
0 0.4234375 0.5359375 0.01484375 0.02109375
0 0.4328125 0.51484375 0.0171875 0.02109375
0 0.409375 0.5140625 0.01171875 0.02109375
0 0.409375 0.5359375 0.01171875 0.0203125
0 0.396875 0.5359375 0.0125 0.0203125
0 0.38125 0.53671875 0.01796875 0.02265625
0 0.39453125 0.5140625 0.01796875 0.02109375
0 0.2171875 0.45 0.0203125 0.0296875
0 0.19609375 0.44921875 0.02109375 0.0296875
0 0.1734375 0.44609375 0.0234375 0.03046875
0 0.175 0.41640625 0.02421875 0.03046875
0 0.15 0.44453125 0.0234375 0.03203125
0 0.12578125 0.4421875 0.02578125 0.0328125
0 0.10078125 0.4390625 0.0265625 0.034375
0 0.07265625 0.43671875 0.02890625 0.03515625
0 0.15078125 0.41328125 0.0234375 0.0328125
0 0.1265625 0.4109375 0.02578125 0.034375
0 0.10078125 0.4078125 0.0265625 0.034375
0 0.225 0.35390625 0.01171875 0.00859375
0 0.32734375 0.3625 0.00390625 0.00390625
0 0.2953125 0.36171875 0.0078125 0.01953125
0 0.28671875 0.36015625 0.009375 0.02265625
3 0.9671875 0.66171875 0.06484375 0.0421875
3 0.59921875 0.58046875 0.03203125 0.00546875