2 0.21171875 0.546875 0.06171875 0.1640625
3 0.00703125 0.54140625 0.0140625 0.0203125
3 0.009375 0.64765625 0.01875 0.0328125
3 0.46875 0.640625 0.06015625 0.046875
3 0.53671875 0.4046875 0.06484375 0.0296875
3 0.58515625 0.39453125 0.071875 0.03671875
3 0.6875 0.378125 0.13203125 0.0515625
3 0.39453125 0.5796875 0.03828125 0.02421875
3 0.41953125 0.42265625 0.021875 0.01796875
3 0.4578125 0.41875 0.065625 0.01953125
3 0.55 0.71015625 0.09140625 0.08125
0 0.425 0.52421875 0.00546875 0.00703125
0 0.41953125 0.52109375 0.01484375 0.0109375
0 0.42421875 0.51171875 0.0109375 0.00703125
0 0.4078125 0.51640625 0.01171875 0.009375
0 0.4125 0.51640625 0.00234375 0.00703125
3 0.88203125 0.92421875 0.23515625 0.14921875
3 0.63671875 0.790625 0.12421875 0.11484375
3 0.4890625 0.55234375 0.06171875 0.0359375
0 0.965625 0.703125 0.06796875 0.1546875
0 0.88828125 0.66796875 0.1 0.1640625
0 0.96875 0.56640625 0.06171875 0.1484375
0 0.58984375 0.50703125 0.0578125 0.065625
0 0.58984375 0.56875 0.05703125 0.06796875
0 0.55 0.5609375 0.02109375 0.06328125
0 0.5296875 0.553125 0.01875 0.0609375
0 0.5609375 0.50390625 0.04296875 0.0609375
0 0.51328125 0.2640625 0.04609375 0.05390625
0 0.4828125 0.275 0.01328125 0.05
0 0.4578125 0.29375 0.0109375 0.04375
0 0.46953125 0.28515625 0.01171875 0.04609375
0 0.48125 0.24375 0.03515625 0.05390625
0 0.4578125 0.25390625 0.01015625 0.05078125
0 0.446875 0.2640625 0.01015625 0.0484375
0 0.4375 0.2734375 0.00859375 0.04453125
0 0.446875 0.3015625 0.01015625 0.040625
0 0.4375 0.30859375 0.00859375 0.03828125
0 0.42890625 0.31484375 0.0078125 0.03671875
0 0.4171875 0.315625 0.01875 0.03203125
0 0.4046875 0.3203125 0.00546875 0.03125
0 0.3984375 0.325 0.00546875 0.0296875
0 0.39296875 0.33046875 0.00546875 0.02890625
0 0.3875 0.334375 0.0046875 0.028125
0 0.38203125 0.33828125 0.00390625 0.0265625
0 0.37734375 0.3421875 0.00390625 0.025
0 0.4234375 0.41640625 0.0296875 0.03203125
0 0.4046875 0.41796875 0.00625 0.03125
0 0.3984375 0.41875 0.00546875 0.02890625
0 0.409375 0.38984375 0.02734375 0.03125
0 0.39296875 0.4203125 0.00546875 0.028125
0 0.3875 0.421875 0.0046875 0.0265625
0 0.3828125 0.42265625 0.00390625 0.0265625
0 0.378125 0.4234375 0.00390625 0.025
0 0.39296875 0.39140625 0.00546875 0.0296875
0 0.3875 0.39375 0.00546875 0.02890625
0 0.3828125 0.39609375 0.0046875 0.028125
3 0.68671875 0.571875 0.04609375 0.021875
3 0.65390625 0.50546875 0.040625 0.0140625
3 0.68828125 0.50859375 0.046875 0.01484375
3 0.72421875 0.51328125 0.04921875 0.01640625
3 0.76875 0.4296875 0.04140625 0.0109375
3 0.8203125 0.4265625 0.06328125 0.01328125
3 0.88984375 0.4234375 0.075 0.0140625
3 0.721875 0.58125 0.0515625 0.025
3 0.6484375 0.4359375 0.03203125 0.00625
3 0.678125 0.43359375 0.04375 0.00859375
3 0.77578125 0.596875 0.059375 0.0265625
0 0.896875 0.521875 0.03671875 0.040625
0 0.86796875 0.5203125 0.03359375 0.03671875
0 0.8390625 0.51640625 0.02578125 0.03671875
0 0.8703125 0.484375 0.03515625 0.0359375
0 0.81796875 0.48203125 0.01953125 0.03203125
0 0.8171875 0.5140625 0.0203125 0.03359375
0 0.7828125 0.51171875 0.0140625 0.03046875
0 0.77265625 0.509375 0.00625 0.03125
0 0.78359375 0.48125 0.01328125 0.03046875
0 0.62890625 0.43671875 0.02109375 0.00625
0 0.61328125 0.4375 0.01015625 0.00625
0 0.60390625 0.43828125 0.00859375 0.00546875
0 0.59453125 0.43828125 0.00859375 0.00546875
0 0.5859375 0.4390625 0.0078125 0.00546875
0 0.578125 0.4390625 0.00703125 0.00546875
0 0.5703125 0.4390625 0.00703125 0.0046875
0 0.63046875 0.3625 0.02109375 0.0234375
0 0.61484375 0.3640625 0.01015625 0.02109375
0 0.6046875 0.36640625 0.00859375 0.0203125
0 0.59609375 0.36875 0.00859375 0.02109375
0 0.5875 0.37109375 0.0078125 0.0203125
0 0.57890625 0.3734375 0.00703125 0.01953125
0 0.57109375 0.37578125 0.00703125 0.01953125
0 0.74140625 0.34453125 0.02578125 0.02578125
0 0.71953125 0.34453125 0.01640625 0.01796875
0 0.6890625 0.3515625 0.0140625 0.01640625
0 0.70390625 0.3484375 0.01484375 0.01796875
0 0.709375 0.328125 0.02578125 0.0296875
0 0.68984375 0.33203125 0.0140625 0.02890625
0 0.67578125 0.3359375 0.01328125 0.0265625
0 0.66328125 0.3390625 0.0125 0.0265625
0 0.67578125 0.35546875 0.01328125 0.015625
0 0.6625 0.3578125 0.01171875 0.0140625
0 0.65078125 0.36015625 0.0109375 0.01484375