3 0.41171875 0.78359375 0.07265625 0.0359375
3 0.8671875 0.5203125 0.0953125 0.021875
3 0.80546875 0.5203125 0.09375 0.021875
3 0.16484375 0.6625 0.09921875 0.01796875
3 0.346875 0.66171875 0.06796875 0.01953125
3 0.415625 0.66171875 0.06953125 0.01875
3 0.478125 0.66171875 0.053125 0.0203125
3 0.546875 0.5234375 0.05078125 0.01953125
3 0.60234375 0.52421875 0.06015625 0.01640625
3 0.66640625 0.52421875 0.06796875 0.01640625
3 0.68671875 0.7859375 0.08671875 0.03671875
3 0.47421875 0.78359375 0.06484375 0.0359375
3 0.15546875 0.78203125 0.10390625 0.03515625
3 0.34453125 0.5234375 0.05390625 0.02109375
3 0.4015625 0.52265625 0.06171875 0.02109375
3 0.559375 0.7859375 0.06875 0.0359375
0 0.8265625 0.6484375 0.05859375 0.04609375
0 0.23828125 0.6484375 0.053125 0.0453125
3 0.76796875 0.78671875 0.09765625 0.03671875
3 0.84375 0.78984375 0.084375 0.03125
3 0.909375 0.7890625 0.0921875 0.034375
3 0.75546875 0.66328125 0.08984375 0.01640625
0 0.684375 0.6484375 0.02890625 0.04609375
0 0.6578125 0.6484375 0.02734375 0.04609375
0 0.628125 0.6484375 0.03515625 0.04609375
0 0.65078125 0.603125 0.03828125 0.04453125
0 0.59609375 0.603125 0.02578125 0.04453125
0 0.5984375 0.6484375 0.0265625 0.04609375
0 0.57265625 0.6484375 0.02578125 0.0453125
0 0.54609375 0.6484375 0.028125 0.04609375
0 0.56875 0.603125 0.0296875 0.04453125
0 0.30234375 0.51484375 0.04140625 0.0390625
0 0.26953125 0.51484375 0.02734375 0.0390625
0 0.2453125 0.51484375 0.0265625 0.0390625
0 0.25859375 0.47578125 0.04453125 0.03984375
0 0.221875 0.515625 0.0265625 0.03828125
0 0.19765625 0.515625 0.02734375 0.03828125
0 0.1734375 0.515625 0.02734375 0.0390625
0 0.15 0.515625 0.02734375 0.0390625
0 0.225 0.47578125 0.0265625 0.03984375
0 0.2015625 0.47578125 0.02734375 0.0390625
0 0.178125 0.47578125 0.02734375 0.0390625
0 0.31171875 0.3984375 0.0390625 0.046875
0 0.28125 0.39296875 0.02578125 0.03359375
0 0.2578125 0.39296875 0.02578125 0.03359375
0 0.23515625 0.39296875 0.02578125 0.034375
0 0.21171875 0.39375 0.02578125 0.03359375
0 0.1890625 0.39375 0.02578125 0.03359375
0 0.16640625 0.39375 0.02578125 0.03359375
0 0.49921875 0.40625 0.02265625 0.034375
0 0.475 0.40625 0.02421875 0.034375
0 0.428125 0.40703125 0.0234375 0.034375
0 0.4515625 0.40703125 0.0234375 0.034375
0 0.453125 0.3703125 0.0265625 0.03671875
0 0.42890625 0.3703125 0.0234375 0.03671875
0 0.40546875 0.37109375 0.02421875 0.0359375
0 0.3828125 0.37109375 0.0234375 0.03671875
0 0.40390625 0.40703125 0.02421875 0.034375
0 0.38125 0.40703125 0.02421875 0.034375
0 0.3578125 0.40703125 0.02421875 0.03515625