0 0.50390625 0.47890625 0.38671875 0.41875
0 0.7921875 0.528125 0.165625 0.39765625
0 0.88125 0.7609375 0.2328125 0.4703125
0 0.81640625 0.1921875 0.11796875 0.1625
0 0.9375 0.37578125 0.1203125 0.290625
0 0.6765625 0.2671875 0.084375 0.14140625
0 0.03359375 0.53828125 0.0671875 0.3078125
6 0.25859375 0.49140625 0.11796875 0.0765625
6 0.2609375 0.4234375 0.11796875 0.0765625
6 0.2609375 0.35078125 0.12265625 0.06875
6 0.16484375 0.39765625 0.06484375 0.0765625
6 0.1546875 0.49375 0.06953125 0.0640625
6 0.0640625 0.33359375 0.12265625 0.1453125
6 0.0578125 0.13046875 0.1109375 0.2265625
6 0.16015625 0.2625 0.07421875 0.16640625
6 0.6078125 0.3015625 0.0625 0.0984375