0 0.28125 0.66015625 0.5484375 0.6109375
0 0.94140625 0.48515625 0.11328125 0.83359375
6 0.7953125 0.54453125 0.178125 0.07265625
6 0.790625 0.453125 0.178125 0.0765625
6 0.77890625 0.35859375 0.15859375 0.0765625
6 0.6671875 0.4359375 0.07421875 0.0765625
6 0.66484375 0.53828125 0.07421875 0.0765625
6 0.6609375 0.32265625 0.071875 0.1328125
6 0.60078125 0.24765625 0.03828125 0.128125
6 0.5359375 0.16015625 0.09609375 0.2265625
6 0.5671875 0.3890625 0.125 0.13671875
6 0.4234375 0.3484375 0.16328125 0.175
6 0.303125 0.2734375 0.09609375 0.290625
6 0.1765625 0.1984375 0.165625 0.3890625
6 0.4234375 0.09375 0.125 0.1875