5 0.4625 0.49765625 0.084375 0.1328125
0 0.61640625 0.61328125 0.084375 0.38046875
0 0.8125 0.70078125 0.365625 0.58984375
0 0.81484375 0.1921875 0.35546875 0.384375
6 0.459375 0.325 0.02890625 0.08515625
6 0.49375 0.325 0.0265625 0.08515625
6 0.5203125 0.33515625 0.0265625 0.08984375
6 0.54921875 0.4359375 0.09375 0.06875
6 0.546875 0.52109375 0.0796875 0.0765625
6 0.275 0.50234375 0.0265625 0.08984375
6 0.30546875 0.50625 0.03359375 0.08125
6 0.36796875 0.5125 0.071875 0.08515625
6 0.484375 0.5125 0.0265625 0.0765625
6 0.4578125 0.4234375 0.084375 0.08515625
6 0.3890625 0.31015625 0.03828125 0.0984375
6 0.30546875 0.30546875 0.1203125 0.08984375
6 0.26796875 0.39140625 0.0359375 0.0984375
6 0.30859375 0.39921875 0.0265625 0.0984375
6 0.34609375 0.40390625 0.03359375 0.08984375
6 0.38671875 0.4078125 0.02890625 0.08125
6 0.1453125 0.5109375 0.06953125 0.14921875
6 0.1859375 0.5125 0.05078125 0.1109375
6 0.21015625 0.49609375 0.0359375 0.10234375
6 0.06953125 0.51953125 0.0671875 0.21796875
6 0.0890625 0.26484375 0.0765625 0.2734375
6 0.15 0.33984375 0.07421875 0.1578125
6 0.21171875 0.378125 0.0625 0.1328125
6 0.21484375 0.22421875 0.040625 0.1578125
6 0.17578125 0.1328125 0.04296875 0.2390625
6 0.11171875 0.08984375 0.084375 0.1796875