0 0.6109375 0.5921875 0.2015625 0.18359375
0 0.1609375 0.6625 0.321875 0.6578125
0 0.0625 0.18359375 0.125 0.3671875
0 0.2359375 0.0703125 0.125 0.1328125
0 0.2046875 0.2625 0.134375 0.36328125
0 0.3140625 0.31640625 0.0890625 0.29921875
0 0.4375 0.38671875 0.16796875 0.25234375
0 0.40234375 0.58984375 0.2140625 0.2390625
0 0.3859375 0.14296875 0.13671875 0.278125
0 0.4890625 0.221875 0.0796875 0.2140625
0 0.55078125 0.3078125 0.04296875 0.15390625
0 0.59375 0.3546875 0.0484375 0.1453125
0 0.63125 0.40625 0.0265625 0.08515625
0 0.5828125 0.45078125 0.03125 0.0984375
0 0.5359375 0.4234375 0.0484375 0.128125
0 0.67421875 0.45078125 0.05546875 0.08125
0 0.8234375 0.528125 0.0796875 0.21796875
0 0.9234375 0.5296875 0.14921875 0.5640625
0 0.7828125 0.5296875 0.040625 0.15390625
0 0.7515625 0.52578125 0.03125 0.10234375