6 0.49375 0.3953125 0.07421875 0.03828125
6 0.49140625 0.4359375 0.07421875 0.04296875
6 0.49140625 0.4875 0.06953125 0.0515625
6 0.42890625 0.33984375 0.05546875 0.115625
6 0.4265625 0.41640625 0.06015625 0.08125
6 0.3796875 0.2796875 0.053125 0.12421875
6 0.328125 0.203125 0.07421875 0.16640625
6 0.33046875 0.365625 0.13203125 0.1328125
6 0.24296875 0.10859375 0.10078125 0.209375
6 0.02890625 0.175 0.0546875 0.35
0 0.22265625 0.61953125 0.43984375 0.53828125
0 0.58984375 0.47890625 0.13203125 0.196875
0 0.80390625 0.5234375 0.38671875 0.94453125
0 0.1515625 0.28203125 0.2015625 0.31640625