3 0.48125 0.61640625 0.05546875 0.06484375
3 0.94375 0.6734375 0.11171875 0.13984375
3 0.3640625 0.46328125 0.04375 0.03671875
3 0.44296875 0.52265625 0.0546875 0.053125
3 0.4796875 0.54375 0.05859375 0.059375
3 0.5171875 0.5734375 0.06171875 0.0703125
3 0.5765625 0.49296875 0.07109375 0.06796875
3 0.6296875 0.51875 0.08203125 0.07890625
3 0.703125 0.56015625 0.08828125 0.08671875
3 0.6796875 0.7890625 0.0796875 0.12109375
3 0.5171875 0.64609375 0.059375 0.07421875
3 0.371875 0.52421875 0.04453125 0.04140625
3 0.43671875 0.428125 0.05859375 0.04453125
3 0.465625 0.44296875 0.0609375 0.05
3 0.56953125 0.6953125 0.065625 0.0890625
0 0.92890625 0.83828125 0.1 0.13984375
0 0.390625 0.47578125 0.0265625 0.04296875
3 0.77265625 0.86875 0.090625 0.15390625
3 0.8703125 0.92890625 0.11171875 0.140625
3 0.93828125 0.96953125 0.03046875 0.059375
3 0.80234375 0.76328125 0.10078125 0.140625
0 0.69921875 0.67890625 0.04453125 0.09296875
0 0.66953125 0.66875 0.04296875 0.06875
0 0.63984375 0.64140625 0.03359375 0.08125
0 0.67421875 0.62421875 0.04296875 0.0765625
0 0.61328125 0.5859375 0.03828125 0.06875
0 0.6109375 0.6265625 0.0390625 0.06328125
0 0.58203125 0.6171875 0.0234375 0.04921875
0 0.56171875 0.59140625 0.02265625 0.06953125
0 0.5890625 0.57265625 0.03359375 0.065625
0 0.4109375 0.4015625 0.03203125 0.04453125
0 0.3984375 0.396875 0.0296875 0.04375
0 0.37890625 0.39609375 0.01171875 0.03203125
0 0.3859375 0.3625 0.03203125 0.03984375
0 0.36875 0.390625 0.01171875 0.03125
0 0.359375 0.3859375 0.0109375 0.03125
0 0.35 0.38125 0.0109375 0.03046875
0 0.34140625 0.37578125 0.01015625 0.03203125
0 0.375 0.35859375 0.02890625 0.0390625
0 0.36484375 0.35390625 0.02734375 0.03828125
0 0.35546875 0.35078125 0.028125 0.03671875
0 0.40546875 0.30546875 0.03359375 0.04140625
0 0.3921875 0.3015625 0.03046875 0.040625
0 0.38125 0.29921875 0.03046875 0.0390625
0 0.3703125 0.296875 0.02890625 0.03828125
0 0.3609375 0.29375 0.0296875 0.0359375
0 0.3515625 0.29140625 0.02890625 0.0359375
0 0.3421875 0.2890625 0.02890625 0.034375
0 0.53828125 0.35625 0.03984375 0.05625
0 0.51796875 0.35 0.0375 0.05546875
0 0.47265625 0.34375 0.0171875 0.04375
0 0.48984375 0.34921875 0.01796875 0.04453125
0 0.5 0.30390625 0.03828125 0.05078125
0 0.48203125 0.30078125 0.03671875 0.04921875
0 0.46484375 0.29765625 0.0359375 0.046875
0 0.44921875 0.29375 0.03515625 0.0453125
0 0.45625 0.3390625 0.01640625 0.04140625
0 0.44140625 0.334375 0.015625 0.03984375
0 0.42734375 0.328125 0.01484375 0.04375