2 0.1109375 0.57578125 0.09921875 0.21171875
3 0.44921875 0.646875 0.06640625 0.04140625
3 0.9578125 0.34140625 0.08359375 0.05859375
3 0.53828125 0.40859375 0.05234375 0.028125
3 0.6046875 0.4 0.08046875 0.03125
3 0.69453125 0.3859375 0.09765625 0.0390625
3 0.33125 0.60546875 0.05 0.025
3 0.39296875 0.43046875 0.03828125 0.01953125
3 0.434375 0.42578125 0.06640625 0.02109375
3 0.5546875 0.6859375 0.08203125 0.0609375
0 0.3875 0.5375 0.01171875 0.01015625
0 0.3703125 0.53671875 0.0109375 0.01015625
0 0.3703125 0.528125 0.0109375 0.00703125
0 0.35234375 0.53359375 0.01328125 0.01015625
0 0.36171875 0.534375 0.00625 0.009375
3 0.85546875 0.79296875 0.14609375 0.1265625
3 0.64921875 0.721875 0.09609375 0.0765625
3 0.95859375 0.82734375 0.08125 0.115625
3 0.4890625 0.5515625 0.07265625 0.0296875
0 0.97578125 0.58671875 0.04765625 0.096875
0 0.9125 0.58046875 0.078125 0.09453125
0 0.8515625 0.575 0.06328125 0.08671875
0 0.91328125 0.5 0.0796875 0.08515625
0 0.59765625 0.49609375 0.04296875 0.05390625
0 0.5984375 0.54921875 0.04296875 0.05625
0 0.5640625 0.54765625 0.02578125 0.053125
0 0.5390625 0.54375 0.02265625 0.053125
0 0.5640625 0.49609375 0.02578125 0.0515625
0 0.5078125 0.2828125 0.0390625 0.046875
0 0.478125 0.28984375 0.01875 0.04609375
0 0.44296875 0.3046875 0.015625 0.04296875
0 0.459375 0.29765625 0.0171875 0.04375
0 0.46953125 0.2578125 0.0375 0.04921875
0 0.44296875 0.26640625 0.015625 0.046875
0 0.4265625 0.27421875 0.01484375 0.04453125
0 0.4125 0.28125 0.01328125 0.04296875
0 0.42734375 0.31171875 0.01484375 0.03984375
0 0.4125 0.3171875 0.01328125 0.03828125
0 0.3984375 0.32265625 0.01328125 0.03828125
0 0.378125 0.321875 0.02734375 0.03671875
0 0.35859375 0.32578125 0.01015625 0.03359375
0 0.3484375 0.33046875 0.01015625 0.03125
0 0.33828125 0.33515625 0.00859375 0.03125
0 0.32890625 0.3390625 0.00859375 0.03046875
0 0.3203125 0.34296875 0.0078125 0.02890625
0 0.31171875 0.346875 0.0078125 0.02890625
0 0.38046875 0.425 0.03203125 0.03359375
0 0.35859375 0.4265625 0.01015625 0.03359375
0 0.34765625 0.42890625 0.01015625 0.03125
0 0.35859375 0.39765625 0.03125 0.03203125
0 0.3375 0.43046875 0.00859375 0.03046875
0 0.32890625 0.43203125 0.00859375 0.0296875
0 0.31953125 0.43359375 0.00859375 0.02890625
0 0.31171875 0.434375 0.00703125 0.02890625
0 0.3375 0.40078125 0.00859375 0.03203125
0 0.328125 0.403125 0.00859375 0.03125
0 0.31953125 0.40546875 0.0078125 0.03046875
3 0.9328125 0.43359375 0.07578125 0.0203125
3 0.86953125 0.43671875 0.0625 0.01875
3 0.50234375 0.515625 0.03046875 0.00859375
3 0.6328125 0.521875 0.02578125 0.01171875
3 0.66640625 0.45078125 0.03046875 0.0109375
3 0.703125 0.4484375 0.04296875 0.01171875
3 0.74375 0.446875 0.03671875 0.01171875
3 0.56484375 0.45625 0.02109375 0.009375
3 0.59296875 0.45546875 0.03359375 0.01015625
0 0.86328125 0.52109375 0.02109375 0.02421875
0 0.52421875 0.5109375 0.01171875 0.01875
3 0.8140625 0.53046875 0.05234375 0.01328125
0 0.75234375 0.51953125 0.01796875 0.0265625
0 0.734375 0.51953125 0.01796875 0.02578125
0 0.7171875 0.51875 0.01640625 0.02578125
0 0.73515625 0.49375 0.01875 0.02578125
0 0.696875 0.49296875 0.01796875 0.025
0 0.696875 0.51796875 0.01796875 0.025
0 0.68046875 0.51796875 0.01484375 0.02421875
0 0.665625 0.51640625 0.01328125 0.02421875
0 0.68046875 0.49296875 0.01484375 0.02421875
0 0.54765625 0.453125 0.01640625 0.01875
0 0.53828125 0.453125 0.0015625 0.01796875
0 0.525 0.45390625 0.0078125 0.01796875
0 0.51640625 0.45390625 0.00859375 0.01796875
0 0.5 0.45546875 0.0078125 0.01640625
0 0.49140625 0.45625 0.00703125 0.01640625
0 0.54921875 0.38984375 0.01640625 0.01484375
0 0.5390625 0.39140625 0.0015625 0.0140625
0 0.52578125 0.39296875 0.00859375 0.0140625
0 0.5171875 0.39453125 0.00859375 0.0140625
0 0.5 0.40078125 0.0078125 0.01796875
0 0.4921875 0.40234375 0.00703125 0.01796875
0 0.64296875 0.38125 0.01796875 0.015625
0 0.62734375 0.38046875 0.0125 0.009375
0 0.60234375 0.38515625 0.01171875 0.009375
0 0.6140625 0.38203125 0.01171875 0.009375
0 0.6171875 0.36796875 0.01796875 0.02421875
0 0.60234375 0.36953125 0.01171875 0.0234375
0 0.590625 0.371875 0.01171875 0.021875
0 0.5796875 0.37421875 0.01015625 0.02109375
0 0.590625 0.38671875 0.0109375 0.009375
0 0.5796875 0.3890625 0.01015625 0.009375
0 0.56875 0.390625 0.01015625 0.009375