2 0.634375 0.71328125 0.17109375 0.54375
3 0.93984375 0.71875 0.103125 0.07109375
3 0.7859375 0.45390625 0.01796875 0.01171875
3 0.79765625 0.45 0.02734375 0.01484375
3 0.9671875 0.5859375 0.04765625 0.04140625
3 0.94140625 0.57109375 0.1 0.03515625
3 0.9125 0.5578125 0.10234375 0.0265625
3 0.8671875 0.42734375 0.07265625 0.0265625
3 0.8375 0.43671875 0.0359375 0.0203125
3 0.815625 0.4421875 0.00625 0.0125
3 0.96640625 0.37890625 0.05234375 0.04921875
3 0.92109375 0.39765625 0.03828125 0.03828125
3 0.87578125 0.65390625 0.0765625 0.0421875
0 0.79140625 0.5203125 0.00859375 0.0234375
0 0.79453125 0.52265625 0.003125 0.02578125
0 0.8078125 0.5234375 0.0234375 0.02578125
0 0.815625 0.525 0.03203125 0.02890625
0 0.8109375 0.49765625 0.03046875 0.0265625
0 0.83828125 0.49765625 0.00625 0.03515625
0 0.8375 0.53359375 0.0078125 0.0375
0 0.84609375 0.53515625 0.00859375 0.03828125
0 0.87578125 0.53671875 0.05234375 0.0390625
0 0.865625 0.49765625 0.04921875 0.0390625
0 0.87421875 0.2875 0.01171875 0.04765625
0 0.8859375 0.27421875 0.0125 0.05078125
0 0.91484375 0.24296875 0.0171875 0.0609375
0 0.90078125 0.259375 0.0140625 0.05546875
0 0.90078125 0.21484375 0.0140625 0.065625
0 0.915625 0.19453125 0.015625 0.07265625
0 0.93359375 0.17109375 0.01796875 0.0796875
0 0.96875 0.13984375 0.05234375 0.09921875
0 0.9328125 0.2234375 0.01953125 0.065625
0 0.95390625 0.20078125 0.02265625 0.07421875
0 0.97890625 0.17265625 0.02890625 0.084375
3 0.7828125 0.5875 0.00859375 0.015625
3 0.790625 0.59453125 0.009375 0.0171875
3 0.84921875 0.6265625 0.065625 0.02734375
3 0.8078125 0.6046875 0.0265625 0.0203125
3 0.459375 0.63046875 0.05546875 0.034375
3 0.56875 0.4625 0.0140625 0.009375
3 0.5578125 0.459375 0.02265625 0.0109375
3 0.50390625 0.44921875 0.040625 0.01484375
3 0.53046875 0.45234375 0.009375 0.0125
3 0.54140625 0.45546875 0.0109375 0.0125
3 0.2625 0.7515625 0.12890625 0.096875
3 0.43984375 0.42734375 0.05 0.0234375
3 0.4734375 0.434375 0.02734375 0.0203125
3 0.50703125 0.603125 0.04140625 0.0234375
0 0.5640625 0.51484375 0.009375 0.01953125
0 0.3859375 0.55625 0.02265625 0.01484375
0 0.37890625 0.559375 0.0234375 0.015625
0 0.35703125 0.55546875 0.02421875 0.0265625
0 0.32578125 0.56953125 0.02734375 0.0203125
0 0.3390625 0.56328125 0.0265625 0.01796875
3 0.55 0.5796875 0.02578125 0.01484375
3 0.52734375 0.5921875 0.034375 0.01953125
3 0.5625 0.57421875 0.0125 0.0125
3 0.490625 0.5375 0.04140625 0.0171875
0 0.5609375 0.515625 0.00234375 0.01953125
0 0.55234375 0.51640625 0.01171875 0.0203125
0 0.54609375 0.5171875 0.01953125 0.02109375
0 0.54921875 0.49609375 0.01796875 0.0203125
0 0.525 0.496875 0.00546875 0.02578125
0 0.525 0.52265625 0.00546875 0.02421875
0 0.51953125 0.52421875 0.00625 0.0265625
0 0.503125 0.52421875 0.02578125 0.02734375
0 0.509375 0.49765625 0.02578125 0.0265625
0 0.50078125 0.35546875 0.0078125 0.03203125
0 0.4921875 0.34921875 0.0078125 0.0328125
0 0.475 0.3375 0.009375 0.0359375
0 0.484375 0.34375 0.00859375 0.034375
0 0.484375 0.3125 0.00859375 0.03828125
0 0.475 0.3046875 0.009375 0.04140625
0 0.4640625 0.29609375 0.009375 0.0421875
0 0.440625 0.28515625 0.03515625 0.046875
0 0.4640625 0.32890625 0.009375 0.0375
0 0.453125 0.3203125 0.0109375 0.040625
0 0.42890625 0.31171875 0.0375 0.0421875
0 0.40703125 0.26640625 0.015625 0.05234375
0 0.3890625 0.25234375 0.01796875 0.05546875
0 0.36953125 0.23515625 0.02109375 0.06171875
0 0.3453125 0.215625 0.02421875 0.065625
0 0.31875 0.19375 0.02890625 0.07421875
0 0.2875 0.1671875 0.034375 0.084375
0 0.2328125 0.1375 0.07265625 0.09375
0 0.40546875 0.4046875 0.015625 0.04765625
0 0.3875 0.39921875 0.01953125 0.05078125
0 0.3671875 0.3921875 0.02109375 0.05390625
0 0.3671875 0.3421875 0.02109375 0.0609375
0 0.34296875 0.384375 0.02421875 0.059375
0 0.31640625 0.37578125 0.02890625 0.06484375
0 0.28515625 0.365625 0.034375 0.07109375
0 0.24453125 0.35234375 0.04453125 0.08046875
0 0.34296875 0.33046875 0.02421875 0.06484375
0 0.31640625 0.31796875 0.02890625 0.07265625
0 0.26953125 0.3015625 0.065625 0.0796875
3 0.4140625 0.46796875 0.0203125 0.00625
3 0.39765625 0.46640625 0.02734375 0.0078125
3 0.0359375 0.54609375 0.07109375 0.02109375
3 0.2125 0.53203125 0.05625 0.01484375
3 0.25078125 0.52890625 0.04453125 0.0125
3 0.284375 0.52578125 0.0421875 0.01171875
3 0.3125 0.459375 0.0375 0.0109375
3 0.3328125 0.4625 0.0359375 0.009375
3 0.36171875 0.4640625 0.02109375 0.00859375
3 0.29140625 0.57890625 0.01953125 0.00546875
3 0.0375 0.640625 0.07421875 0.0375
3 0.2078125 0.44921875 0.05 0.0140625
3 0.24453125 0.453125 0.0390625 0.0125
3 0.30390625 0.57421875 0.0140625 0.00546875
0 0.40390625 0.51328125 0.01171875 0.015625
0 0.1140625 0.5296875 0.040625 0.034375
3 0.3796875 0.51875 0.02109375 0.0078125
0 0.3640625 0.5140625 0.0078125 0.01796875
0 0.35625 0.51484375 0.00859375 0.01953125
0 0.34609375 0.515625 0.01171875 0.0203125
0 0.3515625 0.49609375 0.01796875 0.01796875
0 0.3359375 0.49609375 0.00859375 0.01796875
0 0.3359375 0.515625 0.00859375 0.01953125
0 0.3265625 0.51640625 0.00859375 0.0203125
0 0.31171875 0.5171875 0.02109375 0.02109375
0 0.321875 0.49609375 0.0203125 0.0203125
0 0.16015625 0.4359375 0.0078125 0.0296875
0 0.14453125 0.434375 0.02109375 0.03203125
0 0.12109375 0.43125 0.0234375 0.0328125
0 0.12109375 0.4 0.0234375 0.034375
0 0.09609375 0.42890625 0.0265625 0.03515625
0 0.06796875 0.42578125 0.02734375 0.0359375
0 0.0375 0.42265625 0.03046875 0.03828125
0 0.0109375 0.41875 0.021875 0.040625
0 0.09609375 0.3953125 0.02578125 0.0375
0 0.06796875 0.390625 0.02734375 0.0390625
0 0.03359375 0.3859375 0.04140625 0.04140625
0 0.1609375 0.3453125 0.00625 0.02890625
0 0.14609375 0.340625 0.02109375 0.03515625
0 0.12265625 0.334375 0.02421875 0.0359375
0 0.09765625 0.3265625 0.0265625 0.03828125
0 0.06953125 0.31875 0.02890625 0.04140625
0 0.03984375 0.31015625 0.03046875 0.04375
0 0.0125 0.30234375 0.02421875 0.0421875
3 0.6921875 0.56953125 0.03046875 0.0125