3 0.43984375 0.6421875 0.06171875 0.06953125
3 0.96171875 0.51875 0.07578125 0.075
3 0.90390625 0.5109375 0.134375 0.08046875
3 0.2375 0.51640625 0.07265625 0.0515625
3 0.38125 0.553125 0.0703125 0.06328125
3 0.4359375 0.56015625 0.0671875 0.06484375
3 0.49140625 0.575 0.05859375 0.07578125
3 0.56171875 0.46328125 0.06015625 0.06796875
3 0.62578125 0.471875 0.07265625 0.06640625
3 0.7046875 0.48671875 0.0875 0.06015625
3 0.68125 0.70703125 0.07265625 0.08828125
3 0.48984375 0.65546875 0.05859375 0.0734375
3 0.25546875 0.59375 0.06875 0.05859375
3 0.36484375 0.4390625 0.0734375 0.05859375
3 0.41171875 0.44609375 0.06953125 0.0609375
3 0.559375 0.6765625 0.0578125 0.07890625
0 0.8765625 0.640625 0.07109375 0.0890625
0 0.2890625 0.52109375 0.0421875 0.06015625
3 0.76328125 0.728125 0.0875 0.09375
3 0.8421875 0.7578125 0.08515625 0.075
3 0.91796875 0.77421875 0.096875 0.08671875
3 0.78515625 0.628125 0.096875 0.08359375
0 0.7 0.6 0.03515625 0.07578125
0 0.67109375 0.59375 0.03359375 0.0765625
0 0.64140625 0.58828125 0.03359375 0.07578125
0 0.67421875 0.5578125 0.03984375 0.07109375
0 0.609375 0.54609375 0.0296875 0.06796875
0 0.60703125 0.596875 0.02890625 0.04140625
0 0.58046875 0.59140625 0.02734375 0.04140625
0 0.55546875 0.57109375 0.028125 0.07109375
0 0.5828125 0.54140625 0.028125 0.06796875
0 0.31796875 0.41640625 0.04453125 0.06015625
0 0.2953125 0.41328125 0.04140625 0.05859375
0 0.26640625 0.41875 0.02578125 0.04140625
0 0.27109375 0.371875 0.04921875 0.05625
0 0.246875 0.415625 0.02578125 0.040625
0 0.22734375 0.41328125 0.02578125 0.03984375
0 0.2078125 0.41015625 0.025 0.0390625
0 0.1890625 0.403125 0.02578125 0.0484375
0 0.2484375 0.36953125 0.04375 0.05546875
0 0.228125 0.3671875 0.04453125 0.0546875
0 0.209375 0.36484375 0.04453125 0.05390625
0 0.30390625 0.28828125 0.05078125 0.05703125
0 0.27890625 0.2859375 0.04609375 0.05546875
0 0.25625 0.284375 0.04609375 0.0546875
0 0.234375 0.28359375 0.04609375 0.05390625
0 0.21484375 0.28125 0.0484375 0.05390625
0 0.19453125 0.28046875 0.04921875 0.05390625
0 0.175 0.27890625 0.04921875 0.053125
0 0.51015625 0.32265625 0.02890625 0.065625
0 0.48515625 0.3203125 0.03671875 0.06484375
0 0.4265625 0.321875 0.028125 0.05078125
0 0.453125 0.32421875 0.028125 0.0515625
0 0.45703125 0.26875 0.03984375 0.0609375
0 0.4296875 0.2671875 0.03984375 0.06015625
0 0.403125 0.265625 0.04140625 0.059375
0 0.378125 0.2640625 0.0421875 0.05859375
0 0.40078125 0.31953125 0.028125 0.05
0 0.375 0.31796875 0.028125 0.05
0 0.35078125 0.31015625 0.028125 0.059375