2 0.0375 0.9046875 0.075 0.1890625
3 0.42578125 0.61328125 0.06171875 0.0640625
3 0.9265625 0.428125 0.1203125 0.05859375
3 0.85234375 0.425 0.1125 0.05703125
3 0.55 0.41484375 0.05703125 0.0609375
3 0.61171875 0.41640625 0.071875 0.05546875
3 0.684375 0.4234375 0.08203125 0.0484375
3 0.21484375 0.59609375 0.07890625 0.06015625
3 0.33984375 0.4109375 0.07578125 0.05859375
3 0.3921875 0.41328125 0.0703125 0.059375
3 0.55 0.6265625 0.05703125 0.06640625
0 0.8796875 0.5484375 0.06796875 0.0734375
0 0.30703125 0.51328125 0.01484375 0.025
0 0.28984375 0.51796875 0.02109375 0.02578125
0 0.28125 0.50546875 0.02109375 0.03203125
0 0.2453125 0.51171875 0.02265625 0.025
0 0.26640625 0.50625 0.02109375 0.0234375
3 0.73515625 0.64140625 0.07890625 0.0703125
3 0.62734375 0.63359375 0.065625 0.06875
3 0.80234375 0.65625 0.0703125 0.05
3 0.8625 0.65859375 0.0765625 0.05703125
3 0.47890625 0.53671875 0.05390625 0.06953125
0 0.8171875 0.5421875 0.03671875 0.065625
0 0.784375 0.53828125 0.0453125 0.06953125
0 0.7546875 0.53671875 0.04921875 0.06953125
0 0.78984375 0.5015625 0.05625 0.06796875
0 0.596875 0.490625 0.0296875 0.06484375
0 0.5953125 0.54140625 0.02734375 0.03828125
0 0.5703125 0.5390625 0.0265625 0.03828125
0 0.54453125 0.5234375 0.02578125 0.06796875
0 0.57109375 0.4890625 0.0296875 0.0640625
0 0.4984375 0.27421875 0.03046875 0.06484375
0 0.46875 0.2734375 0.03359375 0.0640625
0 0.4078125 0.278125 0.03203125 0.05390625
0 0.4375 0.27890625 0.03125 0.05390625
0 0.43828125 0.2203125 0.03828125 0.06328125
0 0.4078125 0.21953125 0.0390625 0.06171875
0 0.378125 0.21953125 0.04140625 0.06328125
0 0.35 0.21875 0.04453125 0.06171875
0 0.3796875 0.27734375 0.0328125 0.053125
0 0.35078125 0.2765625 0.0328125 0.053125
0 0.32265625 0.2703125 0.03359375 0.06328125
0 0.2640625 0.2484375 0.0578125 0.06171875
0 0.2328125 0.2484375 0.05234375 0.06171875
0 0.2046875 0.24765625 0.05234375 0.06171875
0 0.17890625 0.246875 0.05625 0.0609375
0 0.15234375 0.246875 0.05703125 0.06015625
0 0.125 0.24609375 0.05703125 0.0609375
0 0.10078125 0.24609375 0.06171875 0.06015625
0 0.28515625 0.39140625 0.05 0.0640625
0 0.25703125 0.38984375 0.04609375 0.06328125
0 0.225 0.3984375 0.0328125 0.04375
0 0.22734375 0.34609375 0.05703125 0.06171875
0 0.2 0.39765625 0.03359375 0.04375
0 0.17578125 0.39609375 0.034375 0.04296875
0 0.15078125 0.3953125 0.034375 0.04296875
0 0.12734375 0.38828125 0.03515625 0.0546875
0 0.1984375 0.34453125 0.0515625 0.06171875
0 0.1734375 0.34453125 0.05234375 0.0609375
0 0.1484375 0.34375 0.05390625 0.0609375
3 0.475 0.3859375 0.0296875 0.02109375
3 0.7125 0.26953125 0.0421875 0.01796875
3 0.6796875 0.26875 0.04140625 0.01796875
3 0.3546875 0.33125 0.03671875 0.01484375
3 0.44453125 0.33515625 0.03203125 0.01640625
3 0.475 0.3359375 0.03046875 0.015625
3 0.5015625 0.3375 0.01953125 0.01796875
3 0.5390625 0.26875 0.02578125 0.01875
3 0.56796875 0.26875 0.03125 0.01796875
3 0.60234375 0.2703125 0.03515625 0.01484375
3 0.596875 0.3859375 0.03125 0.01015625
3 0.50078125 0.38671875 0.0234375 0.021875
3 0.36171875 0.378125 0.03359375 0.01484375
3 0.53984375 0.3890625 0.02734375 0.02109375
0 0.67421875 0.34140625 0.01953125 0.01484375
0 0.3890625 0.33203125 0.02265625 0.0140625
3 0.6359375 0.39375 0.03203125 0.021875
3 0.665625 0.39140625 0.03203125 0.015625
3 0.6953125 0.3953125 0.034375 0.021875
3 0.640625 0.340625 0.03359375 0.015625
0 0.603125 0.33828125 0.01328125 0.0140625
0 0.590625 0.33828125 0.01328125 0.01328125
0 0.57734375 0.33828125 0.0140625 0.01328125
0 0.56171875 0.33671875 0.0125 0.01328125
0 0.54921875 0.33671875 0.01171875 0.01328125
0 0.53671875 0.3359375 0.01171875 0.01328125
0 0.40625 0.18046875 0.0171875 0.01484375
0 0.39296875 0.18046875 0.01796875 0.01484375
0 0.3796875 0.18046875 0.0171875 0.0140625
0 0.3671875 0.18046875 0.0171875 0.0140625
0 0.35390625 0.18046875 0.01796875 0.0140625
0 0.34140625 0.18203125 0.0171875 0.01796875
0 0.32890625 0.1859375 0.01640625 0.02578125
0 0.51171875 0.19765625 0.00546875 0.0265625
0 0.50234375 0.19765625 0.01328125 0.0265625
0 0.475 0.1984375 0.01328125 0.025
0 0.48828125 0.1984375 0.01328125 0.025
0 0.4890625 0.171875 0.01484375 0.02578125
0 0.475 0.171875 0.01328125 0.02578125
0 0.46171875 0.171875 0.0140625 0.02578125
0 0.44765625 0.171875 0.01328125 0.02578125
0 0.46171875 0.1984375 0.01328125 0.02421875
0 0.43515625 0.1859375 0.0125 0.0046875