3 0.996875 0.73828125 0.00546875 0.0484375
3 0.39609375 0.7453125 0.075 0.09453125
3 0.63359375 0.415625 0.04296875 0.021875
3 0.615625 0.4234375 0.04453125 0.02421875
3 0.0265625 0.8796875 0.05234375 0.13515625
3 0.3328125 0.69296875 0.08671875 0.103125
3 0.39375 0.6453125 0.07890625 0.08125
3 0.4484375 0.61328125 0.06796875 0.06875
3 0.490625 0.4734375 0.06171875 0.04140625
3 0.521875 0.46015625 0.06015625 0.03515625
3 0.5578125 0.4484375 0.04921875 0.03046875
3 0.5578125 0.61328125 0.05078125 0.05
3 0.44453125 0.7046875 0.0671875 0.0796875
3 0.04921875 0.971875 0.07890625 0.0546875
3 0.31484375 0.55078125 0.08046875 0.07890625
3 0.37109375 0.52578125 0.08203125 0.065625
3 0.49765625 0.6640625 0.06015625 0.065625
0 0.6171875 0.49609375 0.02421875 0.034375
0 0.1421875 0.78828125 0.09296875 0.12109375
3 0.5875 0.59296875 0.04609375 0.03359375
3 0.6171875 0.57421875 0.0265625 0.03046875
3 0.634375 0.55859375 0.02578125 0.0265625
3 0.5890625 0.52109375 0.04453125 0.02578125
0 0.56875 0.53046875 0.0109375 0.03984375
0 0.54921875 0.5390625 0.02734375 0.0390625
0 0.54296875 0.54296875 0.01640625 0.046875
0 0.5484375 0.5046875 0.03046875 0.04453125
0 0.51875 0.52109375 0.03203125 0.04921875
0 0.528125 0.55859375 0.01328125 0.03984375
0 0.50625 0.56640625 0.0296875 0.04375
0 0.48984375 0.5703125 0.03359375 0.05546875
0 0.5046875 0.52890625 0.03359375 0.0515625
0 0.2203125 0.56328125 0.05703125 0.09453125
0 0.17421875 0.5796875 0.06015625 0.10390625
0 0.1203125 0.6015625 0.06796875 0.10859375
0 0.10859375 0.53359375 0.071875 0.10625
0 0.0578125 0.6359375 0.08046875 0.0953125
0 0.01640625 0.65390625 0.03203125 0.08828125
0 0.04296875 0.5515625 0.084375 0.11796875
0 0.00859375 0.56171875 0.01640625 0.109375
0 0.20078125 0.3734375 0.06015625 0.0765625
0 0.1484375 0.37890625 0.06640625 0.08359375
0 0.0875 0.384375 0.07890625 0.090625
0 0.03125 0.390625 0.06171875 0.096875
0 0.45546875 0.36640625 0.03984375 0.04921875
0 0.44375 0.36875 0.02265625 0.0515625
0 0.39609375 0.3765625 0.028125 0.05390625
0 0.42109375 0.3734375 0.02421875 0.05078125
0 0.41953125 0.32421875 0.025 0.05
0 0.39375 0.325 0.02890625 0.05390625
0 0.365625 0.3265625 0.03203125 0.05625
0 0.3265625 0.32734375 0.05078125 0.06015625
0 0.36875 0.38125 0.03046875 0.05625
0 0.33828125 0.38515625 0.03515625 0.059375
0 0.29765625 0.38671875 0.05234375 0.06875
3 0.7453125 0.54921875 0.04453125 0.034375