2 0.20859375 0.51640625 0.071875 0.1734375
3 0.0046875 0.5234375 0.009375 0.025
3 0.01328125 0.6328125 0.0265625 0.05
3 0.46953125 0.61484375 0.059375 0.059375
3 0.55234375 0.41875 0.0953125 0.03984375
3 0.609375 0.43359375 0.11484375 0.0515625
3 0.6984375 0.459375 0.14296875 0.07109375
3 0.39453125 0.528125 0.03828125 0.03125
3 0.43515625 0.39296875 0.06171875 0.021875
3 0.45546875 0.39765625 0.06796875 0.025
3 0.5484375 0.7109375 0.08828125 0.1015625
0 0.428125 0.48359375 0.01484375 0.01328125
0 0.41796875 0.48046875 0.01484375 0.01171875
0 0.421875 0.4703125 0.0109375 0.01328125
0 0.4046875 0.46953125 0.009375 0.0109375
0 0.41640625 0.47109375 0.0125 0.01015625
3 0.771875 0.95078125 0.05546875 0.09609375
3 0.63046875 0.81640625 0.11640625 0.13671875
3 0.49296875 0.5453125 0.06953125 0.05546875
0 0.9546875 0.88828125 0.08984375 0.18359375
0 0.88125 0.8015625 0.1125 0.20546875
0 0.9640625 0.746875 0.07109375 0.2046875
0 0.59140625 0.534375 0.059375 0.08359375
0 0.58984375 0.5984375 0.05859375 0.07421875
0 0.55 0.58125 0.02265625 0.06796875
0 0.5296875 0.56171875 0.01953125 0.0703125
0 0.5671875 0.521875 0.05390625 0.0765625
0 0.5140625 0.25546875 0.04921875 0.05859375
0 0.48125 0.26015625 0.01484375 0.05390625
0 0.4546875 0.26875 0.01171875 0.046875
0 0.4671875 0.26484375 0.01328125 0.05
0 0.4796875 0.21640625 0.03828125 0.05546875
0 0.45390625 0.2234375 0.0125 0.0515625
0 0.44296875 0.22890625 0.01171875 0.04921875
0 0.4328125 0.234375 0.01015625 0.046875
0 0.44375 0.2734375 0.0109375 0.04453125
0 0.4328125 0.27578125 0.01015625 0.04296875
0 0.42421875 0.27890625 0.009375 0.040625
0 0.4140625 0.26953125 0.0265625 0.0359375
0 0.39765625 0.27265625 0.00703125 0.034375
0 0.39140625 0.275 0.00703125 0.03359375
0 0.38515625 0.278125 0.00625 0.03125
0 0.3796875 0.28046875 0.00625 0.03046875
0 0.37421875 0.28203125 0.00546875 0.0296875
0 0.36953125 0.284375 0.00546875 0.028125
0 0.41953125 0.37578125 0.03203125 0.03359375
0 0.41015625 0.37578125 0.02734375 0.03359375
0 0.39453125 0.375 0.00625 0.03125
0 0.4046875 0.34375 0.03046875 0.03125
0 0.38828125 0.3734375 0.00625 0.03046875
0 0.3828125 0.37265625 0.00625 0.02890625
0 0.378125 0.371875 0.00546875 0.02890625
0 0.37265625 0.3703125 0.00546875 0.028125
0 0.3875 0.34375 0.00625 0.0296875
0 0.38203125 0.34375 0.00625 0.0296875
0 0.3765625 0.34375 0.00546875 0.028125
3 0.68046875 0.51796875 0.0390625 0.02421875
3 0.78046875 0.3828125 0.05546875 0.015625
3 0.83125 0.3875 0.06953125 0.01953125
3 0.8984375 0.39375 0.07734375 0.021875
3 0.87890625 0.59609375 0.075 0.04609375
3 0.71796875 0.53125 0.05 0.0265625
3 0.58046875 0.4765625 0.03203125 0.01640625
3 0.653125 0.37421875 0.03671875 0.01328125
3 0.68125 0.3765625 0.0453125 0.0140625
3 0.76875 0.55234375 0.0546875 0.034375
3 0.9640625 0.63125 0.07109375 0.053125
3 0.975 0.51796875 0.04921875 0.025
0 0.896875 0.4890625 0.03828125 0.0390625
0 0.86875 0.484375 0.03671875 0.03046875
0 0.83984375 0.4765625 0.02734375 0.03359375
0 0.87265625 0.453125 0.03828125 0.04296875
0 0.81484375 0.44140625 0.03359375 0.0359375
0 0.8125 0.4703125 0.03203125 0.02421875
0 0.79296875 0.46796875 0.01015625 0.0234375
0 0.8 0.43984375 0.01953125 0.03515625
0 0.63046875 0.365625 0.021875 0.0234375
0 0.61484375 0.36484375 0.01015625 0.021875
0 0.60546875 0.3640625 0.009375 0.02109375
0 0.61171875 0.34296875 0.02109375 0.0203125
0 0.59609375 0.3640625 0.009375 0.0203125
0 0.5875 0.36328125 0.00859375 0.01953125
0 0.57890625 0.3625 0.00859375 0.01953125
0 0.5703125 0.36171875 0.0078125 0.01953125
0 0.596875 0.34296875 0.00859375 0.0203125
0 0.5875 0.34296875 0.00859375 0.0203125
0 0.57890625 0.3421875 0.00859375 0.01953125
0 0.634375 0.29921875 0.021875 0.0140625
0 0.61796875 0.3015625 0.01015625 0.01171875
0 0.6078125 0.30234375 0.01015625 0.01171875
0 0.5984375 0.30390625 0.009375 0.0109375
0 0.5890625 0.3046875 0.00859375 0.0109375
0 0.58046875 0.30546875 0.00859375 0.01015625
0 0.57265625 0.30625 0.0078125 0.01015625
0 0.7515625 0.29375 0.03046875 0.03046875
0 0.72890625 0.29609375 0.01875 0.028125
0 0.696875 0.29921875 0.01640625 0.02578125
0 0.71171875 0.29765625 0.0171875 0.0265625
0 0.68203125 0.30078125 0.01484375 0.025
0 0.66875 0.3015625 0.01328125 0.025
0 0.65625 0.303125 0.01328125 0.02421875