2 0.20859375 0.51640625 0.07265625 0.1734375
3 0.0046875 0.5234375 0.009375 0.0234375
3 0.01328125 0.634375 0.0265625 0.04921875
3 0.46953125 0.61484375 0.059375 0.059375
3 0.55234375 0.41953125 0.09609375 0.040625
3 0.609375 0.43359375 0.11484375 0.05234375
3 0.6984375 0.46015625 0.14375 0.07109375
3 0.39453125 0.52734375 0.03828125 0.03203125
3 0.43515625 0.39296875 0.06171875 0.02265625
3 0.45546875 0.39765625 0.0671875 0.02578125
3 0.5484375 0.7109375 0.08828125 0.10078125
0 0.42734375 0.484375 0.01484375 0.0125
0 0.41796875 0.48046875 0.01484375 0.01171875
0 0.42265625 0.4703125 0.0109375 0.0125
0 0.4046875 0.46953125 0.009375 0.01171875
0 0.415625 0.47109375 0.0125 0.009375
3 0.771875 0.95078125 0.05625 0.09609375
3 0.63046875 0.81640625 0.115625 0.1375
3 0.49296875 0.54609375 0.06953125 0.05546875
0 0.95546875 0.8875 0.0890625 0.184375
0 0.88203125 0.8015625 0.1125 0.20546875
0 0.9640625 0.746875 0.07109375 0.20390625
0 0.59140625 0.534375 0.059375 0.0828125
0 0.58984375 0.5984375 0.05859375 0.0734375
0 0.55078125 0.58046875 0.02265625 0.06796875
0 0.5296875 0.5625 0.01953125 0.0703125
0 0.5671875 0.52265625 0.053125 0.0765625
0 0.5140625 0.25546875 0.04921875 0.05859375
0 0.48203125 0.26015625 0.01484375 0.05390625
0 0.4546875 0.26953125 0.01171875 0.046875
0 0.46796875 0.265625 0.0125 0.05
0 0.4796875 0.2171875 0.03828125 0.05546875
0 0.45390625 0.2234375 0.0125 0.05078125
0 0.44296875 0.2296875 0.01171875 0.04921875
0 0.4328125 0.234375 0.009375 0.04765625
0 0.44375 0.2734375 0.0109375 0.04453125
0 0.4328125 0.2765625 0.0109375 0.0421875
0 0.42421875 0.27890625 0.009375 0.040625
0 0.4140625 0.2703125 0.0265625 0.0359375
0 0.3984375 0.2734375 0.0078125 0.034375
0 0.39140625 0.275 0.00625 0.0328125
0 0.3859375 0.27734375 0.00625 0.03203125
0 0.3796875 0.28046875 0.00625 0.03046875
0 0.375 0.2828125 0.00546875 0.0296875
0 0.36953125 0.284375 0.00546875 0.02734375
0 0.4203125 0.37578125 0.03203125 0.0328125
0 0.4109375 0.37578125 0.02734375 0.0328125
0 0.39453125 0.375 0.00625 0.03046875
0 0.4046875 0.34375 0.03046875 0.03203125
0 0.38828125 0.3734375 0.00625 0.0296875
0 0.3828125 0.37265625 0.00625 0.02890625
0 0.37734375 0.371875 0.00625 0.02890625
0 0.37265625 0.3703125 0.00546875 0.02734375
0 0.3875 0.34375 0.00625 0.0296875
0 0.38203125 0.34375 0.00625 0.0296875
0 0.37734375 0.34375 0.00546875 0.02734375
3 0.68046875 0.5171875 0.0390625 0.02421875
3 0.78046875 0.38359375 0.05625 0.015625
3 0.83125 0.3875 0.06953125 0.01953125
3 0.8984375 0.39453125 0.07734375 0.02265625
3 0.87890625 0.59609375 0.07578125 0.04609375
3 0.71875 0.53125 0.05 0.0265625
3 0.58046875 0.4765625 0.03203125 0.0171875
3 0.65234375 0.37421875 0.0375 0.0125
3 0.68125 0.37734375 0.04609375 0.0140625
3 0.76875 0.55234375 0.05390625 0.034375
3 0.9640625 0.63046875 0.0703125 0.053125
3 0.975 0.5171875 0.05 0.025
0 0.896875 0.4890625 0.03828125 0.0390625
0 0.86875 0.484375 0.0375 0.03046875
0 0.840625 0.4765625 0.02734375 0.034375
0 0.87265625 0.453125 0.0375 0.0421875
0 0.81484375 0.44140625 0.034375 0.0359375
0 0.8125 0.4703125 0.03203125 0.0234375
0 0.79296875 0.46796875 0.009375 0.0234375
0 0.8 0.43984375 0.01953125 0.03515625
0 0.63046875 0.365625 0.02109375 0.0234375
0 0.61484375 0.365625 0.0109375 0.02265625
0 0.60546875 0.36484375 0.009375 0.02109375
0 0.61171875 0.34296875 0.02109375 0.0203125
0 0.59609375 0.3640625 0.009375 0.0203125
0 0.5875 0.36328125 0.00859375 0.0203125
0 0.57890625 0.3625 0.00859375 0.01953125
0 0.57109375 0.36171875 0.0078125 0.01953125
0 0.596875 0.34296875 0.00859375 0.0203125
0 0.5875 0.34296875 0.009375 0.0203125
0 0.5796875 0.3421875 0.00859375 0.0203125
0 0.634375 0.29921875 0.02265625 0.0140625
0 0.61796875 0.3015625 0.0109375 0.01171875
0 0.6078125 0.30234375 0.009375 0.0125
0 0.5984375 0.30390625 0.009375 0.01171875
0 0.5890625 0.3046875 0.00859375 0.01171875
0 0.58046875 0.30546875 0.00859375 0.0109375
0 0.57265625 0.30546875 0.0078125 0.009375
0 0.7515625 0.29453125 0.03046875 0.03046875
0 0.72890625 0.296875 0.01953125 0.02734375
0 0.69765625 0.29921875 0.015625 0.02578125
0 0.71171875 0.2984375 0.0171875 0.0265625
0 0.68203125 0.30078125 0.01484375 0.02421875
0 0.66875 0.3015625 0.0140625 0.02421875
0 0.65625 0.30234375 0.0125 0.02421875