3 0.42109375 0.69609375 0.075 0.1140625
3 0.73203125 0.22109375 0.0625 0.0515625
3 0.7046875 0.24140625 0.06875 0.05703125
3 0.53203125 0.37421875 0.084375 0.1
3 0.57578125 0.3375 0.08359375 0.08203125
3 0.62578125 0.30703125 0.06875 0.0703125
3 0.1078125 0.984375 0.03515625 0.02890625
3 0.28984375 0.5765625 0.11796875 0.1859375
3 0.3703125 0.51171875 0.10859375 0.15703125
3 0.53359375 0.57578125 0.0671875 0.0890625
0 0.71171875 0.31796875 0.0375 0.05
0 0.23359375 0.74921875 0.02890625 0.0609375
0 0.20625 0.79140625 0.03125 0.06796875
0 0.175 0.79140625 0.0328125 0.07578125
0 0.09921875 0.8796875 0.034375 0.078125
0 0.140625 0.821875 0.03125 0.0703125
3 0.64453125 0.4609375 0.05625 0.05
3 0.5859375 0.52578125 0.06171875 0.06171875
3 0.68125 0.43125 0.034375 0.046875
3 0.7046875 0.4046875 0.03203125 0.04296875
3 0.475 0.55390625 0.0828125 0.121875
0 0.6921875 0.34609375 0.0171875 0.04609375
0 0.67109375 0.35625 0.03515625 0.05
0 0.65625 0.3625 0.04140625 0.06171875
0 0.675 0.325 0.0421875 0.0484375
0 0.5765625 0.4234375 0.02421875 0.059375
0 0.575 0.4625 0.01953125 0.04921875
0 0.54609375 0.47265625 0.04140625 0.0640625
0 0.52734375 0.4828125 0.04296875 0.08203125
0 0.5484375 0.4390625 0.04453125 0.06171875
0 0.48359375 0.2484375 0.06171875 0.10625
0 0.4640625 0.265625 0.03828125 0.11328125
0 0.3890625 0.3203125 0.04921875 0.09296875
0 0.42890625 0.29921875 0.04140625 0.0890625
0 0.409375 0.2109375 0.0734375 0.121875
0 0.36796875 0.228125 0.07890625 0.13046875
0 0.32109375 0.2484375 0.08515625 0.140625
0 0.26953125 0.26953125 0.09296875 0.15078125
0 0.3453125 0.34453125 0.0578125 0.0984375
0 0.296875 0.37109375 0.06796875 0.10390625
0 0.2359375 0.37734375 0.09140625 0.15625
0 0.0625 0.42421875 0.12421875 0.19453125
0 0.02109375 0.45234375 0.0421875 0.1890625
0 0.16640625 0.63046875 0.0875 0.16328125
0 0.103125 0.67578125 0.10078125 0.1765625
0 0.0453125 0.725 0.090625 0.190625
0 0.02890625 0.671875 0.0578125 0.16796875
0 0.01015625 0.82109375 0.0203125 0.0359375
3 0.50390625 0.10546875 0.03359375 0.02578125
3 0.48125 0.1140625 0.040625 0.02578125
3 0.22109375 0.2984375 0.0484375 0.0359375
3 0.33984375 0.159375 0.04453125 0.034375
3 0.3734375 0.14921875 0.046875 0.03125
3 0.4109375 0.13828125 0.04296875 0.02890625
3 0.19140625 0.21171875 0.05390625 0.05
3 0.234375 0.196875 0.05 0.04609375
0 0.48671875 0.1828125 0.02109375 0.03046875
0 0.1125 0.34140625 0.04453125 0.04921875
3 0.4609375 0.2015625 0.02890625 0.01640625
0 0.13203125 0.215625 0.03828125 0.05703125
0 0.1109375 0.22109375 0.0296875 0.05390625
0 0.07890625 0.2234375 0.00390625 0.009375
0 0.0671875 0.19140625 0.02109375 0.0515625
0 0.0453125 0.25 0.0390625 0.04453125
0 0.02109375 0.25859375 0.0421875 0.0484375
0 0.00546875 0.2734375 0.0109375 0.028125
0 0.0265625 0.20390625 0.0421875 0.059375
0 0.0125 0.209375 0.02421875 0.06328125
0 0.08984375 0.09140625 0.0453125 0.059375
0 0.06484375 0.09609375 0.03671875 0.05859375
0 0.03125 0.1015625 0.02421875 0.05625
0 0.0046875 0.12734375 0.009375 0.0234375
0 0.290625 0.07109375 0.03203125 0.046875
0 0.2734375 0.075 0.028125 0.0484375
0 0.23125 0.08671875 0.03046875 0.04375
0 0.25390625 0.08203125 0.028125 0.04296875
0 0.24296875 0.0390625 0.03515625 0.04921875
0 0.2203125 0.04296875 0.03671875 0.05
0 0.196875 0.04609375 0.0375 0.0515625
0 0.17265625 0.05 0.0390625 0.05390625
0 0.209375 0.09140625 0.0328125 0.04453125
0 0.18515625 0.09609375 0.034375 0.0453125
0 0.159375 0.096875 0.0390625 0.0546875
3 0.915625 0.60390625 0.0921875 0.11328125