2 0.48984375 0.971875 0.0765625 0.05390625
3 0.90234375 0.978125 0.04765625 0.04140625
3 0.90390625 0.41796875 0.05625 0.028125
3 0.91328125 0.44375 0.06484375 0.04453125
3 0.95859375 0.92578125 0.08125 0.146875
3 0.95 0.83046875 0.09921875 0.13828125
3 0.95546875 0.6015625 0.0875 0.09453125
3 0.953125 0.54921875 0.0921875 0.06953125
3 0.9453125 0.5109375 0.078125 0.0546875
3 0.9890625 0.778125 0.02109375 0.084375
3 0.88671875 0.81875 0.0421875 0.10859375
0 0.8796875 0.50078125 0.01953125 0.0359375
0 0.87421875 0.528125 0.0109375 0.0390625
0 0.88671875 0.53984375 0.03125 0.0390625
0 0.89453125 0.559375 0.04140625 0.05625
0 0.890625 0.51328125 0.025 0.04921875
0 0.9140625 0.62578125 0.02265625 0.05859375
0 0.9 0.66328125 0.01484375 0.05703125
0 0.921875 0.68671875 0.05 0.0609375
0 0.934375 0.7328125 0.06640625 0.08828125
0 0.92734375 0.65625 0.03984375 0.0796875
3 0.85078125 0.571875 0.01171875 0.03515625
3 0.8515625 0.6015625 0.0078125 0.03984375
3 0.875 0.72890625 0.034375 0.08046875
3 0.8640625 0.64296875 0.02734375 0.059375
3 0.4515625 0.65 0.0578125 0.071875
3 0.603125 0.35390625 0.03359375 0.02109375
3 0.58984375 0.3640625 0.03671875 0.02421875
3 0.5109375 0.425 0.04921875 0.0390625
3 0.5296875 0.40859375 0.04765625 0.03359375
3 0.55390625 0.39453125 0.0375 0.0296875
3 0.23828125 0.915625 0.10625 0.16640625
3 0.40234375 0.51171875 0.075 0.06875
3 0.43828125 0.484375 0.06796875 0.05859375
3 0.5140625 0.575 0.04609375 0.0515625
0 0.60078125 0.4140625 0.01953125 0.02890625
0 0.35546875 0.659375 0.021875 0.03125
0 0.34453125 0.68046875 0.0234375 0.034375
0 0.3234375 0.68359375 0.0234375 0.04453125
0 0.28515625 0.734375 0.02578125 0.040625
0 0.303125 0.70390625 0.02421875 0.0359375
3 0.57109375 0.50546875 0.0359375 0.0296875
3 0.54140625 0.54453125 0.04140625 0.03515625
3 0.5921875 0.48828125 0.01875 0.02578125
3 0.60390625 0.4734375 0.01796875 0.02421875
3 0.484375 0.54140625 0.05546875 0.05546875
0 0.5921875 0.42890625 0.00625 0.028125
0 0.58046875 0.43515625 0.01953125 0.02578125
0 0.57265625 0.4390625 0.02265625 0.03359375
0 0.5796875 0.41171875 0.02265625 0.0296875
0 0.53203125 0.46015625 0.01796875 0.03671875
0 0.53671875 0.48828125 0.00859375 0.03203125
0 0.528125 0.49765625 0.00859375 0.034375
0 0.509375 0.50234375 0.028125 0.0453125
0 0.51875 0.46875 0.02734375 0.0390625
0 0.49296875 0.34375 0.025 0.0453125
0 0.48671875 0.35078125 0.01328125 0.0453125
0 0.4578125 0.365625 0.01640625 0.04609375
0 0.47265625 0.35859375 0.01484375 0.04375
0 0.46171875 0.31796875 0.03671875 0.0484375
0 0.44609375 0.32265625 0.03828125 0.05078125
0 0.42890625 0.32890625 0.040625 0.05390625
0 0.41015625 0.334375 0.04453125 0.05625
0 0.44140625 0.3734375 0.01796875 0.0484375
0 0.42421875 0.38125 0.01953125 0.05
0 0.39296875 0.38671875 0.04609375 0.06171875
0 0.33671875 0.39140625 0.05390625 0.07109375
0 0.30703125 0.403125 0.05859375 0.078125
0 0.275 0.415625 0.06328125 0.08359375
0 0.23828125 0.43046875 0.06875 0.090625
0 0.19609375 0.44765625 0.075 0.09921875
0 0.14765625 0.46796875 0.08359375 0.109375
0 0.090625 0.490625 0.09296875 0.121875
0 0.3484375 0.5328125 0.04921875 0.0765625
0 0.33125 0.5515625 0.03515625 0.08203125
0 0.3046875 0.58203125 0.0359375 0.06875
0 0.2875 0.525 0.05859375 0.08671875
0 0.271875 0.60703125 0.04140625 0.0734375
0 0.23515625 0.63515625 0.04765625 0.0796875
0 0.19296875 0.66640625 0.05625 0.0859375
0 0.1375 0.6859375 0.0796875 0.12890625
0 0.25390625 0.54609375 0.06328125 0.09453125
0 0.215625 0.5703125 0.06953125 0.10390625
0 0.17265625 0.596875 0.07578125 0.11484375
3 0.33203125 0.353125 0.03671875 0.01484375
3 0.35390625 0.34765625 0.034375 0.01953125
3 0.378125 0.33984375 0.0234375 0.01640625
3 0.39140625 0.44453125 0.03203125 0.01875
3 0.31328125 0.484375 0.03984375 0.0296875
3 0.1078125 0.603125 0.06484375 0.06015625
3 0.22265625 0.38828125 0.04375 0.0203125
3 0.25546875 0.37578125 0.040625 0.015625
3 0.34765625 0.46796875 0.03671875 0.028125
3 0.41796875 0.43046875 0.02421875 0.01640625
3 0.4375 0.4203125 0.01796875 0.01640625
3 0.453125 0.4109375 0.01640625 0.01484375
0 0.36953125 0.396875 0.00625 0.01796875
0 0.3703125 0.37421875 0.00234375 0.01953125
0 0.36328125 0.38359375 0.00546875 0.021875
0 0.36484375 0.40078125 0.0046875 0.01171875
0 0.1796875 0.3921875 0.0296875 0.02890625
0 0.16171875 0.3984375 0.02578125 0.0296875
0 0.140625 0.4078125 0.02578125 0.025
0 0.13203125 0.38046875 0.03515625 0.040625
0 0.1171875 0.41484375 0.028125 0.02578125
0 0.0921875 0.42265625 0.0296875 0.0265625
0 0.06640625 0.43046875 0.03203125 0.028125
0 0.0359375 0.440625 0.03828125 0.05
0 0.10859375 0.38671875 0.03671875 0.04296875
0 0.08359375 0.39375 0.03828125 0.04453125
0 0.05625 0.40078125 0.03984375 0.046875
0 0.16484375 0.30859375 0.03359375 0.0359375
0 0.14296875 0.3125 0.034375 0.03828125
0 0.11953125 0.31640625 0.03671875 0.03984375
0 0.0953125 0.32109375 0.03828125 0.04140625
0 0.06796875 0.325 0.03984375 0.04296875
0 0.03984375 0.3296875 0.0421875 0.04453125
0 0.015625 0.334375 0.03125 0.046875
0 0.303125 0.2953125 0.02421875 0.028125
0 0.29375 0.29765625 0.01640625 0.02890625
0 0.265625 0.3046875 0.01796875 0.028125
0 0.28046875 0.30234375 0.01640625 0.0265625
0 0.2734375 0.27578125 0.02421875 0.02890625
0 0.2578125 0.278125 0.0265625 0.0296875
0 0.24140625 0.28046875 0.028125 0.03046875
0 0.225 0.28203125 0.02890625 0.03125
0 0.25 0.3078125 0.01953125 0.02890625
0 0.23359375 0.3109375 0.0203125 0.0296875
0 0.21171875 0.3125 0.03046875 0.034375
3 0.73046875 0.5265625 0.04609375 0.03828125
3 0.51484375 0.39765625 0.02265625 0.01171875