3 0.4546875 0.6359375 0.05859375 0.065625
3 0.96953125 0.56640625 0.06015625 0.07890625
3 0.9109375 0.553125 0.13671875 0.08984375
3 0.28984375 0.50234375 0.05859375 0.04375
3 0.40546875 0.54609375 0.0625 0.05625
3 0.45234375 0.55703125 0.0625 0.059375
3 0.49765625 0.5765625 0.05234375 0.06953125
3 0.565625 0.4765625 0.06171875 0.06328125
3 0.621875 0.48984375 0.06953125 0.06484375
3 0.70078125 0.51015625 0.08046875 0.06328125
3 0.68046875 0.73046875 0.06796875 0.09296875
3 0.496875 0.65390625 0.05234375 0.0703125
3 0.30234375 0.57265625 0.05703125 0.04921875
3 0.39375 0.44140625 0.06484375 0.0484375
3 0.4328125 0.45078125 0.0640625 0.0515625
3 0.5625 0.6828125 0.06015625 0.07890625
0 0.88515625 0.68828125 0.0703125 0.0984375
0 0.3296875 0.509375 0.03515625 0.0515625
3 0.76640625 0.765625 0.08515625 0.1046875
3 0.84921875 0.80546875 0.0921875 0.0984375
3 0.93671875 0.83828125 0.11015625 0.115625
3 0.78984375 0.6640625 0.08828125 0.08984375
0 0.69609375 0.6234375 0.034375 0.078125
0 0.66640625 0.61328125 0.03125 0.0765625
0 0.6390625 0.6046875 0.0296875 0.07421875
0 0.671875 0.5765625 0.0328125 0.071875
0 0.60859375 0.55859375 0.03046875 0.06796875
0 0.60625 0.596875 0.0296875 0.06484375
0 0.5796875 0.59921875 0.02578125 0.04375
0 0.55703125 0.57890625 0.02578125 0.06796875
0 0.58359375 0.5515625 0.03046875 0.065625
0 0.35703125 0.41875 0.0375 0.05078125
0 0.33828125 0.415625 0.03515625 0.04921875
0 0.31484375 0.41796875 0.01875 0.03671875
0 0.32109375 0.378125 0.03984375 0.046875
0 0.29921875 0.4140625 0.01796875 0.0359375
0 0.284375 0.4109375 0.01796875 0.03515625
0 0.26953125 0.40703125 0.01796875 0.03515625
0 0.25546875 0.4015625 0.01796875 0.03984375
0 0.303125 0.37578125 0.0359375 0.0453125
0 0.28828125 0.37265625 0.0359375 0.0453125
0 0.2734375 0.3703125 0.03515625 0.04453125
0 0.3484375 0.30859375 0.04140625 0.04609375
0 0.328125 0.30625 0.0359375 0.0453125
0 0.3125 0.30390625 0.03828125 0.0453125
0 0.2953125 0.303125 0.03671875 0.04453125
0 0.27890625 0.30078125 0.03515625 0.04296875
0 0.265625 0.29921875 0.03828125 0.04296875
0 0.25078125 0.29765625 0.03671875 0.04140625
0 0.52109375 0.34453125 0.034375 0.05703125
0 0.496875 0.34140625 0.03515625 0.05625
0 0.4453125 0.340625 0.02265625 0.0453125
0 0.46796875 0.34296875 0.02265625 0.04609375
0 0.4734375 0.29453125 0.03671875 0.053125
0 0.45 0.29296875 0.0359375 0.05078125
0 0.428125 0.29140625 0.03515625 0.05078125
0 0.40859375 0.2890625 0.0375 0.04921875
0 0.4234375 0.3375 0.02265625 0.04375
0 0.403125 0.334375 0.021875 0.04375
0 0.38359375 0.32890625 0.02109375 0.05