3 0.90625 0.4890625 0.0546875 0.02421875
3 0.91015625 0.50625 0.05546875 0.03515625
3 0.94765625 0.63125 0.103125 0.09140625
3 0.9484375 0.58515625 0.10234375 0.05546875
3 0.94296875 0.559375 0.0828125 0.05078125
3 0.98828125 0.896875 0.02265625 0.128125
3 0.97421875 0.8 0.05 0.13515625
3 0.8890625 0.9109375 0.0265625 0.109375
0 0.8828125 0.5765625 0.00546875 0.01484375
3 0.87265625 0.72890625 0.015625 0.05390625
3 0.88046875 0.81640625 0.01953125 0.07890625
3 0.865625 0.69140625 0.00546875 0.040625
3 0.8640625 0.6640625 0.0046875 0.03515625
3 0.94140625 0.8984375 0.08984375 0.1546875
0 0.88203125 0.60234375 0.00546875 0.03984375
0 0.89609375 0.6296875 0.025 0.05390625
0 0.89296875 0.5890625 0.00859375 0.0296875
0 0.9078125 0.678125 0.0109375 0.06484375
0 0.90078125 0.72578125 0.009375 0.06484375
0 0.903125 0.74375 0.0078125 0.059375
0 0.93046875 0.7890625 0.04765625 0.10078125
0 0.91875 0.70390625 0.0265625 0.08125
0 0.98203125 0.45859375 0.03515625 0.08359375
0 0.9875 0.46875 0.02421875 0.09296875
0 0.99375 0.4828125 0.01171875 0.08984375
3 0.415625 0.70703125 0.06171875 0.06796875
3 0.5953125 0.440625 0.03515625 0.01640625
3 0.58203125 0.446875 0.034375 0.01796875
3 0.12109375 0.81171875 0.12421875 0.14453125
3 0.37109375 0.65390625 0.07265625 0.06953125
3 0.41484375 0.62109375 0.0640625 0.05625
3 0.45546875 0.596875 0.05703125 0.0484375
3 0.48671875 0.48515625 0.04921875 0.0296875
3 0.51015625 0.475 0.04765625 0.02578125
3 0.5375 0.46640625 0.0390625 0.0234375
3 0.5390625 0.60546875 0.0421875 0.03828125
3 0.4515625 0.67578125 0.05546875 0.05703125
3 0.14453125 0.92734375 0.115625 0.14375
3 0.35859375 0.5375 0.07265625 0.05078125
3 0.40078125 0.52109375 0.06640625 0.04375
3 0.4921875 0.64453125 0.04921875 0.0484375
0 0.58515625 0.50859375 0.01796875 0.028125
0 0.2421875 0.71796875 0.05546875 0.08671875
3 0.56171875 0.58828125 0.03828125 0.0265625
3 0.5859375 0.57421875 0.02109375 0.02421875
3 0.59921875 0.56171875 0.0203125 0.02109375
3 0.5640625 0.528125 0.0328125 0.01953125
0 0.546875 0.534375 0.00859375 0.03125
0 0.5328125 0.54140625 0.01953125 0.03046875
0 0.52734375 0.54453125 0.0125 0.0359375
0 0.53046875 0.51328125 0.02578125 0.03515625
0 0.5078125 0.525 0.0265625 0.0390625
0 0.51640625 0.55546875 0.009375 0.03125
0 0.50546875 0.56171875 0.01015625 0.03359375
0 0.4859375 0.56640625 0.028125 0.04140625
0 0.4984375 0.53046875 0.025 0.03984375
0 0.29765625 0.54453125 0.04609375 0.06640625
0 0.27265625 0.55546875 0.03671875 0.07109375
0 0.23984375 0.57421875 0.03984375 0.06328125
0 0.2296875 0.5171875 0.05234375 0.07109375
0 0.2015625 0.58828125 0.04609375 0.06875
0 0.1578125 0.6046875 0.0515625 0.07421875
0 0.10859375 0.6234375 0.06015625 0.0796875
0 0.0515625 0.63359375 0.07109375 0.109375
0 0.19140625 0.528125 0.05546875 0.078125
0 0.1484375 0.53984375 0.059375 0.08515625
0 0.1 0.55390625 0.0640625 0.09296875
0 0.290625 0.40078125 0.04609375 0.0546875
0 0.259375 0.403125 0.04765625 0.05859375
0 0.22265625 0.40703125 0.05390625 0.06171875
0 0.18359375 0.4109375 0.05703125 0.06796875
0 0.1375 0.41484375 0.0609375 0.071875
0 0.0859375 0.41953125 0.06640625 0.07890625
0 0.03125 0.425 0.0625 0.084375
0 0.46171875 0.39765625 0.02890625 0.03828125
0 0.4546875 0.4 0.01484375 0.0390625
0 0.421875 0.40546875 0.01875 0.03984375
0 0.4390625 0.403125 0.01640625 0.0390625
0 0.43828125 0.365625 0.01640625 0.03828125
0 0.42109375 0.365625 0.01875 0.03984375
0 0.4015625 0.36640625 0.0203125 0.04140625
0 0.37265625 0.3671875 0.03984375 0.04375
0 0.403125 0.4078125 0.01953125 0.04140625
0 0.3828125 0.41015625 0.02265625 0.04453125
0 0.35390625 0.41171875 0.0390625 0.04921875
3 0.6875 0.5484375 0.03359375 0.02421875