3 0.0015625 0.75 0.003125 0.02421875
3 0.4921875 0.6984375 0.06015625 0.05
3 0.978125 0.53984375 0.04296875 0.05
3 0.3859375 0.56640625 0.03046875 0.02109375
3 0.45703125 0.5953125 0.05546875 0.03125
3 0.490625 0.60703125 0.0609375 0.03671875
3 0.525 0.6234375 0.065625 0.04375
3 0.58125 0.50859375 0.07421875 0.02578125
3 0.63671875 0.5140625 0.090625 0.03125
3 0.7171875 0.52265625 0.103125 0.03828125
3 0.71953125 0.859375 0.1046875 0.128125
3 0.52734375 0.721875 0.06640625 0.0609375
3 0.39375 0.63203125 0.0421875 0.02890625
3 0.4515625 0.49609375 0.0515625 0.01796875
3 0.47890625 0.4984375 0.06015625 0.01953125
3 0.584375 0.7640625 0.07890625 0.078125
0 0.9984375 0.78046875 0.00234375 0.01171875
0 0.41171875 0.56796875 0.0234375 0.03359375
3 0.8640625 0.93125 0.14609375 0.13515625
3 0.95078125 0.9703125 0.03046875 0.05703125
3 0.87890625 0.76640625 0.15078125 0.12421875
0 0.72890625 0.6859375 0.05234375 0.08984375
0 0.69296875 0.6765625 0.05 0.071875
0 0.653125 0.66015625 0.03046875 0.07578125
0 0.69375 0.6171875 0.05 0.075
0 0.625 0.59765625 0.04453125 0.0640625
0 0.62421875 0.64921875 0.04453125 0.06171875
0 0.590625 0.64140625 0.02265625 0.05546875
0 0.56875 0.62890625 0.02109375 0.0609375
0 0.6 0.590625 0.04140625 0.059375
0 0.4328125 0.484375 0.02890625 0.0296875
0 0.41796875 0.48359375 0.01640625 0.0296875
0 0.40546875 0.48359375 0.0078125 0.028125
0 0.4140625 0.4546875 0.0265625 0.028125
0 0.39765625 0.4828125 0.00703125 0.0265625
0 0.38984375 0.48203125 0.00703125 0.02578125
0 0.3828125 0.48203125 0.00703125 0.025
0 0.37578125 0.48125 0.00625 0.025
0 0.396875 0.45546875 0.0078125 0.0265625
0 0.38984375 0.45546875 0.00703125 0.02578125
0 0.3828125 0.45546875 0.00703125 0.02578125
0 0.43359375 0.390625 0.02890625 0.03125
0 0.4140625 0.39296875 0.00859375 0.03046875
0 0.40546875 0.39453125 0.0078125 0.02890625
0 0.396875 0.396875 0.0078125 0.028125
0 0.38984375 0.39921875 0.00703125 0.028125
0 0.3828125 0.40078125 0.00703125 0.02578125
0 0.37578125 0.403125 0.00625 0.02578125
0 0.54296875 0.38046875 0.03828125 0.04375
0 0.515625 0.38359375 0.01640625 0.04296875
0 0.48515625 0.390625 0.01328125 0.03828125
0 0.49921875 0.38671875 0.01484375 0.03984375
0 0.51015625 0.3484375 0.03515625 0.04296875
0 0.48515625 0.353125 0.01328125 0.040625
0 0.47109375 0.35703125 0.0125 0.0390625
0 0.45859375 0.36171875 0.01171875 0.03828125
0 0.47109375 0.39296875 0.0125 0.0359375
0 0.45859375 0.3953125 0.01171875 0.03515625
0 0.44765625 0.39765625 0.01015625 0.034375