3 0.375 0.7921875 0.11796875 0.16171875
3 0.75078125 0.353125 0.06484375 0.0171875
3 0.72421875 0.35546875 0.07265625 0.01953125
3 0.540625 0.3734375 0.09921875 0.034375
3 0.5921875 0.36953125 0.09140625 0.0296875
3 0.64453125 0.36484375 0.0765625 0.02578125
3 0.17890625 0.4046875 0.1765625 0.0734375
3 0.32578125 0.3921875 0.1296875 0.05859375
3 0.54609375 0.6828125 0.0921875 0.09921875
0 0.7421875 0.45625 0.040625 0.0421875
0 0.05078125 0.72890625 0.0625 0.07734375
0 0.0078125 0.75390625 0.015625 0.05859375
3 0.68046875 0.596875 0.07265625 0.04453125
3 0.6140625 0.6453125 0.0828125 0.05859375
3 0.721875 0.57734375 0.04375 0.0390625
3 0.74765625 0.5609375 0.0375 0.034375
3 0.4671875 0.584375 0.1078125 0.096875
0 0.725 0.46796875 0.0140625 0.04453125
0 0.70078125 0.471875 0.040625 0.04765625
0 0.68671875 0.475 0.04609375 0.05390625
0 0.70078125 0.43046875 0.04453125 0.04765625
0 0.58359375 0.4625 0.05234375 0.06796875
0 0.59765625 0.5203125 0.02265625 0.059375
0 0.57578125 0.52890625 0.0234375 0.0625
0 0.53671875 0.53046875 0.05390625 0.08203125
0 0.56171875 0.46953125 0.053125 0.07109375
0 0.49765625 0.14921875 0.0375 0.0890625
0 0.459375 0.13671875 0.040625 0.09453125
0 0.365625 0.10546875 0.0578125 0.11171875
0 0.415625 0.12265625 0.04765625 0.103125
0 0.4140625 0.04453125 0.04921875 0.08828125
0 0.3625 0.03515625 0.0578125 0.0703125
0 0.303125 0.02421875 0.065625 0.0484375
0 0.240625 0.0125 0.0625 0.02421875
0 0.3078125 0.0875 0.06796875 0.1234375
0 0.23828125 0.06640625 0.0828125 0.1328125
0 0.159375 0.0578125 0.09765625 0.115625
0 0.0296875 0.37421875 0.059375 0.13515625
3 0.2875 0.51484375 0.046875 0.03203125
3 0.52265625 0.34453125 0.034375 0.00859375
3 0.4984375 0.3453125 0.0375 0.009375
3 0.03046875 0.48671875 0.0609375 0.009375
3 0.23359375 0.4578125 0.05234375 0.009375
3 0.284375 0.45078125 0.04609375 0.0078125
3 0.3296875 0.44453125 0.0359375 0.00859375
3 0.36484375 0.35078125 0.03828125 0.01171875
3 0.40078125 0.34921875 0.034375 0.01171875
3 0.43359375 0.3484375 0.0375 0.009375
3 0.4390625 0.48046875 0.03828125 0.0234375
3 0.328125 0.50546875 0.04609375 0.02890625
3 0.04375 0.57109375 0.0875 0.05
3 0.215625 0.3546875 0.046875 0.015625
3 0.2625 0.353125 0.04375 0.01484375
3 0.378125 0.4953125 0.0390625 0.0265625
3 0.46875 0.47421875 0.0265625 0.015625
3 0.50390625 0.46875 0.0234375 0.015625
3 0.52265625 0.4625 0.02421875 0.01484375
0 0.425 0.38359375 0.0203125 0.01171875
0 0.39765625 0.38515625 0.0140625 0.0109375
0 0.16015625 0.3453125 0.0328125 0.03515625
0 0.13125 0.34453125 0.0328125 0.0359375
0 0.10234375 0.3453125 0.034375 0.0375
0 0.10078125 0.30703125 0.040625 0.0375
0 0.08671875 0.3453125 0.0078125 0.0375
0 0.05234375 0.34609375 0.0125 0.0390625
0 0.08125 0.30703125 0.0078125 0.0375
0 0.0328125 0.30546875 0.03828125 0.04140625
0 0.00859375 0.29609375 0.0171875 0.0234375
0 0.14921875 0.23125 0.034375 0.04140625
0 0.11953125 0.228125 0.034375 0.04140625
0 0.0890625 0.22734375 0.03515625 0.0375
0 0.07109375 0.2234375 0.009375 0.040625
0 0.0203125 0.2171875 0.03828125 0.04609375
0 0.00390625 0.215625 0.0078125 0.04375
0 0.33125 0.2640625 0.01796875 0.03046875
0 0.3125 0.2625 0.01953125 0.03203125
0 0.27421875 0.259375 0.02109375 0.0328125
0 0.29453125 0.2609375 0.0203125 0.03203125
0 0.2921875 0.2296875 0.0203125 0.034375
0 0.27265625 0.2265625 0.02265625 0.034375
0 0.25078125 0.2234375 0.0234375 0.0359375
0 0.22890625 0.22109375 0.02578125 0.0375
0 0.253125 0.2578125 0.0234375 0.034375
0 0.23203125 0.25546875 0.02578125 0.034375
0 0.209375 0.25234375 0.0265625 0.0375
3 0.61796875 0.45625 0.01953125 0.01484375