2 0.18203125 0.584375 0.11484375 0.190625
3 0.45625 0.565625 0.05078125 0.05859375
3 0.92109375 0.5984375 0.1203125 0.1140625
3 0.825 0.5609375 0.09609375 0.09921875
3 0.54140625 0.4484375 0.059375 0.0609375
3 0.58671875 0.46640625 0.065625 0.06484375
3 0.64609375 0.49375 0.06640625 0.065625
3 0.33984375 0.49375 0.0453125 0.04296875
3 0.40703125 0.3984375 0.05546875 0.04609375
3 0.43671875 0.41015625 0.05546875 0.05
3 0.5390625 0.61953125 0.0546875 0.07109375
0 0.86171875 0.7046875 0.06796875 0.09609375
0 0.390625 0.459375 0.0140625 0.01484375
0 0.378125 0.459375 0.0125 0.01640625
0 0.3765625 0.44765625 0.0140625 0.01953125
0 0.35625 0.44453125 0.0140625 0.015625
0 0.36875 0.44609375 0.01328125 0.015625
3 0.69921875 0.71953125 0.0625 0.0984375
3 0.6 0.6578125 0.0578125 0.08046875
3 0.76484375 0.75859375 0.071875 0.10859375
3 0.8390625 0.80390625 0.08359375 0.12109375
3 0.48984375 0.52265625 0.053125 0.06171875
0 0.778125 0.6578125 0.03984375 0.08046875
0 0.74765625 0.640625 0.03671875 0.08125
0 0.71953125 0.6265625 0.034375 0.07890625
0 0.75625 0.61171875 0.03828125 0.07109375
0 0.575 0.525 0.03046875 0.05546875
0 0.5734375 0.55625 0.03046875 0.05390625
0 0.54921875 0.55390625 0.01953125 0.0390625
0 0.53125 0.53359375 0.01953125 0.059375
0 0.55390625 0.515625 0.02734375 0.05390625
0 0.50546875 0.33046875 0.03359375 0.05390625
0 0.4859375 0.32578125 0.0328125 0.05390625
0 0.44296875 0.321875 0.01796875 0.03984375
0 0.46015625 0.32578125 0.01796875 0.040625
0 0.4671875 0.28359375 0.034375 0.05078125
0 0.44921875 0.28046875 0.03359375 0.04921875
0 0.43203125 0.27578125 0.03359375 0.0484375
0 0.41640625 0.27265625 0.0328125 0.046875
0 0.4265625 0.31640625 0.01796875 0.0390625
0 0.4109375 0.3125 0.01640625 0.03828125
0 0.39609375 0.3046875 0.01640625 0.04453125
0 0.3703125 0.28125 0.03359375 0.04453125
0 0.353125 0.278125 0.02421875 0.04296875
0 0.34296875 0.27421875 0.03046875 0.04140625
0 0.33125 0.27109375 0.03046875 0.040625
0 0.31953125 0.26875 0.03046875 0.03984375
0 0.30859375 0.265625 0.03046875 0.0390625
0 0.296875 0.26328125 0.02890625 0.03828125
0 0.378125 0.37421875 0.03203125 0.04375
0 0.3625 0.36875 0.02578125 0.04375
0 0.3453125 0.3703125 0.0140625 0.03125
0 0.35078125 0.33671875 0.03203125 0.04140625
0 0.334375 0.365625 0.0140625 0.03125
0 0.32265625 0.3609375 0.0140625 0.03046875
0 0.31171875 0.35625 0.01328125 0.0296875
0 0.30234375 0.35078125 0.01328125 0.034375
0 0.3375 0.33203125 0.02890625 0.040625
0 0.3265625 0.32890625 0.02890625 0.040625
0 0.315625 0.325 0.028125 0.0390625
3 0.56171875 0.40078125 0.0265625 0.01875
3 0.82734375 0.34375 0.04765625 0.03203125
3 0.78359375 0.33515625 0.04375 0.0296875
3 0.54296875 0.34140625 0.02578125 0.01484375
3 0.56640625 0.3484375 0.03125 0.01796875
3 0.59140625 0.35546875 0.0265625 0.01640625
3 0.6265625 0.3078125 0.02734375 0.01796875
3 0.65703125 0.3140625 0.03515625 0.01875
3 0.6921875 0.32109375 0.03515625 0.01875
3 0.67890625 0.44140625 0.0328125 0.025
3 0.58671875 0.409375 0.028125 0.0203125
3 0.4734375 0.3703125 0.0265625 0.01484375
3 0.5375 0.28671875 0.02734375 0.0203125
3 0.56015625 0.29375 0.0296875 0.01875
3 0.62109375 0.42109375 0.03125 0.021875
0 0.77421875 0.40078125 0.0296875 0.03046875
3 0.7234375 0.45625 0.02890625 0.02421875
3 0.75546875 0.46796875 0.03828125 0.028125
3 0.79375 0.48046875 0.04140625 0.03046875
3 0.73359375 0.39765625 0.03125 0.015625
0 0.68984375 0.3765625 0.01640625 0.0265625
0 0.67578125 0.37578125 0.01640625 0.02109375
0 0.6625 0.36953125 0.015625 0.02578125
0 0.67890625 0.3546875 0.01796875 0.03125
0 0.6484375 0.346875 0.0171875 0.03046875
0 0.646875 0.36640625 0.01640625 0.021875
0 0.6328125 0.365625 0.0125 0.01796875
0 0.62109375 0.35859375 0.01328125 0.02421875
0 0.63671875 0.34375 0.01640625 0.0296875
0 0.51796875 0.2765625 0.009375 0.025
0 0.5078125 0.27421875 0.01484375 0.021875
0 0.4953125 0.27421875 0.00859375 0.01953125
0 0.4984375 0.25390625 0.01484375 0.02421875
0 0.4875 0.27265625 0.00625 0.01953125
0 0.48984375 0.2515625 0.01484375 0.02421875
0 0.48046875 0.24921875 0.015625 0.02109375
0 0.471875 0.24765625 0.0140625 0.02109375
0 0.51875 0.22265625 0.00859375 0.01015625
0 0.503125 0.2140625 0.0046875 0.0234375
0 0.4984375 0.21328125 0.0140625 0.02421875
0 0.48984375 0.21171875 0.015625 0.0234375
0 0.48046875 0.2109375 0.015625 0.0234375
0 0.471875 0.209375 0.01484375 0.0234375
0 0.46328125 0.20859375 0.01484375 0.021875
0 0.61015625 0.240625 0.0171875 0.01953125
0 0.59609375 0.23828125 0.0125 0.01953125
0 0.57265625 0.23515625 0.01015625 0.01875
0 0.58359375 0.23671875 0.0125 0.01953125
0 0.559375 0.23203125 0.00859375 0.0203125
0 0.55 0.23125 0.0109375 0.01953125
0 0.53984375 0.23046875 0.01015625 0.01953125
3 0.87421875 0.54140625 0.01640625 0.01328125