2 0.275 0.496875 0.05546875 0.14140625
3 0.01328125 0.73359375 0.0265625 0.05390625
3 0.0984375 0.50078125 0.07265625 0.034375
3 0.01953125 0.5734375 0.0390625 0.05
3 0.109375 0.58203125 0.06953125 0.04453125
3 0.01484375 0.425 0.0296875 0.028125
0 0.01484375 0.26328125 0.02890625 0.04921875
0 0.034375 0.2671875 0.02265625 0.046875
0 0.04921875 0.27109375 0.01953125 0.04453125
0 0.06328125 0.275 0.01796875 0.04296875
0 0.07578125 0.278125 0.01640625 0.03984375
0 0.08671875 0.28125 0.01484375 0.03828125
0 0.096875 0.28359375 0.01328125 0.0359375
0 0.025 0.40234375 0.05 0.0453125
0 0.034375 0.39921875 0.06015625 0.04375
0 0.06796875 0.396875 0.01796875 0.040625
0 0.03984375 0.35703125 0.0640625 0.040625
0 0.08046875 0.39453125 0.01640625 0.0390625
0 0.09140625 0.39140625 0.01484375 0.03671875
0 0.1015625 0.38984375 0.01328125 0.03515625
0 0.1109375 0.3875 0.0125 0.034375
0 0.07578125 0.35703125 0.01640625 0.03828125
0 0.08671875 0.35625 0.01484375 0.0359375
0 0.096875 0.35546875 0.0140625 0.034375
3 0.484375 0.60390625 0.05390625 0.0515625
3 0.93671875 0.59296875 0.12578125 0.15078125
3 0.5421875 0.42890625 0.0859375 0.03671875
3 0.5828125 0.44375 0.1 0.04921875
3 0.64375 0.47265625 0.12578125 0.06953125
3 0.43203125 0.51953125 0.03359375 0.0265625
3 0.45859375 0.3984375 0.053125 0.02109375
3 0.46953125 0.40390625 0.053125 0.0234375
3 0.5359375 0.696875 0.07421875 0.08828125
0 0.45625 0.478125 0.0140625 0.00546875
0 0.44921875 0.478125 0.0109375 0.01171875
0 0.4515625 0.46953125 0.01328125 0.0109375
0 0.440625 0.46796875 0.01171875 0.01015625
0 0.4484375 0.46796875 0.0109375 0.00625
3 0.68515625 0.95625 0.05703125 0.08515625
3 0.5953125 0.7984375 0.10390625 0.12109375
3 0.49609375 0.540625 0.059375 0.0484375
0 0.92890625 0.91328125 0.14140625 0.17109375
0 0.84765625 0.89296875 0.140625 0.18671875
0 0.7578125 0.80078125 0.0765625 0.18359375
0 0.86328125 0.77109375 0.14765625 0.21484375
0 0.56796875 0.53671875 0.05546875 0.075
0 0.5671875 0.59375 0.05390625 0.06875
0 0.53359375 0.5765625 0.01484375 0.06328125
0 0.51953125 0.559375 0.01328125 0.06171875
0 0.5515625 0.5234375 0.05 0.06875
0 0.51484375 0.27890625 0.04375 0.0515625
0 0.4875 0.28203125 0.01015625 0.0484375
0 0.46953125 0.2890625 0.0078125 0.04140625
0 0.478125 0.2859375 0.00859375 0.04453125
0 0.49296875 0.24296875 0.03984375 0.0484375
0 0.46875 0.2484375 0.0078125 0.04609375
0 0.46171875 0.253125 0.00703125 0.04375
0 0.4546875 0.25703125 0.00625 0.040625
0 0.46171875 0.2921875 0.00703125 0.03984375
0 0.45546875 0.29453125 0.00625 0.03671875
0 0.44921875 0.29609375 0.00625 0.0359375
0 0.44296875 0.2875 0.01796875 0.03203125
0 0.43125 0.28984375 0.0046875 0.03125
0 0.42734375 0.29140625 0.00390625 0.0296875
0 0.4234375 0.29375 0.00390625 0.028125
0 0.41953125 0.2953125 0.00390625 0.028125
0 0.41640625 0.296875 0.003125 0.02578125
0 0.41328125 0.2984375 0.003125 0.025
0 0.44921875 0.37890625 0.02734375 0.021875
0 0.44296875 0.38125 0.025 0.0296875
0 0.42890625 0.38125 0.00390625 0.028125
0 0.4390625 0.353125 0.02578125 0.028125
0 0.425 0.38046875 0.00390625 0.0265625
0 0.421875 0.37890625 0.00390625 0.02578125
0 0.41796875 0.37734375 0.00390625 0.025
0 0.41484375 0.3765625 0.00390625 0.025
0 0.42421875 0.35234375 0.00390625 0.0265625
0 0.4203125 0.35234375 0.00390625 0.0265625
0 0.4171875 0.35234375 0.00390625 0.025
3 0.6234375 0.4328125 0.02265625 0.01171875
3 0.69296875 0.453125 0.0453125 0.01015625
3 0.7265625 0.46640625 0.0515625 0.02421875
3 0.77109375 0.47890625 0.040625 0.02578125
3 0.825 0.39765625 0.06640625 0.01953125
3 0.88125 0.40390625 0.08515625 0.02421875
3 0.9546875 0.41328125 0.08984375 0.028125
3 0.69375 0.38203125 0.04609375 0.0109375
3 0.71875 0.38671875 0.0453125 0.0140625
0 0.64453125 0.434375 0.02109375 0.0203125
0 0.95546875 0.5109375 0.05 0.028125
0 0.92109375 0.51484375 0.04765625 0.040625
0 0.88671875 0.50625 0.0328125 0.046875
0 0.92734375 0.4765625 0.04921875 0.0484375
0 0.86171875 0.4625 0.04140625 0.04140625
0 0.85859375 0.4984375 0.04140625 0.03984375
0 0.828125 0.49140625 0.025 0.03671875
0 0.8078125 0.48359375 0.0234375 0.03984375
0 0.83828125 0.4578125 0.0375 0.03984375
0 0.66875 0.3734375 0.0203125 0.0234375
0 0.65703125 0.37265625 0.01640625 0.0234375
0 0.64375 0.371875 0.01015625 0.021875
0 0.6515625 0.35078125 0.02265625 0.02109375
0 0.63515625 0.37109375 0.00859375 0.0203125
0 0.6265625 0.3703125 0.00859375 0.0203125
0 0.61875 0.36953125 0.00859375 0.01953125
0 0.6109375 0.36875 0.0078125 0.01953125
0 0.6359375 0.35078125 0.00859375 0.02109375
0 0.62734375 0.35 0.00859375 0.0203125
0 0.61953125 0.34921875 0.0078125 0.01953125
0 0.79453125 0.30703125 0.034375 0.0203125
0 0.77265625 0.309375 0.009375 0.01796875
0 0.7359375 0.31171875 0.0140625 0.01640625
0 0.74453125 0.31171875 0.003125 0.015625
0 0.71875 0.31328125 0.01015625 0.015625
0 0.7078125 0.3140625 0.01171875 0.01484375