3 0.00859375 0.94765625 0.0171875 0.103125
3 0.0328125 0.74296875 0.04375 0.05859375
3 0.00625 0.540625 0.01171875 0.0359375
0 0.00625 0.69140625 0.0125 0.0234375
0 0.003125 0.67734375 0.00546875 0.00859375
0 0.0140625 0.66640625 0.02734375 0.028125
0 0.01171875 0.65546875 0.0234375 0.0140625
0 0.0171875 0.66171875 0.03359375 0.01953125
0 0.00625 0.3546875 0.0046875 0.04296875
0 0.01015625 0.3578125 0.00625 0.04140625
0 0.0140625 0.3625 0.00546875 0.03984375
0 0.01875 0.36640625 0.00546875 0.03828125
0 0.021875 0.36953125 0.0046875 0.03515625
0 0.0015625 0.503125 0.003125 0.03515625
0 0.01484375 0.509375 0.00546875 0.04140625
0 0.00625 0.45859375 0.0125 0.0484375
0 0.01875 0.50859375 0.00546875 0.0390625
0 0.02265625 0.5015625 0.00546875 0.04375
0 0.02578125 0.49921875 0.00546875 0.04296875
0 0.0296875 0.49609375 0.0046875 0.040625
0 0.01484375 0.44375 0.0046875 0.01640625
0 0.0203125 0.45703125 0.00546875 0.04296875
0 0.02421875 0.45703125 0.00546875 0.040625
3 0.48984375 0.6703125 0.053125 0.04296875
3 0.9875 0.553125 0.02421875 0.04609375
3 0.9171875 0.5453125 0.14296875 0.05546875
3 0.3890625 0.55390625 0.03046875 0.01953125
3 0.4578125 0.58125 0.04921875 0.02890625
3 0.4890625 0.59140625 0.05390625 0.03203125
3 0.5203125 0.6046875 0.05703125 0.03671875
3 0.56875 0.50625 0.06328125 0.025
3 0.61484375 0.51171875 0.07421875 0.02890625
3 0.67734375 0.52109375 0.08046875 0.03203125
3 0.6765625 0.78671875 0.07734375 0.08984375
3 0.521875 0.6890625 0.05703125 0.04921875
3 0.39609375 0.61484375 0.0390625 0.02578125
3 0.4546875 0.4921875 0.05078125 0.01796875
3 0.478125 0.49453125 0.05390625 0.01953125
3 0.5703125 0.72109375 0.06640625 0.0609375
0 0.915625 0.7359375 0.09921875 0.1109375
0 0.4140625 0.55625 0.02265625 0.03046875
3 0.77890625 0.846875 0.1015625 0.1203125
3 0.89296875 0.9140625 0.13359375 0.15703125
3 0.97421875 0.9484375 0.05078125 0.10078125
3 0.7890625 0.70859375 0.10234375 0.07421875
0 0.6859375 0.65078125 0.04140625 0.06953125
0 0.65859375 0.64453125 0.03984375 0.05703125
0 0.6265625 0.63125 0.02421875 0.0609375
0 0.659375 0.59609375 0.03984375 0.0609375
0 0.6046875 0.58125 0.03671875 0.053125
0 0.6046875 0.62421875 0.03671875 0.05078125
0 0.5765625 0.61875 0.01953125 0.04453125
0 0.5578125 0.6078125 0.01796875 0.05078125
0 0.584375 0.57578125 0.03515625 0.05
0 0.434375 0.48046875 0.02578125 0.028125
0 0.42109375 0.4796875 0.01640625 0.028125
0 0.40859375 0.4796875 0.00859375 0.02578125
0 0.41640625 0.453125 0.025 0.025
0 0.40078125 0.478125 0.00703125 0.025
0 0.39296875 0.478125 0.00703125 0.02421875
0 0.3859375 0.4765625 0.00703125 0.02421875
0 0.37890625 0.47578125 0.00703125 0.02421875
0 0.4 0.453125 0.00703125 0.025
0 0.39296875 0.453125 0.00703125 0.02421875
0 0.38515625 0.453125 0.00703125 0.0234375
0 0.434375 0.39609375 0.02578125 0.028125
0 0.41640625 0.39765625 0.00859375 0.0265625
0 0.4078125 0.39921875 0.0078125 0.02578125
0 0.4 0.4 0.00703125 0.02578125
0 0.3921875 0.4015625 0.00703125 0.025
0 0.38515625 0.403125 0.00703125 0.02421875
0 0.378125 0.40390625 0.00703125 0.02421875
0 0.5359375 0.3953125 0.03359375 0.03671875
0 0.51171875 0.396875 0.01484375 0.0359375
0 0.48359375 0.40078125 0.0125 0.03359375
0 0.496875 0.3984375 0.01328125 0.034375
0 0.50625 0.36484375 0.03046875 0.03515625
0 0.48359375 0.36796875 0.0125 0.03515625
0 0.47109375 0.3703125 0.01171875 0.03359375
0 0.459375 0.37265625 0.0109375 0.03203125
0 0.47109375 0.40234375 0.01171875 0.03203125
0 0.459375 0.40390625 0.0109375 0.03125
0 0.44921875 0.4046875 0.01015625 0.0296875