2 0.33203125 0.5296875 0.034375 0.09609375
3 0.17109375 0.63671875 0.06171875 0.03828125
3 0.00234375 0.36796875 0.0046875 0.04296875
3 0.21015625 0.525 0.03828125 0.01328125
3 0.1828125 0.5375 0.0421875 0.0140625
3 0.18046875 0.54609375 0.0375 0.02109375
3 0.175 0.5546875 0.0265625 0.02421875
3 0.1703125 0.4328125 0.02265625 0.0234375
3 0.13828125 0.425 0.04609375 0.0296875
3 0.0578125 0.40859375 0.115625 0.0390625
3 0.2109375 0.58671875 0.03828125 0.01953125
3 0.19296875 0.446875 0.03046875 0.0140625
3 0.18828125 0.44375 0.025 0.015625
3 0.153125 0.684375 0.03359375 0.046875
0 0.00859375 0.63515625 0.0171875 0.0984375
0 0.03125 0.6234375 0.03046875 0.0984375
0 0.0078125 0.54375 0.015625 0.09453125
0 0.11640625 0.5140625 0.05625 0.053125
0 0.11796875 0.565625 0.05546875 0.05859375
0 0.14921875 0.55703125 0.00859375 0.05
0 0.1578125 0.553125 0.0078125 0.04609375
0 0.12578125 0.51171875 0.0546875 0.046875
0 0.14921875 0.31015625 0.03359375 0.0390625
0 0.175 0.32578125 0.00390625 0.03203125
0 0.184375 0.33828125 0.0046875 0.03125
0 0.1796875 0.33125 0.00546875 0.03359375
0 0.159375 0.2953125 0.04453125 0.05
0 0.184375 0.30703125 0.0046875 0.0390625
0 0.1890625 0.31484375 0.00390625 0.03671875
0 0.19296875 0.321875 0.00390625 0.0359375
0 0.1890625 0.34375 0.0046875 0.03046875
0 0.19375 0.34921875 0.00390625 0.02890625
0 0.19765625 0.3546875 0.00390625 0.028125
0 0.2 0.35390625 0.00859375 0.028125
0 0.209375 0.359375 0.0015625 0.0203125
0 0.21171875 0.36171875 0.00234375 0.021875
0 0.21484375 0.365625 0.00234375 0.0203125
0 0.2171875 0.36953125 0.00234375 0.01953125
0 0.21953125 0.37265625 0.00234375 0.01953125
0 0.221875 0.37578125 0.0015625 0.01875
0 0.1921875 0.43359375 0.0265625 0.01484375
0 0.2109375 0.4421875 0.00078125 0.025
0 0.21328125 0.44375 0.00234375 0.02421875
0 0.2 0.4171875 0.02890625 0.02890625
0 0.215625 0.44453125 0.00234375 0.02421875
0 0.21796875 0.4453125 0.00234375 0.021875
0 0.2203125 0.44609375 0.0015625 0.021875
0 0.22265625 0.446875 0.0015625 0.021875
0 0.215625 0.41953125 0.00234375 0.025
0 0.21796875 0.421875 0.00234375 0.02421875
0 0.2203125 0.4234375 0.00234375 0.0234375
3 0.00546875 0.921875 0.0109375 0.05703125
3 0.09140625 0.740625 0.1015625 0.0796875
3 0.03828125 0.86328125 0.0765625 0.13125
3 0.4859375 0.58828125 0.0375 0.02109375
3 0.75234375 0.41015625 0.11640625 0.0390625
3 0.67890625 0.421875 0.0875 0.03046875
3 0.51484375 0.44765625 0.02890625 0.0140625
3 0.53828125 0.44453125 0.034375 0.015625
3 0.57421875 0.440625 0.05546875 0.01796875
3 0.43984375 0.56171875 0.02578125 0.0140625
3 0.45546875 0.4546875 0.0125 0.009375
3 0.47890625 0.453125 0.03828125 0.01015625
3 0.52109375 0.6125 0.04140625 0.02890625
0 0.73359375 0.575 0.06796875 0.06640625
0 0.459375 0.5203125 0.003125 0.00546875
0 0.4546875 0.51953125 0.00546875 0.00546875
0 0.4484375 0.51640625 0.00703125 0.00546875
3 0.615625 0.6734375 0.06015625 0.0484375
3 0.55546875 0.63359375 0.0515625 0.03203125
3 0.66953125 0.70390625 0.08203125 0.0609375
3 0.7421875 0.74453125 0.11328125 0.08515625
3 0.49296875 0.53046875 0.03125 0.01640625
0 0.66796875 0.55859375 0.046875 0.0546875
0 0.63359375 0.55546875 0.01953125 0.0484375
0 0.61484375 0.55 0.01796875 0.04609375
0 0.64609375 0.51015625 0.04375 0.04609375
0 0.540625 0.5 0.0296875 0.03125
0 0.540625 0.53203125 0.0296875 0.03203125
0 0.521875 0.5296875 0.00859375 0.03125
0 0.51328125 0.52734375 0.0078125 0.03046875
0 0.521875 0.49921875 0.00859375 0.03046875
0 0.5078125 0.36875 0.025 0.02890625
0 0.49140625 0.37265625 0.00703125 0.0265625
0 0.47890625 0.3796875 0.00546875 0.02421875
0 0.48515625 0.3765625 0.00625 0.02578125
0 0.49375 0.35234375 0.0234375 0.02890625
0 0.47890625 0.35625 0.00546875 0.0265625
0 0.47265625 0.36015625 0.00546875 0.02578125
0 0.4671875 0.36328125 0.0046875 0.025
0 0.47265625 0.3828125 0.00546875 0.0234375
0 0.4671875 0.3859375 0.0046875 0.021875
0 0.4625 0.38828125 0.00390625 0.021875
0 0.45703125 0.3859375 0.0140625 0.01953125
0 0.44765625 0.38828125 0.00390625 0.0203125
0 0.44375 0.390625 0.00390625 0.01953125
0 0.43984375 0.39296875 0.003125 0.01875
0 0.4359375 0.39453125 0.003125 0.01796875
0 0.4328125 0.396875 0.00234375 0.01796875
0 0.4296875 0.3984375 0.00234375 0.01796875
0 0.459375 0.45 0.01953125 0.0203125
0 0.446875 0.45078125 0.00390625 0.0203125
0 0.44296875 0.4515625 0.003125 0.01953125
0 0.45078125 0.43203125 0.01796875 0.01953125
0 0.43984375 0.4515625 0.003125 0.01875
0 0.4359375 0.453125 0.003125 0.01875
0 0.4328125 0.453125 0.00234375 0.01796875
0 0.4296875 0.45390625 0.00234375 0.01796875
0 0.43984375 0.43359375 0.003125 0.01875
0 0.4359375 0.434375 0.003125 0.01875
0 0.4328125 0.43515625 0.00234375 0.01875
3 0.940625 0.43984375 0.0734375 0.01875
3 0.878125 0.44375 0.06328125 0.01640625
3 0.58125 0.50703125 0.02265625 0.00703125
3 0.621875 0.5125 0.00390625 0.00859375
3 0.68125 0.5171875 0.02578125 0.01015625
3 0.7 0.45703125 0.02421875 0.00546875
3 0.72890625 0.45625 0.03359375 0.00625
3 0.7625 0.4546875 0.03203125 0.00703125
3 0.78125 0.59140625 0.0328125 0.01953125
3 0.58359375 0.54609375 0.025 0.00859375
3 0.62734375 0.46171875 0.01640625 0.0046875
3 0.646875 0.46015625 0.0328125 0.00546875
3 0.696875 0.57421875 0.01171875 0.0140625
0 0.88359375 0.53046875 0.04453125 0.03203125
0 0.59921875 0.50546875 0.01484375 0.015625
3 0.82421875 0.60546875 0.0578125 0.0234375
3 0.87421875 0.61640625 0.06640625 0.02890625
3 0.93203125 0.63046875 0.06953125 0.03515625
3 0.83046875 0.534375 0.05703125 0.01484375
0 0.77109375 0.5203125 0.01796875 0.02578125
0 0.75546875 0.51953125 0.01484375 0.02421875
0 0.74140625 0.51796875 0.01328125 0.02421875
0 0.7609375 0.4953125 0.02421875 0.02421875
0 0.72890625 0.49375 0.02265625 0.021875
0 0.728125 0.51640625 0.02265625 0.0234375
0 0.71171875 0.515625 0.01171875 0.02109375
0 0.7 0.5140625 0.0109375 0.021875
0 0.71484375 0.49296875 0.01796875 0.02109375
0 0.60546875 0.43828125 0.00703125 0.01015625
0 0.615625 0.40625 0.015625 0.015625
0 0.60390625 0.40625 0.00625 0.01484375
0 0.59765625 0.40859375 0.00546875 0.015625
0 0.59140625 0.409375 0.00546875 0.015625
0 0.5796875 0.41328125 0.0046875 0.01484375
0 0.57421875 0.4140625 0.0046875 0.01484375
0 0.6859375 0.396875 0.01953125 0.0203125
0 0.67109375 0.39921875 0.009375 0.01953125
0 0.65234375 0.40390625 0.00859375 0.01875
0 0.6609375 0.4015625 0.00859375 0.01953125
0 0.66640625 0.38359375 0.01875 0.0203125
0 0.65234375 0.38515625 0.00859375 0.0203125
0 0.64375 0.3875 0.00859375 0.01953125
0 0.63515625 0.38984375 0.00703125 0.01875
0 0.64375 0.40546875 0.0078125 0.01875
0 0.63515625 0.40703125 0.00703125 0.01796875
0 0.62734375 0.40859375 0.00703125 0.01796875
3 0.38359375 0.79453125 0.1375 0.1203125