2 0.04609375 0.6078125 0.09140625 0.25625
3 0.44140625 0.7484375 0.09765625 0.0625
3 0.553125 0.32109375 0.0828125 0.0875
3 0.671875 0.24453125 0.15390625 0.13203125
3 0.87734375 0.1015625 0.2421875 0.203125
3 0.328125 0.68984375 0.05625 0.02890625
3 0.3796875 0.440625 0.046875 0.0390625
3 0.41328125 0.4203125 0.0625 0.046875
3 0.59609375 0.8390625 0.1625 0.1359375
0 0.37578125 0.59609375 0.0109375 0.0125
0 0.365625 0.59609375 0.01953125 0.0125
0 0.37265625 0.5859375 0.0140625 0.0078125
0 0.3484375 0.596875 0.0140625 0.0109375
3 0.82109375 0.91875 0.2703125 0.1609375
3 0.4859375 0.58671875 0.10859375 0.0328125
0 0.665625 0.44453125 0.09140625 0.1203125
0 0.6703125 0.54765625 0.09375 0.1125
0 0.6015625 0.553125 0.04765625 0.1
0 0.55859375 0.5578125 0.03828125 0.09140625
0 0.5984375 0.459375 0.04609375 0.10546875
0 0.51484375 0.190625 0.06171875 0.0890625
0 0.47421875 0.20234375 0.02265625 0.0671875
0 0.434375 0.2515625 0.0171875 0.05625
0 0.45234375 0.22890625 0.01953125 0.06171875
0 0.4640625 0.1828125 0.04140625 0.0765625
0 0.43515625 0.2078125 0.0171875 0.07109375
0 0.41875 0.23046875 0.015625 0.0671875
0 0.4046875 0.25078125 0.0140625 0.0625
0 0.41796875 0.27109375 0.01484375 0.05078125
0 0.40390625 0.2890625 0.0140625 0.04765625
0 0.390625 0.30546875 0.01171875 0.04453125
0 0.37265625 0.32265625 0.02421875 0.0359375
0 0.35625 0.3328125 0.00859375 0.0359375
0 0.34765625 0.34453125 0.00859375 0.034375
0 0.33984375 0.35546875 0.0078125 0.03203125
0 0.33359375 0.3640625 0.0078125 0.03046875
0 0.32578125 0.37265625 0.0078125 0.02890625
0 0.3203125 0.38203125 0.00625 0.02734375
0 0.365625 0.45 0.01796875 0.0359375
0 0.3515625 0.45390625 0.009375 0.040625
0 0.34375 0.46015625 0.00859375 0.0375
0 0.359375 0.4265625 0.0375 0.0421875
0 0.3359375 0.465625 0.00859375 0.0359375
0 0.328125 0.471875 0.0078125 0.0328125
0 0.321875 0.4765625 0.0078125 0.03203125
0 0.315625 0.48046875 0.0078125 0.0296875
0 0.3375 0.43359375 0.00859375 0.04140625
0 0.32890625 0.43984375 0.0078125 0.0390625
0 0.32265625 0.44609375 0.0078125 0.03828125
3 0.6875 0.67421875 0.05234375 0.0203125
3 0.734375 0.59609375 0.034375 0.0125
3 0.77734375 0.49140625 0.04765625 0.02109375
3 0.8375 0.48046875 0.07265625 0.02578125
3 0.91875 0.4671875 0.084375 0.0296875
3 0.9515625 0.709375 0.09453125 0.0375
3 0.72890625 0.6796875 0.05234375 0.0234375
3 0.55859375 0.65546875 0.03828125 0.0125
3 0.8 0.6890625 0.06796875 0.02734375
0 0.93984375 0.58046875 0.0390625 0.0421875
0 0.90390625 0.58125 0.0375 0.04140625
0 0.871875 0.5828125 0.0328125 0.0390625
0 0.90078125 0.54140625 0.0359375 0.0421875
0 0.8328125 0.546875 0.0328125 0.03828125
0 0.83515625 0.58359375 0.034375 0.0375
0 0.80703125 0.584375 0.0265625 0.03515625
0 0.7828125 0.58515625 0.02421875 0.034375
0 0.80390625 0.54921875 0.02578125 0.0359375
0 0.5421875 0.52734375 0.00859375 0.02109375
0 0.571875 0.5 0.009375 0.0234375
0 0.55078125 0.50546875 0.0078125 0.02109375
0 0.57109375 0.4546875 0.009375 0.02265625
0 0.565625 0.45546875 0.00078125 0.0203125
0 0.55078125 0.4625 0.00625 0.0203125
0 0.5421875 0.4640625 0.00859375 0.0203125
0 0.73515625 0.41015625 0.02734375 0.0328125
0 0.7125 0.415625 0.01953125 0.03203125
0 0.69765625 0.39296875 0.02578125 0.0265625
0 0.6828125 0.3890625 0.00546875 0.00546875