2 0.04609375 0.6078125 0.09140625 0.25625
3 0.44140625 0.7484375 0.09765625 0.06171875
3 0.553125 0.32109375 0.0828125 0.08671875
3 0.67109375 0.24453125 0.15390625 0.13125
3 0.878125 0.1015625 0.24296875 0.203125
3 0.328125 0.6890625 0.05625 0.02890625
3 0.3796875 0.440625 0.04609375 0.0390625
3 0.4125 0.4203125 0.06328125 0.04609375
3 0.59609375 0.8390625 0.1625 0.1359375
0 0.375 0.59609375 0.01015625 0.01171875
0 0.365625 0.5953125 0.01953125 0.01328125
0 0.37265625 0.58515625 0.01328125 0.00703125
0 0.3484375 0.596875 0.01328125 0.01015625
0 0.35546875 0.59609375 0.00078125 0.01015625
3 0.82109375 0.91875 0.26953125 0.1609375
3 0.48515625 0.58671875 0.10859375 0.03203125
0 0.665625 0.44375 0.09140625 0.11953125
0 0.66953125 0.546875 0.09375 0.11328125
0 0.60078125 0.553125 0.04765625 0.1
0 0.55859375 0.55703125 0.0390625 0.090625
0 0.5984375 0.459375 0.04609375 0.10546875
0 0.51484375 0.190625 0.06171875 0.08984375
0 0.4734375 0.203125 0.02265625 0.06640625
0 0.434375 0.2515625 0.0171875 0.05625
0 0.45234375 0.22890625 0.01953125 0.0609375
0 0.4640625 0.1828125 0.04140625 0.0765625
0 0.434375 0.2078125 0.0171875 0.07109375
0 0.41875 0.23046875 0.015625 0.06640625
0 0.4046875 0.25078125 0.0140625 0.06171875
0 0.41796875 0.27109375 0.01484375 0.0515625
0 0.40390625 0.2890625 0.01328125 0.0484375
0 0.390625 0.3046875 0.01171875 0.04453125
0 0.37265625 0.321875 0.02421875 0.0359375
0 0.35625 0.3328125 0.00859375 0.0359375
0 0.34765625 0.34375 0.00859375 0.034375
0 0.33984375 0.35546875 0.0078125 0.03203125
0 0.3328125 0.3640625 0.00703125 0.03046875
0 0.3265625 0.37265625 0.00703125 0.02890625
0 0.31953125 0.38125 0.00625 0.028125
0 0.365625 0.44921875 0.01875 0.0359375
0 0.3515625 0.45390625 0.01015625 0.03984375
0 0.34296875 0.46015625 0.00859375 0.03671875
0 0.359375 0.42578125 0.03828125 0.04296875
0 0.33515625 0.46640625 0.00859375 0.0359375
0 0.328125 0.471875 0.00703125 0.03203125
0 0.321875 0.4765625 0.00703125 0.03125
0 0.315625 0.48125 0.00703125 0.03046875
0 0.33671875 0.43359375 0.00859375 0.040625
0 0.3296875 0.43984375 0.0078125 0.0390625
0 0.32265625 0.44609375 0.00703125 0.03828125
3 0.6875 0.6734375 0.05234375 0.0203125
3 0.73359375 0.5953125 0.034375 0.01328125
3 0.77734375 0.49140625 0.0484375 0.02109375
3 0.83671875 0.48125 0.071875 0.025
3 0.91796875 0.46640625 0.08359375 0.0296875
3 0.95078125 0.70859375 0.09453125 0.03828125
3 0.7296875 0.67890625 0.05234375 0.0234375
3 0.55859375 0.65546875 0.03828125 0.01171875
3 0.8 0.6890625 0.06796875 0.028125
0 0.93984375 0.58046875 0.03984375 0.04296875
0 0.90390625 0.58125 0.03671875 0.040625
0 0.871875 0.58203125 0.03359375 0.0390625
0 0.90078125 0.540625 0.03671875 0.04296875
0 0.83203125 0.546875 0.0328125 0.03828125
0 0.83515625 0.58359375 0.03359375 0.03671875
0 0.80703125 0.584375 0.02734375 0.03515625
0 0.78203125 0.584375 0.025 0.034375
0 0.80390625 0.5484375 0.02578125 0.0359375
0 0.54296875 0.52734375 0.00859375 0.02109375
0 0.571875 0.49921875 0.00859375 0.0234375
0 0.55078125 0.50546875 0.00703125 0.02109375
0 0.57109375 0.4546875 0.009375 0.021875
0 0.565625 0.45625 0.00078125 0.01953125
0 0.55078125 0.46171875 0.00625 0.0203125
0 0.54296875 0.4640625 0.00859375 0.01953125
0 0.73515625 0.41015625 0.02734375 0.03359375
0 0.7125 0.415625 0.01953125 0.03125
0 0.69765625 0.39296875 0.02578125 0.0265625
0 0.68203125 0.3890625 0.00546875 0.00546875