3 0.40546875 0.746875 0.06328125 0.06015625
3 0.8015625 0.49296875 0.07265625 0.01875
3 0.7546875 0.49375 0.07734375 0.01875
3 0.10546875 0.65859375 0.121875 0.053125
3 0.33671875 0.64375 0.07734375 0.046875
3 0.40546875 0.63671875 0.06484375 0.04375
3 0.471875 0.63359375 0.05390625 0.04609375
3 0.53671875 0.5015625 0.05078125 0.0234375
3 0.5828125 0.50078125 0.0671875 0.02109375
3 0.63984375 0.49921875 0.06796875 0.0203125
3 0.64453125 0.71953125 0.071875 0.05
3 0.4671875 0.7390625 0.0609375 0.05625
3 0.11484375 0.7828125 0.11875 0.0734375
3 0.32734375 0.50625 0.07109375 0.0265625
3 0.384375 0.5046875 0.06015625 0.02578125
3 0.5421875 0.7328125 0.06328125 0.0546875
0 0.759375 0.5984375 0.0453125 0.0453125
0 0.2015625 0.6390625 0.06328125 0.06171875
3 0.7046875 0.71328125 0.07421875 0.04375
3 0.76015625 0.71328125 0.05625 0.03125
3 0.80390625 0.70546875 0.05859375 0.03359375
3 0.7046875 0.61328125 0.07421875 0.0296875
0 0.653125 0.60546875 0.02109375 0.05078125
0 0.625 0.60703125 0.03515625 0.05
0 0.60625 0.60859375 0.02890625 0.0515625
0 0.625 0.56796875 0.03515625 0.0484375
0 0.57578125 0.57109375 0.03125 0.04921875
0 0.58046875 0.615625 0.021875 0.04296875
0 0.5546875 0.61484375 0.02734375 0.0484375
0 0.53125 0.61328125 0.03046875 0.0546875
0 0.553125 0.571875 0.03203125 0.04921875
0 0.2640625 0.49296875 0.0421875 0.04921875
0 0.2265625 0.49375 0.0328125 0.05
0 0.1953125 0.49453125 0.0328125 0.05
0 0.20390625 0.44375 0.053125 0.04921875
0 0.1625 0.49453125 0.03359375 0.05
0 0.12890625 0.4953125 0.03515625 0.05
0 0.0953125 0.49609375 0.0359375 0.05078125
0 0.06015625 0.4953125 0.03671875 0.05390625
0 0.1609375 0.44453125 0.03359375 0.05
0 0.12734375 0.44375 0.03515625 0.05078125
0 0.09296875 0.44375 0.03515625 0.0515625
0 0.26171875 0.34296875 0.03984375 0.04921875
0 0.22578125 0.34140625 0.0328125 0.05
0 0.19296875 0.3390625 0.03359375 0.05078125
0 0.1609375 0.33828125 0.03359375 0.0515625
0 0.1265625 0.33671875 0.03515625 0.053125
0 0.0921875 0.334375 0.0359375 0.053125
0 0.05703125 0.33359375 0.03671875 0.05390625
0 0.4890625 0.371875 0.025 0.04453125
0 0.46328125 0.37109375 0.02578125 0.04453125
0 0.4109375 0.36953125 0.0265625 0.04609375
0 0.4375 0.3703125 0.02578125 0.04453125
0 0.43671875 0.325 0.02578125 0.04609375
0 0.4109375 0.3234375 0.0265625 0.046875
0 0.3828125 0.321875 0.02734375 0.0484375
0 0.35546875 0.3203125 0.028125 0.0484375
0 0.38359375 0.36875 0.02734375 0.04609375
0 0.35546875 0.3671875 0.028125 0.046875
0 0.32734375 0.365625 0.02890625 0.0484375