2 0.3 0.50234375 0.053125 0.12109375
3 0.20234375 0.74453125 0.01796875 0.0609375
3 0.17265625 0.5359375 0.0109375 0.03203125
3 0.178125 0.62421875 0.003125 0.015625
3 0.19609375 0.72578125 0.0109375 0.05078125
3 0.17734375 0.67109375 0.03203125 0.0796875
3 0.1421875 0.75859375 0.10234375 0.15078125
3 0.1375 0.84453125 0.096875 0.134375
3 0.18671875 0.59765625 0.009375 0.03515625
3 0.1609375 0.52890625 0.0125 0.03515625
3 0.1625 0.55859375 0.01484375 0.04453125
3 0.22265625 0.88515625 0.0125 0.0875
0 0.20234375 0.84609375 0.00625 0.040625
0 0.1984375 0.815625 0.0078125 0.04453125
0 0.19609375 0.7890625 0.00546875 0.0359375
0 0.1046875 0.5125 0.07109375 0.0828125
0 0.10546875 0.4875 0.0671875 0.05546875
0 0.11171875 0.4359375 0.03203125 0.0640625
0 0.11015625 0.40078125 0.009375 0.009375
0 0.11875 0.4078125 0.02265625 0.04453125
0 0.11953125 0.39921875 0.02109375 0.0421875
0 0.13515625 0.45234375 0.00859375 0.0359375
0 0.134375 0.440625 0.0078125 0.04375
0 0.13046875 0.4140625 0.00390625 0.01171875
0 0.12890625 0.3984375 0.0125 0.04140625
0 0.12578125 0.390625 0.01796875 0.03828125
0 0.121875 0.36953125 0.01171875 0.00625
0 0.12109375 0.3640625 0.01171875 0.00625
0 0.11953125 0.359375 0.0109375 0.00546875
0 0.1234375 0.3640625 0.02109375 0.0265625
0 0.121875 0.35078125 0.01796875 0.0078125
0 0.15390625 0.50078125 0.00390625 0.0265625
0 0.15390625 0.49296875 0.00546875 0.02421875
0 0.13984375 0.434375 0.003125 0.0078125
0 0.15 0.44609375 0.00625 0.0296875
3 0.23359375 0.97421875 0.009375 0.04921875
3 0.4765625 0.55390625 0.03828125 0.04140625
3 0.78046875 0.628125 0.0921875 0.09921875
3 0.7125 0.58359375 0.0796875 0.08203125
3 0.52890625 0.4625 0.05 0.040625
3 0.5578125 0.48125 0.053125 0.04609375
3 0.59296875 0.509375 0.05625 0.05078125
3 0.4109375 0.48515625 0.03046875 0.02734375
3 0.45 0.415625 0.040625 0.02890625
3 0.4671875 0.42578125 0.0421875 0.03046875
3 0.52734375 0.6078125 0.04609375 0.05234375
0 0.75 0.72578125 0.05546875 0.084375
0 0.4421875 0.46328125 0.009375 0.009375
0 0.43359375 0.46171875 0.009375 0.0109375
0 0.43359375 0.45234375 0.009375 0.01171875
0 0.42265625 0.44921875 0.0109375 0.00859375
0 0.42890625 0.4515625 0.00859375 0.009375
3 0.6359375 0.721875 0.06171875 0.0796875
3 0.5671875 0.65390625 0.05078125 0.05390625
3 0.6828125 0.77109375 0.06953125 0.0921875
3 0.73828125 0.8265625 0.07890625 0.1171875
3 0.49609375 0.5203125 0.04375 0.0421875
0 0.6875 0.66953125 0.0390625 0.07109375
0 0.66640625 0.659375 0.0375 0.05
0 0.640625 0.634375 0.02421875 0.0625
0 0.66953125 0.62265625 0.0359375 0.0609375
0 0.54921875 0.528125 0.02890625 0.04375
0 0.54921875 0.55703125 0.02734375 0.0375
0 0.52890625 0.5484375 0.01171875 0.0328125
0 0.51875 0.534375 0.01171875 0.040625
0 0.53515625 0.51953125 0.02109375 0.04140625
0 0.50703125 0.36953125 0.0265625 0.0375
0 0.49609375 0.36640625 0.02578125 0.0375
0 0.46875 0.359375 0.009375 0.0296875
0 0.478125 0.36328125 0.009375 0.03046875
0 0.4859375 0.3390625 0.0265625 0.0265625
0 0.46796875 0.33515625 0.00859375 0.0234375
0 0.45859375 0.32890625 0.00859375 0.0296875
0 0.45078125 0.32421875 0.0109375 0.0296875
0 0.459375 0.35546875 0.00859375 0.02890625
0 0.45078125 0.3515625 0.00859375 0.0265625
0 0.44296875 0.346875 0.0078125 0.0296875
0 0.43359375 0.328125 0.02265625 0.02890625
0 0.425 0.3265625 0.0203125 0.02734375
0 0.4171875 0.32265625 0.0171875 0.0265625
0 0.4125 0.31953125 0.01953125 0.0265625
0 0.40625 0.3171875 0.01953125 0.0265625
0 0.40078125 0.315625 0.01796875 0.02421875
0 0.39609375 0.3125 0.01953125 0.0234375
0 0.43515625 0.39609375 0.02109375 0.02734375
0 0.428125 0.3921875 0.0203125 0.02890625
0 0.41484375 0.390625 0.00625 0.0234375
0 0.4203125 0.36796875 0.01953125 0.02734375
0 0.409375 0.38671875 0.00625 0.02265625
0 0.403125 0.3828125 0.00625 0.02265625
0 0.39765625 0.37890625 0.00625 0.02265625
0 0.3921875 0.37421875 0.00625 0.0234375
0 0.4140625 0.36328125 0.0203125 0.0265625
0 0.40859375 0.36015625 0.01953125 0.0265625
0 0.40234375 0.3578125 0.01796875 0.02578125
3 0.60546875 0.4625 0.01796875 0.015625
3 0.8640625 0.44375 0.05546875 0.0359375
3 0.8171875 0.428125 0.05 0.0328125
3 0.53984375 0.384375 0.02421875 0.01484375
3 0.5921875 0.40703125 0.0296875 0.01796875
3 0.6140625 0.415625 0.03046875 0.0203125
3 0.6390625 0.42578125 0.02578125 0.0171875
3 0.67109375 0.38046875 0.03515625 0.02109375
3 0.69609375 0.3890625 0.03828125 0.0234375
3 0.7265625 0.40078125 0.03828125 0.0234375
3 0.7125 0.51953125 0.034375 0.02421875
3 0.62890625 0.47421875 0.0109375 0.0125
3 0.53828125 0.4234375 0.01953125 0.0125
3 0.59453125 0.35703125 0.02890625 0.01796875
3 0.61015625 0.3625 0.02890625 0.0171875
3 0.659375 0.48984375 0.02890625 0.0203125
0 0.809375 0.49609375 0.034375 0.0359375
0 0.559375 0.3875 0.0140625 0.0203125
3 0.75234375 0.5421875 0.0359375 0.0265625
3 0.78828125 0.5625 0.040625 0.0296875
3 0.83046875 0.58046875 0.04921875 0.0265625
3 0.76640625 0.4859375 0.04375 0.0265625
0 0.72578125 0.45859375 0.02109375 0.03203125
0 0.7125 0.45546875 0.0203125 0.02578125
0 0.69765625 0.4484375 0.01484375 0.02890625
0 0.7140625 0.434375 0.0203125 0.0296875
0 0.68671875 0.42265625 0.0203125 0.02734375
0 0.68515625 0.44375 0.01953125 0.0234375
0 0.6703125 0.4390625 0.0125 0.02265625
0 0.66015625 0.4328125 0.01171875 0.0265625
0 0.67578125 0.41796875 0.01953125 0.02734375
0 0.57734375 0.3453125 0.015625 0.0203125
0 0.56953125 0.34453125 0.0140625 0.0203125
0 0.55859375 0.3421875 0.00625 0.0171875
0 0.5640625 0.32578125 0.01484375 0.01953125
0 0.5515625 0.33984375 0.0078125 0.015625
0 0.54609375 0.3375 0.00625 0.015625
0 0.55546875 0.3234375 0.0140625 0.01953125
0 0.54921875 0.32109375 0.0125 0.01953125
0 0.5421875 0.31953125 0.0125 0.0171875
0 0.65390625 0.3171875 0.01953125 0.02109375
0 0.640625 0.31640625 0.0125 0.0203125
0 0.62109375 0.3171875 0.009375 0.009375
0 0.63046875 0.31953125 0.009375 0.00859375
0 0.61015625 0.284375 0.003125 0.00546875
0 0.60390625 0.2828125 0.00859375 0.0078125
0 0.6109375 0.315625 0.009375 0.00859375
0 0.60234375 0.3140625 0.00859375 0.00859375
0 0.59453125 0.31171875 0.0078125 0.00859375
3 0.55234375 0.9890625 0.00078125 0.00546875
3 0.915625 0.68046875 0.07109375 0.07578125