2 0.2203125 0.5515625 0.06328125 0.15078125
3 0.009375 0.55078125 0.01796875 0.0234375
3 0.01015625 0.65546875 0.0203125 0.0359375
0 0.0015625 0.290625 0.003125 0.03046875
0 0.003125 0.4140625 0.00546875 0.03828125
3 0.465625 0.62109375 0.0546875 0.03203125
3 0.9796875 0.353125 0.03984375 0.0515625
3 0.8875 0.365625 0.153125 0.0640625
3 0.53203125 0.42578125 0.05078125 0.02109375
3 0.5734375 0.41875 0.05625 0.025
3 0.64296875 0.40859375 0.08203125 0.03046875
3 0.38046875 0.584375 0.0390625 0.01953125
3 0.41953125 0.440625 0.02421875 0.01484375
3 0.4546875 0.43671875 0.05546875 0.01640625
3 0.5421875 0.65546875 0.06953125 0.04609375
0 0.978125 0.5984375 0.04296875 0.09453125
0 0.4203125 0.52890625 0.01015625 0.00859375
0 0.409375 0.528125 0.01171875 0.009375
0 0.4109375 0.52109375 0.01328125 0.00625
0 0.3953125 0.52578125 0.009375 0.00703125
0 0.40234375 0.52578125 0.00390625 0.00703125
3 0.753125 0.7484375 0.1140625 0.0984375
3 0.6109375 0.68828125 0.08359375 0.0546875
3 0.875 0.8015625 0.14921875 0.13203125
3 0.97109375 0.8390625 0.05625 0.1109375
3 0.49140625 0.54296875 0.05546875 0.02421875
0 0.85234375 0.58046875 0.059375 0.0859375
0 0.8015625 0.57578125 0.05546875 0.075
0 0.75234375 0.5671875 0.04296875 0.0734375
0 0.80234375 0.50703125 0.05546875 0.07109375
0 0.57421875 0.49921875 0.0390625 0.04453125
0 0.57421875 0.54296875 0.03984375 0.04609375
0 0.5453125 0.540625 0.01796875 0.04375
0 0.52734375 0.5375 0.01640625 0.04375
0 0.5453125 0.4984375 0.01796875 0.04296875
0 0.50859375 0.31953125 0.034375 0.0390625
0 0.48359375 0.32578125 0.01328125 0.03828125
0 0.45859375 0.33671875 0.0109375 0.03515625
0 0.4703125 0.33125 0.01171875 0.03671875
0 0.48046875 0.2984375 0.03203125 0.03984375
0 0.45859375 0.30546875 0.0109375 0.03828125
0 0.44765625 0.3109375 0.01015625 0.03671875
0 0.43671875 0.3171875 0.01015625 0.0359375
0 0.44765625 0.34296875 0.01015625 0.03359375
0 0.43671875 0.346875 0.009375 0.03203125
0 0.42734375 0.35078125 0.009375 0.03125
0 0.41328125 0.34921875 0.02109375 0.02890625
0 0.3984375 0.353125 0.00703125 0.0265625
0 0.390625 0.35703125 0.00703125 0.0265625
0 0.38359375 0.3609375 0.00625 0.025
0 0.37734375 0.3640625 0.00625 0.025
0 0.3703125 0.36796875 0.00546875 0.02421875
0 0.36484375 0.36953125 0.00546875 0.0234375
0 0.415625 0.4359375 0.0265625 0.028125
0 0.3984375 0.43671875 0.0078125 0.028125
0 0.390625 0.4390625 0.00703125 0.02578125
0 0.3984375 0.4125 0.02265625 0.0265625
0 0.38359375 0.43984375 0.00703125 0.02578125
0 0.3765625 0.440625 0.00546875 0.02421875
0 0.3703125 0.4421875 0.00546875 0.0234375
0 0.36484375 0.44296875 0.00546875 0.0234375
0 0.38359375 0.41484375 0.00625 0.02578125
0 0.3765625 0.41640625 0.00546875 0.02578125
0 0.3703125 0.41796875 0.00546875 0.025
3 0.63046875 0.56484375 0.0296875 0.00546875
3 0.96171875 0.43203125 0.075 0.02109375
3 0.89375 0.4359375 0.0625 0.01875
3 0.5296875 0.5109375 0.0125 0.00703125
3 0.60546875 0.515625 0.021875 0.01015625
3 0.628125 0.5171875 0.0359375 0.01015625
3 0.65546875 0.51875 0.0359375 0.01171875
3 0.6875 0.45078125 0.02890625 0.0109375
3 0.72265625 0.4484375 0.04140625 0.01171875
3 0.7671875 0.44609375 0.046875 0.01328125
3 0.65703125 0.56875 0.03359375 0.00625
3 0.5953125 0.45625 0.02578125 0.00859375
3 0.61953125 0.4546875 0.03359375 0.009375
3 0.69140625 0.575 0.025 0.00546875
0 0.8984375 0.5265625 0.04609375 0.034375
3 0.9078125 0.61015625 0.02109375 0.00546875
3 0.9265625 0.61328125 0.01484375 0.00546875
3 0.84609375 0.53203125 0.03203125 0.01328125
0 0.76875 0.51875 0.01171875 0.0265625
0 0.75390625 0.51875 0.01796875 0.02578125
0 0.73671875 0.5171875 0.01640625 0.0265625
0 0.75625 0.49296875 0.021875 0.02578125
0 0.721875 0.49140625 0.0140625 0.02421875
0 0.721875 0.51640625 0.0140625 0.025
0 0.69921875 0.515625 0.01015625 0.0234375
0 0.68203125 0.5140625 0.003125 0.021875
0 0.7 0.49140625 0.01015625 0.021875
0 0.57890625 0.4546875 0.01640625 0.01328125
0 0.565625 0.45625 0.0078125 0.01171875
0 0.5578125 0.45625 0.0078125 0.0109375
0 0.54921875 0.45703125 0.00703125 0.01171875
0 0.5421875 0.45703125 0.00703125 0.0109375
0 0.53671875 0.4578125 0.00234375 0.01015625
0 0.52578125 0.45859375 0.003125 0.0109375
0 0.5796875 0.39609375 0.01640625 0.01953125
0 0.56640625 0.39765625 0.00859375 0.01796875
0 0.5578125 0.39921875 0.0078125 0.01796875
0 0.55078125 0.40078125 0.00703125 0.01796875
0 0.54296875 0.40234375 0.00703125 0.01796875
0 0.5375 0.403125 0.00234375 0.015625
0 0.5265625 0.40625 0.003125 0.015625
0 0.66640625 0.3859375 0.01953125 0.01953125
0 0.65078125 0.3875 0.01171875 0.01953125
0 0.62734375 0.3921875 0.01015625 0.01796875
0 0.6390625 0.38984375 0.0109375 0.01875
0 0.6421875 0.37109375 0.01796875 0.0234375
0 0.62734375 0.3734375 0.01015625 0.021875
0 0.6171875 0.37578125 0.01015625 0.021875
0 0.60625 0.378125 0.01015625 0.02109375
0 0.61640625 0.39375 0.01015625 0.01640625
0 0.60625 0.39765625 0.01015625 0.01953125
0 0.596875 0.3984375 0.00859375 0.01796875