3 0.45625 0.740625 0.06640625 0.04140625
3 0.984375 0.478125 0.0296875 0.03515625
3 0.92578125 0.48046875 0.146875 0.04296875
3 0.29921875 0.62578125 0.05078125 0.01640625
3 0.409375 0.63515625 0.0640625 0.02421875
3 0.45625 0.63828125 0.06484375 0.02421875
3 0.5046875 0.64296875 0.06328125 0.028125
3 0.5609375 0.5109375 0.0515625 0.021875
3 0.621875 0.50703125 0.0703125 0.0234375
3 0.70078125 0.5015625 0.07890625 0.025
3 0.721875 0.7984375 0.08671875 0.06875
3 0.5046875 0.75078125 0.06796875 0.0453125
3 0.30234375 0.7078125 0.05859375 0.02890625
3 0.40625 0.52265625 0.06015625 0.01796875
3 0.4421875 0.51953125 0.06171875 0.01953125
3 0.575 0.76796875 0.07109375 0.05390625
0 0.94921875 0.659375 0.08828125 0.07421875
0 0.33984375 0.61953125 0.03359375 0.03515625
3 0.840625 0.82265625 0.11875 0.08046875
3 0.9421875 0.84375 0.11484375 0.0859375
3 0.83203125 0.6671875 0.1140625 0.03984375
0 0.71640625 0.64296875 0.03671875 0.05859375
0 0.68359375 0.6421875 0.0328125 0.053125
0 0.65234375 0.6390625 0.03046875 0.05390625
0 0.68203125 0.59140625 0.03203125 0.05078125
0 0.61484375 0.590625 0.03203125 0.046875
0 0.615625 0.63671875 0.03203125 0.05078125
0 0.5875 0.63671875 0.02578125 0.046875
0 0.5625 0.63359375 0.02421875 0.0484375
0 0.58671875 0.58984375 0.02578125 0.04609375
0 0.375 0.51640625 0.03359375 0.034375
0 0.3515625 0.51796875 0.01484375 0.03359375
0 0.3375 0.51875 0.0140625 0.03203125
0 0.34765625 0.48671875 0.0328125 0.03359375
0 0.32421875 0.5203125 0.01328125 0.03125
0 0.3109375 0.52109375 0.01328125 0.03125
0 0.2984375 0.521875 0.01171875 0.0296875
0 0.28671875 0.5234375 0.01171875 0.0296875
0 0.325 0.4890625 0.01328125 0.03125
0 0.31171875 0.490625 0.01328125 0.03125
0 0.29921875 0.4921875 0.0125 0.03046875
0 0.378125 0.41640625 0.03203125 0.03828125
0 0.3546875 0.4171875 0.01484375 0.03203125
0 0.340625 0.4203125 0.0140625 0.03125
0 0.32734375 0.4234375 0.01328125 0.03046875
0 0.31484375 0.4265625 0.01328125 0.03046875
0 0.30234375 0.4296875 0.0125 0.0296875
0 0.290625 0.43203125 0.01171875 0.02890625
0 0.52265625 0.4015625 0.03203125 0.05078125
0 0.49609375 0.40078125 0.0203125 0.03984375
0 0.45703125 0.40859375 0.01796875 0.03671875
0 0.47578125 0.4046875 0.01875 0.0390625
0 0.4828125 0.36875 0.03203125 0.040625
0 0.45703125 0.3734375 0.01796875 0.03984375
0 0.4390625 0.378125 0.01796875 0.0390625
0 0.421875 0.3828125 0.01640625 0.03828125
0 0.4390625 0.4125 0.0171875 0.0359375
0 0.42109375 0.41640625 0.01640625 0.03515625
0 0.4046875 0.41953125 0.01640625 0.03515625