3 0.17265625 0.7734375 0.01796875 0.059375
3 0.0234375 0.9140625 0.046875 0.16875
3 0.10234375 0.58046875 0.13984375 0.0515625
3 0.08046875 0.609375 0.15625 0.06875
3 0.05625 0.6828125 0.1125 0.11875
3 0.1859375 0.65625 0.00859375 0.0296875
3 0.13671875 0.5265625 0.07421875 0.03046875
3 0.125 0.5390625 0.09140625 0.03984375
3 0.15859375 0.91015625 0.01875 0.10546875
0 0.1640625 0.61953125 0.02109375 0.015625
0 0.16015625 0.61484375 0.01484375 0.01328125
0 0.16875 0.60703125 0.01171875 0.01328125
0 0.16796875 0.596875 0.01171875 0.00703125
0 0.17265625 0.60234375 0.01796875 0.01171875
3 0.1546875 0.9859375 0.00625 0.02578125
3 0.1578125 0.703125 0.02734375 0.0546875
0 0.12890625 0.7234375 0.025 0.09375
0 0.1171875 0.7984375 0.05703125 0.11484375
0 0.1453125 0.759375 0.0078125 0.08046875
0 0.14921875 0.7359375 0.0078125 0.075
0 0.14140625 0.6984375 0.00859375 0.078125
0 0.11640625 0.4015625 0.053125 0.059375
0 0.14140625 0.4046875 0.003125 0.0515625
0 0.15078125 0.40703125 0.003125 0.04296875
0 0.11328125 0.3515625 0.053125 0.0515625
0 0.1484375 0.3640625 0.003125 0.04296875
0 0.15078125 0.365625 0.00390625 0.04375
0 0.153125 0.36796875 0.00390625 0.04296875
0 0.153125 0.40859375 0.0046875 0.04296875
0 0.15546875 0.40859375 0.00390625 0.04140625
0 0.1578125 0.409375 0.00390625 0.03984375
0 0.159375 0.396875 0.0078125 0.0359375
0 0.1625 0.39765625 0.00234375 0.034375
0 0.16875 0.4015625 0.00078125 0.0109375
0 0.16953125 0.4015625 0.00234375 0.028125
0 0.1703125 0.40234375 0.00234375 0.0265625
0 0.14765625 0.50078125 0.04140625 0.02890625
0 0.15078125 0.49609375 0.0359375 0.02578125
0 0.14921875 0.46796875 0.03515625 0.03515625
0 0.1734375 0.49140625 0.0015625 0.028125
0 0.17421875 0.496875 0.0015625 0.01484375
0 0.175 0.49609375 0.00078125 0.01171875
0 0.16328125 0.46328125 0.01796875 0.028125
0 0.16484375 0.45625 0.01640625 0.01640625
3 0.50078125 0.63671875 0.04296875 0.034375
3 0.88828125 0.57734375 0.12890625 0.065625
3 0.7875 0.55390625 0.10390625 0.05078125
3 0.42578125 0.5359375 0.0234375 0.01640625
3 0.4765625 0.56171875 0.03984375 0.0234375
3 0.5 0.57109375 0.04296875 0.02578125
3 0.51953125 0.58359375 0.04296875 0.03046875
3 0.55859375 0.50546875 0.05390625 0.021875
3 0.590625 0.51328125 0.06015625 0.02578125
3 0.6328125 0.5234375 0.06484375 0.03046875
3 0.6328125 0.73515625 0.06796875 0.06640625
3 0.5234375 0.65390625 0.046875 0.0390625
3 0.43203125 0.5875 0.03125 0.02109375
3 0.47421875 0.4875 0.04140625 0.015625
3 0.49140625 0.49140625 0.04453125 0.01640625
3 0.5578125 0.68046875 0.05390625 0.046875
0 0.7875 0.70078125 0.06796875 0.08203125
0 0.44453125 0.5390625 0.01796875 0.02578125
3 0.69921875 0.7859375 0.08125 0.084375
3 0.76953125 0.8375 0.09765625 0.10625
3 0.86171875 0.90546875 0.11953125 0.1453125
3 0.709375 0.6796875 0.08359375 0.0515625
0 0.6375 0.62734375 0.03359375 0.0546875
0 0.61875 0.62265625 0.03359375 0.04375
0 0.59453125 0.6109375 0.01640625 0.0484375
0 0.6203125 0.58359375 0.03515625 0.0484375
0 0.5828125 0.56875 0.03203125 0.04296875
0 0.58203125 0.60390625 0.03125 0.03984375
0 0.559375 0.5984375 0.01328125 0.03671875
0 0.546875 0.5890625 0.0125 0.03984375
0 0.56796875 0.5640625 0.02890625 0.040625
0 0.46015625 0.4765625 0.02109375 0.02421875
0 0.45234375 0.47578125 0.01875 0.02421875
0 0.43984375 0.475 0.00546875 0.021875
0 0.44609375 0.453125 0.01796875 0.02109375
0 0.43359375 0.4734375 0.00546875 0.02109375
0 0.428125 0.47265625 0.00546875 0.02109375
0 0.4234375 0.471875 0.0046875 0.01953125
0 0.41796875 0.4703125 0.0046875 0.0203125
0 0.4390625 0.45234375 0.01640625 0.02109375
0 0.4328125 0.4515625 0.0140625 0.0203125
0 0.42265625 0.4515625 0.0046875 0.01953125
0 0.46015625 0.40703125 0.02109375 0.0234375
0 0.44609375 0.4078125 0.00625 0.0234375
0 0.43984375 0.40859375 0.00625 0.021875
0 0.43359375 0.40859375 0.00546875 0.02109375
0 0.428125 0.409375 0.00546875 0.0203125
0 0.42265625 0.409375 0.0046875 0.0203125
0 0.4171875 0.409375 0.0046875 0.01953125
0 0.534375 0.4140625 0.02734375 0.0296875
0 0.51484375 0.4140625 0.01015625 0.02890625
0 0.49453125 0.415625 0.00859375 0.0265625
0 0.50390625 0.41484375 0.009375 0.028125
0 0.5125 0.38671875 0.02578125 0.02890625
0 0.49453125 0.38828125 0.00859375 0.028125
0 0.48515625 0.3890625 0.00859375 0.0265625
0 0.47734375 0.38984375 0.0078125 0.02578125
0 0.4859375 0.415625 0.00859375 0.02578125
0 0.47734375 0.41640625 0.0078125 0.025
0 0.46953125 0.415625 0.00703125 0.02421875