2 0.05 0.915625 0.1 0.165625
3 0.42578125 0.58671875 0.0640625 0.06953125
3 0.97109375 0.47421875 0.0578125 0.096875
3 0.9203125 0.46640625 0.13828125 0.103125
3 0.55703125 0.415625 0.06484375 0.1
3 0.62890625 0.42421875 0.08046875 0.09375
3 0.7140625 0.44375 0.09609375 0.07890625
3 0.21796875 0.54453125 0.0765625 0.06171875
3 0.325 0.39140625 0.0859375 0.09140625
3 0.3828125 0.40078125 0.08203125 0.0921875
3 0.55078125 0.615625 0.05859375 0.0796875
0 0.92890625 0.590625 0.08046875 0.0921875
0 0.3015625 0.47734375 0.01796875 0.02890625
0 0.284375 0.48125 0.02109375 0.03046875
0 0.275 0.46484375 0.02265625 0.0359375
0 0.2390625 0.46953125 0.0234375 0.0296875
0 0.2609375 0.46328125 0.02109375 0.02890625
3 0.7484375 0.653125 0.08203125 0.0875
3 0.63359375 0.63046875 0.06484375 0.08203125
3 0.82109375 0.68046875 0.07578125 0.0625
3 0.8890625 0.690625 0.08046875 0.06953125
3 0.47890625 0.52578125 0.06171875 0.09765625
0 0.853125 0.57890625 0.04921875 0.06953125
0 0.81953125 0.5640625 0.04765625 0.08828125
0 0.7859375 0.5609375 0.05390625 0.08515625
0 0.82890625 0.54296875 0.0671875 0.06484375
0 0.6078125 0.50703125 0.034375 0.05859375
0 0.60234375 0.55078125 0.0328125 0.0359375
0 0.575 0.5453125 0.03046875 0.0375
0 0.5484375 0.51953125 0.02890625 0.08046875
0 0.57890625 0.50234375 0.03203125 0.0578125
0 0.49765625 0.2609375 0.0375 0.096875
0 0.4640625 0.2578125 0.04453125 0.09609375
0 0.3921875 0.265625 0.0390625 0.06171875
0 0.428125 0.259375 0.04375 0.0828125
0 0.42578125 0.19296875 0.05234375 0.096875
0 0.38984375 0.18984375 0.05234375 0.096875
0 0.35390625 0.1875 0.05390625 0.09609375
0 0.3203125 0.184375 0.0578125 0.09453125
0 0.3578125 0.2625 0.04140625 0.06171875
0 0.325 0.259375 0.04140625 0.0609375
0 0.29375 0.240625 0.0421875 0.090625
0 0.2265625 0.2109375 0.07421875 0.0890625
0 0.1859375 0.2078125 0.0578125 0.0890625
0 0.15859375 0.2046875 0.0640625 0.08828125
0 0.1296875 0.20234375 0.065625 0.0875
0 0.1 0.19921875 0.06796875 0.0875
0 0.071875 0.196875 0.06953125 0.08515625
0 0.04453125 0.19375 0.0703125 0.08515625
0 0.265625 0.36328125 0.059375 0.0796875
0 0.234375 0.359375 0.05 0.0796875
0 0.20234375 0.371875 0.0390625 0.04609375
0 0.2 0.31484375 0.06796875 0.07421875
0 0.1765625 0.36796875 0.040625 0.04453125
0 0.15078125 0.36484375 0.040625 0.04453125
0 0.12578125 0.36171875 0.04140625 0.04453125
0 0.10234375 0.34921875 0.0421875 0.0609375
0 0.16328125 0.3109375 0.05 0.0734375
0 0.13671875 0.3078125 0.05234375 0.0734375
0 0.1109375 0.30546875 0.05078125 0.0734375
3 0.77578125 0.15546875 0.05078125 0.03203125
3 0.734375 0.153125 0.05 0.0296875
3 0.46328125 0.20625 0.0203125 0.00859375
3 0.490625 0.209375 0.0328125 0.01171875
3 0.52421875 0.22109375 0.02734375 0.034375
3 0.565625 0.1421875 0.03203125 0.03203125
3 0.59921875 0.14609375 0.0375 0.0296875
3 0.63984375 0.14921875 0.04140625 0.02421875
3 0.4484375 0.1375 0.03515625 0.0296875
3 0.47734375 0.1390625 0.034375 0.0296875
0 0.721875 0.23203125 0.02890625 0.040625
3 0.68046875 0.234375 0.0390625 0.0296875
0 0.63671875 0.22265625 0.01796875 0.0375
0 0.621875 0.221875 0.015625 0.0375
0 0.60703125 0.21953125 0.01796875 0.0375
0 0.62421875 0.1953125 0.01953125 0.0390625
0 0.590625 0.1921875 0.015625 0.03828125
0 0.5875 0.22421875 0.015625 0.0265625
0 0.57421875 0.22265625 0.015625 0.02421875
0 0.5609375 0.215625 0.01484375 0.0375
0 0.57578125 0.190625 0.015625 0.0375
0 0.41640625 0.12421875 0.0203125 0.03828125
0 0.4015625 0.12421875 0.0203125 0.0375
0 0.3859375 0.1265625 0.015625 0.02734375
0 0.3859375 0.0953125 0.0234375 0.0375
0 0.37265625 0.1265625 0.015625 0.02734375
0 0.35859375 0.12578125 0.0171875 0.02734375
0 0.34453125 0.12421875 0.0171875 0.02734375
0 0.33125 0.11953125 0.015625 0.0359375
0 0.37109375 0.09453125 0.0203125 0.0375
0 0.3578125 0.09375 0.02109375 0.0359375
0 0.3421875 0.0921875 0.02109375 0.0359375
0 0.4109375 0.03359375 0.02109375 0.0390625
0 0.39453125 0.0328125 0.02109375 0.03828125
0 0.3796875 0.0328125 0.02109375 0.0390625
0 0.3640625 0.03125 0.02265625 0.0390625
0 0.35 0.03046875 0.0234375 0.03828125
0 0.3359375 0.03046875 0.02265625 0.0375
0 0.32109375 0.03046875 0.0234375 0.0375
0 0.54140625 0.06953125 0.0109375 0.00546875
0 0.5171875 0.0515625 0.00390625 0.0390625
0 0.49140625 0.053125 0.01484375 0.03203125
0 0.50703125 0.05390625 0.015625 0.03203125
0 0.5078125 0.01953125 0.01796875 0.03828125
0 0.49140625 0.01875 0.0171875 0.0375
0 0.475 0.01796875 0.01796875 0.0359375
0 0.459375 0.01796875 0.015625 0.0359375
0 0.475 0.053125 0.015625 0.03203125
0 0.46015625 0.05234375 0.015625 0.03203125
0 0.4453125 0.0484375 0.015625 0.0390625
3 0.85859375 0.390625 0.05546875 0.02421875