2 0.2328125 0.915625 0.2375 0.1671875
3 0.97734375 0.95703125 0.0421875 0.084375
3 0.996875 0.6765625 0.00625 0.0296875
3 0.95 0.9625 0.0109375 0.04921875
0 0.99375 0.88046875 0.0125 0.0609375
3 0.984375 0.69140625 0.00859375 0.04453125
3 0.97890625 0.725 0.009375 0.04375
3 0.9609375 0.88359375 0.01484375 0.090625
3 0.9734375 0.79296875 0.00625 0.0265625
3 0.43984375 0.640625 0.05859375 0.0625
3 0.65625 0.3875 0.040625 0.01953125
3 0.63671875 0.39375 0.04375 0.02109375
3 0.5203125 0.428125 0.05078125 0.0328125
3 0.5484375 0.41953125 0.05234375 0.02890625
3 0.58046875 0.4125 0.04453125 0.02578125
3 0.18984375 0.7921875 0.08828125 0.11953125
3 0.37890625 0.47421875 0.06484375 0.05
3 0.42421875 0.4609375 0.0625 0.04453125
3 0.52421875 0.5921875 0.05078125 0.04921875
0 0.65078125 0.45390625 0.02578125 0.0296875
0 0.3265625 0.6046875 0.0171875 0.0265625
0 0.3109375 0.6171875 0.0171875 0.02890625
0 0.290625 0.61328125 0.01796875 0.0375
0 0.246875 0.6421875 0.0171875 0.03203125
0 0.2703125 0.62578125 0.0171875 0.0296875
3 0.60859375 0.5453125 0.0421875 0.0265625
3 0.56328125 0.57265625 0.04765625 0.0328125
3 0.63671875 0.53125 0.0265625 0.0265625
3 0.65390625 0.52109375 0.02578125 0.02265625
3 0.4828125 0.540625 0.05546875 0.05
0 0.63671875 0.4640625 0.009375 0.0296875
0 0.62265625 0.46875 0.0203125 0.02890625
0 0.6109375 0.4703125 0.0265625 0.034375
0 0.62265625 0.44140625 0.0234375 0.034375
0 0.54453125 0.47265625 0.02734375 0.040625
0 0.55234375 0.5046875 0.0125 0.0328125
0 0.5390625 0.5109375 0.0125 0.034375
0 0.51875 0.51171875 0.02890625 0.04453125
0 0.5328125 0.4765625 0.02890625 0.0421875
0 0.49140625 0.3359375 0.03203125 0.040625
0 0.48203125 0.3375 0.0171875 0.04140625
0 0.44453125 0.34296875 0.0203125 0.04140625
0 0.46328125 0.340625 0.01796875 0.0390625
0 0.4625 0.3015625 0.01953125 0.0390625
0 0.44375 0.30234375 0.02109375 0.04140625
0 0.421875 0.30390625 0.02265625 0.04375
0 0.39453125 0.30390625 0.0375 0.04453125
0 0.4234375 0.34609375 0.02109375 0.0421875
0 0.4015625 0.34921875 0.02421875 0.04453125
0 0.37265625 0.34921875 0.0375 0.05078125
0 0.309375 0.3359375 0.040625 0.053125
0 0.27734375 0.3390625 0.0421875 0.05625
0 0.24453125 0.340625 0.0421875 0.0609375
0 0.2078125 0.34453125 0.04609375 0.0625
0 0.16640625 0.34765625 0.05234375 0.0671875
0 0.12109375 0.35078125 0.0578125 0.06953125
0 0.0703125 0.3546875 0.065625 0.0734375
0 0.31875 0.47421875 0.0375 0.0625
0 0.29140625 0.48203125 0.0359375 0.065625
0 0.2609375 0.49765625 0.03828125 0.05546875
0 0.25390625 0.44453125 0.04140625 0.065625
0 0.22578125 0.5078125 0.04140625 0.0578125
0 0.1890625 0.5171875 0.04609375 0.0609375
0 0.14765625 0.5296875 0.05078125 0.0640625
0 0.10234375 0.534375 0.0578125 0.08515625
0 0.2203125 0.4515625 0.0421875 0.06953125
0 0.18125 0.46015625 0.04765625 0.0734375
0 0.13828125 0.46796875 0.053125 0.07890625
3 0.34921875 0.49375 0.003125 0.00625
3 0.30546875 0.44453125 0.034375 0.0109375
3 0.33828125 0.440625 0.0359375 0.0203125
3 0.36953125 0.4359375 0.02890625 0.0203125
3 0.2984375 0.3875 0.03046875 0.0140625
3 0.32734375 0.384375 0.0265625 0.0109375
0 0.49296875 0.40078125 0.015625 0.01953125
3 0.47109375 0.4125 0.02890625 0.01171875
0 0.44921875 0.4109375 0.00859375 0.02265625
0 0.4375 0.4140625 0.01484375 0.0203125
0 0.42890625 0.415625 0.0125 0.0234375
0 0.43671875 0.39609375 0.015625 0.02109375
0 0.4140625 0.40078125 0.015625 0.02265625
0 0.41796875 0.41953125 0.0109375 0.0203125
0 0.40859375 0.42265625 0.0109375 0.0203125
0 0.39609375 0.42265625 0.015625 0.0234375
0 0.4046875 0.40234375 0.015625 0.0234375
0 0.26328125 0.39140625 0.015625 0.00859375
0 0.24765625 0.39375 0.015625 0.00859375
0 0.23046875 0.39609375 0.0171875 0.009375
0 0.21328125 0.3984375 0.01796875 0.009375
0 0.1953125 0.4015625 0.01796875 0.009375
0 0.1765625 0.40390625 0.01953125 0.0109375
0 0.15703125 0.40625 0.0203125 0.0109375
0 0.25390625 0.30390625 0.01953125 0.015625
0 0.2375 0.30390625 0.01796875 0.01484375
0 0.2203125 0.3046875 0.01953125 0.015625
0 0.20234375 0.3046875 0.0203125 0.015625
0 0.18359375 0.30546875 0.0203125 0.0171875
0 0.16328125 0.30546875 0.02265625 0.01796875
0 0.14375 0.30546875 0.0234375 0.01796875
0 0.36953125 0.3125 0.01484375 0.02109375
0 0.359375 0.31328125 0.0125 0.02265625
0 0.33671875 0.315625 0.00546875 0.02265625
0 0.35 0.31484375 0.00625 0.02109375
0 0.34921875 0.2921875 0.0078125 0.02109375
0 0.334375 0.29296875 0.00390625 0.02265625
0 0.31875 0.29296875 0.0140625 0.02265625
0 0.303125 0.29375 0.01953125 0.0234375
0 0.3203125 0.31640625 0.0125 0.02265625
0 0.290625 0.30703125 0.0171875 0.00546875
3 0.80078125 0.59765625 0.05859375 0.05390625
3 0.57265625 0.440625 0.02265625 0.009375