2 0.6109375 0.86875 0.1203125 0.2609375
3 0.86796875 0.809375 0.0890625 0.103125
3 0.7921875 0.4109375 0.0390625 0.015625
3 0.80078125 0.4234375 0.04375 0.0234375
3 0.9359375 0.7953125 0.12265625 0.13515625
3 0.89296875 0.7125 0.103125 0.1
3 0.86328125 0.64765625 0.08203125 0.05859375
3 0.85234375 0.5015625 0.07734375 0.04765625
3 0.8390625 0.4734375 0.0625 0.02734375
3 0.8265625 0.45546875 0.05078125 0.02421875
3 0.9484375 0.63671875 0.103125 0.0859375
3 0.93046875 0.58359375 0.12109375 0.0609375
3 0.81953125 0.68125 0.046875 0.0625
0 0.77890625 0.47578125 0.009375 0.02734375
0 0.77890625 0.490625 0.00546875 0.02890625
0 0.79375 0.4984375 0.0296875 0.02890625
0 0.79765625 0.509375 0.03203125 0.03515625
0 0.79609375 0.4765625 0.02890625 0.034375
0 0.82109375 0.534375 0.02109375 0.0390625
0 0.8109375 0.565625 0.00859375 0.0390625
0 0.815625 0.57734375 0.0109375 0.0421875
0 0.840625 0.596875 0.04765625 0.05546875
0 0.83671875 0.55 0.04140625 0.05078125
0 0.878125 0.4 0.03046875 0.04921875
0 0.8828125 0.40546875 0.01953125 0.05234375
0 0.909375 0.4234375 0.02421875 0.059375
0 0.89453125 0.4140625 0.02109375 0.05390625
0 0.93203125 0.365625 0.07890625 0.05390625
0 0.94921875 0.37109375 0.0859375 0.05859375
0 0.9578125 0.378125 0.0734375 0.0625
0 0.965625 0.38671875 0.05546875 0.07109375
0 0.925 0.434375 0.0265625 0.0640625
0 0.94296875 0.44609375 0.03046875 0.0703125
0 0.9734375 0.459375 0.053125 0.07734375
0 0.98203125 0.690625 0.0359375 0.103125
0 0.996875 0.7375 0.00625 0.034375
3 0.765625 0.53515625 0.01171875 0.0234375
3 0.76796875 0.55390625 0.00859375 0.02734375
3 0.80234375 0.62890625 0.03828125 0.04765625
3 0.78515625 0.57734375 0.0296875 0.03515625
3 0.465625 0.63828125 0.04765625 0.05546875
3 0.5640625 0.38671875 0.02109375 0.015625
3 0.55390625 0.39296875 0.02890625 0.015625
3 0.50078125 0.43671875 0.04453125 0.0265625
3 0.5140625 0.42421875 0.0390625 0.02109375
3 0.53046875 0.415625 0.0296875 0.0203125
3 0.3140625 0.875 0.09765625 0.1390625
3 0.4421875 0.4984375 0.05234375 0.04609375
3 0.4625 0.47890625 0.05234375 0.03828125
3 0.50625 0.57421875 0.03828125 0.040625
0 0.56328125 0.4390625 0.0140625 0.0234375
0 0.39921875 0.634375 0.0203125 0.02109375
0 0.39375 0.65078125 0.02109375 0.0265625
0 0.375 0.65546875 0.02265625 0.0359375
0 0.35078125 0.696875 0.02421875 0.0296875
0 0.3609375 0.67421875 0.0234375 0.02890625
3 0.54453125 0.5171875 0.02734375 0.0234375
3 0.52578125 0.5484375 0.03203125 0.02890625
3 0.559375 0.50234375 0.0125 0.0203125
3 0.565625 0.490625 0.0125 0.01796875
3 0.4875 0.53828125 0.04921875 0.040625
0 0.5578125 0.45078125 0.003125 0.02265625
0 0.5484375 0.4546875 0.015625 0.02265625
0 0.54296875 0.4578125 0.01796875 0.0265625
0 0.5484375 0.434375 0.01796875 0.0234375
0 0.51875 0.46953125 0.0140625 0.03046875
0 0.5234375 0.4953125 0.00390625 0.02890625
0 0.5171875 0.50234375 0.00546875 0.0296875
0 0.50234375 0.50703125 0.02421875 0.03515625
0 0.509375 0.4765625 0.02421875 0.03203125
0 0.496875 0.3625 0.01484375 0.034375
0 0.4921875 0.36640625 0.0078125 0.03515625
0 0.475 0.37421875 0.009375 0.03828125
0 0.484375 0.37109375 0.00859375 0.0359375
0 0.47265625 0.3375 0.03046875 0.0359375
0 0.4625 0.3390625 0.034375 0.03828125
0 0.4515625 0.3421875 0.03515625 0.0390625
0 0.440625 0.3453125 0.0375 0.04140625
0 0.46484375 0.37890625 0.0109375 0.03828125
0 0.4546875 0.38359375 0.01171875 0.04140625
0 0.4328125 0.3875 0.0328125 0.046875
0 0.3953125 0.38359375 0.04375 0.05390625
0 0.3765625 0.390625 0.04921875 0.0578125
0 0.35546875 0.396875 0.05234375 0.06171875
0 0.3328125 0.4046875 0.0578125 0.0671875
0 0.30703125 0.4140625 0.0625 0.07265625
0 0.27578125 0.42421875 0.06953125 0.07890625
0 0.240625 0.4375 0.07890625 0.0875
0 0.40234375 0.5125 0.03515625 0.05859375
0 0.3953125 0.5265625 0.0203125 0.059375
0 0.37734375 0.54453125 0.02109375 0.059375
0 0.3609375 0.49609375 0.05078125 0.065625
0 0.35703125 0.56171875 0.02421875 0.0640625
0 0.334375 0.58203125 0.02734375 0.0703125
0 0.30703125 0.60390625 0.0328125 0.07421875
0 0.26015625 0.62265625 0.07109375 0.09921875
0 0.3390625 0.51015625 0.05546875 0.07109375
0 0.3140625 0.5265625 0.0609375 0.07890625
0 0.2859375 0.5453125 0.065625 0.0859375
3 0.25078125 0.553125 0.0125 0.02578125
3 0.06171875 0.5875 0.0828125 0.05546875
3 0.225 0.51328125 0.05 0.0265625
3 0.29921875 0.484375 0.02265625 0.0109375
3 0.08046875 0.66328125 0.07890625 0.0625
3 0.196875 0.4375 0.01953125 0.0234375
0 0.1359375 0.5421875 0.03828125 0.046875
3 0.3890625 0.47578125 0.0109375 0.01484375
3 0.4078125 0.4640625 0.01171875 0.0140625
3 0.41640625 0.45703125 0.01796875 0.0140625
0 0.1609375 0.4390625 0.02734375 0.0375
0 0.14921875 0.4453125 0.0265625 0.0390625
0 0.128125 0.45390625 0.0265625 0.0359375
0 0.11640625 0.421875 0.0390625 0.0390625
0 0.10390625 0.46171875 0.0296875 0.03828125
0 0.07890625 0.46953125 0.03203125 0.0390625
0 0.05078125 0.478125 0.03515625 0.04140625
0 0.01953125 0.484375 0.0390625 0.05
0 0.0921875 0.42734375 0.0421875 0.040625
0 0.06640625 0.434375 0.04375 0.04453125
0 0.0375 0.440625 0.04765625 0.04609375
0 0.14921875 0.35078125 0.0234375 0.034375
0 0.13046875 0.35234375 0.03828125 0.03515625
0 0.10859375 0.35546875 0.03828125 0.0375
0 0.0828125 0.359375 0.04375 0.0390625
0 0.05390625 0.3625 0.046875 0.040625
0 0.025 0.3671875 0.04765625 0.0421875
0 0.009375 0.36953125 0.01796875 0.04375
0 0.2859375 0.34296875 0.0203125 0.02421875
0 0.27734375 0.34453125 0.0140625 0.02578125
0 0.25078125 0.34921875 0.015625 0.0265625
0 0.26484375 0.34765625 0.01484375 0.0265625
0 0.2578125 0.32265625 0.02265625 0.02578125
0 0.24453125 0.32421875 0.02421875 0.0265625
0 0.22890625 0.32578125 0.02421875 0.02734375
0 0.21171875 0.3265625 0.03203125 0.02734375
0 0.2359375 0.3515625 0.0171875 0.0265625
0 0.225 0.35390625 0.01171875 0.0265625
0 0.1953125 0.35546875 0.0203125 0.03203125
3 0.67578125 0.5140625 0.0375 0.0234375
3 0.47578125 0.4390625 0.0203125 0.0125