2 0.040625 0.78046875 0.08125 0.3265625
3 0.42890625 0.621875 0.0609375 0.05546875
3 0.915625 0.434375 0.11953125 0.04453125
3 0.840625 0.43125 0.10859375 0.04375
3 0.54609375 0.4203125 0.05234375 0.04296875
3 0.60546875 0.42265625 0.06640625 0.03984375
3 0.675 0.428125 0.07734375 0.03671875
3 0.23359375 0.5984375 0.0734375 0.04921875
3 0.35546875 0.4140625 0.06953125 0.0390625
3 0.403125 0.41640625 0.065625 0.03984375
3 0.54921875 0.63828125 0.05625 0.06015625
0 0.88046875 0.5609375 0.065625 0.06953125
0 0.321875 0.51796875 0.01328125 0.01953125
0 0.30625 0.52109375 0.01953125 0.02109375
0 0.29921875 0.5109375 0.01875 0.0265625
0 0.26640625 0.515625 0.0203125 0.01953125
0 0.2859375 0.51171875 0.01875 0.01953125
3 0.73828125 0.66015625 0.08046875 0.06640625
3 0.62734375 0.64765625 0.06484375 0.06171875
3 0.80859375 0.675 0.075 0.05390625
3 0.8734375 0.68046875 0.08359375 0.06015625
3 0.48046875 0.53984375 0.05390625 0.05546875
0 0.8140625 0.5515625 0.03515625 0.06484375
0 0.7796875 0.5484375 0.0453125 0.065625
0 0.75078125 0.54609375 0.04765625 0.06484375
0 0.78359375 0.5078125 0.05234375 0.0640625
0 0.59296875 0.49453125 0.02734375 0.059375
0 0.59140625 0.54375 0.02578125 0.040625
0 0.5671875 0.54140625 0.02578125 0.040625
0 0.54296875 0.5296875 0.02421875 0.059375
0 0.56796875 0.49296875 0.02578125 0.05859375
0 0.4984375 0.28828125 0.0265625 0.04921875
0 0.47109375 0.28828125 0.0265625 0.04921875
0 0.41953125 0.28828125 0.0265625 0.046875
0 0.4453125 0.28828125 0.0265625 0.046875
0 0.44765625 0.2390625 0.034375 0.04921875
0 0.41796875 0.2390625 0.02734375 0.04921875
0 0.3921875 0.2390625 0.02734375 0.04921875
0 0.36640625 0.23984375 0.02734375 0.0484375
0 0.39453125 0.28828125 0.02734375 0.04609375
0 0.36953125 0.28828125 0.0265625 0.04609375
0 0.34609375 0.2875 0.02734375 0.046875
0 0.2984375 0.26875 0.04609375 0.04609375
0 0.26484375 0.26875 0.028125 0.04609375
0 0.2421875 0.26875 0.02734375 0.04609375
0 0.21953125 0.26796875 0.02734375 0.0453125
0 0.196875 0.26796875 0.028125 0.0453125
0 0.175 0.26875 0.02734375 0.04453125
0 0.15390625 0.26875 0.02734375 0.04453125
0 0.30859375 0.396875 0.04296875 0.05
0 0.28515625 0.39609375 0.040625 0.05
0 0.25625 0.4 0.02578125 0.040625
0 0.26171875 0.35625 0.046875 0.046875
0 0.234375 0.39921875 0.02578125 0.040625
0 0.21328125 0.3984375 0.02578125 0.03984375
0 0.19296875 0.396875 0.02578125 0.0390625
0 0.17265625 0.39296875 0.02578125 0.0453125
0 0.2375 0.35546875 0.0421875 0.046875
0 0.2171875 0.3546875 0.0453125 0.04609375
0 0.19609375 0.35390625 0.04375 0.046875
3 0.48671875 0.453125 0.0265625 0.00859375
3 0.71640625 0.34140625 0.03671875 0.01171875
3 0.6828125 0.340625 0.03828125 0.01171875
3 0.37734375 0.39140625 0.03359375 0.01015625
3 0.459375 0.3984375 0.03046875 0.015625
3 0.4875 0.3984375 0.0296875 0.015625
3 0.515625 0.40078125 0.02421875 0.01796875
3 0.5484375 0.3390625 0.02421875 0.01328125
3 0.57578125 0.3390625 0.0296875 0.01328125
3 0.6078125 0.340625 0.0328125 0.01171875
3 0.60625 0.4609375 0.03046875 0.009375
3 0.5140625 0.45546875 0.02734375 0.00859375
3 0.3796875 0.446875 0.02890625 0.00703125
3 0.45546875 0.33671875 0.028125 0.01328125
3 0.47890625 0.3375 0.02734375 0.0140625
3 0.55 0.45703125 0.02734375 0.009375
0 0.68046875 0.39921875 0.02109375 0.021875
0 0.40859375 0.38828125 0.02109375 0.02109375
3 0.64296875 0.46328125 0.03203125 0.009375
3 0.67421875 0.46484375 0.03046875 0.009375
3 0.7046875 0.46640625 0.03125 0.009375
3 0.646875 0.4046875 0.0328125 0.01484375
0 0.6109375 0.39453125 0.01328125 0.0203125
0 0.59765625 0.39375 0.01328125 0.01953125
0 0.58515625 0.39296875 0.01328125 0.01953125
0 0.5984375 0.3765625 0.01484375 0.025
0 0.5703125 0.37578125 0.01171875 0.025
0 0.5703125 0.3984375 0.01171875 0.0203125
0 0.55859375 0.39609375 0.01171875 0.015625
0 0.546875 0.39296875 0.01171875 0.0203125
0 0.55859375 0.375 0.01171875 0.02421875
0 0.43046875 0.33515625 0.015625 0.0109375
0 0.41640625 0.33515625 0.01171875 0.0109375
0 0.40546875 0.334375 0.0109375 0.01171875
0 0.39453125 0.334375 0.0109375 0.0109375
0 0.38359375 0.334375 0.0109375 0.0109375
0 0.37265625 0.334375 0.0109375 0.0109375
0 0.36171875 0.33359375 0.0109375 0.0109375
0 0.35390625 0.25859375 0.003125 0.00859375
0 0.52734375 0.275 0.01015625 0.021875
0 0.50234375 0.2515625 0.01328125 0.021875
0 0.4890625 0.2515625 0.01171875 0.021875
0 0.47734375 0.25234375 0.01171875 0.02109375
0 0.46796875 0.25234375 0.00625 0.02109375
3 0.809375 0.49140625 0.04921875 0.03046875