3 0.42421875 0.63359375 0.07890625 0.08203125
3 0.9953125 0.4390625 0.009375 0.0375
3 0.5671875 0.4015625 0.0875 0.0625
3 0.64921875 0.41328125 0.10234375 0.0671875
3 0.77109375 0.43359375 0.13515625 0.07109375
3 0.24375 0.5578125 0.07421875 0.05546875
3 0.3421875 0.371875 0.090625 0.04609375
3 0.390625 0.3796875 0.090625 0.04921875
3 0.56328125 0.69609375 0.08203125 0.10546875
0 0.3203125 0.4875 0.0234375 0.0203125
0 0.30078125 0.4875 0.0203125 0.02421875
0 0.29765625 0.47421875 0.02109375 0.02734375
0 0.26796875 0.47421875 0.0234375 0.02109375
0 0.2875 0.47421875 0.02109375 0.0203125
3 0.86796875 0.82265625 0.15078125 0.1640625
3 0.675 0.74140625 0.0921875 0.12578125
3 0.9640625 0.87578125 0.07109375 0.1140625
3 0.47890625 0.54921875 0.08203125 0.0828125
0 0.99765625 0.72421875 0.00390625 0.01484375
0 0.95859375 0.6625 0.0828125 0.134375
0 0.903125 0.646875 0.09765625 0.12734375
0 0.95859375 0.59453125 0.0828125 0.1265625
0 0.62734375 0.5140625 0.0421875 0.0921875
0 0.62421875 0.57890625 0.04140625 0.0734375
0 0.5875 0.57421875 0.0375 0.0625
0 0.55546875 0.54921875 0.03515625 0.08828125
0 0.59375 0.50546875 0.0421875 0.08828125
0 0.5046875 0.2078125 0.05 0.07265625
0 0.4640625 0.20859375 0.034375 0.0703125
0 0.40234375 0.2109375 0.03203125 0.06484375
0 0.43125 0.21015625 0.0328125 0.0671875
0 0.43984375 0.140625 0.05390625 0.0734375
0 0.39921875 0.14453125 0.03203125 0.0703125
0 0.3703125 0.14765625 0.03203125 0.06796875
0 0.34375 0.15078125 0.0296875 0.065625
0 0.37421875 0.21171875 0.03046875 0.06171875
0 0.3484375 0.2125 0.02890625 0.059375
0 0.32421875 0.2125 0.02890625 0.059375
0 0.284375 0.19296875 0.0578125 0.05859375
0 0.2484375 0.19453125 0.0265625 0.05625
0 0.228125 0.19453125 0.0265625 0.05546875
0 0.209375 0.196875 0.02578125 0.053125
0 0.19140625 0.19765625 0.02578125 0.05234375
0 0.17578125 0.1984375 0.0234375 0.05
0 0.15859375 0.2 0.0234375 0.04921875
0 0.2984375 0.3484375 0.05234375 0.05625
0 0.2734375 0.346875 0.040625 0.05546875
0 0.246875 0.346875 0.0234375 0.046875
0 0.25625 0.29921875 0.05546875 0.05078125
0 0.22890625 0.34453125 0.0234375 0.046875
0 0.21171875 0.3421875 0.0234375 0.04609375
0 0.1953125 0.340625 0.02265625 0.04375
0 0.1796875 0.33671875 0.02109375 0.04609375
0 0.2328125 0.29765625 0.04453125 0.05
0 0.2171875 0.29609375 0.04765625 0.04765625
0 0.20078125 0.29453125 0.04609375 0.046875
3 0.86015625 0.31875 0.0609375 0.0203125
3 0.81015625 0.31640625 0.0609375 0.0203125
3 0.4328125 0.3609375 0.034375 0.015625
3 0.5140625 0.37265625 0.03203125 0.01953125
3 0.54765625 0.37421875 0.0375 0.015625
3 0.5796875 0.38046875 0.03203125 0.02265625
3 0.62265625 0.3078125 0.034375 0.0171875
3 0.65703125 0.309375 0.0390625 0.0171875
3 0.7 0.3125 0.04453125 0.0171875
3 0.69140625 0.47109375 0.0359375 0.00625
3 0.5125 0.3015625 0.0328125 0.0140625
3 0.5390625 0.30390625 0.034375 0.01484375
3 0.61484375 0.45703125 0.0296875 0.00546875
0 0.80234375 0.39609375 0.034375 0.03046875
0 0.4625 0.359375 0.02109375 0.0265625
3 0.740625 0.48046875 0.0359375 0.00625
3 0.7875 0.4890625 0.040625 0.0078125
3 0.83125 0.49765625 0.0390625 0.0078125
3 0.75078125 0.39609375 0.04765625 0.015625
0 0.70078125 0.3859375 0.01796875 0.0328125
0 0.6828125 0.37890625 0.0171875 0.02109375
0 0.66640625 0.3765625 0.015625 0.02109375
0 0.68515625 0.3578125 0.01953125 0.0328125
0 0.64765625 0.3546875 0.015625 0.03046875
0 0.64609375 0.37734375 0.015625 0.015625
0 0.63046875 0.375 0.01484375 0.0140625
0 0.61640625 0.3703125 0.0140625 0.01953125
0 0.6328125 0.353125 0.0171875 0.0296875
0 0.4859375 0.29296875 0.015625 0.02421875
0 0.47421875 0.2921875 0.015625 0.0234375
0 0.46015625 0.29296875 0.01171875 0.02265625
0 0.46328125 0.27421875 0.01796875 0.01484375
0 0.44921875 0.29296875 0.0109375 0.02265625
0 0.4375 0.2921875 0.01171875 0.02265625
0 0.42734375 0.29140625 0.01171875 0.02109375
0 0.4171875 0.290625 0.0109375 0.0234375
0 0.4484375 0.27421875 0.01171875 0.0140625
0 0.4375 0.2734375 0.0109375 0.01484375
0 0.4265625 0.27265625 0.0109375 0.0140625
0 0.59609375 0.228125 0.015625 0.0265625
0 0.58203125 0.228125 0.01484375 0.0265625
0 0.55234375 0.22890625 0.0140625 0.02578125
0 0.56640625 0.22890625 0.0140625 0.02578125
0 0.56953125 0.2015625 0.01796875 0.0265625
0 0.55390625 0.20234375 0.0140625 0.0265625
0 0.5390625 0.20234375 0.0125 0.0265625
0 0.53203125 0.20390625 0.00234375 0.0234375
0 0.5390625 0.22890625 0.0140625 0.02421875
0 0.53046875 0.22890625 0.00234375 0.02421875
3 0.978125 0.5375 0.04375 0.02578125