3 0.98828125 0.40625 0.02109375 0.02734375
3 0.9984375 0.4140625 0.003125 0.01796875
0 0.98984375 0.515625 0.0203125 0.046875
0 0.99375 0.54296875 0.0125 0.0515625
0 0.9984375 0.565625 0.003125 0.015625
3 0.95546875 0.6125 0.02890625 0.04375
3 0.965625 0.646875 0.0234375 0.05078125
3 0.98515625 0.6921875 0.0296875 0.065625
3 0.4328125 0.6984375 0.07890625 0.09453125
3 0.62265625 0.36328125 0.0375 0.01796875
3 0.60859375 0.36953125 0.0421875 0.01953125
3 0.51484375 0.4125 0.06171875 0.0328125
3 0.53828125 0.39921875 0.059375 0.02890625
3 0.5671875 0.38984375 0.04453125 0.0265625
3 0.09765625 0.984375 0.04140625 0.0296875
3 0.359375 0.4828125 0.1078125 0.0734375
3 0.4140625 0.4578125 0.0921875 0.05859375
3 0.51796875 0.609375 0.059375 0.0625
0 0.621875 0.434375 0.02265625 0.0296875
0 0.2828125 0.69296875 0.03203125 0.04609375
0 0.26015625 0.72265625 0.03515625 0.05078125
0 0.225 0.7265625 0.03515625 0.06796875
0 0.14609375 0.80390625 0.040625 0.06796875
0 0.1875 0.7578125 0.0375 0.0578125
3 0.5890625 0.53515625 0.04140625 0.03203125
3 0.55234375 0.575 0.05078125 0.04140625
3 0.6109375 0.51796875 0.02421875 0.02734375
3 0.62421875 0.503125 0.02109375 0.02578125
3 0.4796875 0.55546875 0.07265625 0.0625
0 0.61171875 0.44609375 0.00625 0.0296875
0 0.59765625 0.4515625 0.0234375 0.03046875
0 0.5890625 0.45390625 0.02734375 0.0359375
0 0.596875 0.4234375 0.02734375 0.034375
0 0.53671875 0.4625 0.0328125 0.04609375
0 0.546875 0.4984375 0.0109375 0.0390625
0 0.53671875 0.5078125 0.01171875 0.0421875
0 0.5125 0.5125 0.0359375 0.05390625
0 0.525 0.46953125 0.03515625 0.04921875
0 0.49921875 0.2921875 0.015625 0.04921875
0 0.48203125 0.29140625 0.0171875 0.05078125
0 0.44140625 0.2921875 0.0234375 0.0578125
0 0.46328125 0.2921875 0.0203125 0.053125
0 0.4625 0.2375 0.0203125 0.0578125
0 0.440625 0.234375 0.02421875 0.06171875
0 0.415625 0.23046875 0.02734375 0.065625
0 0.3734375 0.2265625 0.06171875 0.07265625
0 0.4171875 0.29375 0.0265625 0.06171875
0 0.390625 0.29453125 0.03203125 0.06484375
0 0.34921875 0.29375 0.0578125 0.07265625
0 0.259375 0.25859375 0.0609375 0.09140625
0 0.20078125 0.25546875 0.07265625 0.10078125
0 0.13125 0.2515625 0.0921875 0.1140625
0 0.0515625 0.24765625 0.103125 0.1265625
0 0.00390625 0.2890625 0.0078125 0.04375
0 0.26796875 0.49375 0.07421875 0.10234375
0 0.228125 0.51328125 0.06484375 0.1140625
0 0.17109375 0.5453125 0.0765625 0.1078125
0 0.15 0.45234375 0.09609375 0.1171875
0 0.096875 0.5734375 0.1 0.12109375
0 0.034375 0.603125 0.06875 0.128125
0 0.07734375 0.471875 0.10859375 0.13515625
0 0.02421875 0.4859375 0.0484375 0.1375
3 0.44765625 0.34375 0.0234375 0.00859375
3 0.42578125 0.34609375 0.03203125 0.009375
3 0.20390625 0.46171875 0.01953125 0.00625
3 0.2359375 0.45234375 0.0421875 0.0140625
3 0.2828125 0.4453125 0.04453125 0.01796875
3 0.3140625 0.36484375 0.0390625 0.0171875
3 0.34765625 0.3609375 0.03046875 0.0140625
3 0.375 0.35625 0.03046875 0.0125
3 0.17890625 0.3859375 0.05234375 0.02265625
3 0.21953125 0.38046875 0.053125 0.0234375
0 0.43046875 0.3984375 0.01796875 0.02265625
3 0.40625 0.4125 0.034375 0.0140625
0 0.3828125 0.4125 0.0109375 0.02578125
0 0.36875 0.41640625 0.0203125 0.02421875
0 0.36015625 0.41875 0.015625 0.0265625
0 0.3671875 0.39453125 0.02109375 0.02421875
0 0.34140625 0.40078125 0.02109375 0.0265625
0 0.346875 0.42421875 0.0125 0.02578125
0 0.3375 0.42734375 0.009375 0.0234375
0 0.31484375 0.4296875 0.0125 0.0296875
0 0.33515625 0.40390625 0.0109375 0.0265625
0 0.11796875 0.3828125 0.0359375 0.03828125
0 0.090625 0.3875 0.03515625 0.03828125
0 0.0609375 0.39296875 0.0375 0.0375
0 0.05546875 0.3625 0.0359375 0.02734375
0 0.028125 0.3984375 0.04140625 0.04140625
0 0.0078125 0.4015625 0.01484375 0.0375
0 0.021875 0.3671875 0.0390625 0.0296875
0 0.003125 0.36796875 0.00625 0.02734375
0 0.2890625 0.2890625 0.00625 0.02578125
3 0.790625 0.55546875 0.065625 0.04375