3 0.17421875 0.8390625 0.0203125 0.075
3 0.15 0.72578125 0.03671875 0.1015625
3 0.08359375 0.8328125 0.16171875 0.19375
3 0.1625 0.66796875 0.00859375 0.03671875
3 0.13671875 0.57109375 0.01328125 0.03828125
3 0.13984375 0.59921875 0.01171875 0.046875
3 0.1890625 0.9890625 0.00234375 0.01953125
0 0.153125 0.6265625 0.00234375 0.01328125
3 0.16875 0.80859375 0.00859375 0.0640625
0 0.06484375 0.5203125 0.09453125 0.0984375
0 0.06953125 0.49453125 0.08671875 0.06796875
0 0.0625 0.43515625 0.08203125 0.07578125
0 0.07109375 0.396875 0.04296875 0.00859375
0 0.0703125 0.3921875 0.04296875 0.00859375
0 0.06953125 0.38828125 0.04296875 0.00703125
0 0.1125 0.45 0.0078125 0.04609375
0 0.10625 0.41015625 0.0046875 0.028125
0 0.10625 0.39453125 0.00703125 0.0046875
0 0.10703125 0.39375 0.00859375 0.00703125
0 0.09140625 0.3828125 0.03359375 0.0046875
0 0.09140625 0.38125 0.03203125 0.0046875
0 0.13125 0.54140625 0.00234375 0.02421875
0 0.13125 0.53515625 0.003125 0.028125
0 0.13125 0.52890625 0.00234375 0.01640625
0 0.11796875 0.46171875 0.00546875 0.0046875
0 0.1171875 0.45703125 0.00546875 0.0046875
3 0.49375 0.61328125 0.04296875 0.04375
3 0.8953125 0.6546875 0.11875 0.10546875
3 0.796875 0.609375 0.09609375 0.084375
3 0.4109375 0.496875 0.02890625 0.0234375
3 0.46796875 0.53671875 0.04140625 0.034375
3 0.49375 0.5515625 0.04453125 0.03828125
3 0.51875 0.5703125 0.0484375 0.04296875
3 0.55859375 0.50234375 0.05390625 0.03828125
3 0.59375 0.51796875 0.0609375 0.04375
3 0.63828125 0.54140625 0.06171875 0.05
3 0.63359375 0.734375 0.06328125 0.078125
3 0.51953125 0.634375 0.04609375 0.04921875
3 0.41640625 0.546875 0.03359375 0.028125
3 0.46484375 0.46171875 0.04375 0.02578125
3 0.484375 0.47109375 0.04609375 0.0296875
3 0.55625 0.66875 0.05234375 0.05703125
0 0.7890625 0.73828125 0.0625 0.0890625
0 0.43125 0.50390625 0.01953125 0.03046875
3 0.69765625 0.78984375 0.07421875 0.0984375
3 0.7625 0.8453125 0.08515625 0.11875
3 0.84296875 0.915625 0.09921875 0.14921875
3 0.71171875 0.70390625 0.07734375 0.06640625
0 0.6421875 0.6390625 0.03515625 0.0609375
0 0.62265625 0.63203125 0.03359375 0.046875
0 0.5984375 0.61484375 0.01875 0.05546875
0 0.625 0.59375 0.03359375 0.05625
0 0.584375 0.5703125 0.03125 0.05
0 0.58359375 0.60546875 0.03125 0.04375
0 0.5609375 0.596875 0.01484375 0.03828125
0 0.546875 0.58203125 0.0140625 0.04609375
0 0.56875 0.56171875 0.0296875 0.046875
0 0.44765625 0.44453125 0.02265625 0.0296875
0 0.4390625 0.44140625 0.021875 0.0296875
0 0.42421875 0.440625 0.00703125 0.02421875
0 0.43125 0.41640625 0.02265625 0.028125
0 0.41796875 0.43671875 0.00703125 0.02421875
0 0.4109375 0.434375 0.00703125 0.0234375
0 0.4046875 0.43125 0.00625 0.021875
0 0.3984375 0.428125 0.00546875 0.0234375
0 0.4234375 0.4140625 0.01953125 0.02578125
0 0.4171875 0.4109375 0.02109375 0.02578125
0 0.41015625 0.409375 0.01953125 0.02578125
0 0.44609375 0.37265625 0.0234375 0.0265625
0 0.4375 0.37109375 0.02265625 0.0265625
0 0.42890625 0.36953125 0.01953125 0.02578125
0 0.421875 0.36796875 0.01953125 0.025
0 0.415625 0.36640625 0.0203125 0.025
0 0.409375 0.365625 0.0203125 0.025
0 0.403125 0.3640625 0.01953125 0.02421875
0 0.5328125 0.403125 0.02890625 0.03671875
0 0.51640625 0.4 0.021875 0.03515625
0 0.48828125 0.39609375 0.01015625 0.0296875
0 0.5 0.39921875 0.0109375 0.03125
0 0.5078125 0.36796875 0.02734375 0.03203125
0 0.49453125 0.36640625 0.02265625 0.03125
0 0.4859375 0.3640625 0.02578125 0.03046875
0 0.47421875 0.36328125 0.02265625 0.0296875
0 0.478125 0.39375 0.01015625 0.0296875
0 0.46796875 0.39140625 0.009375 0.02890625
0 0.45859375 0.38828125 0.009375 0.0296875