3 0.1421875 0.77578125 0.04296875 0.06875
3 0.0765625 0.53671875 0.15234375 0.03515625
3 0.06640625 0.553125 0.13203125 0.05
3 0.0375 0.58203125 0.07421875 0.075
3 0.16953125 0.6671875 0.025 0.03203125
3 0.1234375 0.51328125 0.08359375 0.01875
3 0.11328125 0.51796875 0.09296875 0.021875
3 0.115625 0.9015625 0.0421875 0.109375
0 0.15625 0.61875 0.01328125 0.01484375
0 0.159375 0.60546875 0.01953125 0.01796875
0 0.15546875 0.60078125 0.0140625 0.00703125
0 0.1640625 0.60390625 0.01796875 0.01171875
3 0.10703125 0.9796875 0.01171875 0.0390625
3 0.134375 0.6859375 0.0359375 0.05078125
0 0.0546875 0.68984375 0.10546875 0.11484375
0 0.05625 0.76640625 0.10703125 0.128125
0 0.1125 0.7265625 0.01015625 0.08359375
0 0.1203125 0.70703125 0.00859375 0.07578125
0 0.09453125 0.66015625 0.04296875 0.0796875
0 0.09765625 0.35390625 0.05859375 0.05859375
0 0.140625 0.37890625 0.0046875 0.04140625
0 0.1375 0.375 0.003125 0.040625
0 0.10625 0.3234375 0.0640625 0.06640625
0 0.13984375 0.33671875 0.0046875 0.0515625
0 0.14453125 0.3453125 0.00390625 0.0484375
0 0.14765625 0.3515625 0.00390625 0.0453125
0 0.14453125 0.38359375 0.00390625 0.03828125
0 0.1484375 0.3890625 0.003125 0.03515625
0 0.1515625 0.3921875 0.003125 0.034375
0 0.1546875 0.3875 0.00859375 0.0359375
0 0.16484375 0.3953125 0.0015625 0.02421875
0 0.16640625 0.39765625 0.0015625 0.0234375
0 0.16875 0.40078125 0.0015625 0.021875
0 0.1703125 0.403125 0.0015625 0.02109375
0 0.13984375 0.49921875 0.0421875 0.03671875
0 0.14375 0.46328125 0.03359375 0.03359375
0 0.1671875 0.496875 0.0015625 0.02890625
0 0.16875 0.49609375 0.0015625 0.028125
0 0.1703125 0.4953125 0.0015625 0.02578125
0 0.171875 0.49375 0.0015625 0.028125
0 0.16640625 0.45859375 0.00078125 0.01875
0 0.16796875 0.453125 0.00078125 0.00625
0 0.16953125 0.45390625 0.00078125 0.00546875
3 0.5015625 0.65078125 0.04453125 0.03125
3 0.915625 0.53671875 0.1421875 0.0453125
3 0.80234375 0.52578125 0.11171875 0.0359375
3 0.4265625 0.5546875 0.02265625 0.01484375
3 0.47734375 0.57421875 0.040625 0.0203125
3 0.50078125 0.58203125 0.04453125 0.0234375
3 0.5203125 0.5921875 0.04375 0.0265625
3 0.56015625 0.50625 0.05625 0.01796875
3 0.59296875 0.509375 0.0625 0.01953125
3 0.6375 0.5140625 0.06796875 0.0234375
3 0.640625 0.74140625 0.0734375 0.06484375
3 0.52578125 0.665625 0.04921875 0.03671875
3 0.43203125 0.60703125 0.03203125 0.01953125
3 0.4734375 0.4984375 0.03828125 0.01171875
3 0.4921875 0.5 0.0453125 0.01328125
3 0.5609375 0.690625 0.05625 0.04453125
0 0.8078125 0.6859375 0.07578125 0.08203125
0 0.4453125 0.55546875 0.0171875 0.025
3 0.71328125 0.78984375 0.08828125 0.08359375
3 0.7921875 0.84140625 0.10859375 0.10859375
3 0.9 0.9109375 0.13828125 0.15390625
3 0.721875 0.6703125 0.08984375 0.0484375
0 0.64296875 0.62421875 0.03515625 0.053125
0 0.62421875 0.6203125 0.034375 0.04453125
0 0.5984375 0.61171875 0.0171875 0.046875
0 0.62578125 0.57890625 0.03671875 0.046875
0 0.5859375 0.56875 0.0328125 0.04140625
0 0.5859375 0.60546875 0.0328125 0.040625
0 0.56171875 0.60078125 0.01328125 0.03828125
0 0.5484375 0.59375 0.01171875 0.0390625
0 0.56953125 0.565625 0.02890625 0.03984375
0 0.46171875 0.4890625 0.021875 0.0234375
0 0.44921875 0.4890625 0.0109375 0.0234375
0 0.440625 0.4890625 0.00546875 0.02109375
0 0.446875 0.4671875 0.01796875 0.02109375
0 0.43515625 0.48828125 0.00546875 0.02109375
0 0.4296875 0.48828125 0.0046875 0.0203125
0 0.42421875 0.48828125 0.0046875 0.0203125
0 0.41953125 0.4875 0.00390625 0.01953125
0 0.43515625 0.4671875 0.00546875 0.02109375
0 0.4296875 0.46796875 0.0046875 0.0203125
0 0.42421875 0.4671875 0.0046875 0.01953125
0 0.46171875 0.41796875 0.021875 0.0234375
0 0.446875 0.41953125 0.00546875 0.0234375
0 0.440625 0.42109375 0.00546875 0.021875
0 0.43515625 0.42265625 0.0046875 0.02109375
0 0.4296875 0.4234375 0.00546875 0.02109375
0 0.42421875 0.425 0.0046875 0.0203125
0 0.41953125 0.42578125 0.0046875 0.0203125
0 0.53515625 0.4140625 0.02890625 0.03125
0 0.515625 0.415625 0.01015625 0.0296875
0 0.4953125 0.41953125 0.00859375 0.028125
0 0.50546875 0.41796875 0.009375 0.02890625
0 0.5140625 0.38984375 0.0265625 0.0296875
0 0.4953125 0.39296875 0.00859375 0.0296875
0 0.48671875 0.3953125 0.00859375 0.028125
0 0.478125 0.39765625 0.00703125 0.0265625
0 0.48671875 0.421875 0.00859375 0.0265625
0 0.478125 0.4234375 0.00703125 0.02578125
0 0.4703125 0.42421875 0.00703125 0.025