3 0.40078125 0.72578125 0.07109375 0.09453125
3 0.6515625 0.39453125 0.04609375 0.0265625
3 0.63046875 0.40390625 0.04921875 0.0296875
3 0.04296875 0.859375 0.0859375 0.15078125
3 0.33515625 0.68046875 0.08515625 0.10390625
3 0.396875 0.634375 0.07578125 0.084375
3 0.4515625 0.60234375 0.065625 0.0734375
3 0.49609375 0.4640625 0.06171875 0.05
3 0.5296875 0.4484375 0.0609375 0.04296875
3 0.56796875 0.434375 0.05078125 0.0359375
3 0.565625 0.59609375 0.0515625 0.05390625
3 0.4484375 0.68671875 0.06484375 0.08125
3 0.06171875 0.946875 0.12265625 0.1046875
3 0.31484375 0.55 0.08046875 0.08671875
3 0.37265625 0.5234375 0.07734375 0.07421875
3 0.50234375 0.6484375 0.05859375 0.06875
0 0.63046875 0.478125 0.02734375 0.0359375
0 0.1609375 0.76796875 0.084375 0.10859375
3 0.5984375 0.5765625 0.04765625 0.034375
3 0.6296875 0.55703125 0.02890625 0.03203125
3 0.6484375 0.54140625 0.02734375 0.02890625
3 0.6 0.50546875 0.04921875 0.03046875
0 0.57734375 0.515625 0.01328125 0.04296875
0 0.55703125 0.52421875 0.02890625 0.04140625
0 0.55 0.52890625 0.01796875 0.05
0 0.55703125 0.49140625 0.03125 0.04609375
0 0.5265625 0.509375 0.02890625 0.05
0 0.53359375 0.546875 0.0140625 0.0390625
0 0.5140625 0.55625 0.02578125 0.04140625
0 0.49453125 0.55859375 0.03359375 0.05703125
0 0.51015625 0.51796875 0.03359375 0.0515625
0 0.22578125 0.5640625 0.05234375 0.0953125
0 0.1828125 0.58203125 0.05546875 0.103125
0 0.1328125 0.61171875 0.0640625 0.08984375
0 0.12109375 0.54296875 0.06875 0.10625
0 0.078125 0.640625 0.0734375 0.0859375
0 0.02890625 0.665625 0.05703125 0.08984375
0 0.06171875 0.56171875 0.078125 0.11640625
0 0.0203125 0.578125 0.03984375 0.115625
0 0.2015625 0.38828125 0.05703125 0.084375
0 0.15078125 0.396875 0.06484375 0.090625
0 0.09375 0.40703125 0.07578125 0.096875
0 0.0359375 0.4171875 0.071875 0.10625
0 0.00234375 0.421875 0.0046875 0.1
0 0.4578125 0.359375 0.0390625 0.0546875
0 0.44453125 0.3640625 0.02421875 0.05703125
0 0.39453125 0.378125 0.02890625 0.0546875
0 0.42109375 0.37265625 0.02578125 0.053125
0 0.4109375 0.321875 0.04296875 0.05625
0 0.38515625 0.325 0.04453125 0.059375
0 0.35625 0.32890625 0.04609375 0.06171875
0 0.325 0.3328125 0.04921875 0.065625
0 0.36640625 0.384375 0.03203125 0.05625
0 0.3359375 0.39140625 0.03671875 0.06015625
0 0.29765625 0.39375 0.05 0.07421875
3 0.7671875 0.5390625 0.04609375 0.04140625