2 0.17734375 0.53515625 0.0859375 0.1890625
3 0.4609375 0.6046875 0.0609375 0.05859375
3 0.9703125 0.5359375 0.059375 0.0921875
3 0.55078125 0.42734375 0.084375 0.04453125
3 0.60625 0.44296875 0.09765625 0.05234375
3 0.6890625 0.46875 0.11171875 0.0671875
3 0.36640625 0.5234375 0.04375 0.034375
3 0.41953125 0.39453125 0.06171875 0.0265625
3 0.44453125 0.4015625 0.065625 0.03046875
3 0.54765625 0.6828125 0.07890625 0.08828125
0 0.40859375 0.4796875 0.01484375 0.01484375
0 0.396875 0.478125 0.01484375 0.01171875
0 0.39765625 0.4671875 0.01484375 0.0125
0 0.38125 0.465625 0.0140625 0.0125
0 0.3890625 0.46796875 0.0078125 0.0125
3 0.79609375 0.89921875 0.1328125 0.19921875
3 0.62734375 0.75859375 0.09453125 0.10859375
3 0.8890625 0.94375 0.0625 0.1109375
3 0.49296875 0.53984375 0.07109375 0.05625
0 0.9578125 0.78984375 0.084375 0.17109375
0 0.8875 0.74609375 0.08203125 0.15546875
0 0.8265625 0.7109375 0.07265625 0.13828125
0 0.90234375 0.67265625 0.0859375 0.14921875
0 0.590625 0.528125 0.04765625 0.07578125
0 0.5890625 0.5828125 0.046875 0.0671875
0 0.5546875 0.57109375 0.02265625 0.059375
0 0.534375 0.55234375 0.02109375 0.06796875
0 0.5671875 0.51796875 0.04453125 0.0703125
0 0.5109375 0.27890625 0.04375 0.05078125
0 0.47890625 0.2796875 0.01796875 0.04921875
0 0.459375 0.2828125 0.0375 0.04453125
0 0.4625 0.28046875 0.015625 0.04609375
0 0.475 0.234375 0.04140625 0.05
0 0.446875 0.2375 0.01484375 0.046875
0 0.4328125 0.24140625 0.0140625 0.04453125
0 0.41953125 0.24375 0.0125 0.0421875
0 0.43671875 0.284375 0.0203125 0.0421875
0 0.42109375 0.284375 0.0125 0.040625
0 0.40859375 0.284375 0.0125 0.0390625
0 0.39453125 0.2734375 0.034375 0.0359375
0 0.37421875 0.27421875 0.0109375 0.03515625
0 0.365625 0.275 0.009375 0.0328125
0 0.35703125 0.27578125 0.009375 0.0328125
0 0.34921875 0.2765625 0.009375 0.03203125
0 0.3421875 0.278125 0.00859375 0.03046875
0 0.33515625 0.27890625 0.00859375 0.0296875
0 0.3984375 0.3765625 0.0328125 0.0359375
0 0.3875 0.375 0.02734375 0.03515625
0 0.36953125 0.37421875 0.009375 0.03046875
0 0.3765625 0.3421875 0.02734375 0.0328125
0 0.36171875 0.371875 0.00859375 0.03046875
0 0.35390625 0.3703125 0.00859375 0.0296875
0 0.34765625 0.36875 0.0078125 0.02890625
0 0.340625 0.36640625 0.00859375 0.02890625
0 0.36640625 0.340625 0.02265625 0.03046875
0 0.36171875 0.340625 0.02734375 0.0296875
0 0.35234375 0.3390625 0.02109375 0.0296875
3 0.62734375 0.49453125 0.02734375 0.0109375
3 0.99609375 0.39765625 0.0078125 0.02265625
3 0.9578125 0.39375 0.08046875 0.02734375
3 0.5359375 0.40703125 0.02890625 0.009375
3 0.6125 0.41953125 0.0265625 0.00546875
3 0.63984375 0.4265625 0.03046875 0.00859375
3 0.67109375 0.434375 0.03203125 0.0109375
3 0.71328125 0.37109375 0.04375 0.0171875
3 0.7453125 0.375 0.0375 0.01796875
3 0.8046875 0.38046875 0.05234375 0.01953125
3 0.7921875 0.5546875 0.0375 0.015625
3 0.65859375 0.50546875 0.03203125 0.0125
3 0.53203125 0.459375 0.01953125 0.00625
3 0.60625 0.3609375 0.0359375 0.0140625
3 0.6296875 0.36328125 0.03828125 0.0140625
3 0.7015625 0.521875 0.0375 0.015625
0 0.94609375 0.4921875 0.05546875 0.04453125
0 0.5609375 0.40390625 0.01796875 0.01171875
3 0.853125 0.5765625 0.0578125 0.02578125
3 0.91796875 0.59921875 0.06796875 0.02890625
3 0.97578125 0.62109375 0.046875 0.02265625
3 0.86953125 0.4875 0.0625 0.03515625
0 0.80078125 0.46171875 0.02734375 0.03828125
0 0.78203125 0.459375 0.02578125 0.0328125
0 0.75234375 0.4515625 0.0078125 0.03046875
0 0.7859375 0.43046875 0.02421875 0.034375
0 0.740625 0.421875 0.02578125 0.0328125
0 0.7390625 0.4484375 0.02421875 0.02890625
0 0.7203125 0.440625 0.0171875 0.01796875
0 0.70390625 0.4359375 0.015625 0.02109375
0 0.72421875 0.41875 0.02421875 0.03046875
0 0.584375 0.3515625 0.01953125 0.02265625
0 0.57265625 0.35078125 0.01484375 0.02109375
0 0.56015625 0.35078125 0.009375 0.0203125
0 0.565625 0.33125 0.01796875 0.015625
0 0.55078125 0.34921875 0.00859375 0.0203125
0 0.54453125 0.34921875 0.00390625 0.01953125
0 0.5328125 0.34765625 0.00546875 0.0171875
0 0.52578125 0.346875 0.0078125 0.01953125
0 0.55234375 0.33125 0.00859375 0.015625
0 0.54453125 0.33125 0.00390625 0.015625
0 0.5328125 0.33046875 0.00390625 0.015625
0 0.5875 0.28671875 0.01953125 0.02265625
0 0.57265625 0.2875 0.0109375 0.02109375
0 0.5625 0.2875 0.009375 0.02109375
0 0.55234375 0.2875 0.009375 0.0203125
0 0.54609375 0.2875 0.00546875 0.0203125
0 0.534375 0.28828125 0.003125 0.01953125
0 0.6890625 0.290625 0.0234375 0.0234375
0 0.67109375 0.29140625 0.015625 0.0234375
0 0.64296875 0.2921875 0.0140625 0.02109375
0 0.65703125 0.2921875 0.0140625 0.02265625
0 0.6625 0.2671875 0.02265625 0.0265625
0 0.6453125 0.26953125 0.0140625 0.02578125
0 0.63203125 0.26953125 0.0125 0.02421875
0 0.61953125 0.2703125 0.01171875 0.0234375
0 0.63046875 0.29296875 0.0125 0.0203125
0 0.61875 0.29296875 0.01171875 0.0203125
0 0.60703125 0.29296875 0.01171875 0.0203125