2 0.5390625 0.83359375 0.159375 0.33046875
3 0.88671875 0.82578125 0.0921875 0.1078125
3 0.82109375 0.43046875 0.0421875 0.015625
3 0.82734375 0.4390625 0.046875 0.0203125
3 0.94375 0.78359375 0.1125 0.1328125
3 0.91640625 0.7109375 0.11796875 0.103125
3 0.884375 0.65390625 0.0875 0.0703125
3 0.8734375 0.49375 0.08515625 0.040625
3 0.8609375 0.47265625 0.06953125 0.0234375
3 0.85234375 0.459375 0.05390625 0.01796875
3 0.9515625 0.59140625 0.09453125 0.0765625
3 0.93984375 0.55078125 0.11796875 0.05078125
3 0.8421875 0.70234375 0.04609375 0.06484375
0 0.80625 0.49921875 0.00625 0.0265625
0 0.80625 0.5125 0.00390625 0.0296875
0 0.82109375 0.52109375 0.02890625 0.02421875
0 0.82578125 0.5265625 0.03515625 0.0359375
0 0.825 0.49453125 0.03046875 0.03515625
0 0.83984375 0.53984375 0.0140625 0.04140625
0 0.83359375 0.575 0.0078125 0.04375
0 0.83671875 0.584375 0.0078125 0.04453125
0 0.8640625 0.60234375 0.05390625 0.05625
0 0.8609375 0.553125 0.046875 0.05546875
0 0.88359375 0.3703125 0.0140625 0.04921875
0 0.89296875 0.371875 0.015625 0.05234375
0 0.915625 0.375 0.0203125 0.05859375
0 0.90390625 0.3734375 0.01796875 0.05546875
0 0.9109375 0.31640625 0.01796875 0.05859375
0 0.92421875 0.31328125 0.02109375 0.0625
0 0.9390625 0.3109375 0.02421875 0.06796875
0 0.9703125 0.30703125 0.059375 0.0734375
0 0.9296875 0.37734375 0.0234375 0.0640625
0 0.94609375 0.38046875 0.02578125 0.06953125
0 0.975 0.38203125 0.05 0.0765625
0 0.98515625 0.625 0.0296875 0.1125
0 0.99921875 0.68046875 0.00078125 0.00625
3 0.7921875 0.565625 0.00546875 0.0234375
3 0.796875 0.5828125 0.00625 0.0265625
3 0.82734375 0.653125 0.0375 0.04921875
3 0.8109375 0.60234375 0.02578125 0.03203125
3 0.459375 0.6328125 0.05234375 0.04921875
3 0.5765625 0.4109375 0.02734375 0.0125
3 0.5671875 0.41484375 0.03046875 0.0125
3 0.5046875 0.440625 0.04609375 0.0203125
3 0.52109375 0.434375 0.0390625 0.0171875
3 0.53984375 0.428125 0.03046875 0.015625
3 0.2859375 0.81640625 0.08828125 0.1203125
3 0.43046875 0.4765625 0.053125 0.034375
3 0.45234375 0.46484375 0.0578125 0.0296875
3 0.509375 0.58359375 0.040625 0.03515625
0 0.57734375 0.4640625 0.01484375 0.02265625
0 0.38359375 0.60546875 0.0203125 0.02109375
0 0.37578125 0.6171875 0.02109375 0.0234375
0 0.35625 0.61796875 0.02109375 0.03203125
0 0.3265625 0.64921875 0.0234375 0.02734375
0 0.33984375 0.63203125 0.02265625 0.02578125
3 0.55703125 0.5375 0.02890625 0.0203125
3 0.53125 0.5625 0.0375 0.02578125
3 0.571875 0.5265625 0.015625 0.01953125
3 0.58125 0.51640625 0.0140625 0.015625
3 0.48671875 0.5375 0.05 0.034375
0 0.57109375 0.471875 0.00390625 0.02265625
0 0.5625 0.475 0.0140625 0.02265625
0 0.55546875 0.47734375 0.01953125 0.02421875
0 0.56015625 0.45390625 0.01796875 0.02421875
0 0.52109375 0.478125 0.01953125 0.03046875
0 0.52890625 0.50390625 0.00625 0.02734375
0 0.521875 0.509375 0.0078125 0.02890625
0 0.50546875 0.5125 0.02421875 0.0328125
0 0.51328125 0.4828125 0.02421875 0.03046875
0 0.5 0.36171875 0.00859375 0.0296875
0 0.490625 0.3625 0.00859375 0.03046875
0 0.46953125 0.3640625 0.01171875 0.034375
0 0.48046875 0.36328125 0.009375 0.0328125
0 0.48046875 0.3296875 0.009375 0.034375
0 0.46953125 0.32890625 0.01171875 0.03515625
0 0.4578125 0.32890625 0.0125 0.0359375
0 0.43515625 0.32734375 0.034375 0.0375
0 0.4578125 0.365625 0.01171875 0.03515625
0 0.44609375 0.365625 0.0125 0.0359375
0 0.42109375 0.365625 0.0375 0.03828125
0 0.39296875 0.35 0.0203125 0.04453125
0 0.37265625 0.35 0.02265625 0.04921875
0 0.35078125 0.35078125 0.02421875 0.05078125
0 0.32578125 0.35078125 0.0296875 0.05390625
0 0.296875 0.35078125 0.034375 0.05859375
0 0.26484375 0.3515625 0.03828125 0.0625
0 0.22265625 0.35078125 0.05546875 0.06796875
0 0.3859375 0.47890625 0.0390625 0.05078125
0 0.3765625 0.4859375 0.02109375 0.05390625
0 0.35546875 0.49609375 0.0234375 0.053125
0 0.34296875 0.4484375 0.04609375 0.05390625
0 0.33203125 0.50546875 0.02734375 0.05625
0 0.30546875 0.515625 0.03203125 0.059375
0 0.275 0.528125 0.03515625 0.06484375
0 0.22890625 0.5359375 0.0640625 0.08046875
0 0.31796875 0.4546875 0.05078125 0.05859375
0 0.290625 0.46171875 0.05390625 0.0640625
0 0.259375 0.46953125 0.0609375 0.06953125
3 0.434375 0.40078125 0.01796875 0.00546875
3 0.4171875 0.4015625 0.0265625 0.0078125
3 0.09609375 0.5515625 0.0703125 0.0390625
3 0.3328125 0.415625 0.03515625 0.0125
3 0.35234375 0.4125 0.03515625 0.0125
3 0.37265625 0.409375 0.02265625 0.01171875
3 0.109375 0.62578125 0.0671875 0.046875
3 0.2359375 0.43359375 0.046875 0.01796875
3 0.265625 0.42734375 0.04375 0.0140625
0 0.42109375 0.44375 0.015625 0.0171875
0 0.16015625 0.5234375 0.0265625 0.0359375
3 0.403125 0.45390625 0.02109375 0.0078125
0 0.3828125 0.44921875 0.00390625 0.00625
0 0.37421875 0.4515625 0.0125 0.00546875
0 0.36953125 0.45234375 0.00859375 0.00546875
0 0.37265625 0.440625 0.015625 0.0203125
0 0.1953125 0.4328125 0.02890625 0.0296875
0 0.184375 0.434375 0.01484375 0.0296875
0 0.15703125 0.43984375 0.015625 0.02890625
0 0.15078125 0.409375 0.02265625 0.03046875
0 0.13984375 0.4421875 0.02421875 0.03203125
0 0.11640625 0.44609375 0.0265625 0.03203125
0 0.0921875 0.45 0.02890625 0.034375
0 0.0625 0.45234375 0.03828125 0.040625
0 0.1328125 0.4125 0.03203125 0.0328125
0 0.11015625 0.41484375 0.0328125 0.034375
0 0.084375 0.4171875 0.0375 0.0359375
0 0.175 0.34921875 0.01796875 0.02890625
0 0.14765625 0.34921875 0.01484375 0.03046875
0 0.13046875 0.34921875 0.0265625 0.03046875
0 0.10625 0.34921875 0.02734375 0.0328125
0 0.08046875 0.35 0.03046875 0.034375
0 0.04921875 0.35078125 0.0390625 0.03515625
3 0.69453125 0.5375 0.0390625 0.02265625
3 0.496875 0.46953125 0.01953125 0.009375