2 0.29375 0.509375 0.04921875 0.121875
3 0.13828125 0.7359375 0.03671875 0.075
3 0.13828125 0.53046875 0.04453125 0.03671875
3 0.11484375 0.60546875 0.05 0.05546875
3 0.1078125 0.634375 0.06484375 0.05625
3 0.109375 0.68046875 0.04921875 0.065625
3 0.05703125 0.5890625 0.1140625 0.0859375
3 0.0453125 0.63203125 0.090625 0.0984375
3 0.015625 0.71640625 0.03046875 0.1140625
3 0.159375 0.59765625 0.0234375 0.03828125
3 0.09375 0.48359375 0.078125 0.0296875
3 0.08203125 0.50703125 0.08828125 0.0484375
3 0.115625 0.8828125 0.04140625 0.1140625
0 0.05625 0.74375 0.06015625 0.11484375
0 0.05390625 0.80859375 0.08359375 0.128125
0 0.09453125 0.75546875 0.01640625 0.08046875
0 0.09921875 0.7265625 0.01875 0.075
0 0.0796875 0.70078125 0.02734375 0.08046875
0 0.03359375 0.39296875 0.06640625 0.06953125
0 0.03984375 0.3828125 0.0796875 0.0546875
0 0.0859375 0.3765625 0.01328125 0.05
0 0.07890625 0.38046875 0.01484375 0.05390625
0 0.0390625 0.328125 0.078125 0.05625
0 0.078125 0.32734375 0.01484375 0.05078125
0 0.084375 0.3265625 0.01328125 0.0484375
0 0.090625 0.3265625 0.01171875 0.0453125
0 0.0921875 0.3734375 0.01171875 0.046875
0 0.096875 0.37109375 0.0109375 0.0453125
0 0.10234375 0.36796875 0.01015625 0.04453125
0 0.10234375 0.34765625 0.01796875 0.03984375
0 0.109375 0.34453125 0.0171875 0.03515625
0 0.10703125 0.34453125 0.02734375 0.03515625
0 0.1140625 0.34296875 0.01953125 0.034375
0 0.11015625 0.3421875 0.03203125 0.03203125
0 0.12265625 0.34140625 0.01171875 0.03203125
0 0.1125 0.340625 0.03671875 0.03046875
0 0.1046875 0.45625 0.0421875 0.03671875
0 0.109375 0.44921875 0.046875 0.03203125
0 0.1328125 0.4546875 0.00546875 0.01875
0 0.109375 0.41640625 0.03984375 0.040625
0 0.13515625 0.44140625 0.0046875 0.03359375
0 0.13671875 0.4375 0.00546875 0.03203125
0 0.1390625 0.43359375 0.00546875 0.03125
0 0.140625 0.42890625 0.00546875 0.03046875
0 0.128125 0.409375 0.01015625 0.03125
0 0.12890625 0.40703125 0.0125 0.03203125
0 0.1296875 0.40390625 0.01484375 0.03125
3 0.115625 0.975 0.01171875 0.0484375
3 0.478125 0.5734375 0.0421875 0.03671875
3 0.84296875 0.58359375 0.13125 0.096875
3 0.746875 0.54296875 0.10546875 0.07421875
3 0.53125 0.453125 0.05546875 0.03046875
3 0.56171875 0.465625 0.06015625 0.03671875
3 0.60078125 0.48515625 0.06484375 0.04296875
3 0.41484375 0.5140625 0.03125 0.02421875
3 0.4515625 0.421875 0.04296875 0.0203125
3 0.46796875 0.42890625 0.0453125 0.0234375
3 0.5296875 0.625 0.0515625 0.0515625
0 0.80546875 0.72890625 0.07734375 0.1046875
0 0.44375 0.48203125 0.0109375 0.009375
0 0.4359375 0.48046875 0.0109375 0.01015625
0 0.4375 0.47265625 0.0109375 0.01015625
0 0.42578125 0.47109375 0.01015625 0.009375
0 0.43359375 0.4734375 0.01015625 0.00703125
3 0.653125 0.74765625 0.07421875 0.08828125
3 0.57265625 0.67109375 0.06015625 0.05625
3 0.715625 0.80703125 0.0921875 0.11015625
3 0.7953125 0.88046875 0.11171875 0.1546875
3 0.4953125 0.52734375 0.04609375 0.034375
0 0.71875 0.665625 0.05 0.08359375
0 0.690625 0.6546875 0.046875 0.0609375
0 0.6578125 0.63046875 0.028125 0.07109375
0 0.69453125 0.60390625 0.04765625 0.07421875
0 0.553125 0.52109375 0.03203125 0.046875
0 0.55234375 0.55625 0.03203125 0.040625
0 0.53046875 0.54765625 0.01171875 0.03828125
0 0.51875 0.5375 0.01171875 0.04140625
0 0.53984375 0.51328125 0.03046875 0.0453125
0 0.5078125 0.3546875 0.0296875 0.03359375
0 0.496875 0.353125 0.028125 0.03203125
0 0.46875 0.35078125 0.00859375 0.0296875
0 0.478125 0.35234375 0.009375 0.03046875
0 0.48671875 0.321875 0.02578125 0.0296875
0 0.46875 0.321875 0.00859375 0.02890625
0 0.46015625 0.321875 0.00859375 0.02890625
0 0.45234375 0.32109375 0.00703125 0.028125
0 0.46015625 0.35 0.00859375 0.028125
0 0.45234375 0.3484375 0.00703125 0.0265625
0 0.4453125 0.34765625 0.00703125 0.0265625
0 0.43671875 0.3359375 0.02265625 0.025
0 0.428125 0.334375 0.0171875 0.025
0 0.421875 0.334375 0.01640625 0.02421875
0 0.4109375 0.33359375 0.00546875 0.0234375
0 0.40546875 0.33359375 0.00546875 0.021875
0 0.40078125 0.3328125 0.0046875 0.02109375
0 0.40234375 0.33203125 0.0171875 0.02109375
0 0.43828125 0.40625 0.02265625 0.02578125
0 0.43203125 0.40546875 0.02109375 0.0265625
0 0.41875 0.40390625 0.00546875 0.0234375
0 0.42578125 0.38125 0.02109375 0.025
0 0.41328125 0.4015625 0.00546875 0.021875
0 0.4078125 0.4 0.00546875 0.021875
0 0.403125 0.39765625 0.0046875 0.02109375
0 0.3984375 0.3953125 0.0046875 0.021875
0 0.41875 0.3796875 0.01875 0.02421875
0 0.4140625 0.378125 0.01953125 0.02421875
0 0.4078125 0.3765625 0.0171875 0.0234375
3 0.6390625 0.50078125 0.0125 0.01953125
3 0.934375 0.4484375 0.0625 0.03046875
3 0.87578125 0.42890625 0.053125 0.009375
3 0.55546875 0.428125 0.025 0.01328125
3 0.609375 0.44609375 0.02734375 0.01640625
3 0.6328125 0.453125 0.03046875 0.01796875
3 0.6578125 0.46171875 0.03515625 0.01953125
3 0.65546875 0.5046875 0.03515625 0.009375
3 0.68984375 0.515625 0.01953125 0.00859375
0 0.86484375 0.51875 0.04140625 0.03984375
0 0.57578125 0.4296875 0.015625 0.01875
3 0.9265625 0.6265625 0.01015625 0.028125
3 0.81171875 0.51171875 0.053125 0.025
0 0.76015625 0.4859375 0.02421875 0.03203125
0 0.74453125 0.4828125 0.02421875 0.0265625
0 0.72734375 0.4765625 0.015625 0.0296875
0 0.746875 0.45859375 0.02421875 0.0296875
0 0.71484375 0.44921875 0.021875 0.028125
0 0.71328125 0.47265625 0.021875 0.025
0 0.69609375 0.46875 0.01328125 0.0234375
0 0.684375 0.46328125 0.01328125 0.0265625
0 0.7015625 0.44609375 0.02109375 0.0265625
0 0.59375 0.378125 0.01640625 0.009375
0 0.58515625 0.37578125 0.01328125 0.00703125
0 0.575 0.375 0.00703125 0.00546875
0 0.5796875 0.36328125 0.01640625 0.01796875
0 0.56796875 0.37421875 0.00625 0.00546875
0 0.5609375 0.3734375 0.00625 0.00546875
0 0.5546875 0.371875 0.00546875 0.0046875
0 0.5484375 0.3703125 0.00546875 0.00546875
0 0.57109375 0.3625 0.01328125 0.01796875
0 0.56484375 0.36171875 0.01484375 0.01640625
0 0.55859375 0.3609375 0.0140625 0.01640625
0 0.59609375 0.32890625 0.01640625 0.01796875
0 0.584375 0.32890625 0.0078125 0.01796875
0 0.5765625 0.32890625 0.00703125 0.01640625
0 0.56953125 0.32890625 0.00703125 0.01640625
0 0.5625 0.328125 0.00703125 0.015625
0 0.55546875 0.328125 0.00625 0.015625
0 0.54921875 0.328125 0.00625 0.015625
0 0.67578125 0.34140625 0.02109375 0.02109375
0 0.66328125 0.340625 0.01796875 0.02109375
0 0.63984375 0.3390625 0.00859375 0.01953125
0 0.64921875 0.340625 0.0109375 0.01953125
0 0.65390625 0.31953125 0.01875 0.0203125
0 0.640625 0.31953125 0.0078125 0.0203125
0 0.62734375 0.31875 0.00390625 0.01953125
0 0.62109375 0.31953125 0.009375 0.01875
0 0.6265625 0.3390625 0.00390625 0.01875
0 0.61953125 0.3390625 0.009375 0.01875
0 0.6109375 0.3375 0.00859375 0.01953125
3 0.98671875 0.7046875 0.025 0.05703125