3 0.425 0.671875 0.06328125 0.065625
3 0.92890625 0.4734375 0.12265625 0.0546875
3 0.85546875 0.47109375 0.11484375 0.0546875
3 0.18359375 0.56796875 0.08828125 0.0546875
3 0.359375 0.58359375 0.075 0.06015625
3 0.42109375 0.58203125 0.06796875 0.059375
3 0.48125 0.5890625 0.05390625 0.0703125
3 0.55390625 0.46328125 0.05703125 0.05625
3 0.615625 0.46484375 0.0734375 0.0515625
3 0.68828125 0.4703125 0.08359375 0.04453125
3 0.67109375 0.69140625 0.075 0.0703125
3 0.48046875 0.67578125 0.05859375 0.065625
3 0.20625 0.65625 0.08359375 0.06171875
3 0.34140625 0.4609375 0.0765625 0.0546875
3 0.39453125 0.46328125 0.07109375 0.05546875
3 0.55546875 0.684375 0.059375 0.06875
0 0.8390625 0.59453125 0.06328125 0.071875
0 0.25 0.5640625 0.05078125 0.06484375
3 0.74609375 0.696875 0.084375 0.071875
3 0.81640625 0.71171875 0.07421875 0.0515625
3 0.87890625 0.709375 0.08046875 0.065625
3 0.7609375 0.59609375 0.090625 0.0609375
0 0.68828125 0.58203125 0.03125 0.06875
0 0.65859375 0.58046875 0.03671875 0.06875
0 0.63203125 0.5796875 0.0359375 0.06875
0 0.6609375 0.54140625 0.04140625 0.06796875
0 0.60078125 0.5390625 0.03125 0.06640625
0 0.6 0.5921875 0.02734375 0.03984375
0 0.57421875 0.590625 0.02734375 0.03984375
0 0.5484375 0.57578125 0.02734375 0.06796875
0 0.575 0.53828125 0.03046875 0.06640625
0 0.28671875 0.4421875 0.04921875 0.06171875
0 0.25859375 0.44140625 0.046875 0.06171875
0 0.22578125 0.44921875 0.03203125 0.04453125
0 0.23046875 0.396875 0.05625 0.059375
0 0.20078125 0.44765625 0.03203125 0.04375
0 0.17578125 0.446875 0.03203125 0.04296875
0 0.15078125 0.44609375 0.0328125 0.04296875
0 0.1265625 0.43984375 0.0328125 0.05390625
0 0.2015625 0.39609375 0.0515625 0.059375
0 0.17734375 0.39609375 0.05390625 0.059375
0 0.15234375 0.3953125 0.05390625 0.059375
0 0.27109375 0.3015625 0.05546875 0.05703125
0 0.2390625 0.30078125 0.04921875 0.05703125
0 0.21328125 0.30078125 0.05390625 0.05703125
0 0.18671875 0.30078125 0.05390625 0.05625
0 0.159375 0.30078125 0.05546875 0.05625
0 0.1328125 0.29921875 0.05546875 0.05625
0 0.109375 0.29921875 0.0625 0.05625
0 0.5015625 0.32421875 0.03046875 0.06015625
0 0.47265625 0.32421875 0.03203125 0.06015625
0 0.4125 0.32734375 0.03046875 0.05078125
0 0.44140625 0.328125 0.03046875 0.0515625
0 0.44296875 0.27265625 0.03671875 0.05625
0 0.4125 0.27265625 0.03671875 0.05625
0 0.38359375 0.27265625 0.03828125 0.05625
0 0.3546875 0.271875 0.03828125 0.05703125
0 0.384375 0.32734375 0.03125 0.05078125
0 0.35546875 0.3265625 0.03125 0.05078125
0 0.328125 0.321875 0.03203125 0.059375