2 0.31796875 0.4859375 0.04375 0.1140625
3 0.17265625 0.69453125 0.04921875 0.06796875
3 0.1859375 0.503125 0.040625 0.03515625
3 0.1640625 0.57578125 0.03984375 0.040625
3 0.1515625 0.6140625 0.059375 0.05859375
3 0.1453125 0.65703125 0.05625 0.06015625
3 0.08828125 0.596875 0.12109375 0.08125
3 0.0671875 0.65234375 0.11953125 0.10859375
3 0.03828125 0.7453125 0.07578125 0.1390625
3 0.2046875 0.5609375 0.021875 0.034375
3 0.14296875 0.478125 0.0640625 0.03046875
3 0.13203125 0.50703125 0.071875 0.05078125
3 0.153125 0.825 0.04296875 0.09453125
0 0.1015625 0.7265625 0.05 0.09375
0 0.1 0.77578125 0.071875 0.10390625
0 0.13515625 0.73046875 0.01640625 0.06640625
0 0.13984375 0.703125 0.01875 0.06171875
0 0.12109375 0.68828125 0.02578125 0.06796875
0 0.0734375 0.43125 0.06796875 0.065625
0 0.0875 0.415625 0.06875 0.053125
0 0.128125 0.39921875 0.01328125 0.0453125
0 0.121875 0.40703125 0.01484375 0.04921875
0 0.0875 0.3671875 0.06640625 0.0546875
0 0.096875 0.35859375 0.0609375 0.04609375
0 0.10546875 0.353125 0.05703125 0.04375
0 0.11640625 0.3484375 0.046875 0.04140625
0 0.134375 0.39296875 0.0125 0.04375
0 0.13984375 0.38671875 0.01171875 0.04140625
0 0.14453125 0.38046875 0.01171875 0.03984375
0 0.14453125 0.35625 0.01875 0.0359375
0 0.1484375 0.35078125 0.02734375 0.03359375
0 0.15 0.346875 0.03046875 0.03359375
0 0.1515625 0.34375 0.03515625 0.03203125
0 0.153125 0.34140625 0.03671875 0.03046875
0 0.15703125 0.33828125 0.03515625 0.0296875
0 0.16015625 0.33515625 0.03359375 0.028125
0 0.1515625 0.45078125 0.03515625 0.03515625
0 0.159375 0.44296875 0.0359375 0.03203125
0 0.1765625 0.43671875 0.00703125 0.03203125
0 0.1609375 0.41015625 0.0296875 0.03671875
0 0.1796875 0.43046875 0.00703125 0.03046875
0 0.18203125 0.42421875 0.00625 0.0296875
0 0.184375 0.41875 0.00625 0.02890625
0 0.18671875 0.41328125 0.00625 0.028125
0 0.1640625 0.403125 0.02734375 0.03125
0 0.16484375 0.39765625 0.03125 0.03046875
0 0.16640625 0.39296875 0.03359375 0.02890625
3 0.1359375 0.9421875 0.04296875 0.1140625
3 0.48359375 0.559375 0.03828125 0.03984375
3 0.78515625 0.66796875 0.11875 0.13046875
3 0.709375 0.60234375 0.103125 0.096875
3 0.528125 0.4609375 0.05390625 0.03671875
3 0.553125 0.48046875 0.0578125 0.0453125
3 0.58515625 0.509375 0.06171875 0.05390625
3 0.4328125 0.4890625 0.028125 0.02578125
3 0.46171875 0.41328125 0.040625 0.02421875
3 0.475 0.4234375 0.04296875 0.028125
3 0.525 0.62109375 0.0484375 0.05546875
0 0.75234375 0.79140625 0.0703125 0.109375
0 0.45703125 0.46640625 0.01015625 0.01015625
0 0.45 0.46328125 0.01015625 0.009375
0 0.453125 0.45546875 0.00703125 0.0109375
0 0.440625 0.4515625 0.00703125 0.00859375
0 0.44921875 0.453125 0.009375 0.00703125
3 0.621875 0.76953125 0.06328125 0.08984375
3 0.56015625 0.67578125 0.05625 0.06015625
3 0.6765625 0.840625 0.08671875 0.11328125
3 0.7375 0.92109375 0.09921875 0.15625
3 0.49765625 0.52265625 0.04375 0.03984375
0 0.68203125 0.709375 0.05078125 0.08515625
0 0.65859375 0.69296875 0.04765625 0.0609375
0 0.628125 0.66171875 0.02421875 0.0734375
0 0.66171875 0.6484375 0.046875 0.07109375
0 0.5453125 0.53203125 0.03125 0.0453125
0 0.54453125 0.56484375 0.03125 0.040625
0 0.52421875 0.553125 0.009375 0.0390625
0 0.51484375 0.53984375 0.00859375 0.040625
0 0.53046875 0.52109375 0.02109375 0.04296875
0 0.50859375 0.3609375 0.02890625 0.0359375
0 0.5 0.35625 0.02734375 0.03515625
0 0.47421875 0.35078125 0.00703125 0.0296875
0 0.48203125 0.3546875 0.00703125 0.03125
0 0.49140625 0.32421875 0.02734375 0.03203125
0 0.4828125 0.321875 0.025 0.03125
0 0.47578125 0.31953125 0.02421875 0.03046875
0 0.46875 0.31796875 0.02265625 0.0296875
0 0.4671875 0.34765625 0.00703125 0.02890625
0 0.4609375 0.34453125 0.00625 0.028125
0 0.4546875 0.34140625 0.00546875 0.028125
0 0.4484375 0.32578125 0.01796875 0.0265625
0 0.44375 0.3234375 0.01953125 0.02578125
0 0.43828125 0.321875 0.01875 0.025
0 0.43203125 0.31953125 0.01484375 0.02421875
0 0.4296875 0.31796875 0.01796875 0.02421875
0 0.42578125 0.31640625 0.01875 0.0234375
0 0.42109375 0.31484375 0.01640625 0.021875
0 0.4515625 0.39375 0.02109375 0.02421875
0 0.44609375 0.39140625 0.0203125 0.0265625
0 0.43359375 0.3890625 0.0046875 0.0234375
0 0.440625 0.36640625 0.0203125 0.02578125
0 0.42890625 0.3859375 0.00390625 0.0234375
0 0.425 0.38203125 0.00390625 0.021875
0 0.42109375 0.37890625 0.00390625 0.02109375
0 0.4171875 0.37578125 0.00390625 0.021875
0 0.434375 0.36328125 0.01640625 0.025
0 0.43125 0.3609375 0.01796875 0.02421875
0 0.42734375 0.35859375 0.01796875 0.02421875
3 0.65078125 0.4875 0.025 0.0234375
3 0.96171875 0.48125 0.075 0.046875
3 0.90078125 0.45703125 0.071875 0.034375
3 0.58203125 0.4 0.01484375 0.00703125
3 0.63671875 0.425 0.0203125 0.009375
3 0.65859375 0.4359375 0.025 0.01171875
3 0.6828125 0.44609375 0.02421875 0.0109375
3 0.715625 0.40078125 0.04296875 0.021875
3 0.74453125 0.4109375 0.04765625 0.025
3 0.78203125 0.42421875 0.04921875 0.028125
3 0.76640625 0.56015625 0.04921875 0.03671875
3 0.671875 0.5015625 0.0359375 0.025
3 0.578125 0.44375 0.02578125 0.01640625
3 0.6328125 0.37421875 0.03203125 0.015625
3 0.65078125 0.38046875 0.03515625 0.01640625
3 0.70390625 0.52109375 0.04140625 0.0296875
0 0.8890625 0.53671875 0.04453125 0.028125
0 0.59609375 0.40390625 0.01484375 0.01171875
3 0.815625 0.590625 0.05390625 0.04453125
3 0.8640625 0.61640625 0.0640625 0.04609375
3 0.92109375 0.65234375 0.06953125 0.0640625
3 0.85390625 0.52421875 0.015625 0.0109375
0 0.78046875 0.4859375 0.02578125 0.0234375
0 0.76484375 0.4796875 0.02578125 0.01328125
0 0.74609375 0.4703125 0.01640625 0.01640625
0 0.7671875 0.46171875 0.028125 0.03359375
0 0.734375 0.4484375 0.02578125 0.03125
0 0.7328125 0.465625 0.0234375 0.01328125
0 0.71484375 0.459375 0.01171875 0.0109375
0 0.703125 0.4515625 0.01328125 0.01484375
0 0.72109375 0.44296875 0.02421875 0.0296875
0 0.61875 0.36328125 0.0109375 0.0203125
0 0.60859375 0.3609375 0.01640625 0.01953125
0 0.59609375 0.359375 0.00703125 0.01875
0 0.60078125 0.34140625 0.01328125 0.01953125
0 0.58984375 0.35703125 0.00703125 0.01796875
0 0.58359375 0.35546875 0.00625 0.01796875
0 0.57734375 0.353125 0.00625 0.01796875
0 0.57109375 0.35078125 0.00546875 0.01796875
0 0.5953125 0.33984375 0.01640625 0.01875
0 0.58828125 0.33828125 0.01484375 0.01875
0 0.58125 0.33671875 0.01328125 0.01796875
0 0.62265625 0.30859375 0.01171875 0.0203125
0 0.61015625 0.30703125 0.01484375 0.01953125
0 0.60234375 0.30625 0.01328125 0.01953125
0 0.5953125 0.3046875 0.0125 0.01875
0 0.58828125 0.30390625 0.0125 0.01875
0 0.5828125 0.303125 0.01171875 0.01875
0 0.5765625 0.3015625 0.01328125 0.01796875
0 0.6984375 0.33046875 0.0234375 0.025
0 0.68671875 0.328125 0.02265625 0.02421875
0 0.6609375 0.325 0.0109375 0.021875
0 0.67109375 0.3265625 0.01171875 0.021875
0 0.678125 0.30546875 0.02265625 0.0234375
0 0.6671875 0.30390625 0.0203125 0.021875
0 0.65859375 0.30234375 0.01796875 0.02109375
0 0.6484375 0.30078125 0.01953125 0.0203125
0 0.65234375 0.3234375 0.00703125 0.0203125
0 0.6390625 0.32109375 0.0046875 0.01875
0 0.63359375 0.31875 0.009375 0.02109375
3 0.98984375 0.77734375 0.01953125 0.075