3 0.4140625 0.68984375 0.0578125 0.06875
3 0.81015625 0.440625 0.08125 0.03671875
3 0.76328125 0.44453125 0.08046875 0.03828125
3 0.1328125 0.634375 0.10859375 0.07109375
3 0.34609375 0.6125 0.07265625 0.065625
3 0.41015625 0.6 0.06171875 0.0609375
3 0.4734375 0.59453125 0.0515625 0.065625
3 0.5375 0.46640625 0.05234375 0.046875
3 0.5859375 0.46171875 0.06796875 0.04140625
3 0.64453125 0.45859375 0.06953125 0.03828125
3 0.6359375 0.65625 0.06640625 0.059375
3 0.47109375 0.68125 0.05625 0.065625
3 0.1578125 0.73203125 0.09921875 0.08046875
3 0.32734375 0.48828125 0.07109375 0.05625
3 0.384375 0.48359375 0.06015625 0.05546875
3 0.53984375 0.6734375 0.05859375 0.06484375
0 0.75703125 0.54453125 0.0453125 0.05078125
0 0.21875 0.6140625 0.05859375 0.06796875
3 0.69375 0.64921875 0.06953125 0.0515625
3 0.74609375 0.64921875 0.053125 0.034375
3 0.78828125 0.640625 0.0546875 0.03828125
3 0.70078125 0.5609375 0.071875 0.04375
0 0.65 0.55625 0.02265625 0.05703125
0 0.6234375 0.5609375 0.03359375 0.05625
0 0.6046875 0.56171875 0.0296875 0.059375
0 0.625 0.52421875 0.03671875 0.05703125
0 0.57578125 0.5296875 0.03203125 0.059375
0 0.57890625 0.57578125 0.02265625 0.0390625
0 0.553125 0.56953125 0.03046875 0.05859375
0 0.53125 0.57109375 0.0296875 0.06171875
0 0.55390625 0.53203125 0.03125 0.06015625
0 0.2625 0.4765625 0.04453125 0.06484375
0 0.23125 0.47890625 0.04765625 0.06640625
0 0.1953125 0.490625 0.03828125 0.0484375
0 0.19765625 0.43515625 0.059375 0.06484375
0 0.16328125 0.49296875 0.03984375 0.04921875
0 0.13046875 0.49609375 0.04140625 0.05
0 0.09765625 0.49921875 0.04296875 0.05
0 0.06328125 0.49375 0.04453125 0.065625
0 0.1625 0.4375 0.05703125 0.065625
0 0.1296875 0.43984375 0.06015625 0.06640625
0 0.096875 0.4421875 0.06328125 0.06796875
0 0.2453125 0.33125 0.04765625 0.059375
0 0.2125 0.33203125 0.05078125 0.059375
0 0.18046875 0.3328125 0.05625 0.06015625
0 0.1453125 0.334375 0.0578125 0.0609375
0 0.1125 0.334375 0.065625 0.06171875
0 0.07578125 0.3359375 0.06640625 0.06328125
0 0.0421875 0.33671875 0.07578125 0.0640625
0 0.4875 0.34375 0.03046875 0.05390625
0 0.46171875 0.34375 0.028125 0.0546875
0 0.40546875 0.34921875 0.03046875 0.04921875
0 0.43359375 0.3484375 0.02890625 0.04921875
0 0.43203125 0.29765625 0.0296875 0.053125
0 0.403125 0.29765625 0.03046875 0.053125
0 0.3734375 0.2984375 0.0328125 0.053125
0 0.34375 0.29921875 0.03359375 0.05390625
0 0.3765625 0.35078125 0.03203125 0.05078125
0 0.346875 0.3515625 0.0328125 0.05078125
0 0.3171875 0.34921875 0.034375 0.05703125
3 0.98359375 0.7125 0.03203125 0.06171875