3 0.38359375 0.73125 0.103125 0.06484375
3 0.946875 0.3609375 0.10546875 0.040625
3 0.56875 0.375 0.07734375 0.03125
3 0.65546875 0.37421875 0.09609375 0.0296875
3 0.75703125 0.371875 0.109375 0.02890625
3 0.071875 0.715625 0.13984375 0.05703125
3 0.28203125 0.38203125 0.09296875 0.03359375
3 0.35859375 0.3796875 0.1 0.03359375
3 0.58359375 0.74453125 0.09609375 0.071875
0 0.23359375 0.571875 0.03203125 0.01875
0 0.2046875 0.571875 0.03515625 0.02109375
0 0.19765625 0.5640625 0.03515625 0.03125
0 0.14453125 0.57109375 0.03359375 0.01875
0 0.171875 0.56875 0.0203125 0.01796875
3 0.89296875 0.759375 0.1671875 0.0796875
3 0.709375 0.75078125 0.12421875 0.075
3 0.97109375 0.77109375 0.05703125 0.059375
3 0.46796875 0.5765625 0.08203125 0.0390625
0 0.984375 0.56171875 0.03046875 0.071875
0 0.9234375 0.5609375 0.09296875 0.071875
0 0.88828125 0.5609375 0.075 0.071875
0 0.92265625 0.490625 0.09375 0.0703125
0 0.64140625 0.49296875 0.03828125 0.065625
0 0.6421875 0.559375 0.03828125 0.06640625
0 0.60390625 0.55859375 0.0375 0.065625
0 0.565625 0.55859375 0.03828125 0.06640625
0 0.60078125 0.49296875 0.04375 0.065625
0 0.49765625 0.19296875 0.03671875 0.05625
0 0.4609375 0.19609375 0.0359375 0.05625
0 0.390625 0.20078125 0.03359375 0.05546875
0 0.42578125 0.1984375 0.034375 0.05546875
0 0.43046875 0.14140625 0.04453125 0.06171875
0 0.39140625 0.14375 0.034375 0.06171875
0 0.35703125 0.146875 0.03359375 0.06171875
0 0.3234375 0.15 0.0328125 0.0609375
0 0.35625 0.203125 0.03359375 0.0546875
0 0.3234375 0.20546875 0.0328125 0.05390625
0 0.290625 0.2078125 0.0328125 0.0546875
0 0.23125 0.19921875 0.06484375 0.0734375
0 0.18359375 0.19140625 0.03203125 0.0515625
0 0.1515625 0.19375 0.03046875 0.05078125
0 0.12109375 0.19609375 0.03046875 0.0515625
0 0.090625 0.1984375 0.03046875 0.05078125
0 0.0609375 0.20078125 0.0296875 0.05
0 0.03203125 0.203125 0.02890625 0.05
0 0.22734375 0.37109375 0.06484375 0.05703125
0 0.17890625 0.37265625 0.03203125 0.05625
0 0.146875 0.37421875 0.03125 0.05546875
0 0.1671875 0.3171875 0.0703125 0.05859375
0 0.11640625 0.375 0.03046875 0.05546875
0 0.0859375 0.37578125 0.03046875 0.05546875
0 0.05625 0.3765625 0.0296875 0.05390625
0 0.0265625 0.37734375 0.0296875 0.0546875
0 0.1171875 0.31875 0.03046875 0.05859375
0 0.08671875 0.3203125 0.03046875 0.05703125
0 0.05703125 0.32109375 0.0296875 0.05703125
3 0.73125 0.46328125 0.0421875 0.01171875
3 0.69296875 0.4640625 0.04453125 0.01328125
3 0.3453125 0.53828125 0.040625 0.01015625
3 0.44140625 0.5390625 0.034375 0.01015625
3 0.47578125 0.5390625 0.034375 0.01015625
3 0.50546875 0.5390625 0.021875 0.01015625
3 0.54453125 0.46640625 0.02734375 0.009375
3 0.57109375 0.46640625 0.025 0.009375
3 0.43671875 0.46796875 0.02734375 0.009375
3 0.465625 0.4671875 0.03046875 0.01015625
0 0.69765625 0.53359375 0.02421875 0.02421875
0 0.3828125 0.53203125 0.02421875 0.0234375
3 0.67109375 0.540625 0.01796875 0.009375
0 0.57109375 0.50859375 0.01328125 0.0234375
0 0.54375 0.53203125 0.01328125 0.02421875
0 0.55703125 0.50859375 0.0140625 0.0234375
0 0.41015625 0.46171875 0.01796875 0.021875
0 0.39453125 0.46171875 0.0125 0.021875
0 0.38203125 0.4625 0.01171875 0.02109375
0 0.38515625 0.4421875 0.01875 0.01796875
0 0.36953125 0.4625 0.01171875 0.02109375
0 0.35703125 0.4625 0.01171875 0.02109375
0 0.34453125 0.4625 0.01171875 0.02109375
0 0.33203125 0.4625 0.01171875 0.02109375
0 0.36953125 0.4421875 0.01171875 0.01796875
0 0.35703125 0.4421875 0.01171875 0.01796875
0 0.34453125 0.44296875 0.01171875 0.01640625
0 0.4109375 0.38828125 0.01640625 0.01328125
0 0.5140625 0.3890625 0.00390625 0.0046875
0 0.49140625 0.390625 0.0125 0.0046875
0 0.4921875 0.3765625 0.0140625 0.0234375
0 0.478125 0.3765625 0.01328125 0.021875
0 0.46484375 0.37734375 0.0125 0.0234375
0 0.45234375 0.378125 0.0125 0.021875