3 0.48828125 0.74921875 0.065625 0.03828125
3 0.978125 0.40390625 0.04296875 0.05546875
3 0.375 0.6375 0.03359375 0.01171875
3 0.45078125 0.64375 0.05859375 0.01796875
3 0.4875 0.64609375 0.0640625 0.0203125
3 0.52578125 0.65 0.07109375 0.02421875
3 0.56875 0.50625 0.04921875 0.0296875
3 0.63203125 0.49296875 0.0765625 0.0359375
3 0.72109375 0.471875 0.10234375 0.0453125
3 0.75390625 0.85078125 0.12265625 0.096875
3 0.528125 0.7640625 0.0734375 0.0453125
3 0.3796875 0.7109375 0.04609375 0.0234375
3 0.4375 0.53671875 0.03359375 0.0203125
3 0.475 0.53046875 0.06171875 0.021875
3 0.59296875 0.78984375 0.08828125 0.059375
0 0.40234375 0.63125 0.025 0.03046875
3 0.92109375 0.9109375 0.15703125 0.13671875
3 0.915625 0.68359375 0.1671875 0.0515625
0 0.746875 0.64921875 0.05703125 0.06875
0 0.70078125 0.646875 0.040625 0.0640625
0 0.66484375 0.64453125 0.03515625 0.06015625
0 0.70390625 0.5828125 0.053125 0.06171875
0 0.63046875 0.5875 0.04609375 0.0546875
0 0.62890625 0.64296875 0.03984375 0.05546875
0 0.596875 0.64140625 0.02578125 0.0515625
0 0.57265625 0.63984375 0.0234375 0.05
0 0.5953125 0.5890625 0.02578125 0.05078125
0 0.42734375 0.534375 0.0296875 0.03046875
0 0.4078125 0.53671875 0.009375 0.0296875
0 0.3984375 0.5390625 0.00859375 0.02890625
0 0.40859375 0.51171875 0.028125 0.03046875
0 0.38984375 0.54140625 0.00859375 0.028125
0 0.38203125 0.54375 0.00859375 0.0265625
0 0.375 0.54609375 0.0078125 0.02578125
0 0.36796875 0.5484375 0.00703125 0.02578125
0 0.39140625 0.51484375 0.00859375 0.0296875
0 0.3828125 0.51796875 0.0078125 0.02890625
0 0.37578125 0.5203125 0.00703125 0.028125
0 0.42734375 0.4421875 0.02421875 0.03046875
0 0.41015625 0.446875 0.009375 0.0296875
0 0.4015625 0.4515625 0.00859375 0.028125
0 0.39296875 0.45703125 0.00859375 0.0265625
0 0.38515625 0.46171875 0.0078125 0.0265625
0 0.37734375 0.465625 0.00703125 0.02578125
0 0.3703125 0.46953125 0.00703125 0.02421875
0 0.540625 0.40078125 0.03671875 0.04921875
0 0.51328125 0.40390625 0.01640625 0.04140625
0 0.4828125 0.42109375 0.01328125 0.03828125
0 0.49765625 0.41328125 0.01484375 0.0390625
0 0.50703125 0.37890625 0.034375 0.04375
0 0.4828125 0.38828125 0.01328125 0.040625
0 0.46953125 0.396875 0.0125 0.03984375
0 0.45703125 0.40390625 0.01171875 0.03828125
0 0.46875 0.428125 0.01328125 0.0359375
0 0.45625 0.434375 0.01171875 0.034375
0 0.44453125 0.440625 0.01171875 0.03359375