2 0.05625 0.70703125 0.1125 0.309375
3 0.43515625 0.6015625 0.0640625 0.06875
3 0.98203125 0.47890625 0.034375 0.03203125
3 0.92890625 0.49140625 0.14140625 0.090625
3 0.553125 0.421875 0.06875 0.06484375
3 0.615625 0.434375 0.0765625 0.06640625
3 0.703125 0.453125 0.08984375 0.0640625
3 0.26953125 0.53984375 0.0640625 0.0515625
3 0.36328125 0.3890625 0.07421875 0.05078125
3 0.40703125 0.3984375 0.07265625 0.05390625
3 0.55078125 0.64921875 0.06484375 0.08359375
0 0.965625 0.6625 0.0671875 0.10625
0 0.34140625 0.48125 0.01875 0.0203125
0 0.325 0.48203125 0.01875 0.021875
0 0.3203125 0.46953125 0.01875 0.02578125
0 0.2921875 0.46953125 0.01953125 0.0203125
0 0.31015625 0.46875 0.01875 0.0203125
3 0.7703125 0.7296875 0.09296875 0.109375
3 0.634375 0.6796875 0.0671875 0.09296875
3 0.86015625 0.76953125 0.09921875 0.1015625
3 0.946875 0.8015625 0.10546875 0.11328125
3 0.4796875 0.5359375 0.0578125 0.0734375
0 0.87890625 0.63125 0.05390625 0.09140625
0 0.8359375 0.61640625 0.0546875 0.0953125
0 0.7953125 0.60625 0.05703125 0.09296875
0 0.84375 0.57109375 0.06875 0.09375
0 0.60078125 0.51015625 0.0328125 0.07578125
0 0.5984375 0.55390625 0.0328125 0.06953125
0 0.5703125 0.55703125 0.02734375 0.04609375
0 0.54453125 0.5359375 0.02734375 0.071875
0 0.57421875 0.503125 0.0328125 0.0734375
0 0.503125 0.27109375 0.03984375 0.06328125
0 0.47578125 0.26953125 0.040625 0.0609375
0 0.4171875 0.26875 0.0265625 0.0515625
0 0.44296875 0.2703125 0.02734375 0.05390625
0 0.4484375 0.215625 0.04296875 0.05703125
0 0.42265625 0.21484375 0.04296875 0.05546875
0 0.39609375 0.2140625 0.03984375 0.0546875
0 0.3703125 0.21328125 0.03359375 0.053125
0 0.39375 0.26640625 0.0265625 0.05078125
0 0.3703125 0.26484375 0.02578125 0.05
0 0.3484375 0.26015625 0.02578125 0.05390625
0 0.309375 0.23828125 0.04921875 0.05078125
0 0.284375 0.23671875 0.03984375 0.05
0 0.26640625 0.2359375 0.04140625 0.04921875
0 0.24765625 0.234375 0.040625 0.04921875
0 0.23203125 0.23359375 0.04296875 0.046875
0 0.215625 0.23203125 0.04453125 0.04609375
0 0.196875 0.23125 0.0390625 0.04609375
0 0.32265625 0.36640625 0.04375 0.05390625
0 0.3015625 0.36328125 0.0390625 0.05390625
0 0.275 0.365625 0.02265625 0.040625
0 0.28203125 0.32109375 0.046875 0.0515625
0 0.2578125 0.36171875 0.02265625 0.040625
0 0.24140625 0.359375 0.021875 0.0390625
0 0.22578125 0.35625 0.02109375 0.0390625
0 0.21015625 0.35078125 0.02109375 0.04375
0 0.26171875 0.31875 0.0421875 0.05
0 0.2453125 0.31640625 0.0421875 0.04921875
0 0.22890625 0.3140625 0.04140625 0.0484375
3 0.52578125 0.40078125 0.01640625 0.015625
3 0.81015625 0.30703125 0.046875 0.021875
3 0.76328125 0.30390625 0.04921875 0.021875
3 0.42421875 0.3359375 0.0328125 0.01875
3 0.50390625 0.3484375 0.03359375 0.01953125
3 0.534375 0.3515625 0.03203125 0.0203125
3 0.5625 0.35703125 0.0296875 0.0234375
3 0.6015625 0.290625 0.03046875 0.01796875
3 0.63203125 0.29296875 0.03515625 0.01796875
3 0.6703125 0.296875 0.0375 0.01640625
3 0.66484375 0.42578125 0.02265625 0.01796875
3 0.56171875 0.40859375 0.02421875 0.0109375
3 0.434375 0.38046875 0.01796875 0.01015625
3 0.53203125 0.284375 0.01796875 0.01484375
0 0.753125 0.37578125 0.02265625 0.03359375
0 0.45390625 0.33515625 0.02109375 0.02578125
3 0.74140625 0.440625 0.03828125 0.02578125
3 0.78046875 0.4484375 0.040625 0.02578125
3 0.7125 0.3765625 0.03984375 0.025
0 0.66875 0.3640625 0.01640625 0.03125
0 0.65390625 0.36484375 0.015625 0.02421875
0 0.63984375 0.359375 0.015625 0.03046875
0 0.65625 0.34765625 0.01484375 0.01171875
0 0.62265625 0.34375 0.01328125 0.01171875
0 0.621875 0.35859375 0.01484375 0.0265625
0 0.60859375 0.35859375 0.0140625 0.0234375
0 0.59609375 0.35390625 0.01484375 0.0296875
0 0.609375 0.3421875 0.01328125 0.01171875
0 0.47578125 0.20546875 0.01171875 0.02421875
0 0.578125 0.21796875 0.01484375 0.0265625
0 0.565625 0.21796875 0.01640625 0.0265625
0 0.5390625 0.21796875 0.01015625 0.02421875
0 0.55078125 0.21796875 0.01328125 0.025
0 0.553125 0.19296875 0.0171875 0.02578125
0 0.540625 0.1921875 0.01328125 0.025
0 0.5234375 0.1921875 0.00546875 0.025
0 0.50859375 0.1921875 0.00390625 0.025
0 0.52265625 0.21796875 0.00546875 0.02421875
0 0.50859375 0.2171875 0.00390625 0.0234375
0 0.50078125 0.215625 0.01171875 0.02578125