2 0.2578125 0.5625 0.05078125 0.1359375
3 0.065625 0.54921875 0.07578125 0.01796875
3 0.01015625 0.53984375 0.0203125 0.02265625
3 0.059375 0.64296875 0.07890625 0.02421875
3 0.02734375 0.3921875 0.03046875 0.0390625
3 0.00625 0.3765625 0.0125 0.0296875
0 0.00390625 0.165625 0.0078125 0.0625
0 0.015625 0.18515625 0.01796875 0.0703125
0 0.00234375 0.21171875 0.0046875 0.0453125
0 0.01171875 0.22734375 0.0171875 0.05625
0 0.02578125 0.24765625 0.015625 0.05234375
0 0.04765625 0.26796875 0.03046875 0.04921875
0 0.06640625 0.2859375 0.01171875 0.040625
0 0.07578125 0.3 0.0109375 0.03828125
0 0.084375 0.3125 0.00859375 0.0359375
0 0.09140625 0.3234375 0.00859375 0.034375
0 0.0984375 0.334375 0.0078125 0.03203125
0 0.1046875 0.34296875 0.0078125 0.03046875
0 0.034375 0.3953125 0.040625 0.05
0 0.059375 0.4078125 0.0125 0.040625
0 0.06875 0.415625 0.01171875 0.03828125
0 0.0484375 0.37578125 0.05625 0.05390625
0 0.07734375 0.4234375 0.009375 0.0359375
0 0.0859375 0.4296875 0.009375 0.034375
0 0.0921875 0.43515625 0.00859375 0.034375
0 0.09921875 0.440625 0.0078125 0.03046875
0 0.07890625 0.38984375 0.009375 0.04140625
0 0.0875 0.39765625 0.00859375 0.040625
0 0.09453125 0.4046875 0.00859375 0.0390625
3 0.47421875 0.63984375 0.05 0.02421875
3 0.9953125 0.11328125 0.009375 0.0640625
3 0.89609375 0.17578125 0.20390625 0.1671875
3 0.51953125 0.4125 0.0328125 0.034375
3 0.559375 0.390625 0.046875 0.0421875
3 0.62265625 0.35546875 0.0765625 0.0578125
3 0.4109375 0.61953125 0.03515625 0.01484375
3 0.440625 0.459375 0.03046875 0.02109375
3 0.459375 0.45078125 0.03828125 0.0234375
3 0.53984375 0.6625 0.0734375 0.0375
0 0.4390625 0.5546875 0.00546875 0.0078125
0 0.4328125 0.5546875 0.01171875 0.0078125
0 0.42265625 0.55625 0.00859375 0.00625
3 0.7625 0.740625 0.159375 0.0890625
3 0.6046875 0.6859375 0.096875 0.04765625
3 0.90390625 0.79375 0.19140625 0.13828125
3 0.490625 0.546875 0.04921875 0.0171875
0 0.87578125 0.47890625 0.10078125 0.10859375
0 0.79765625 0.4890625 0.0640625 0.09453125
0 0.74296875 0.49765625 0.05 0.084375
0 0.80546875 0.40234375 0.0859375 0.10078125
0 0.5671875 0.478125 0.04609375 0.05234375
0 0.56875 0.52578125 0.04609375 0.05
0 0.5375 0.52890625 0.01484375 0.046875
0 0.52265625 0.53046875 0.0125 0.04453125
0 0.5375 0.48359375 0.01484375 0.04765625
0 0.50859375 0.315625 0.03203125 0.040625
0 0.4875 0.328125 0.0109375 0.0375
0 0.46796875 0.3484375 0.00859375 0.0328125
0 0.47734375 0.33828125 0.009375 0.0359375
0 0.4859375 0.309375 0.0265625 0.0421875
0 0.46796875 0.31953125 0.00859375 0.04140625
0 0.459375 0.3296875 0.00859375 0.03828125
0 0.45234375 0.3390625 0.0078125 0.0375
0 0.459375 0.3578125 0.00859375 0.03203125
0 0.4515625 0.365625 0.0078125 0.03046875
0 0.44453125 0.37265625 0.00625 0.02890625
0 0.434375 0.378125 0.0140625 0.02421875
0 0.42421875 0.384375 0.00625 0.02578125
0 0.41953125 0.390625 0.00390625 0.0234375
0 0.4140625 0.39609375 0.00390625 0.0234375
0 0.409375 0.4015625 0.00390625 0.02265625
0 0.4046875 0.40546875 0.003125 0.0203125
0 0.40078125 0.41015625 0.003125 0.0203125
0 0.4328125 0.4609375 0.0125 0.0265625
0 0.42265625 0.4640625 0.00546875 0.02421875
0 0.4171875 0.4671875 0.00546875 0.02421875
0 0.42734375 0.44453125 0.02421875 0.02734375
0 0.4125 0.47109375 0.00390625 0.0234375
0 0.40859375 0.47421875 0.00390625 0.02265625
0 0.40390625 0.47734375 0.00390625 0.02265625
0 0.39921875 0.4796875 0.003125 0.02109375
0 0.4125 0.4484375 0.00390625 0.0265625
0 0.40859375 0.4515625 0.00390625 0.0265625
0 0.40390625 0.45546875 0.00390625 0.02578125
3 0.67734375 0.61796875 0.0375 0.0125
3 0.984375 0.42109375 0.03046875 0.02578125
3 0.85625 0.634375 0.065625 0.01796875
3 0.71171875 0.6203125 0.046875 0.0125
3 0.5859375 0.60625 0.03046875 0.00859375
3 0.640625 0.49296875 0.02734375 0.01171875
3 0.6671875 0.4890625 0.0390625 0.0125
3 0.759375 0.62265625 0.05390625 0.00859375
3 0.94453125 0.6453125 0.08515625 0.02265625
3 0.990625 0.64921875 0.0171875 0.0171875
0 0.62421875 0.4921875 0.01953125 0.0203125
0 0.6109375 0.49453125 0.00859375 0.0203125
0 0.6015625 0.49609375 0.0078125 0.01953125
0 0.60703125 0.47734375 0.01796875 0.0203125
0 0.59453125 0.49765625 0.0078125 0.0171875
0 0.59453125 0.4796875 0.0078125 0.01953125
0 0.62421875 0.4328125 0.01796875 0.0203125
0 0.6109375 0.43671875 0.00859375 0.0203125
0 0.6015625 0.4390625 0.0078125 0.01953125
0 0.59453125 0.4421875 0.0078125 0.0203125
0 0.5859375 0.4453125 0.00625 0.01796875
0 0.5796875 0.44765625 0.00625 0.015625
0 0.57265625 0.44921875 0.00625 0.0125
0 0.72109375 0.40625 0.015625 0.0234375
0 0.69609375 0.4125 0.009375 0.02109375
0 0.6765625 0.4203125 0.00390625 0.02109375
0 0.6859375 0.41640625 0.0125 0.02421875
0 0.6890625 0.39609375 0.0203125 0.0234375
0 0.6765625 0.40078125 0.00390625 0.0171875
0 0.659375 0.40859375 0.00625 0.0171875
0 0.65078125 0.4109375 0.0109375 0.01796875
0 0.659375 0.4265625 0.00625 0.02109375
0 0.65078125 0.42890625 0.0109375 0.02265625
0 0.640625 0.4328125 0.009375 0.02265625
3 0.2078125 0.9484375 0.09609375 0.10078125