3 0.98125 0.98125 0.03515625 0.03515625
3 0.97890625 0.67421875 0.01484375 0.04765625
3 0.975 0.71640625 0.009375 0.05625
3 0.98203125 0.9015625 0.03203125 0.11171875
3 0.98203125 0.77265625 0.02578125 0.0765625
3 0.4390625 0.65234375 0.0625 0.07734375
3 0.65390625 0.3578125 0.04140625 0.0234375
3 0.6359375 0.36640625 0.0421875 0.0265625
3 0.5203125 0.4203125 0.05546875 0.0421875
3 0.54765625 0.40625 0.05546875 0.0359375
3 0.58046875 0.39453125 0.04609375 0.0328125
3 0.1734375 0.86953125 0.1 0.15859375
3 0.371875 0.4921875 0.07578125 0.0703125
3 0.4203125 0.4703125 0.0703125 0.06171875
3 0.5234375 0.5875 0.053125 0.0578125
0 0.646875 0.4265625 0.02578125 0.03203125
0 0.3171875 0.6375 0.0203125 0.03203125
0 0.3 0.65625 0.02109375 0.0359375
0 0.278125 0.6546875 0.0203125 0.04609375
0 0.22890625 0.69765625 0.02265625 0.04140625
0 0.25546875 0.671875 0.02109375 0.0375
3 0.6046875 0.52421875 0.04375 0.0296875
3 0.56171875 0.5609375 0.04921875 0.0390625
3 0.6328125 0.5078125 0.02578125 0.02890625
3 0.64921875 0.49375 0.0265625 0.02578125
3 0.48203125 0.54375 0.059375 0.06171875
0 0.63359375 0.43984375 0.009375 0.03046875
0 0.6203125 0.446875 0.01953125 0.0296875
0 0.60859375 0.4484375 0.02734375 0.0375
0 0.61875 0.41875 0.0265625 0.03515625
0 0.5453125 0.4625 0.0265625 0.04453125
0 0.55234375 0.4953125 0.0125 0.03515625
0 0.53046875 0.5015625 0.0296875 0.04140625
0 0.5171875 0.50625 0.03046875 0.05078125
0 0.53125 0.46953125 0.03046875 0.04609375
0 0.48984375 0.325 0.03515625 0.04765625
0 0.48046875 0.3296875 0.01953125 0.05078125
0 0.440625 0.34140625 0.02265625 0.04921875
0 0.4625 0.3375 0.0203125 0.046875
0 0.4515625 0.29140625 0.0375 0.05078125
0 0.43046875 0.29453125 0.040625 0.05234375
0 0.409375 0.29921875 0.04140625 0.05546875
0 0.384375 0.3015625 0.04453125 0.05859375
0 0.41875 0.34765625 0.02421875 0.05
0 0.39453125 0.353125 0.0265625 0.053125
0 0.3609375 0.35546875 0.04453125 0.0640625
0 0.2875 0.35 0.05078125 0.07265625
0 0.2515625 0.3578125 0.05390625 0.0765625
0 0.2109375 0.365625 0.05625 0.08046875
0 0.1671875 0.37421875 0.06171875 0.0875
0 0.1140625 0.38515625 0.0703125 0.09375
0 0.0546875 0.39609375 0.08203125 0.10078125
0 0.0171875 0.40390625 0.034375 0.10234375
0 0.30390625 0.503125 0.04609375 0.07890625
0 0.2734375 0.5171875 0.04453125 0.084375
0 0.2390625 0.54453125 0.04609375 0.065625
0 0.22734375 0.4828125 0.053125 0.0875
0 0.19921875 0.5625 0.05234375 0.0703125
0 0.153125 0.58046875 0.059375 0.07890625
0 0.10390625 0.60546875 0.0671875 0.0796875
0 0.046875 0.615625 0.07890625 0.115625
0 0.1875 0.496875 0.05625 0.09375
0 0.140625 0.51328125 0.0625 0.10078125
0 0.0875 0.53125 0.07265625 0.109375
3 0.32578125 0.471875 0.02578125 0.02421875
3 0.140625 0.465625 0.05 0.0203125
3 0.28046875 0.4328125 0.0421875 0.0296875
3 0.3140625 0.4203125 0.0375 0.02734375
3 0.35390625 0.415625 0.02109375 0.015625
3 0.43125 0.43046875 0.03046875 0.02109375
3 0.35 0.459375 0.0359375 0.02265625
3 0.38515625 0.44765625 0.034375 0.02109375
0 0.47890625 0.37265625 0.0125 0.00625
0 0.2 0.4421875 0.03203125 0.0234375
3 0.4578125 0.4234375 0.0296875 0.0171875
3 0.47734375 0.415625 0.0171875 0.015625
3 0.49609375 0.40390625 0.0203125 0.00546875
3 0.45859375 0.37890625 0.02578125 0.0109375
0 0.43359375 0.3875 0.009375 0.0078125
0 0.42421875 0.390625 0.00859375 0.00625
0 0.4125 0.39453125 0.0125 0.0078125
0 0.40078125 0.39765625 0.0109375 0.00625
0 0.390625 0.4015625 0.009375 0.0078125
0 0.378125 0.40390625 0.0140625 0.00859375
0 0.18203125 0.328125 0.02109375 0.0078125
0 0.16171875 0.33046875 0.02109375 0.0078125
0 0.13984375 0.334375 0.02265625 0.00859375
0 0.1171875 0.3375 0.0234375 0.0078125
0 0.2140625 0.27890625 0.02421875 0.0328125
0 0.1953125 0.28046875 0.0265625 0.03203125
0 0.175 0.2828125 0.0265625 0.034375
0 0.15390625 0.28515625 0.02734375 0.034375
0 0.13125 0.2875 0.02890625 0.0359375
0 0.1078125 0.2890625 0.03046875 0.0375
0 0.0828125 0.290625 0.0328125 0.0375
0 0.34453125 0.2765625 0.01953125 0.02578125
0 0.334375 0.278125 0.0140625 0.0265625
0 0.30625 0.2828125 0.0171875 0.02578125
0 0.3171875 0.28125 0.00625 0.02421875
0 0.3125 0.25546875 0.00859375 0.02578125
0 0.30078125 0.25625 0.01953125 0.02578125
0 0.2875 0.2578125 0.01953125 0.02734375
0 0.2703125 0.259375 0.0234375 0.02890625
0 0.290625 0.284375 0.01796875 0.02578125
0 0.27578125 0.2859375 0.01953125 0.0265625
0 0.2578125 0.2859375 0.0234375 0.0296875
3 0.80078125 0.58203125 0.0609375 0.0578125