3 0.37421875 0.79609375 0.0921875 0.06171875
3 0.6421875 0.5546875 0.02734375 0.01484375
3 0.61640625 0.55078125 0.04453125 0.015625
3 0.30859375 0.66171875 0.1 0.03515625
3 0.38125 0.65625 0.0875 0.02890625
3 0.44296875 0.6515625 0.075 0.02421875
3 0.49140625 0.5234375 0.06171875 0.0234375
3 0.52421875 0.53203125 0.05859375 0.0203125
3 0.56328125 0.53984375 0.04140625 0.01875
3 0.56640625 0.73359375 0.0578125 0.03046875
3 0.434375 0.77578125 0.0796875 0.05078125
3 0.31015625 0.4765625 0.08046875 0.04375
3 0.37734375 0.49296875 0.0640625 0.03671875
3 0.49765625 0.75703125 0.06953125 0.04140625
0 0.62421875 0.63125 0.02734375 0.02890625
0 0.0734375 0.653125 0.12109375 0.08828125
3 0.59921875 0.725 0.05234375 0.021875
3 0.63125 0.71796875 0.02890625 0.0203125
3 0.65 0.7109375 0.02734375 0.01875
3 0.6 0.64140625 0.03984375 0.01328125
0 0.57421875 0.6328125 0.01171875 0.034375
0 0.56171875 0.63359375 0.0125 0.03515625
0 0.546875 0.63359375 0.01796875 0.0359375
0 0.55234375 0.59765625 0.03046875 0.034375
0 0.53046875 0.59609375 0.0140625 0.03671875
0 0.53125 0.634375 0.0140625 0.03828125
0 0.515625 0.6359375 0.01484375 0.03984375
0 0.48984375 0.6359375 0.03671875 0.04140625
0 0.50546875 0.5953125 0.03515625 0.0390625
0 0.21484375 0.43984375 0.05078125 0.071875
0 0.1640625 0.4265625 0.0578125 0.078125
0 0.10703125 0.4125 0.06796875 0.084375
0 0.1140625 0.34375 0.06640625 0.0890625
0 0.040625 0.39609375 0.08046875 0.09140625
0 0.0046875 0.3859375 0.009375 0.078125
0 0.04921875 0.32109375 0.078125 0.096875
0 0.01015625 0.30703125 0.01953125 0.0859375
0 0.23203125 0.25546875 0.046875 0.071875
0 0.1859375 0.23046875 0.05234375 0.078125
0 0.13359375 0.203125 0.0609375 0.08515625
0 0.0734375 0.171875 0.07109375 0.09375
0 0.02265625 0.1421875 0.04453125 0.08828125
0 0.4671875 0.39609375 0.01875 0.04375
0 0.44765625 0.3859375 0.01953125 0.04609375
0 0.403125 0.3640625 0.025 0.05078125
0 0.4265625 0.37578125 0.02265625 0.0484375
0 0.42734375 0.3359375 0.021875 0.0515625
0 0.40390625 0.3234375 0.025 0.05546875
0 0.37890625 0.30859375 0.02734375 0.059375
0 0.3453125 0.29296875 0.04296875 0.06328125
0 0.37734375 0.3515625 0.02734375 0.05390625
0 0.35 0.33828125 0.03046875 0.05625
0 0.31328125 0.321875 0.04453125 0.0609375
3 0.77109375 0.69140625 0.05234375 0.0203125