3 0.41328125 0.66953125 0.0703125 0.03203125
3 0.87421875 0.4125 0.09765625 0.0234375
3 0.8109375 0.4125 0.096875 0.0234375
3 0.546875 0.4140625 0.0515625 0.01953125
3 0.6046875 0.415625 0.06171875 0.01796875
3 0.66953125 0.415625 0.06875 0.01796875
3 0.16015625 0.66875 0.10078125 0.03203125
3 0.3390625 0.4140625 0.0578125 0.021875
3 0.396875 0.4140625 0.0640625 0.021875
3 0.55703125 0.67109375 0.0671875 0.03359375
0 0.8703125 0.540625 0.06171875 0.0453125
0 0.29375 0.55625 0.01953125 0.01171875
0 0.2734375 0.55546875 0.02265625 0.0140625
0 0.2640625 0.55078125 0.0234375 0.02109375
0 0.2234375 0.55625 0.02421875 0.01171875
0 0.24453125 0.55546875 0.01640625 0.01171875
3 0.7578125 0.671875 0.09296875 0.034375
3 0.64140625 0.671875 0.078125 0.034375
3 0.83046875 0.67421875 0.08125 0.02890625
3 0.89453125 0.6734375 0.0859375 0.03046875
3 0.47734375 0.55390625 0.05390625 0.01875
0 0.8140625 0.540625 0.02734375 0.0453125
0 0.78828125 0.540625 0.02734375 0.0453125
0 0.75234375 0.540625 0.046875 0.0453125
0 0.77578125 0.49453125 0.04921875 0.04375
0 0.59609375 0.4953125 0.025 0.04453125
0 0.596875 0.540625 0.02578125 0.0453125
0 0.571875 0.540625 0.02578125 0.04453125
0 0.54453125 0.540625 0.028125 0.0453125
0 0.56875 0.4953125 0.0296875 0.04453125
0 0.4984375 0.29921875 0.02421875 0.05859375
0 0.47265625 0.2890625 0.025 0.03828125
0 0.42265625 0.28984375 0.02421875 0.03671875
0 0.44765625 0.2890625 0.02421875 0.03828125
0 0.44921875 0.25 0.028125 0.040625
0 0.4234375 0.25 0.02421875 0.040625
0 0.3984375 0.25078125 0.02421875 0.04140625
0 0.3734375 0.25 0.02421875 0.040625
0 0.39765625 0.28984375 0.025 0.03671875
0 0.37265625 0.28984375 0.025 0.03671875
0 0.3484375 0.28984375 0.025 0.03671875
0 0.2984375 0.28046875 0.04140625 0.0515625
0 0.265625 0.2734375 0.02578125 0.03671875
0 0.240625 0.2734375 0.025 0.03671875
0 0.215625 0.2734375 0.02578125 0.03671875
0 0.19140625 0.2734375 0.02578125 0.03671875
0 0.16640625 0.2734375 0.02578125 0.03671875
0 0.1421875 0.2734375 0.025 0.03671875
0 0.29375 0.4046875 0.0421875 0.040625
0 0.26015625 0.4046875 0.0265625 0.040625
0 0.234375 0.4046875 0.02578125 0.040625
0 0.24609375 0.36328125 0.046875 0.04296875
0 0.209375 0.4046875 0.02578125 0.040625
0 0.184375 0.40546875 0.02578125 0.03984375
0 0.159375 0.40546875 0.02578125 0.03984375
0 0.13515625 0.4046875 0.02578125 0.040625
0 0.2109375 0.36328125 0.02578125 0.04296875
0 0.1859375 0.36328125 0.02578125 0.04296875
0 0.1609375 0.36328125 0.02578125 0.04140625
3 0.46171875 0.60625 0.02890625 0.0109375
3 0.67578125 0.48984375 0.03203125 0.009375
3 0.6453125 0.48984375 0.03515625 0.009375
3 0.3359375 0.55390625 0.0078125 0.00703125
3 0.44296875 0.553125 0.009375 0.00859375
3 0.459375 0.553125 0.02421875 0.00859375
3 0.48984375 0.5546875 0.00859375 0.00546875
3 0.5265625 0.490625 0.01484375 0.00703125
3 0.54375 0.490625 0.01953125 0.00703125
3 0.5828125 0.60703125 0.03203125 0.01015625
3 0.48984375 0.60625 0.028125 0.0109375
3 0.346875 0.60625 0.03125 0.0109375
3 0.42890625 0.490625 0.02421875 0.00859375
3 0.45390625 0.490625 0.02578125 0.00859375
3 0.53046875 0.60703125 0.021875 0.01015625
0 0.64921875 0.546875 0.01953125 0.0203125
0 0.3734375 0.546875 0.01015625 0.0203125
3 0.61953125 0.60703125 0.03125 0.01015625
3 0.6484375 0.60703125 0.03203125 0.0109375
3 0.6765625 0.60703125 0.034375 0.0109375
3 0.62265625 0.55390625 0.02421875 0.00625
0 0.5296875 0.546875 0.00234375 0.0203125
0 0.5234375 0.546875 0.00859375 0.0203125
0 0.5328125 0.5265625 0.01171875 0.01953125
0 0.4046875 0.48515625 0.01484375 0.01875
0 0.39140625 0.48515625 0.01171875 0.01875
0 0.3796875 0.48515625 0.0109375 0.01875
0 0.38203125 0.465625 0.01640625 0.01875
0 0.36796875 0.48515625 0.0109375 0.01875
0 0.35625 0.48515625 0.01171875 0.01875
0 0.3453125 0.48515625 0.0109375 0.01875
0 0.33671875 0.48515625 0.00546875 0.01875
0 0.36796875 0.465625 0.01171875 0.01875
0 0.35703125 0.465625 0.01171875 0.01875
0 0.3453125 0.465625 0.01171875 0.01875
0 0.47734375 0.41328125 0.01171875 0.01875
0 0.465625 0.41328125 0.0109375 0.01875
0 0.45390625 0.41328125 0.0109375 0.01875
0 0.4421875 0.41328125 0.0109375 0.01875
3 0.77734375 0.59921875 0.05390625 0.01484375