3 0.39453125 0.7609375 0.06953125 0.07109375
3 0.72109375 0.48984375 0.05390625 0.01484375
3 0.6890625 0.49140625 0.06015625 0.015625
3 0.04609375 0.7078125 0.0921875 0.07109375
3 0.32109375 0.66171875 0.07890625 0.05859375
3 0.3953125 0.64453125 0.0703125 0.05078125
3 0.459375 0.63515625 0.06328125 0.0484375
3 0.51484375 0.5015625 0.06171875 0.021875
3 0.5578125 0.49921875 0.0640625 0.01953125
3 0.6046875 0.4984375 0.05859375 0.01875
3 0.60859375 0.696875 0.06328125 0.04609375
3 0.45390625 0.74296875 0.06796875 0.06328125
3 0.0515625 0.8640625 0.10234375 0.10546875
3 0.309375 0.51171875 0.06875 0.03046875
3 0.375 0.50859375 0.06171875 0.028125
3 0.52265625 0.72421875 0.06640625 0.05625
0 0.69453125 0.58125 0.03515625 0.0359375
0 0.15 0.6734375 0.08203125 0.075
3 0.6546875 0.6859375 0.06171875 0.03515625
3 0.696875 0.678125 0.04140625 0.02890625
3 0.7265625 0.66875 0.03984375 0.02578125
3 0.6546875 0.59765625 0.0578125 0.025
0 0.61796875 0.59453125 0.01640625 0.04453125
0 0.59296875 0.59765625 0.03203125 0.04375
0 0.58046875 0.59921875 0.0234375 0.046875
0 0.59296875 0.5609375 0.03359375 0.04375
0 0.5515625 0.56640625 0.0328125 0.0453125
0 0.559375 0.60703125 0.01796875 0.040625
0 0.53984375 0.6109375 0.01953125 0.04296875
0 0.51484375 0.61015625 0.0296875 0.0515625
0 0.5328125 0.56796875 0.03359375 0.046875
0 0.23203125 0.4984375 0.04609375 0.05625
0 0.1890625 0.49921875 0.0421875 0.05859375
0 0.14609375 0.5015625 0.0453125 0.06015625
0 0.15234375 0.440625 0.0609375 0.059375
0 0.10078125 0.50234375 0.04765625 0.06171875
0 0.0515625 0.50390625 0.05234375 0.0640625
0 0.01328125 0.5046875 0.0265625 0.065625
0 0.0984375 0.440625 0.0484375 0.06171875
0 0.04921875 0.4390625 0.053125 0.06484375
0 0.0125 0.43828125 0.02421875 0.065625
0 0.23203125 0.32734375 0.04609375 0.06015625
0 0.1875 0.321875 0.04296875 0.06171875
0 0.14453125 0.31640625 0.0453125 0.0640625
0 0.0984375 0.3109375 0.0484375 0.065625
0 0.04921875 0.30390625 0.053125 0.06953125
0 0.01171875 0.3 0.0234375 0.06875
0 0.478125 0.37578125 0.0234375 0.0453125
0 0.45390625 0.3734375 0.02421875 0.04609375
0 0.4015625 0.36796875 0.02734375 0.0484375
0 0.428125 0.37109375 0.02578125 0.046875
0 0.428125 0.32421875 0.02578125 0.04921875
0 0.4015625 0.32109375 0.02734375 0.05078125
0 0.37265625 0.31640625 0.02890625 0.053125
0 0.34296875 0.31171875 0.03046875 0.0546875
0 0.3734375 0.36484375 0.02890625 0.05
0 0.34375 0.36171875 0.03046875 0.0515625
0 0.31171875 0.35859375 0.0328125 0.05390625
3 0.90234375 0.67734375 0.075 0.04921875