3 0.36640625 0.8421875 0.0890625 0.07109375
3 0.7515625 0.55546875 0.06171875 0.0203125
3 0.715625 0.5515625 0.06953125 0.02109375
3 0.27734375 0.69140625 0.10390625 0.03828125
3 0.37421875 0.6859375 0.084375 0.03359375
3 0.45234375 0.68359375 0.07421875 0.03125
3 0.51875 0.5296875 0.06953125 0.02578125
3 0.578125 0.5359375 0.05078125 0.021875
3 0.62890625 0.5421875 0.05078125 0.02109375
3 0.63671875 0.79140625 0.0796875 0.04453125
3 0.44453125 0.8265625 0.084375 0.06328125
3 0.278125 0.49765625 0.08515625 0.03984375
3 0.35625 0.50703125 0.07109375 0.0359375
3 0.53046875 0.8125 0.08359375 0.0546875
0 0.7296875 0.65859375 0.0421875 0.0390625
0 0.0625 0.67890625 0.11328125 0.078125
3 0.69140625 0.7828125 0.07734375 0.034375
3 0.74140625 0.7765625 0.05390625 0.0296875
3 0.7765625 0.76953125 0.05078125 0.0265625
3 0.68515625 0.67265625 0.06796875 0.01796875
0 0.64140625 0.6609375 0.02109375 0.04453125
0 0.621875 0.66171875 0.02109375 0.04453125
0 0.59765625 0.6625 0.02890625 0.0453125
0 0.61015625 0.6171875 0.04140625 0.04375
0 0.57109375 0.615625 0.02265625 0.04609375
0 0.571875 0.66328125 0.02265625 0.046875
0 0.54921875 0.6640625 0.0234375 0.04921875
0 0.51953125 0.66484375 0.03671875 0.05
0 0.540625 0.615625 0.03984375 0.046875
0 0.1921875 0.4734375 0.06328125 0.06640625
0 0.1375 0.46640625 0.05546875 0.06796875
0 0.08671875 0.459375 0.059375 0.06953125
0 0.10625 0.39765625 0.08203125 0.075
0 0.0328125 0.45234375 0.06484375 0.0734375
0 0.0046875 0.446875 0.009375 0.0640625
0 0.0421875 0.38671875 0.0640625 0.075
0 0.009375 0.3796875 0.01875 0.071875
0 0.2109375 0.29453125 0.05625 0.06328125
0 0.16171875 0.28046875 0.05078125 0.06171875
0 0.11484375 0.26640625 0.05390625 0.06484375
0 0.06484375 0.253125 0.05859375 0.06796875
0 0.02109375 0.23828125 0.0421875 0.0671875
0 0.47734375 0.38671875 0.02578125 0.04609375
0 0.45078125 0.3796875 0.02734375 0.0484375
0 0.39375 0.36484375 0.03125 0.05
0 0.42265625 0.37265625 0.02890625 0.04921875
0 0.42421875 0.32890625 0.02890625 0.053125
0 0.3953125 0.31953125 0.03046875 0.0546875
0 0.3640625 0.3109375 0.0328125 0.05625
0 0.33203125 0.30078125 0.03515625 0.05703125
0 0.3625 0.35703125 0.03359375 0.05078125
0 0.3296875 0.3484375 0.03515625 0.05390625
0 0.2953125 0.3390625 0.03828125 0.05546875
3 0.975 0.75703125 0.04921875 0.03515625