3 0.43046875 0.70234375 0.06953125 0.06953125
3 0.96953125 0.50625 0.059375 0.053125
3 0.92578125 0.503125 0.14765625 0.05859375
3 0.20546875 0.5703125 0.07578125 0.0484375
3 0.36640625 0.596875 0.078125 0.05703125
3 0.42734375 0.6015625 0.07421875 0.059375
3 0.48828125 0.61328125 0.06328125 0.06953125
3 0.56328125 0.48125 0.06015625 0.05078125
3 0.6328125 0.48515625 0.078125 0.05
3 0.715625 0.49375 0.0953125 0.04609375
3 0.703125 0.75703125 0.08828125 0.08828125
3 0.48671875 0.7125 0.06640625 0.0734375
3 0.2234375 0.66171875 0.0796875 0.05703125
3 0.353125 0.46875 0.07890625 0.04453125
3 0.40390625 0.471875 0.075 0.04609375
3 0.565625 0.73125 0.06640625 0.0796875
0 0.9109375 0.65546875 0.08203125 0.08984375
0 0.265625 0.56953125 0.04765625 0.06015625
3 0.796875 0.77421875 0.10625 0.09453125
3 0.88828125 0.8015625 0.10078125 0.0765625
3 0.95859375 0.8109375 0.08203125 0.08359375
3 0.81171875 0.65078125 0.1125 0.07421875
0 0.71875 0.62578125 0.03671875 0.0765625
0 0.684375 0.62109375 0.03984375 0.0765625
0 0.653125 0.61640625 0.0390625 0.07578125
0 0.6859375 0.575 0.04453125 0.07421875
0 0.6171875 0.5671875 0.03203125 0.07109375
0 0.615625 0.62421875 0.03046875 0.04921875
0 0.58671875 0.6203125 0.02890625 0.0484375
0 0.55859375 0.6046875 0.028125 0.071875
0 0.58828125 0.5640625 0.03046875 0.0703125
0 0.30390625 0.4484375 0.046875 0.0546875
0 0.28046875 0.446875 0.04609375 0.05390625
0 0.2484375 0.45078125 0.02578125 0.04375
0 0.25625 0.40390625 0.05078125 0.05
0 0.2265625 0.44921875 0.025 0.04296875
0 0.20546875 0.4484375 0.025 0.04296875
0 0.18515625 0.44609375 0.025 0.04296875
0 0.16484375 0.4421875 0.02421875 0.046875
0 0.2328125 0.403125 0.046875 0.05
0 0.2125 0.40234375 0.04921875 0.04921875
0 0.190625 0.40078125 0.04609375 0.0484375
0 0.2953125 0.3109375 0.05078125 0.05
0 0.259375 0.3109375 0.02734375 0.04921875
0 0.23671875 0.3109375 0.02734375 0.0484375
0 0.21328125 0.3109375 0.02734375 0.0484375
0 0.19140625 0.31171875 0.02734375 0.046875
0 0.16953125 0.3109375 0.02578125 0.04609375
0 0.14921875 0.3109375 0.02578125 0.04609375
0 0.50859375 0.33203125 0.0296875 0.0546875
0 0.47890625 0.33203125 0.02890625 0.0546875
0 0.421875 0.33203125 0.028125 0.05078125
0 0.45 0.33203125 0.02890625 0.053125
0 0.45390625 0.278125 0.0390625 0.0546875
0 0.4203125 0.27890625 0.02890625 0.05390625
0 0.39296875 0.27890625 0.02890625 0.053125
0 0.36640625 0.2796875 0.028125 0.0515625
0 0.3953125 0.33203125 0.02890625 0.05078125
0 0.36875 0.33125 0.02734375 0.05
0 0.34296875 0.33125 0.028125 0.05078125