2 0.2671875 0.890625 0.1078125 0.21640625
3 0.41953125 0.690625 0.08984375 0.05625
3 0.64453125 0.465625 0.02265625 0.01484375
3 0.6203125 0.4609375 0.04296875 0.01640625
3 0.5203125 0.428125 0.05703125 0.025
3 0.55546875 0.4390625 0.0359375 0.0203125
3 0.5796875 0.44765625 0.0359375 0.01953125
3 0.35078125 0.36640625 0.10078125 0.0515625
3 0.41796875 0.38828125 0.07109375 0.04296875
3 0.5234375 0.65390625 0.06640625 0.03671875
0 0.64140625 0.5375 0.01953125 0.025
0 0.24921875 0.5640625 0.0296875 0.021875
0 0.21796875 0.565625 0.03359375 0.0265625
0 0.18046875 0.55859375 0.03359375 0.040625
0 0.08046875 0.5734375 0.0390625 0.0296875
0 0.13671875 0.56796875 0.034375 0.02578125
3 0.60625 0.625 0.04765625 0.0203125
3 0.5640625 0.640625 0.05703125 0.02578125
3 0.6328125 0.61875 0.02421875 0.01875
3 0.64765625 0.6125 0.02265625 0.015625
3 0.4796875 0.553125 0.0734375 0.02109375
0 0.628125 0.53828125 0.00703125 0.028125
0 0.621875 0.53828125 0.00703125 0.028125
0 0.60390625 0.53828125 0.028125 0.0296875
0 0.6109375 0.509375 0.02734375 0.028125
0 0.553125 0.5015625 0.0109375 0.0359375
0 0.55390625 0.53828125 0.01171875 0.0359375
0 0.54140625 0.53828125 0.01171875 0.03828125
0 0.51640625 0.53828125 0.03671875 0.03984375
0 0.5328125 0.5 0.0296875 0.0390625
0 0.49921875 0.29375 0.01640625 0.04609375
0 0.48203125 0.28125 0.01796875 0.04921875
0 0.44140625 0.253125 0.02265625 0.05546875
0 0.4625 0.26796875 0.01953125 0.0515625
0 0.4625 0.22578125 0.01953125 0.06015625
0 0.44140625 0.20859375 0.021875 0.0640625
0 0.41796875 0.1890625 0.02421875 0.06953125
0 0.38125 0.16875 0.04921875 0.07421875
0 0.41796875 0.23671875 0.02421875 0.06015625
0 0.3921875 0.21875 0.02734375 0.06484375
0 0.35234375 0.19765625 0.05078125 0.07109375
0 0.27421875 0.10859375 0.04609375 0.0890625
0 0.225 0.071875 0.053125 0.09921875
0 0.16796875 0.04296875 0.06328125 0.08515625
0 0.10625 0.02109375 0.0625 0.04140625
0 0.26640625 0.31875 0.04765625 0.08203125
0 0.21640625 0.3 0.05546875 0.090625
0 0.15625 0.278125 0.06640625 0.1
0 0.15859375 0.1984375 0.065625 0.1109375
0 0.084375 0.25078125 0.08046875 0.11328125
0 0.0234375 0.228125 0.046875 0.10859375
0 0.0875 0.16328125 0.08046875 0.1265625
0 0.025 0.134375 0.05 0.1265625
3 0.2578125 0.615625 0.04921875 0.0203125
3 0.4671875 0.48828125 0.02109375 0.009375
3 0.44609375 0.4859375 0.03125 0.01015625
3 0.025 0.55078125 0.04921875 0.015625
3 0.21640625 0.546875 0.05234375 0.01171875
3 0.26328125 0.54609375 0.040625 0.0109375
3 0.30234375 0.5453125 0.040625 0.0109375
3 0.33984375 0.4734375 0.034375 0.01171875
3 0.3703125 0.4765625 0.02734375 0.0109375
3 0.39765625 0.48125 0.02734375 0.01015625
3 0.396875 0.596875 0.0359375 0.01328125
3 0.28984375 0.609375 0.03125 0.015625
3 0.025 0.646875 0.05 0.02890625
3 0.21328125 0.45703125 0.04453125 0.01796875
3 0.25390625 0.4625 0.0375 0.015625
3 0.3421875 0.60546875 0.03984375 0.015625
0 0.45 0.53515625 0.01796875 0.01328125
0 0.103125 0.53828125 0.0484375 0.034375
3 0.4265625 0.59375 0.03125 0.01015625
3 0.45 0.59140625 0.0234375 0.01015625
3 0.46796875 0.5890625 0.02265625 0.009375
0 0.4015625 0.53125 0.009375 0.00625
0 0.39140625 0.53046875 0.01015625 0.00625
0 0.378125 0.53046875 0.0140625 0.00625
0 0.38671875 0.51640625 0.01875 0.0203125
0 0.365625 0.515625 0.0109375 0.02109375
0 0.3375 0.534375 0.01875 0.01640625
0 0.34921875 0.51484375 0.01953125 0.021875
0 0.16171875 0.44296875 0.02421875 0.03359375
0 0.13671875 0.4390625 0.02578125 0.034375
0 0.1109375 0.4359375 0.02734375 0.0359375
0 0.11171875 0.403125 0.02734375 0.03671875
0 0.08203125 0.43203125 0.03046875 0.0359375
0 0.0515625 0.428125 0.03203125 0.0390625
0 0.01875 0.4234375 0.03515625 0.040625
0 0.00078125 0.41953125 0.0015625 0.0359375
0 0.08359375 0.3984375 0.0296875 0.0390625
0 0.053125 0.39296875 0.0328125 0.04140625
0 0.0203125 0.38671875 0.03515625 0.04140625
3 0.8390625 0.61953125 0.08125 0.028125
3 0.53984375 0.575 0.028125 0.009375