3 0.4625 0.64453125 0.06328125 0.071875
3 0.96015625 0.59453125 0.07890625 0.09921875
3 0.30703125 0.48984375 0.05390625 0.04296875
3 0.41328125 0.54375 0.06484375 0.059375
3 0.459375 0.56015625 0.0671875 0.06484375
3 0.5078125 0.5859375 0.06640625 0.078125
3 0.578125 0.4828125 0.0734375 0.06953125
3 0.6421875 0.5015625 0.08515625 0.07578125
3 0.734375 0.53203125 0.09609375 0.0796875
3 0.70546875 0.78828125 0.08046875 0.121875
3 0.5078125 0.66953125 0.06484375 0.08046875
3 0.31875 0.56171875 0.05546875 0.04921875
3 0.403125 0.43359375 0.06796875 0.04921875
3 0.440625 0.4453125 0.06953125 0.05390625
3 0.57265625 0.71171875 0.06953125 0.09453125
0 0.9625 0.77734375 0.0734375 0.13203125
0 0.34296875 0.49921875 0.03359375 0.05078125
3 0.815625 0.85078125 0.103125 0.14296875
3 0.92421875 0.91796875 0.12734375 0.15078125
3 0.984375 0.94765625 0.03046875 0.103125
3 0.84609375 0.73125 0.11640625 0.1265625
0 0.72578125 0.6640625 0.04140625 0.09453125
0 0.690625 0.64921875 0.03828125 0.090625
0 0.66015625 0.634375 0.03828125 0.08828125
0 0.696875 0.60625 0.03984375 0.08671875
0 0.625 0.578125 0.0375 0.07890625
0 0.621875 0.6234375 0.03671875 0.07109375
0 0.59140625 0.62109375 0.028125 0.05078125
0 0.56640625 0.59609375 0.028125 0.0765625
0 0.59765625 0.56796875 0.03671875 0.075
0 0.36796875 0.40859375 0.03828125 0.05078125
0 0.35 0.40390625 0.03203125 0.04921875
0 0.328125 0.40546875 0.0171875 0.03828125
0 0.33515625 0.365625 0.03984375 0.04609375
0 0.3140625 0.40078125 0.01640625 0.03671875
0 0.30078125 0.396875 0.01640625 0.0359375
0 0.28828125 0.39375 0.015625 0.03515625
0 0.2765625 0.3875 0.01484375 0.03828125
0 0.31953125 0.3625 0.03515625 0.0453125
0 0.30625 0.359375 0.03515625 0.04375
0 0.29375 0.35625 0.0359375 0.04296875
0 0.3609375 0.29375 0.0421875 0.04609375
0 0.3390625 0.2921875 0.03046875 0.0453125
0 0.3265625 0.290625 0.03515625 0.04375
0 0.31328125 0.28828125 0.03828125 0.04375
0 0.29921875 0.28671875 0.0375 0.04140625
0 0.2859375 0.28515625 0.03515625 0.040625
0 0.2734375 0.28359375 0.03515625 0.03984375
0 0.53203125 0.3328125 0.040625 0.06171875
0 0.50625 0.3296875 0.03984375 0.059375
0 0.4515625 0.3265625 0.02265625 0.04921875
0 0.47421875 0.3296875 0.0234375 0.05
0 0.48203125 0.27890625 0.04140625 0.0546875
0 0.45703125 0.27734375 0.0375 0.053125
0 0.4359375 0.27578125 0.0375 0.05078125
0 0.415625 0.27421875 0.03671875 0.05
0 0.43046875 0.3234375 0.021875 0.046875
0 0.41015625 0.32109375 0.02109375 0.0453125
0 0.39140625 0.315625 0.0203125 0.05