2 0.240625 0.88203125 0.31640625 0.234375
3 0.9953125 0.43984375 0.0078125 0.021875
3 0.99921875 0.44921875 0.00078125 0.00859375
0 0.996875 0.54453125 0.00546875 0.01640625
0 0.99609375 0.57265625 0.00625 0.04921875
0 0.99765625 0.5921875 0.003125 0.01953125
3 0.9703125 0.65390625 0.009375 0.0390625
3 0.975 0.68359375 0.01015625 0.04609375
3 0.99375 0.8140625 0.0109375 0.08125
3 0.9875 0.7234375 0.02421875 0.06171875
3 0.4375 0.65546875 0.06484375 0.06171875
3 0.6390625 0.40625 0.0390625 0.0140625
3 0.6234375 0.409375 0.03828125 0.01484375
3 0.51796875 0.43046875 0.053125 0.0234375
3 0.54375 0.425 0.0515625 0.0203125
3 0.5734375 0.4203125 0.04296875 0.01875
3 0.14453125 0.8359375 0.11640625 0.1453125
3 0.378125 0.45703125 0.07421875 0.03828125
3 0.4234375 0.4484375 0.06875 0.03203125
3 0.521875 0.60546875 0.053125 0.0453125
0 0.63671875 0.471875 0.02421875 0.0265625
0 0.31640625 0.60546875 0.02109375 0.02578125
0 0.2984375 0.61796875 0.02109375 0.0296875
0 0.275 0.6140625 0.02109375 0.03984375
0 0.2234375 0.64609375 0.02265625 0.034375
0 0.25078125 0.628125 0.021875 0.03046875
3 0.6 0.559375 0.0421875 0.025
3 0.55859375 0.5859375 0.04765625 0.03046875
3 0.62578125 0.5484375 0.02421875 0.021875
3 0.64140625 0.53828125 0.02265625 0.0203125
3 0.48203125 0.54453125 0.06015625 0.04296875
0 0.625 0.47890625 0.0078125 0.028125
0 0.6125 0.4828125 0.01640625 0.0265625
0 0.60078125 0.484375 0.02578125 0.03125
0 0.609375 0.45625 0.025 0.0296875
0 0.540625 0.478125 0.02890625 0.03828125
0 0.5484375 0.5109375 0.0109375 0.03359375
0 0.5375 0.515625 0.01171875 0.03515625
0 0.51640625 0.51796875 0.03046875 0.04140625
0 0.5296875 0.48203125 0.02890625 0.0390625
0 0.49921875 0.32734375 0.015625 0.03828125
0 0.48125 0.32578125 0.01953125 0.040625
0 0.44609375 0.3234375 0.01953125 0.04375
0 0.465625 0.325 0.01796875 0.040625
0 0.46484375 0.28359375 0.01796875 0.04375
0 0.44609375 0.28046875 0.01953125 0.0453125
0 0.425 0.2765625 0.021875 0.0484375
0 0.39453125 0.2734375 0.040625 0.05
0 0.42578125 0.321875 0.021875 0.04453125
0 0.40390625 0.32109375 0.0234375 0.046875
0 0.371875 0.31796875 0.0421875 0.05078125
0 0.3109375 0.290625 0.03515625 0.059375
0 0.27578125 0.28671875 0.03984375 0.06171875
0 0.2375 0.28203125 0.04453125 0.06640625
0 0.19375 0.27734375 0.0515625 0.07109375
0 0.14375 0.271875 0.05859375 0.0765625
0 0.0875 0.265625 0.06796875 0.08203125
0 0.03125 0.25859375 0.0625 0.0859375
0 0.31171875 0.45234375 0.04453125 0.06015625
0 0.284375 0.45703125 0.0375 0.0640625
0 0.2484375 0.465625 0.04140625 0.0609375
0 0.240625 0.4078125 0.04921875 0.06171875
0 0.20703125 0.47265625 0.04765625 0.065625
0 0.16171875 0.4796875 0.05390625 0.0703125
0 0.11015625 0.48828125 0.0625 0.075
0 0.05 0.49296875 0.07265625 0.090625
0 0.20078125 0.4109375 0.0515625 0.065625
0 0.1546875 0.4140625 0.05546875 0.07109375
0 0.1015625 0.41875 0.06484375 0.07578125
3 0.31328125 0.53046875 0.0390625 0.02421875
3 0.48515625 0.39140625 0.02734375 0.00703125
3 0.46796875 0.39296875 0.02890625 0.00859375
3 0.37109375 0.4015625 0.03125 0.0109375
3 0.39453125 0.4 0.03203125 0.0109375
3 0.4203125 0.3984375 0.02890625 0.01015625
3 0.425 0.49921875 0.03046875 0.01796875
3 0.34375 0.521875 0.03671875 0.021875
3 0.1421875 0.57890625 0.05390625 0.03671875
3 0.275 0.4109375 0.02265625 0.0140625
3 0.2984375 0.40859375 0.0359375 0.0140625
3 0.37890625 0.51328125 0.034375 0.0203125
0 0.47109375 0.4359375 0.015625 0.01015625
3 0.45078125 0.49375 0.02890625 0.01328125
3 0.47265625 0.48828125 0.02109375 0.01171875
3 0.4890625 0.48359375 0.0203125 0.0109375
0 0.41484375 0.42734375 0.01640625 0.0140625
0 0.3921875 0.4296875 0.01640625 0.01328125
0 0.38203125 0.43203125 0.0171875 0.015625
0 0.1875 0.37265625 0.0203125 0.01015625
0 0.16640625 0.3734375 0.021875 0.01015625
0 0.14453125 0.37421875 0.02265625 0.0109375
0 0.121875 0.37421875 0.02421875 0.0109375
0 0.3375 0.34140625 0.00703125 0.00546875
0 0.309375 0.34609375 0.0140625 0.01015625
0 0.3203125 0.34609375 0.00703125 0.01015625
0 0.2953125 0.3453125 0.01484375 0.0109375
0 0.2796875 0.3453125 0.01640625 0.0109375
0 0.2625 0.34453125 0.0203125 0.01171875
3 0.79375 0.58671875 0.0609375 0.04140625
3 0.5609375 0.475 0.01171875 0.0109375