3 0.996875 0.50546875 0.00546875 0.01640625
3 0.38203125 0.78671875 0.0875 0.078125
3 0.6296875 0.5125 0.01484375 0.01015625
3 0.60234375 0.51171875 0.03984375 0.0109375
3 0.3203125 0.68046875 0.09375 0.0640625
3 0.384375 0.65703125 0.08671875 0.04921875
3 0.44296875 0.64140625 0.0734375 0.040625
3 0.4859375 0.51015625 0.0609375 0.01640625
3 0.52578125 0.5109375 0.03984375 0.01484375
3 0.55390625 0.5125 0.03671875 0.0140625
3 0.55390625 0.69296875 0.053125 0.03671875
3 0.4359375 0.75625 0.07578125 0.06328125
3 0.30703125 0.503125 0.09609375 0.028125
3 0.38203125 0.50546875 0.06015625 0.0234375
3 0.4921875 0.7265625 0.06484375 0.05
0 0.60859375 0.58671875 0.02109375 0.0296875
0 0.0859375 0.71875 0.11953125 0.1140625
3 0.58203125 0.67890625 0.04765625 0.02578125
3 0.6109375 0.66796875 0.02578125 0.0234375
3 0.62734375 0.65859375 0.02421875 0.0203125
3 0.58515625 0.60234375 0.03515625 0.015625
0 0.5625 0.6 0.01015625 0.03515625
0 0.54453125 0.603125 0.025 0.03515625
0 0.53828125 0.6046875 0.015625 0.0390625
0 0.54140625 0.56953125 0.03046875 0.03515625
0 0.51484375 0.5734375 0.02890625 0.03828125
0 0.5234375 0.6109375 0.0125 0.03828125
0 0.51015625 0.6140625 0.0140625 0.040625
0 0.48515625 0.61640625 0.0359375 0.0453125
0 0.5 0.57578125 0.03359375 0.03984375
0 0.2171875 0.47890625 0.04921875 0.07109375
0 0.1640625 0.47578125 0.05703125 0.0765625
0 0.10390625 0.47109375 0.06640625 0.08359375
0 0.10546875 0.3921875 0.06640625 0.08984375
0 0.0359375 0.4671875 0.071875 0.09140625
0 0.03671875 0.37890625 0.0734375 0.0984375
0 0.2234375 0.2734375 0.04765625 0.07890625
0 0.17265625 0.253125 0.0546875 0.0859375
0 0.11328125 0.23046875 0.06484375 0.0953125
0 0.04375 0.203125 0.07734375 0.10703125
0 0.003125 0.1875 0.00625 0.084375
0 0.4640625 0.38515625 0.01796875 0.04453125
0 0.4453125 0.378125 0.01953125 0.046875
0 0.4015625 0.36328125 0.0234375 0.053125
0 0.425 0.371875 0.02109375 0.04921875
0 0.425 0.328125 0.02109375 0.05390625
0 0.40234375 0.3171875 0.02421875 0.05625
0 0.3765625 0.30625 0.0265625 0.06015625
0 0.33984375 0.29375 0.046875 0.06484375
0 0.3765625 0.3546875 0.02578125 0.05546875
0 0.3484375 0.34453125 0.0296875 0.059375
0 0.30859375 0.33359375 0.04921875 0.06484375
3 0.7359375 0.640625 0.04609375 0.021875