3 0.02109375 0.7421875 0.04140625 0.0359375
3 0.0140625 0.46953125 0.0171875 0.03671875
3 0.003125 0.459375 0.00625 0.03125
0 0.01015625 0.63515625 0.0203125 0.0265625
0 0.02421875 0.63828125 0.00859375 0.01484375
0 0.00078125 0.16171875 0.00078125 0.015625
0 0.0046875 0.2 0.009375 0.084375
0 0.01171875 0.22578125 0.0125 0.0765625
0 0.00234375 0.25390625 0.0046875 0.04296875
0 0.00703125 0.26953125 0.01015625 0.04921875
0 0.01484375 0.2890625 0.009375 0.04609375
0 0.02421875 0.3078125 0.01328125 0.04921875
0 0.0390625 0.32421875 0.00234375 0.02109375
0 0.0421875 0.33359375 0.00546875 0.03046875
0 0.04609375 0.3453125 0.00546875 0.0296875
0 0.05 0.35546875 0.0046875 0.028125
0 0.05390625 0.365625 0.00390625 0.02578125
0 0.05703125 0.37421875 0.00390625 0.02578125
0 0.00859375 0.4484375 0.0171875 0.021875
0 0.0265625 0.47265625 0.00390625 0.03984375
0 0.0296875 0.47578125 0.0078125 0.040625
0 0.01796875 0.43125 0.0359375 0.05703125
0 0.03515625 0.48125 0.00703125 0.0390625
0 0.0390625 0.4859375 0.00703125 0.03671875
0 0.04375 0.48984375 0.00546875 0.03515625
0 0.046875 0.49375 0.00546875 0.034375
0 0.03828125 0.44375 0.0078125 0.04453125
0 0.0421875 0.44921875 0.00703125 0.04453125
0 0.04609375 0.4546875 0.00625 0.04296875
3 0.4921875 0.70859375 0.05546875 0.03125
3 0.92578125 0.43203125 0.146875 0.065625
3 0.39296875 0.6109375 0.0296875 0.0109375
3 0.459375 0.61875 0.05078125 0.01640625
3 0.49140625 0.62109375 0.05546875 0.01875
3 0.521875 0.625 0.05859375 0.0203125
3 0.55859375 0.50546875 0.03984375 0.021875
3 0.60859375 0.496875 0.059375 0.0265625
3 0.68046875 0.484375 0.084375 0.03203125
3 0.69375 0.784375 0.0875 0.06953125
3 0.52578125 0.7203125 0.06171875 0.03671875
3 0.3984375 0.67578125 0.03984375 0.01953125
3 0.44765625 0.52578125 0.02890625 0.015625
3 0.48125 0.52109375 0.05390625 0.01796875
3 0.57734375 0.740625 0.07265625 0.04609375
0 0.9484375 0.65 0.1015625 0.08671875
0 0.4171875 0.60625 0.02265625 0.0265625
3 0.81484375 0.828125 0.12109375 0.096875
3 0.93671875 0.8703125 0.12578125 0.11484375
3 0.8125 0.65703125 0.1171875 0.0390625
0 0.696875 0.62734375 0.04609375 0.05625
0 0.659375 0.62578125 0.0296875 0.0515625
0 0.6328125 0.6234375 0.02578125 0.05
0 0.665625 0.57421875 0.04453125 0.05078125
0 0.60859375 0.57578125 0.03984375 0.04453125
0 0.609375 0.6203125 0.03828125 0.04609375
0 0.58046875 0.61875 0.01953125 0.04375
0 0.5609375 0.61796875 0.01796875 0.04296875
0 0.5796875 0.57578125 0.01953125 0.04296875
0 0.4390625 0.521875 0.02578125 0.0265625
0 0.421875 0.5234375 0.00859375 0.0265625
0 0.41328125 0.52578125 0.00703125 0.025
0 0.42265625 0.50078125 0.02421875 0.0265625
0 0.40625 0.52734375 0.00703125 0.025
0 0.3984375 0.52890625 0.00703125 0.02421875
0 0.3921875 0.53046875 0.00703125 0.0234375
0 0.3859375 0.53125 0.00546875 0.0234375
0 0.40625 0.503125 0.00703125 0.02578125
0 0.39921875 0.50546875 0.00703125 0.025
0 0.3921875 0.50703125 0.00703125 0.025
0 0.43828125 0.4390625 0.02109375 0.028125
0 0.4234375 0.44296875 0.00859375 0.0265625
0 0.415625 0.446875 0.0078125 0.025
0 0.4078125 0.45078125 0.00703125 0.025
0 0.40078125 0.45390625 0.00703125 0.0234375
0 0.39375 0.45703125 0.00703125 0.02421875
0 0.3875 0.4609375 0.00625 0.0234375
0 0.53671875 0.40703125 0.0328125 0.0359375
0 0.51328125 0.4125 0.0140625 0.0359375
0 0.48671875 0.425 0.01171875 0.03359375
0 0.49921875 0.41875 0.0125 0.034375
0 0.50859375 0.38828125 0.03046875 0.03828125
0 0.48671875 0.39453125 0.01171875 0.0359375
0 0.475 0.4015625 0.01171875 0.03515625
0 0.4640625 0.40703125 0.01015625 0.03359375
0 0.475 0.43046875 0.0109375 0.03125
0 0.4640625 0.43515625 0.01015625 0.0296875
0 0.45390625 0.43984375 0.009375 0.0296875