2 0.01640625 0.93046875 0.0328125 0.1359375
3 0.421875 0.64375 0.05703125 0.05546875
3 0.80859375 0.40625 0.0796875 0.02421875
3 0.76328125 0.4078125 0.078125 0.025
3 0.54375 0.41953125 0.05078125 0.0296875
3 0.590625 0.41796875 0.06640625 0.028125
3 0.646875 0.41640625 0.0671875 0.02578125
3 0.1703125 0.671875 0.096875 0.06484375
3 0.34296875 0.42890625 0.06640625 0.03515625
3 0.396875 0.4265625 0.05703125 0.034375
3 0.54609375 0.63203125 0.05859375 0.0515625
0 0.79375 0.50859375 0.04609375 0.04453125
0 0.29765625 0.553125 0.01953125 0.021875
0 0.2765625 0.5578125 0.0203125 0.0234375
0 0.2640625 0.54921875 0.0203125 0.03125
0 0.22109375 0.56015625 0.02421875 0.021875
0 0.24609375 0.553125 0.02109375 0.02109375
3 0.7 0.615625 0.06875 0.04296875
3 0.61328125 0.6265625 0.06484375 0.0453125
3 0.753125 0.61640625 0.05390625 0.03046875
3 0.7953125 0.609375 0.05546875 0.03359375
3 0.48125 0.54453125 0.05 0.04921875
0 0.75390625 0.5109375 0.021875 0.04609375
0 0.7265625 0.51171875 0.03828125 0.046875
0 0.70859375 0.5125 0.03515625 0.04921875
0 0.728125 0.47578125 0.04140625 0.04609375
0 0.58125 0.48515625 0.03046875 0.05
0 0.584375 0.5296875 0.021875 0.0390625
0 0.559375 0.525 0.0296875 0.0515625
0 0.5375 0.52578125 0.02890625 0.05390625
0 0.559375 0.48671875 0.03046875 0.05078125
0 0.496875 0.29375 0.02734375 0.046875
0 0.471875 0.29375 0.02578125 0.0484375
0 0.41953125 0.29296875 0.02734375 0.046875
0 0.44609375 0.29296875 0.0265625 0.046875
0 0.4453125 0.24453125 0.02734375 0.04921875
0 0.41796875 0.24375 0.028125 0.04921875
0 0.390625 0.24375 0.02890625 0.05
0 0.3625 0.24296875 0.0296875 0.05
0 0.39296875 0.29296875 0.02890625 0.0484375
0 0.36484375 0.29296875 0.02890625 0.0484375
0 0.3375 0.29140625 0.03046875 0.05
0 0.271875 0.2703125 0.0421875 0.0515625
0 0.2375 0.26953125 0.0359375 0.053125
0 0.20546875 0.26875 0.03671875 0.053125
0 0.17421875 0.26875 0.03671875 0.05390625
0 0.1421875 0.26796875 0.0390625 0.0546875
0 0.10859375 0.2671875 0.03984375 0.0546875
0 0.07578125 0.26640625 0.04140625 0.05546875
0 0.2828125 0.41640625 0.04140625 0.053125
0 0.25390625 0.41640625 0.04375 0.05390625
0 0.21875 0.42109375 0.03359375 0.046875
0 0.22265625 0.371875 0.05234375 0.05
0 0.1890625 0.421875 0.03515625 0.046875
0 0.15859375 0.4234375 0.03671875 0.0484375
0 0.128125 0.42421875 0.03671875 0.0484375
0 0.09609375 0.421875 0.03828125 0.05546875
0 0.190625 0.37265625 0.04921875 0.05078125
0 0.16171875 0.3734375 0.0546875 0.0515625
0 0.1265625 0.37421875 0.04921875 0.0515625
3 0.43203125 0.484375 0.02734375 0.01796875
3 0.63203125 0.3671875 0.03046875 0.01015625
3 0.60625 0.36796875 0.0328125 0.009375
3 0.48984375 0.37109375 0.02421875 0.0109375
3 0.51484375 0.37109375 0.02890625 0.01015625
3 0.54375 0.37109375 0.03046875 0.01015625
3 0.5375 0.47890625 0.01328125 0.015625
3 0.459375 0.4828125 0.02734375 0.01796875
3 0.3125 0.490625 0.0359375 0.01875
3 0.39609375 0.3734375 0.02734375 0.01171875
3 0.42109375 0.3734375 0.025 0.0109375
3 0.4921875 0.48125 0.02421875 0.01640625
3 0.60703125 0.47734375 0.02109375 0.01171875
3 0.62734375 0.47421875 0.028125 0.01484375
0 0.5359375 0.4 0.0140625 0.01328125
0 0.5078125 0.40546875 0.00703125 0.021875
0 0.5109375 0.41953125 0.00078125 0.0046875
0 0.5 0.41953125 0.009375 0.00625
0 0.4890625 0.41875 0.01171875 0.009375
0 0.49921875 0.40546875 0.0109375 0.021875
0 0.36796875 0.36796875 0.015625 0.021875
0 0.35390625 0.36796875 0.01484375 0.021875
0 0.34140625 0.36875 0.01328125 0.0203125
0 0.34140625 0.346875 0.01796875 0.02109375
0 0.328125 0.36875 0.01328125 0.02109375
0 0.31171875 0.36875 0.00703125 0.02109375
0 0.30234375 0.36875 0.0140625 0.02109375
0 0.2890625 0.36875 0.0140625 0.0234375
0 0.32734375 0.346875 0.0125 0.02109375
0 0.31015625 0.346875 0.00625 0.02109375
0 0.30078125 0.346875 0.0140625 0.021875
0 0.32109375 0.30078125 0.00703125 0.021875
0 0.31171875 0.30078125 0.0140625 0.02109375
0 0.30390625 0.29453125 0.00234375 0.009375
3 0.9984375 0.8359375 0.00234375 0.01796875
3 0.70078125 0.48046875 0.01328125 0.01484375