3 0.3953125 0.79921875 0.07421875 0.03828125
3 0.8171875 0.54375 0.07890625 0.02109375
3 0.7671875 0.54140625 0.08203125 0.02109375
3 0.096875 0.66484375 0.12734375 0.021875
3 0.328125 0.665625 0.078125 0.021875
3 0.4015625 0.66640625 0.06953125 0.0203125
3 0.471875 0.6671875 0.05546875 0.02109375
3 0.53828125 0.53046875 0.05234375 0.0203125
3 0.59296875 0.534375 0.05625 0.01875
3 0.65078125 0.53671875 0.06015625 0.01875
3 0.66953125 0.79140625 0.08359375 0.03359375
3 0.465625 0.79765625 0.06796875 0.0359375
3 0.07890625 0.8109375 0.13671875 0.04375
3 0.328125 0.51640625 0.06171875 0.0265625
3 0.3875 0.51953125 0.06015625 0.02578125
3 0.55 0.79609375 0.07265625 0.0359375
0 0.78671875 0.6578125 0.0515625 0.04140625
0 0.1953125 0.65 0.06484375 0.0515625
3 0.73984375 0.7890625 0.08984375 0.03046875
3 0.80390625 0.78984375 0.071875 0.02578125
3 0.85703125 0.78671875 0.0734375 0.02578125
3 0.72734375 0.67109375 0.08203125 0.015625
0 0.66796875 0.65625 0.02578125 0.04453125
0 0.64453125 0.65625 0.02578125 0.04453125
0 0.61640625 0.65546875 0.03359375 0.04453125
0 0.63515625 0.61171875 0.0390625 0.04296875
0 0.58671875 0.6109375 0.02421875 0.04375
0 0.5890625 0.65546875 0.02578125 0.04453125
0 0.5640625 0.65546875 0.02578125 0.0453125
0 0.5359375 0.6546875 0.03203125 0.04609375
0 0.559375 0.61015625 0.0328125 0.04453125
0 0.27265625 0.50390625 0.04140625 0.04375
0 0.2390625 0.50234375 0.03359375 0.04375
0 0.209375 0.50078125 0.034375 0.04375
0 0.2234375 0.4578125 0.05078125 0.0453125
0 0.1796875 0.49921875 0.03515625 0.04453125
0 0.14921875 0.496875 0.03671875 0.04453125
0 0.11796875 0.4953125 0.0375 0.04453125
0 0.08671875 0.49375 0.03828125 0.04609375
0 0.18515625 0.45546875 0.034375 0.0453125
0 0.15546875 0.453125 0.0359375 0.0453125
0 0.125 0.45078125 0.03671875 0.04609375
0 0.2859375 0.3734375 0.03671875 0.03828125
0 0.25546875 0.37109375 0.03125 0.03828125
0 0.22734375 0.36796875 0.03125 0.03828125
0 0.19921875 0.365625 0.03203125 0.03828125
0 0.17109375 0.3625 0.03359375 0.03828125
0 0.1421875 0.359375 0.034375 0.0390625
0 0.11328125 0.35625 0.03515625 0.0390625
0 0.49140625 0.409375 0.02421875 0.0359375
0 0.46796875 0.40703125 0.02421875 0.03515625
0 0.41875 0.403125 0.02578125 0.0359375
0 0.44375 0.40546875 0.02421875 0.0359375
0 0.44453125 0.36953125 0.02421875 0.0390625
0 0.4203125 0.36640625 0.025 0.0390625
0 0.3953125 0.36484375 0.02578125 0.040625
0 0.3703125 0.36171875 0.0265625 0.03984375
0 0.39375 0.40078125 0.0265625 0.0359375
0 0.36875 0.3984375 0.02734375 0.0359375
0 0.34296875 0.39609375 0.02734375 0.03828125