2 0.671875 0.85546875 0.13203125 0.28828125
3 0.8671875 0.77265625 0.0828125 0.0953125
3 0.76953125 0.40859375 0.0375 0.01484375
3 0.77890625 0.41796875 0.04140625 0.0203125
3 0.93984375 0.74140625 0.11953125 0.11328125
3 0.88671875 0.66875 0.090625 0.0765625
3 0.8578125 0.621875 0.0796875 0.05859375
3 0.84140625 0.48125 0.07421875 0.03828125
3 0.8234375 0.46015625 0.0609375 0.02578125
3 0.8078125 0.44375 0.04453125 0.01875
3 0.95078125 0.590625 0.096875 0.071875
3 0.92890625 0.546875 0.11640625 0.05
3 0.81796875 0.65859375 0.05859375 0.05859375
0 0.76015625 0.46953125 0.0109375 0.02578125
0 0.7609375 0.48359375 0.00546875 0.02578125
0 0.77578125 0.4890625 0.02890625 0.028125
0 0.78046875 0.496875 0.03046875 0.03359375
0 0.778125 0.4671875 0.028125 0.03046875
0 0.81171875 0.5171875 0.025 0.03828125
0 0.80078125 0.54765625 0.009375 0.03828125
0 0.80703125 0.5578125 0.01015625 0.03984375
0 0.83125 0.5734375 0.0453125 0.05
0 0.82734375 0.5296875 0.04296875 0.04609375
0 0.86875 0.38125 0.03203125 0.04453125
0 0.87421875 0.3859375 0.01953125 0.0484375
0 0.90390625 0.396875 0.02421875 0.05390625
0 0.8875 0.39140625 0.02109375 0.05
0 0.91796875 0.34453125 0.06796875 0.04921875
0 0.9328125 0.34765625 0.06796875 0.053125
0 0.95625 0.3515625 0.0796875 0.05625
0 0.96640625 0.35546875 0.06171875 0.06171875
0 0.92109375 0.40390625 0.02734375 0.05859375
0 0.9421875 0.41171875 0.03125 0.06328125
0 0.9734375 0.42109375 0.0515625 0.06953125
0 0.98984375 0.62421875 0.01953125 0.08046875
3 0.746875 0.528125 0.01171875 0.021875
3 0.7515625 0.54375 0.00859375 0.025
3 0.79765625 0.61328125 0.0515625 0.046875
3 0.77265625 0.56484375 0.0375 0.03125
3 0.4671875 0.64140625 0.0484375 0.05390625
3 0.54921875 0.3921875 0.025 0.0140625
3 0.5421875 0.396875 0.02734375 0.01484375
3 0.4984375 0.43828125 0.0453125 0.0234375
3 0.51015625 0.42578125 0.03828125 0.01953125
3 0.5234375 0.4171875 0.02734375 0.01953125
3 0.33046875 0.89609375 0.10234375 0.14453125
3 0.45 0.49453125 0.05234375 0.04296875
3 0.4625 0.47578125 0.05859375 0.0359375
3 0.50390625 0.578125 0.0375 0.03671875
0 0.55234375 0.44375 0.0109375 0.0234375
0 0.40859375 0.634375 0.02109375 0.01953125
0 0.4046875 0.653125 0.02265625 0.02578125
0 0.38671875 0.65859375 0.0234375 0.03515625
0 0.36484375 0.7015625 0.02578125 0.03125
0 0.3734375 0.678125 0.02421875 0.028125
3 0.53828125 0.5203125 0.02109375 0.021875
3 0.51875 0.55078125 0.0328125 0.028125
3 0.5484375 0.50703125 0.01171875 0.01953125
3 0.5546875 0.49453125 0.0109375 0.01796875
3 0.48828125 0.5390625 0.04765625 0.03671875
0 0.54765625 0.45390625 0.00234375 0.021875
0 0.53984375 0.45859375 0.01171875 0.021875
0 0.534375 0.46171875 0.01796875 0.025
0 0.5375 0.43828125 0.01796875 0.0234375
0 0.515625 0.471875 0.01171875 0.03046875
0 0.51953125 0.496875 0.00390625 0.02890625
0 0.51484375 0.50390625 0.00390625 0.0296875
0 0.5 0.50859375 0.02421875 0.03515625
0 0.50546875 0.478125 0.0234375 0.03125
0 0.496875 0.3609375 0.0125 0.03359375
0 0.49375 0.36328125 0.00625 0.034375
0 0.47890625 0.36953125 0.00703125 0.03671875
0 0.48671875 0.36640625 0.00703125 0.03515625
0 0.478125 0.33203125 0.0234375 0.03515625
0 0.46796875 0.334375 0.0296875 0.03671875
0 0.4609375 0.3359375 0.02890625 0.0390625
0 0.44765625 0.33828125 0.0375 0.040625
0 0.47109375 0.3734375 0.00859375 0.0390625
0 0.46171875 0.3765625 0.01015625 0.040625
0 0.44296875 0.3796875 0.028125 0.04609375
0 0.4078125 0.37265625 0.04375 0.053125
0 0.390625 0.37734375 0.05 0.05625
0 0.371875 0.3828125 0.0546875 0.06015625
0 0.35234375 0.3890625 0.0578125 0.065625
0 0.328125 0.39609375 0.0640625 0.071875
0 0.2984375 0.4046875 0.0734375 0.0796875
0 0.2640625 0.41484375 0.08515625 0.0890625
0 0.4171875 0.50625 0.03046875 0.059375
0 0.4109375 0.52109375 0.01640625 0.06015625
0 0.3953125 0.53828125 0.01875 0.0609375
0 0.3765625 0.4875 0.05234375 0.065625
0 0.3765625 0.5546875 0.021875 0.06640625
0 0.35546875 0.575 0.02578125 0.071875
0 0.33046875 0.59765625 0.03046875 0.08046875
0 0.28125 0.61875 0.07734375 0.1015625
0 0.35625 0.50078125 0.0578125 0.071875
0 0.33359375 0.51640625 0.06328125 0.0796875
0 0.30859375 0.534375 0.06796875 0.08828125
3 0.24375 0.56640625 0.0375 0.03515625
3 0.03359375 0.61171875 0.0671875 0.05859375
3 0.2015625 0.52578125 0.06015625 0.03359375
3 0.2375 0.50546875 0.03828125 0.0296875
3 0.271875 0.49140625 0.0421875 0.01875
3 0.25546875 0.546875 0.01171875 0.01015625
3 0.04296875 0.6984375 0.0859375 0.071875
3 0.18515625 0.44453125 0.0609375 0.0265625
3 0.21015625 0.434375 0.03671875 0.02421875
0 0.38515625 0.4359375 0.01171875 0.00546875
0 0.1046875 0.56171875 0.04453125 0.05078125
3 0.37109375 0.44453125 0.015625 0.0109375
0 0.34921875 0.45546875 0.00703125 0.00546875
0 0.34140625 0.459375 0.00703125 0.00546875
0 0.33203125 0.46328125 0.0109375 0.00625
0 0.321875 0.46875 0.00859375 0.00625
0 0.31328125 0.47421875 0.00859375 0.00703125
0 0.3015625 0.47890625 0.01328125 0.00703125
0 0.13671875 0.44921875 0.040625 0.0390625
0 0.1203125 0.45546875 0.02890625 0.040625
0 0.096875 0.4640625 0.03046875 0.03984375
0 0.08359375 0.42890625 0.04609375 0.04140625
0 0.06953125 0.471875 0.03359375 0.04296875
0 0.03984375 0.48046875 0.03671875 0.04453125
0 0.0140625 0.48984375 0.028125 0.04609375
0 0.05625 0.43515625 0.04921875 0.04453125
0 0.02578125 0.4421875 0.0515625 0.046875
0 0.01015625 0.44765625 0.0203125 0.0453125
0 0.12421875 0.3515625 0.040625 0.03515625
0 0.10234375 0.35390625 0.03828125 0.03828125
0 0.07421875 0.35703125 0.04453125 0.03984375
0 0.0453125 0.359375 0.04921875 0.04140625
0 0.01953125 0.3625 0.0390625 0.04375
0 0.003125 0.36640625 0.00625 0.0359375
0 0.26796875 0.3484375 0.0203125 0.02578125
0 0.26171875 0.34921875 0.0078125 0.025
0 0.23125 0.35390625 0.015625 0.028125
0 0.2390625 0.353125 0.0046875 0.02578125
0 0.2359375 0.32578125 0.00625 0.0265625
0 0.22734375 0.3265625 0.01796875 0.0265625
0 0.2078125 0.32734375 0.02578125 0.02890625
0 0.1875 0.328125 0.03515625 0.02890625
0 0.215625 0.35625 0.01796875 0.02890625
0 0.20390625 0.35703125 0.01015625 0.02890625
0 0.17265625 0.35859375 0.02578125 0.03203125
3 0.66328125 0.5109375 0.0375 0.01953125
3 0.4609375 0.44921875 0.02109375 0.0109375