3 0.95703125 0.49765625 0.0671875 0.01953125
3 0.965625 0.50546875 0.06796875 0.02578125
3 0.9953125 0.56328125 0.00859375 0.0390625
3 0.9890625 0.54765625 0.02109375 0.03828125
3 0.9859375 0.52890625 0.02734375 0.025
3 0.99296875 0.946875 0.0125 0.06953125
0 0.94140625 0.60390625 0.01015625 0.03984375
3 0.96015625 0.76875 0.05234375 0.06015625
3 0.97890625 0.86640625 0.04140625 0.09453125
3 0.93046875 0.73125 0.01171875 0.0453125
3 0.921875 0.703125 0.01015625 0.03671875
0 0.94140625 0.62109375 0.00546875 0.046875
0 0.96953125 0.634375 0.05234375 0.0390625
0 0.978125 0.64609375 0.04296875 0.06328125
0 0.97265625 0.59296875 0.053125 0.05703125
0 0.99765625 0.7296875 0.003125 0.059375
3 0.4015625 0.7421875 0.07265625 0.07109375
3 0.60546875 0.47578125 0.03359375 0.01171875
3 0.58984375 0.478125 0.03671875 0.0140625
3 0.04453125 0.79921875 0.08828125 0.11640625
3 0.34765625 0.665625 0.08671875 0.06640625
3 0.40234375 0.6375 0.07421875 0.053125
3 0.45 0.6171875 0.06328125 0.04375
3 0.4859375 0.496875 0.0546875 0.021875
3 0.5125 0.49296875 0.0515625 0.01875
3 0.5421875 0.48828125 0.040625 0.01796875
3 0.54453125 0.64453125 0.046875 0.0359375
3 0.4453125 0.71171875 0.0640625 0.05859375
3 0.053125 0.9484375 0.10625 0.10078125
3 0.33671875 0.5234375 0.08359375 0.03828125
3 0.3875 0.515625 0.075 0.03203125
3 0.4921875 0.68125 0.05546875 0.0484375
0 0.59453125 0.5453125 0.01875 0.028125
0 0.18046875 0.71953125 0.07890625 0.09921875
3 0.56953125 0.63046875 0.0421875 0.025
3 0.5953125 0.6171875 0.02265625 0.0234375
3 0.61015625 0.60625 0.021875 0.0203125
3 0.5734375 0.5625 0.03125 0.01796875
0 0.553125 0.56484375 0.00859375 0.03359375
0 0.53671875 0.56953125 0.021875 0.03203125
0 0.53125 0.571875 0.01328125 0.03671875
0 0.534375 0.5390625 0.02734375 0.03515625
0 0.509375 0.54765625 0.02890625 0.03828125
0 0.51875 0.58046875 0.0109375 0.03515625
0 0.50703125 0.5859375 0.01171875 0.0359375
0 0.48515625 0.5890625 0.03125 0.04296875
0 0.4984375 0.5515625 0.02890625 0.03984375
0 0.26171875 0.51875 0.05 0.06484375
0 0.22890625 0.5234375 0.04296875 0.06953125
0 0.184375 0.53203125 0.04921875 0.0703125
0 0.18203125 0.46796875 0.05 0.06640625
0 0.1328125 0.53984375 0.05859375 0.07578125
0 0.07265625 0.5484375 0.06796875 0.08359375
0 0.02109375 0.5546875 0.0421875 0.084375
0 0.1296875 0.46953125 0.06015625 0.071875
0 0.06796875 0.471875 0.06953125 0.0796875
0 0.01875 0.4734375 0.0375 0.084375
0 0.265625 0.34296875 0.0390625 0.06328125
0 0.225 0.3359375 0.04453125 0.06875
0 0.1796875 0.328125 0.05078125 0.07421875
0 0.1265625 0.31875 0.06015625 0.08046875
0 0.0640625 0.30859375 0.07109375 0.0890625
0 0.01640625 0.3015625 0.0328125 0.08828125
0 0.4671875 0.3921875 0.015625 0.03984375
0 0.45078125 0.38984375 0.01640625 0.040625
0 0.41328125 0.38515625 0.0203125 0.04453125
0 0.4328125 0.38828125 0.01875 0.04296875
0 0.4328125 0.34609375 0.01796875 0.04453125
0 0.4125 0.3421875 0.0203125 0.046875
0 0.39140625 0.33671875 0.02265625 0.05
0 0.35859375 0.33125 0.04296875 0.05390625
0 0.3921875 0.3828125 0.02265625 0.046875
0 0.36796875 0.3796875 0.025 0.05
0 0.33359375 0.37578125 0.0453125 0.05390625
3 0.70625 0.590625 0.03828125 0.021875