2 0.1890625 0.5609375 0.06953125 0.1703125
3 0.4625 0.6390625 0.0609375 0.0328125
3 0.93828125 0.2984375 0.12109375 0.0796875
3 0.53671875 0.41328125 0.05625 0.02890625
3 0.584375 0.40078125 0.06484375 0.03515625
3 0.665625 0.38046875 0.096875 0.04375
3 0.36953125 0.60546875 0.0421875 0.0203125
3 0.41171875 0.44296875 0.02578125 0.0203125
3 0.45 0.4375 0.059375 0.02109375
3 0.54921875 0.67421875 0.07890625 0.05
0 0.4125 0.5421875 0.01171875 0.00859375
0 0.4015625 0.54140625 0.0140625 0.00859375
0 0.40234375 0.534375 0.0140625 0.00625
0 0.3859375 0.540625 0.0109375 0.00859375
0 0.3921875 0.53984375 0.00390625 0.0078125
3 0.80859375 0.77265625 0.13828125 0.1140625
3 0.62890625 0.70703125 0.09609375 0.0609375
3 0.93828125 0.81953125 0.12109375 0.1296875
3 0.490625 0.54921875 0.06171875 0.0203125
0 0.9375 0.56015625 0.0796875 0.09453125
0 0.865625 0.55625 0.06484375 0.08515625
0 0.80546875 0.553125 0.05546875 0.07890625
0 0.8640625 0.4703125 0.06484375 0.08515625
0 0.584375 0.490625 0.04453125 0.05078125
0 0.584375 0.54140625 0.04375 0.05078125
0 0.5515625 0.540625 0.0203125 0.046875
0 0.53203125 0.5390625 0.01953125 0.04453125
0 0.5515625 0.49140625 0.0203125 0.04921875
0 0.509375 0.303125 0.0375 0.0421875
0 0.4828125 0.3109375 0.0140625 0.04140625
0 0.45546875 0.32734375 0.0125 0.0375
0 0.46796875 0.31953125 0.0125 0.0390625
0 0.47890625 0.284375 0.034375 0.04609375
0 0.45546875 0.29375 0.0125 0.0421875
0 0.44296875 0.3015625 0.01171875 0.04140625
0 0.43203125 0.31015625 0.0109375 0.0390625
0 0.4421875 0.33515625 0.0109375 0.0359375
0 0.43203125 0.34140625 0.0109375 0.034375
0 0.42109375 0.34765625 0.009375 0.0328125
0 0.40546875 0.3484375 0.02109375 0.03046875
0 0.390625 0.35390625 0.00859375 0.0296875
0 0.3828125 0.35859375 0.0078125 0.02734375
0 0.375 0.36328125 0.0078125 0.0265625
0 0.36796875 0.3671875 0.00625 0.0265625
0 0.36171875 0.371875 0.00625 0.02421875
0 0.3546875 0.37578125 0.00546875 0.02578125
0 0.4078125 0.44140625 0.02890625 0.0296875
0 0.3890625 0.4421875 0.00859375 0.0296875
0 0.38125 0.44609375 0.0078125 0.02734375
0 0.3890625 0.41796875 0.0234375 0.0296875
0 0.37421875 0.44765625 0.0078125 0.0265625
0 0.3671875 0.44921875 0.00625 0.02578125
0 0.36015625 0.4515625 0.00546875 0.02421875
0 0.35390625 0.45234375 0.00546875 0.02421875
0 0.37421875 0.42109375 0.0078125 0.02890625
0 0.3671875 0.42421875 0.00625 0.02890625
0 0.36015625 0.42734375 0.00546875 0.0265625
3 0.62734375 0.59453125 0.02734375 0.00859375
3 0.97578125 0.43203125 0.04609375 0.0234375
3 0.92578125 0.4375 0.059375 0.0234375
3 0.61015625 0.534375 0.00546875 0.00859375
3 0.63203125 0.53515625 0.03828125 0.00859375
3 0.66171875 0.5359375 0.03828125 0.0109375
3 0.6953125 0.4625 0.03046875 0.0125
3 0.734375 0.459375 0.04453125 0.0140625
3 0.78125 0.4546875 0.05 0.015625
3 0.7890625 0.61953125 0.05234375 0.0140625
3 0.6625 0.59921875 0.040625 0.00859375
3 0.5375 0.58046875 0.02734375 0.00625
3 0.60625 0.4703125 0.00859375 0.00625
3 0.62265625 0.46953125 0.03515625 0.009375
3 0.69921875 0.60546875 0.03515625 0.0109375
3 0.85546875 0.62890625 0.059375 0.015625
3 0.92109375 0.6390625 0.0703125 0.01796875
3 0.97734375 0.64765625 0.0421875 0.01484375
0 0.76796875 0.53203125 0.01953125 0.02734375
0 0.75390625 0.53125 0.009375 0.0265625
0 0.7703125 0.50390625 0.0234375 0.0265625
0 0.73515625 0.50390625 0.00625 0.02578125
0 0.734375 0.53046875 0.00625 0.0265625
0 0.7109375 0.53046875 0.0140625 0.02421875
0 0.69609375 0.5296875 0.01484375 0.0234375
0 0.7109375 0.50546875 0.01484375 0.02578125
0 0.5796875 0.4625 0.0171875 0.00625
0 0.565625 0.4640625 0.00859375 0.00546875
0 0.5578125 0.465625 0.00859375 0.00546875
0 0.56171875 0.453125 0.0171875 0.0171875
0 0.54921875 0.46640625 0.0078125 0.00546875
0 0.54140625 0.47265625 0.00625 0.01796875
0 0.53046875 0.475 0.00078125 0.015625
0 0.52578125 0.475 0.00625 0.015625
0 0.54921875 0.45546875 0.0078125 0.015625
0 0.54140625 0.45546875 0.00625 0.015625
0 0.53046875 0.45859375 0.00078125 0.01484375
0 0.61953125 0.38046875 0.0109375 0.00859375
0 0.60859375 0.38203125 0.0109375 0.00390625