3 0.46640625 0.76796875 0.06953125 0.0359375
3 0.9515625 0.42421875 0.09609375 0.05703125
3 0.325 0.6578125 0.04453125 0.01171875
3 0.41796875 0.6578125 0.05390625 0.015625
3 0.46328125 0.6578125 0.05859375 0.01796875
3 0.5140625 0.6578125 0.0703125 0.01953125
3 0.5671875 0.5109375 0.05234375 0.0296875
3 0.6328125 0.4984375 0.0796875 0.034375
3 0.71640625 0.48046875 0.08984375 0.0390625
3 0.7546875 0.8265625 0.10859375 0.0703125
3 0.51484375 0.778125 0.07421875 0.040625
3 0.32734375 0.740625 0.05546875 0.0234375
3 0.4140625 0.54375 0.0453125 0.0234375
3 0.45390625 0.53671875 0.0625 0.025
3 0.58828125 0.79375 0.08359375 0.05
0 0.9921875 0.634375 0.01484375 0.07890625
0 0.3609375 0.6484375 0.03046875 0.03359375
3 0.91171875 0.8578125 0.16796875 0.09375
3 0.9859375 0.86953125 0.02734375 0.0703125
3 0.8890625 0.66015625 0.146875 0.028125
0 0.74140625 0.63984375 0.04453125 0.06328125
0 0.70234375 0.640625 0.040625 0.059375
0 0.6671875 0.64140625 0.0359375 0.05625
0 0.7 0.5828125 0.04140625 0.05859375
0 0.62734375 0.590625 0.03984375 0.05390625
0 0.6296875 0.6421875 0.040625 0.053125
0 0.596875 0.64296875 0.02890625 0.05078125
0 0.5703125 0.64296875 0.02578125 0.04921875
0 0.5953125 0.59296875 0.02734375 0.05
0 0.39375 0.54296875 0.03203125 0.03359375
0 0.371875 0.54609375 0.01328125 0.03203125
0 0.359375 0.5484375 0.0125 0.03046875
0 0.3703125 0.51875 0.03203125 0.03203125
0 0.3484375 0.5515625 0.01171875 0.03046875
0 0.3375 0.55390625 0.01171875 0.0296875
0 0.3265625 0.55625 0.0109375 0.02890625
0 0.3171875 0.55859375 0.01015625 0.028125
0 0.35 0.521875 0.01171875 0.03125
0 0.3390625 0.52578125 0.01171875 0.03046875
0 0.32890625 0.528125 0.01171875 0.03046875
0 0.39765625 0.44609375 0.03046875 0.034375
0 0.3765625 0.45 0.01328125 0.0296875
0 0.36484375 0.45546875 0.01171875 0.02890625
0 0.35390625 0.459375 0.01171875 0.02890625
0 0.34296875 0.46484375 0.0109375 0.028125
0 0.3328125 0.46875 0.01015625 0.0265625
0 0.3234375 0.47265625 0.01015625 0.0265625
0 0.53046875 0.409375 0.034375 0.053125
0 0.503125 0.4109375 0.01953125 0.040625
0 0.4671875 0.42578125 0.0171875 0.03671875
0 0.484375 0.41875 0.01796875 0.0390625
0 0.4921875 0.384375 0.0328125 0.04140625
0 0.4671875 0.39296875 0.01640625 0.040625
0 0.45078125 0.40078125 0.01640625 0.03984375
0 0.4359375 0.40703125 0.01484375 0.0390625
0 0.45 0.43203125 0.01640625 0.03515625
0 0.434375 0.4390625 0.01484375 0.03515625
0 0.4203125 0.44453125 0.01484375 0.03359375