3 0.39765625 0.6984375 0.08046875 0.11640625
3 0.84765625 0.31796875 0.0921875 0.04140625
3 0.80390625 0.32578125 0.09609375 0.04453125
3 0.55234375 0.37578125 0.08984375 0.06875
3 0.6140625 0.36328125 0.096875 0.05859375
3 0.6828125 0.35390625 0.0890625 0.05078125
3 0.0359375 0.84296875 0.07109375 0.140625
3 0.24140625 0.440625 0.12109375 0.10703125
3 0.340625 0.421875 0.0953125 0.09609375
3 0.55234375 0.640625 0.08203125 0.0953125
0 0.8203125 0.4359375 0.05546875 0.0515625
0 0.1875 0.62890625 0.03515625 0.04921875
0 0.15078125 0.65078125 0.03984375 0.05390625
0 0.12734375 0.63671875 0.040625 0.065625
0 0.04453125 0.6765625 0.0515625 0.05703125
0 0.09296875 0.64921875 0.04375 0.053125
3 0.71796875 0.5765625 0.08046875 0.0609375
3 0.62890625 0.61640625 0.08125 0.06953125
3 0.7703125 0.565625 0.059375 0.0453125
3 0.809375 0.54921875 0.05703125 0.040625
3 0.47265625 0.56171875 0.08046875 0.1046875
0 0.7859375 0.4515625 0.02578125 0.05390625
0 0.75703125 0.45546875 0.04453125 0.059375
0 0.734375 0.45859375 0.05390625 0.065625
0 0.76171875 0.4109375 0.053125 0.06484375
0 0.60078125 0.45390625 0.046875 0.0796875
0 0.60625 0.51328125 0.02890625 0.053125
0 0.5734375 0.5125 0.04296875 0.07109375
0 0.546875 0.515625 0.04140625 0.084375
0 0.5734375 0.46015625 0.0484375 0.08125
0 0.496875 0.19296875 0.040625 0.08046875
0 0.45546875 0.19375 0.04296875 0.08359375
0 0.36640625 0.196875 0.05390625 0.08828125
0 0.4125 0.1953125 0.0484375 0.08515625
0 0.4078125 0.10546875 0.05078125 0.09453125
0 0.35859375 0.103125 0.05703125 0.096875
0 0.30625 0.1015625 0.06484375 0.103125
0 0.24921875 0.0984375 0.07265625 0.10625
0 0.31640625 0.1984375 0.06015625 0.090625
0 0.26328125 0.2 0.0671875 0.09453125
0 0.20625 0.2 0.07578125 0.1
0 0.0546875 0.159375 0.109375 0.115625
0 0.01015625 0.18359375 0.0203125 0.06953125
0 0.1203125 0.43203125 0.0953125 0.11875
0 0.05546875 0.44140625 0.103125 0.12578125
0 0.015625 0.4671875 0.03125 0.0875
0 0.025 0.36484375 0.05 0.1171875
3 0.37578125 0.39453125 0.02421875 0.0109375
3 0.1921875 0.36328125 0.05234375 0.0296875
3 0.3265625 0.346875 0.040625 0.028125
3 0.36640625 0.340625 0.0375 0.02578125
3 0.40390625 0.3359375 0.03203125 0.02578125
3 0.49921875 0.37421875 0.0203125 0.009375
3 0.4046875 0.390625 0.03359375 0.0140625
3 0.19140625 0.4265625 0.01796875 0.01328125
3 0.44609375 0.38359375 0.03203125 0.01171875
0 0.575 0.30703125 0.0203125 0.025
0 0.24453125 0.3484375 0.03515625 0.034375
3 0.54609375 0.31875 0.03046875 0.0140625
0 0.51171875 0.3140625 0.01015625 0.0296875
0 0.4921875 0.31640625 0.01015625 0.028125
0 0.4828125 0.3171875 0.0171875 0.03046875
0 0.49140625 0.29296875 0.0109375 0.0296875
0 0.46484375 0.29609375 0.0171875 0.03046875
0 0.46796875 0.32265625 0.01328125 0.025
0 0.45390625 0.32421875 0.01484375 0.02578125
0 0.4390625 0.3234375 0.0171875 0.03125
0 0.4515625 0.296875 0.01796875 0.03046875
0 0.1484375 0.2515625 0.0140625 0.01015625
0 0.17890625 0.22578125 0.0109375 0.02578125
0 0.165625 0.23125 0.0265625 0.03671875
0 0.22578125 0.146875 0.00546875 0.00625
0 0.21328125 0.146875 0.021875 0.00625
0 0.19140625 0.14609375 0.02265625 0.00703125
0 0.1703125 0.1609375 0.02265625 0.0359375
0 0.1421875 0.1609375 0.0140625 0.0359375
0 0.1296875 0.1609375 0.02578125 0.03828125