2 0.03359375 0.58515625 0.0671875 0.25
3 0.43671875 0.69375 0.08359375 0.0515625
3 0.55 0.3734375 0.06953125 0.046875
3 0.6421875 0.3484375 0.11484375 0.059375
3 0.7765625 0.30625 0.15234375 0.07890625
3 0.3046875 0.64609375 0.05859375 0.02890625
3 0.375 0.4265625 0.0515625 0.0296875
3 0.4171875 0.415625 0.07421875 0.03359375
3 0.5734375 0.746875 0.1109375 0.08515625
0 0.36640625 0.56171875 0.01640625 0.01171875
0 0.35078125 0.56171875 0.0203125 0.01171875
0 0.3515625 0.55078125 0.01953125 0.00703125
0 0.328125 0.559375 0.0140625 0.01015625
0 0.33828125 0.559375 0.00546875 0.01015625
3 0.96796875 0.88828125 0.06328125 0.140625
3 0.71171875 0.80078125 0.13828125 0.12578125
3 0.48671875 0.56953125 0.09296875 0.0296875
0 0.98984375 0.5609375 0.01953125 0.109375
0 0.63046875 0.48125 0.05703125 0.07578125
0 0.63203125 0.55546875 0.05703125 0.075
0 0.58515625 0.5546875 0.0359375 0.0703125
0 0.5515625 0.55390625 0.03203125 0.06640625
0 0.584375 0.48515625 0.03515625 0.0703125
0 0.509375 0.23828125 0.04921875 0.078125
0 0.47265625 0.24296875 0.02265625 0.05703125
0 0.43125 0.26875 0.01875 0.05078125
0 0.45078125 0.25625 0.02109375 0.05390625
0 0.4640625 0.21171875 0.04609375 0.06171875
0 0.43125 0.22578125 0.01796875 0.059375
0 0.41328125 0.2390625 0.0171875 0.05625
0 0.396875 0.2515625 0.015625 0.053125
0 0.41328125 0.28125 0.01796875 0.046875
0 0.39609375 0.29140625 0.015625 0.0453125
0 0.38125 0.30078125 0.01484375 0.04453125
0 0.35859375 0.30625 0.03046875 0.0390625
0 0.3375 0.3140625 0.01171875 0.03671875
0 0.3265625 0.32109375 0.0109375 0.03515625
0 0.315625 0.328125 0.01015625 0.034375
0 0.30625 0.33515625 0.01015625 0.03359375
0 0.296875 0.34140625 0.00859375 0.03125
0 0.28828125 0.34765625 0.00859375 0.03046875
0 0.35703125 0.4265625 0.03359375 0.0390625
0 0.33515625 0.43046875 0.01171875 0.03828125
0 0.3234375 0.43359375 0.0109375 0.0359375
0 0.3359375 0.39921875 0.034375 0.0390625
0 0.31328125 0.4375 0.01015625 0.034375
0 0.303125 0.440625 0.01015625 0.03359375
0 0.29375 0.44375 0.00859375 0.03203125
0 0.28515625 0.446875 0.00859375 0.03203125
0 0.3140625 0.40390625 0.01015625 0.0390625
0 0.30390625 0.40859375 0.01015625 0.03671875
0 0.29453125 0.4125 0.00859375 0.0359375
3 0.61328125 0.61953125 0.0328125 0.00859375
3 0.98671875 0.4390625 0.02578125 0.021875
3 0.9515625 0.44296875 0.059375 0.02421875
3 0.50546875 0.55078125 0.03359375 0.00703125
3 0.6640625 0.55390625 0.0078125 0.0109375
3 0.690625 0.47109375 0.03515625 0.0140625
3 0.7328125 0.4671875 0.04921875 0.015625
3 0.78671875 0.46171875 0.05234375 0.01796875
3 0.79765625 0.64375 0.05546875 0.0140625
3 0.65 0.62421875 0.0390625 0.01015625
3 0.5046875 0.6046875 0.02890625 0.00546875
3 0.56484375 0.48359375 0.00390625 0.009375
3 0.70078125 0.63125 0.04609375 0.0109375
0 0.95078125 0.5484375 0.05 0.03828125
0 0.52890625 0.54453125 0.01328125 0.01953125
3 0.86015625 0.65234375 0.04296875 0.0140625
3 0.96171875 0.665625 0.05390625 0.015625
3 0.99375 0.66953125 0.01171875 0.0109375
3 0.86953125 0.55859375 0.06328125 0.01328125
0 0.79609375 0.546875 0.02265625 0.03125
0 0.77421875 0.546875 0.021875 0.0296875
0 0.753125 0.546875 0.0203125 0.02890625
0 0.7734375 0.51640625 0.021875 0.03046875
0 0.72734375 0.51796875 0.02109375 0.028125
0 0.728125 0.546875 0.02109375 0.02890625
0 0.70859375 0.54609375 0.01796875 0.028125
0 0.69140625 0.54609375 0.01640625 0.028125
0 0.70859375 0.51875 0.01796875 0.028125
0 0.55625 0.47890625 0.01640625 0.02109375
0 0.53671875 0.48125 0.00234375 0.01953125
0 0.53046875 0.48125 0.009375 0.0203125
0 0.53203125 0.46171875 0.01171875 0.02109375
0 0.52109375 0.4828125 0.009375 0.01953125
0 0.5015625 0.48515625 0.00625 0.01875
0 0.49375 0.4859375 0.00859375 0.01953125
0 0.52109375 0.46328125 0.009375 0.0203125
0 0.5015625 0.46640625 0.00703125 0.01953125