2 0.303125 0.48515625 0.05078125 0.1234375
3 0.17109375 0.7296875 0.040625 0.065625
3 0.16953125 0.51484375 0.02578125 0.03828125
3 0.15625 0.6125 0.02578125 0.05390625
3 0.15390625 0.65546875 0.034375 0.065625
3 0.15 0.71171875 0.040625 0.07265625
3 0.10546875 0.67421875 0.08515625 0.10859375
3 0.06640625 0.75703125 0.1328125 0.15625
3 0.046875 0.8921875 0.09375 0.20546875
3 0.18671875 0.57421875 0.015625 0.040625
3 0.13359375 0.509375 0.04375 0.0375
3 0.12421875 0.54765625 0.05390625 0.0640625
3 0.17265625 0.8875 0.0234375 0.10625
0 0.12578125 0.81015625 0.02578125 0.0921875
0 0.12734375 0.859375 0.04375 0.10625
0 0.1453125 0.80546875 0.0140625 0.0703125
0 0.1453125 0.77265625 0.0203125 0.065625
0 0.1328125 0.7671875 0.0171875 0.07265625
0 0.05390625 0.49609375 0.0796875 0.084375
0 0.06484375 0.4671875 0.07890625 0.0578125
0 0.10546875 0.440625 0.0140625 0.053125
0 0.10078125 0.45390625 0.015625 0.05546875
0 0.059375 0.415625 0.0765625 0.07109375
0 0.0671875 0.39765625 0.07109375 0.05390625
0 0.07421875 0.3875 0.0671875 0.05078125
0 0.08203125 0.37734375 0.059375 0.04921875
0 0.1109375 0.42890625 0.0125 0.05
0 0.11484375 0.41796875 0.0125 0.046875
0 0.1171875 0.4078125 0.0125 0.046875
0 0.1140625 0.37578125 0.02109375 0.0421875
0 0.1078125 0.365625 0.046875 0.034375
0 0.109375 0.359375 0.046875 0.03828125
0 0.1125 0.35390625 0.04453125 0.0375
0 0.115625 0.34765625 0.0421875 0.034375
0 0.11953125 0.3421875 0.040625 0.034375
0 0.121875 0.3375 0.0390625 0.03203125
0 0.1328125 0.4765625 0.0296875 0.04453125
0 0.140625 0.4609375 0.02265625 0.03515625
0 0.15 0.45390625 0.00859375 0.0359375
0 0.13515625 0.42578125 0.02578125 0.04140625
0 0.1515625 0.4453125 0.0078125 0.03515625
0 0.153125 0.4375 0.00625 0.034375
0 0.1546875 0.42890625 0.0078125 0.03203125
0 0.15546875 0.42109375 0.00859375 0.03203125
0 0.13515625 0.41640625 0.02734375 0.03515625
0 0.14453125 0.409375 0.0125 0.034375
0 0.146875 0.4015625 0.0125 0.0328125
3 0.1765625 0.97890625 0.0109375 0.040625
3 0.47890625 0.55390625 0.0390625 0.04375
3 0.8046875 0.6953125 0.1203125 0.1390625
3 0.7234375 0.62578125 0.09765625 0.1078125
3 0.53046875 0.46328125 0.05390625 0.04609375
3 0.5578125 0.4875 0.05859375 0.053125
3 0.59375 0.52109375 0.06171875 0.06171875
3 0.42109375 0.475 0.03046875 0.02890625
3 0.45390625 0.40546875 0.0421875 0.0296875
3 0.4703125 0.41796875 0.04453125 0.034375
3 0.5265625 0.61796875 0.04921875 0.059375
0 0.7640625 0.79921875 0.0671875 0.10546875
0 0.4484375 0.4546875 0.01171875 0.01171875
0 0.440625 0.4515625 0.0109375 0.01171875
0 0.44140625 0.4421875 0.0109375 0.0109375
0 0.43046875 0.43828125 0.009375 0.0109375
0 0.43828125 0.44140625 0.0109375 0.00859375
3 0.6359375 0.76640625 0.06953125 0.09453125
3 0.565625 0.67421875 0.05625 0.06171875
3 0.6859375 0.83359375 0.08203125 0.115625
3 0.74765625 0.9125 0.09609375 0.15546875
3 0.49765625 0.5203125 0.046875 0.04453125
0 0.69296875 0.71875 0.04765625 0.084375
0 0.6703125 0.70390625 0.04453125 0.05859375
0 0.64140625 0.66953125 0.02734375 0.0734375
0 0.67421875 0.6625 0.04375 0.06796875
0 0.54921875 0.5375 0.03046875 0.046875
0 0.54921875 0.56796875 0.03046875 0.040625
0 0.52734375 0.55546875 0.0109375 0.0375
0 0.5171875 0.540625 0.0109375 0.04375
0 0.5328125 0.52578125 0.01953125 0.04453125
0 0.50859375 0.3609375 0.0296875 0.04140625
0 0.4984375 0.35546875 0.02890625 0.0375
0 0.4703125 0.34765625 0.00859375 0.03046875
0 0.47890625 0.35234375 0.00859375 0.03203125
0 0.484375 0.321875 0.0203125 0.0375
0 0.478125 0.31640625 0.02421875 0.03515625
0 0.4703125 0.31328125 0.02578125 0.03515625
0 0.4625 0.309375 0.02421875 0.0328125
0 0.4625 0.3421875 0.00859375 0.03203125
0 0.4546875 0.33828125 0.0078125 0.0296875
0 0.44765625 0.3328125 0.0078125 0.0296875
0 0.43828125 0.315625 0.02109375 0.0234375
0 0.42578125 0.3109375 0.00625 0.0265625
0 0.421875 0.3078125 0.01171875 0.02734375
0 0.41953125 0.30390625 0.0171875 0.02734375
0 0.415625 0.30078125 0.0203125 0.02734375
0 0.4109375 0.2984375 0.01953125 0.0265625
0 0.40546875 0.29609375 0.01796875 0.02578125
0 0.44140625 0.38359375 0.0234375 0.02890625
0 0.43515625 0.37890625 0.02109375 0.03046875
0 0.42265625 0.3765625 0.00625 0.0234375
0 0.42890625 0.35390625 0.02265625 0.02890625
0 0.4171875 0.37265625 0.00625 0.0234375
0 0.41171875 0.36796875 0.00625 0.0234375
0 0.40703125 0.3640625 0.00546875 0.02265625
0 0.40234375 0.359375 0.00390625 0.02421875
0 0.421875 0.34921875 0.01796875 0.02734375
0 0.41640625 0.34609375 0.01796875 0.0265625
0 0.4125 0.34140625 0.01796875 0.02578125
3 0.63203125 0.459375 0.01484375 0.009375
3 0.93125 0.465625 0.07109375 0.04921875
3 0.87421875 0.44375 0.0625 0.040625
3 0.5625 0.375 0.02421875 0.015625
3 0.615625 0.40390625 0.03203125 0.02109375
3 0.6421875 0.41484375 0.02890625 0.0234375
3 0.6625 0.42734375 0.03515625 0.02578125
3 0.70078125 0.37890625 0.0390625 0.02421875
3 0.72890625 0.390625 0.04453125 0.02734375
3 0.76484375 0.40546875 0.046875 0.02890625
3 0.61796875 0.34921875 0.03203125 0.01953125
3 0.6359375 0.35546875 0.034375 0.0203125
0 0.8609375 0.52109375 0.04140625 0.04453125
0 0.58125 0.38046875 0.015625 0.02265625
3 0.89921875 0.6328125 0.0328125 0.0296875
3 0.809375 0.5046875 0.053125 0.03515625
0 0.7609375 0.46953125 0.0265625 0.03515625
0 0.746875 0.465625 0.02578125 0.02734375
0 0.72890625 0.45546875 0.01796875 0.034375
0 0.75 0.440625 0.02578125 0.034375
0 0.71796875 0.42578125 0.0234375 0.03046875
0 0.715625 0.44921875 0.0234375 0.0265625
0 0.69921875 0.44453125 0.0125 0.02421875
0 0.6875 0.43515625 0.0140625 0.0296875
0 0.70546875 0.41953125 0.02265625 0.03046875
0 0.60078125 0.33671875 0.0171875 0.02265625
0 0.59296875 0.33359375 0.015625 0.02265625
0 0.58125 0.33125 0.0078125 0.01796875
0 0.5875 0.3140625 0.0171875 0.0203125
0 0.575 0.32890625 0.0078125 0.01796875
0 0.5671875 0.3265625 0.0078125 0.0171875
0 0.5609375 0.32421875 0.0078125 0.015625
0 0.55546875 0.32109375 0.00625 0.01953125
0 0.58046875 0.3109375 0.015625 0.0203125
0 0.5734375 0.309375 0.01484375 0.0203125
0 0.565625 0.30703125 0.0140625 0.0203125
0 0.684375 0.30859375 0.02265625 0.02578125
0 0.67421875 0.30546875 0.01953125 0.02578125
0 0.64765625 0.30390625 0.01171875 0.01796875
0 0.65390625 0.30546875 0.00625 0.01953125
0 0.66484375 0.2859375 0.01953125 0.01484375
0 0.63984375 0.303125 0.00546875 0.01484375
3 0.9703125 0.7515625 0.059375 0.090625