2 0.51171875 0.7390625 0.1578125 0.409375
3 0.85546875 0.74765625 0.0671875 0.0796875
3 0.79921875 0.44765625 0.01484375 0.009375
3 0.815625 0.44765625 0.04140625 0.0109375
3 0.96875 0.9 0.0625 0.18125
3 0.91875 0.66015625 0.1328125 0.0859375
3 0.88125 0.61796875 0.10078125 0.05546875
3 0.85859375 0.590625 0.07890625 0.0375
3 0.83828125 0.45546875 0.06171875 0.0171875
3 0.83359375 0.453125 0.05234375 0.0125
3 0.834375 0.453125 0.02734375 0.0125
3 0.87265625 0.4640625 0.0421875 0.02890625
3 0.865625 0.4609375 0.05546875 0.02421875
3 0.83046875 0.66875 0.04140625 0.04765625
0 0.7984375 0.52421875 0.00078125 0.015625
0 0.80859375 0.5265625 0.0125 0.0296875
0 0.81640625 0.49765625 0.0265625 0.02734375
0 0.83671875 0.503125 0.0390625 0.0125
0 0.815625 0.55234375 0.00390625 0.03203125
0 0.8171875 0.5515625 0.00078125 0.015625
0 0.84375 0.5578125 0.040625 0.0375
0 0.840625 0.5203125 0.04375 0.0421875
0 0.8390625 0.325 0.00625 0.0390625
0 0.84453125 0.31875 0.00625 0.04140625
0 0.85625 0.30234375 0.00859375 0.046875
0 0.85078125 0.31171875 0.0078125 0.04453125
0 0.85234375 0.2671875 0.0078125 0.05625
0 0.85859375 0.25546875 0.00859375 0.0625
0 0.865625 0.24296875 0.0109375 0.0671875
0 0.8875 0.225 0.0375 0.08203125
0 0.8640625 0.2921875 0.00859375 0.05078125
0 0.87265625 0.2828125 0.0109375 0.05625
0 0.91953125 0.26875 0.08828125 0.05859375
0 0.9125 0.1953125 0.01953125 0.08203125
0 0.93046875 0.16953125 0.02109375 0.09140625
0 0.95234375 0.1359375 0.02734375 0.10859375
0 0.98046875 0.0921875 0.0359375 0.1296875
0 0.996875 0.07109375 0.00625 0.090625
0 0.9015625 0.4453125 0.01796875 0.0796875
0 0.91796875 0.44609375 0.02109375 0.08828125
0 0.9375 0.4484375 0.0265625 0.09921875
0 0.9421875 0.34921875 0.02734375 0.10546875
0 0.9625 0.44921875 0.034375 0.1125
0 0.98671875 0.45 0.0265625 0.12578125
0 0.96875 0.33671875 0.03515625 0.12265625
0 0.9890625 0.328125 0.01953125 0.12421875
3 0.790625 0.58125 0.00390625 0.01796875
3 0.79375 0.5921875 0.00390625 0.0203125
3 0.81953125 0.634375 0.034375 0.0328125
3 0.8 0.6046875 0.0109375 0.02421875
3 0.46015625 0.61953125 0.05 0.0265625
3 0.5875 0.44609375 0.00859375 0.00625
3 0.56796875 0.44609375 0.0296875 0.0078125
3 0.5078125 0.45078125 0.03828125 0.009375
3 0.52578125 0.44921875 0.0296875 0.009375
3 0.54453125 0.44921875 0.0203125 0.00859375
3 0.2875 0.7234375 0.090625 0.0765625
3 0.43359375 0.45390625 0.04765625 0.01484375
3 0.459375 0.45234375 0.04375 0.0140625
3 0.51015625 0.5890625 0.0390625 0.02421875
0 0.57890625 0.49609375 0.015625 0.01796875
0 0.3875 0.56484375 0.0171875 0.01484375
0 0.3796875 0.5703125 0.01953125 0.0171875
0 0.3625 0.56796875 0.01953125 0.02578125
0 0.334375 0.584375 0.0203125 0.01953125
0 0.346875 0.5765625 0.01953125 0.0171875
3 0.5671875 0.565625 0.0109375 0.0078125
3 0.534375 0.57734375 0.03203125 0.0171875
3 0.578125 0.5546875 0.009375 0.0140625
3 0.58515625 0.54921875 0.0125 0.0125
3 0.4875 0.53359375 0.046875 0.0203125
0 0.57265625 0.49921875 0.00390625 0.0203125
0 0.56796875 0.5015625 0.00390625 0.0203125
0 0.55625 0.50234375 0.01953125 0.02109375
0 0.5609375 0.48125 0.01796875 0.0203125
0 0.52109375 0.490625 0.01953125 0.0265625
0 0.52890625 0.51484375 0.00625 0.0234375
0 0.521875 0.5171875 0.0078125 0.02578125
0 0.50625 0.51953125 0.0234375 0.02734375
0 0.51328125 0.49140625 0.02265625 0.02578125
0 0.5 0.36953125 0.00859375 0.02890625
0 0.490625 0.36796875 0.00859375 0.0296875
0 0.47109375 0.3625 0.0109375 0.03046875
0 0.48125 0.36484375 0.009375 0.0296875
0 0.48125 0.3359375 0.009375 0.03203125
0 0.47109375 0.33203125 0.0109375 0.034375
0 0.46015625 0.328125 0.01171875 0.03515625
0 0.4390625 0.32421875 0.03046875 0.0375
0 0.46015625 0.359375 0.01171875 0.0328125
0 0.4484375 0.35625 0.01171875 0.034375
0 0.42578125 0.3515625 0.0328125 0.0375
0 0.40078125 0.32734375 0.015625 0.04140625
0 0.3828125 0.32109375 0.01796875 0.04375
0 0.36328125 0.3140625 0.0203125 0.04765625
0 0.3421875 0.3078125 0.02265625 0.05
0 0.31953125 0.29921875 0.02578125 0.05234375
0 0.29140625 0.29140625 0.0296875 0.0578125
0 0.25234375 0.28046875 0.05234375 0.0609375
0 0.40078125 0.44296875 0.015625 0.0375
0 0.38359375 0.44296875 0.01796875 0.0390625
0 0.3640625 0.44453125 0.0203125 0.04140625
0 0.36328125 0.40234375 0.0203125 0.0421875
0 0.34296875 0.44453125 0.02265625 0.04375
0 0.31953125 0.44453125 0.02421875 0.046875
0 0.29375 0.4453125 0.02734375 0.05
0 0.25546875 0.44453125 0.05078125 0.053125
0 0.3421875 0.39921875 0.02265625 0.04609375
0 0.31875 0.39765625 0.02421875 0.04765625
0 0.2828125 0.39453125 0.04765625 0.05078125
3 0.29765625 0.5640625 0.0390625 0.0171875
3 0.13203125 0.5375 0.059375 0.02265625
3 0.2671875 0.51640625 0.04140625 0.015625
3 0.296875 0.5125 0.03828125 0.0140625
3 0.325 0.5078125 0.03515625 0.0125
3 0.39296875 0.5390625 0.02890625 0.0125
3 0.3234375 0.5578125 0.0359375 0.01796875
3 0.140625 0.60859375 0.05234375 0.03203125
3 0.35390625 0.54921875 0.0328125 0.015625
0 0.43203125 0.48671875 0.0125 0.015625
0 0.1921875 0.5203125 0.02890625 0.0296875
3 0.4140625 0.534375 0.02578125 0.00859375
3 0.434375 0.5296875 0.0140625 0.00859375
3 0.44609375 0.52578125 0.0171875 0.009375
3 0.4125 0.49453125 0.02578125 0.00625
0 0.39609375 0.49140625 0.0078125 0.01484375
0 0.38515625 0.49296875 0.01484375 0.01796875
0 0.3796875 0.49375 0.0109375 0.01953125
0 0.384375 0.48046875 0.015625 0.0078125
0 0.37109375 0.4828125 0.0078125 0.00859375
0 0.37109375 0.49609375 0.0078125 0.0171875
0 0.3625 0.496875 0.00859375 0.0171875
0 0.34921875 0.49765625 0.0171875 0.01953125
0 0.3578125 0.484375 0.0171875 0.00859375
0 0.22265625 0.4421875 0.00390625 0.0234375
0 0.2125 0.4421875 0.0171875 0.0234375
0 0.1953125 0.44296875 0.01796875 0.02421875
0 0.19375 0.41640625 0.01953125 0.0265625
0 0.1765625 0.4421875 0.01953125 0.02578125
0 0.15703125 0.44296875 0.0203125 0.0265625
0 0.1359375 0.44296875 0.02265625 0.02890625
0 0.1109375 0.4421875 0.02890625 0.0296875
0 0.175 0.41640625 0.0203125 0.0265625
0 0.15546875 0.41484375 0.02109375 0.02734375
0 0.13125 0.4140625 0.02890625 0.02890625
0 0.22578125 0.3671875 0.0125 0.0265625
0 0.2109375 0.36484375 0.0171875 0.02578125
0 0.19296875 0.3625 0.01796875 0.02734375
0 0.17421875 0.3609375 0.01953125 0.02890625
0 0.15390625 0.3578125 0.02109375 0.0296875
0 0.13359375 0.3546875 0.02265625 0.03046875
0 0.1078125 0.3515625 0.03046875 0.0328125
0 0.3109375 0.365625 0.01171875 0.01796875
0 0.3 0.36328125 0.0125 0.01796875
0 0.2875 0.3609375 0.0125 0.01796875
0 0.27109375 0.36015625 0.02109375 0.0203125
0 0.25546875 0.38125 0.01484375 0.02265625
3 0.6921875 0.55703125 0.03828125 0.01796875
3 0.49296875 0.51484375 0.00078125 0.00625