0 0.6984375 0.56015625 0.07421875 0.17109375
0 0.86171875 0.70078125 0.271875 0.5125
0 0.4671875 0.49765625 0.1078125 0.4828125
0 0.328125 0.465625 0.18984375 0.6578125
0 0.12109375 0.49765625 0.23828125 0.9875
0 0.540625 0.50234375 0.08203125 0.26953125
0 0.603125 0.53828125 0.071875 0.09375
0 0.59140625 0.43984375 0.04296875 0.09375
0 0.58046875 0.3484375 0.1515625 0.08125
0 0.83671875 0.24140625 0.03359375 0.14921875
0 0.81640625 0.4078125 0.0890625 0.1328125
0 0.90390625 0.3828125 0.10078125 0.1578125
0 0.796875 0.2796875 0.06015625 0.12421875