0 0.625 0.61328125 0.178125 0.29453125
0 0.8578125 0.709375 0.27890625 0.57265625
0 0.4046875 0.3203125 0.165625 0.1109375
0 0.3640625 0.49375 0.11328125 0.38046875
0 0.15390625 0.49375 0.3078125 0.97890625
0 0.85703125 0.32265625 0.0796875 0.2265625
0 0.78359375 0.35078125 0.0578125 0.1625
0 0.734375 0.3890625 0.0453125 0.17109375
0 0.68359375 0.41015625 0.06484375 0.13671875
0 0.65 0.2609375 0.084375 0.1453125
0 0.73828125 0.17109375 0.10546875 0.2140625
0 0.8390625 0.09609375 0.1109375 0.16640625