0 0.68984375 0.575 0.0484375 0.18359375
0 0.8140625 0.66640625 0.209375 0.41015625
0 0.94453125 0.68359375 0.10078125 0.453125
0 0.54921875 0.296875 0.0359375 0.115625
0 0.59609375 0.29296875 0.03359375 0.115625
0 0.49609375 0.290625 0.0359375 0.1109375
0 0.45546875 0.290625 0.0359375 0.1109375
0 0.375 0.4875 0.2453125 0.47890625
0 0.509375 0.5 0.04296875 0.20546875
0 0.5609375 0.53828125 0.06953125 0.13671875
0 0.26171875 0.6109375 0.1875 0.325
0 0.228125 0.33125 0.09140625 0.23515625
0 0.0984375 0.5 0.1875 0.99140625