0 0.47265625 0.62421875 0.2953125 0.33359375
0 0.89296875 0.703125 0.209375 0.58515625
0 0.7203125 0.66640625 0.19921875 0.37578125
0 0.1359375 0.56875 0.1515625 0.20546875
0 0.03828125 0.48515625 0.0765625 0.4484375
0 0.09375 0.35234375 0.0625 0.20078125
0 0.19609375 0.13046875 0.0796875 0.209375
0 0.109375 0.10703125 0.084375 0.20546875
0 0.02421875 0.10078125 0.0484375 0.1921875
0 0.525 0.36328125 0.12734375 0.20546875
0 0.61796875 0.33515625 0.0484375 0.2609375
0 0.6734375 0.325 0.0625 0.290625
0 0.7484375 0.29296875 0.0796875 0.3203125
0 0.8390625 0.2609375 0.1109375 0.3671875
0 0.946875 0.2203125 0.10078125 0.4234375
0 0.50390625 0.14921875 0.0796875 0.23046875
0 0.58671875 0.10859375 0.10546875 0.209375
0 0.67890625 0.0703125 0.0890625 0.1328125