0 0.1046875 0.74375 0.2046875 0.42734375
0 0.2765625 0.74140625 0.15859375 0.38046875
0 0.84140625 0.7390625 0.3125 0.50390625
0 0.56640625 0.7796875 0.24296875 0.43125
0 0.3953125 0.7609375 0.1078125 0.325
0 0.240625 0.4421875 0.15859375 0.2265625
0 0.3890625 0.39921875 0.125 0.278125
0 0.54921875 0.365625 0.18515625 0.3546875
0 0.8328125 0.27578125 0.3296875 0.47421875
0 0.2140625 0.18828125 0.10078125 0.28203125
0 0.31875 0.12421875 0.11328125 0.24765625
0 0.415625 0.1046875 0.08671875 0.1921875
0 0.52265625 0.08359375 0.1078125 0.1578125
0 0.66328125 0.04296875 0.1390625 0.0765625