0 0.2515625 0.81171875 0.24296875 0.3671875
0 0.43984375 0.81171875 0.16328125 0.3671875
0 0.5671875 0.84375 0.10078125 0.303125
0 0.7640625 0.82265625 0.27890625 0.34609375
0 0.68125 0.40625 0.103125 0.41015625
0 0.8125 0.36328125 0.16328125 0.4703125
0 0.9515625 0.32265625 0.09140625 0.56015625
0 0.5484375 0.446875 0.14921875 0.32890625
0 0.39296875 0.5171875 0.1609375 0.221875
0 0.3578125 0.25859375 0.08203125 0.278125
0 0.4265625 0.20078125 0.06484375 0.28203125
0 0.48828125 0.14921875 0.071875 0.28203125
0 0.57421875 0.115625 0.10078125 0.23046875
0 0.71015625 0.08359375 0.13203125 0.1578125