6 0.87734375 0.378125 0.125 0.3546875
6 0.87265625 0.8265625 0.15859375 0.3375
6 0.74296875 0.4875 0.1109375 0.196875
6 0.8546875 0.04296875 0.1515625 0.08515625
6 0.70703125 0.08359375 0.10546875 0.1578125
6 0.58984375 0.1109375 0.103125 0.2140625
6 0.49609375 0.16015625 0.07421875 0.18359375
6 0.4171875 0.1453125 0.0796875 0.28203125
6 0.34140625 0.19453125 0.0671875 0.24375
6 0.29453125 0.221875 0.05546875 0.2140625
6 0.24609375 0.25390625 0.05546875 0.1921875
6 0.20078125 0.27578125 0.0359375 0.1921875
6 0.1546875 0.303125 0.05078125 0.1796875
6 0.1234375 0.32265625 0.0359375 0.16640625
6 0.0640625 0.35703125 0.0890625 0.1921875
6 0.359375 0.5234375 0.12734375 0.16640625
6 0.2359375 0.53828125 0.10078125 0.1625
6 0.14765625 0.55546875 0.07421875 0.128125
6 0.359375 0.83515625 0.26171875 0.209375
6 0.50859375 0.80546875 0.0890625 0.38046875
6 0.61328125 0.8015625 0.1203125 0.371875
6 0.59609375 0.42734375 0.10078125 0.3421875
6 0.49609375 0.4421875 0.0890625 0.31171875
6 0.053125 0.75390625 0.10546875 0.26953125
6 0.0640625 0.54921875 0.11328125 0.175