0 0.77421875 0.60859375 0.053125 0.2265625
0 0.8859375 0.721875 0.209375 0.546875
0 0.1859375 0.4875 0.36796875 0.97421875
0 0.4234375 0.4703125 0.1390625 0.44453125
0 0.5828125 0.5125 0.18046875 0.3078125
0 0.69375 0.52578125 0.06484375 0.2140625
0 0.73828125 0.52578125 0.03359375 0.1625
0 0.44453125 0.3203125 0.04296875 0.09375
0 0.3890625 0.3015625 0.08203125 0.14921875
0 0.7640625 0.41875 0.10078125 0.06015625
6 0.9640625 0.38671875 0.0671875 0.1328125
6 0.95546875 0.16484375 0.084375 0.18359375