2 0.04296875 0.7796875 0.08515625 0.24453125
3 0.43046875 0.590625 0.06953125 0.08203125
3 0.95546875 0.51953125 0.08828125 0.11171875
3 0.5609375 0.41875 0.07890625 0.09296875
3 0.6328125 0.43671875 0.08828125 0.09453125
3 0.734375 0.4671875 0.1078125 0.09140625
3 0.2515625 0.51328125 0.06953125 0.06328125
3 0.34453125 0.36796875 0.08515625 0.071875
3 0.39375 0.38125 0.084375 0.0765625
3 0.5546875 0.6484375 0.06953125 0.09921875
0 0.98671875 0.69296875 0.025 0.09375
0 0.32578125 0.45859375 0.02109375 0.02421875
0 0.30625 0.459375 0.01953125 0.0265625
0 0.30234375 0.44375 0.021875 0.03046875
0 0.271875 0.44296875 0.021875 0.02421875
0 0.29140625 0.44140625 0.02109375 0.02421875
3 0.7875 0.746875 0.09921875 0.1296875
3 0.64375 0.68671875 0.07265625 0.11015625
3 0.88359375 0.803125 0.1046875 0.10546875
3 0.96015625 0.8359375 0.07890625 0.10859375
3 0.47734375 0.53203125 0.06484375 0.0953125
0 0.91953125 0.66875 0.06640625 0.09921875
0 0.87421875 0.64609375 0.0625 0.11171875
0 0.8265625 0.63203125 0.06875 0.10859375
0 0.8859375 0.609375 0.084375 0.09921875
0 0.6125 0.521875 0.0375 0.078125
0 0.6078125 0.5765625 0.03515625 0.05078125
0 0.57734375 0.565625 0.03203125 0.04921875
0 0.55 0.53671875 0.03203125 0.0859375
0 0.58203125 0.5125 0.03671875 0.075
0 0.50390625 0.24296875 0.04765625 0.0859375
0 0.4703125 0.23828125 0.0484375 0.084375
0 0.4015625 0.2375 0.03359375 0.0640625
0 0.43203125 0.2421875 0.03359375 0.065625
0 0.4375 0.171875 0.05390625 0.0796875
0 0.40546875 0.16953125 0.05234375 0.078125
0 0.3765625 0.16640625 0.05390625 0.07578125
0 0.3484375 0.1640625 0.05390625 0.07421875
0 0.37265625 0.2328125 0.03359375 0.06171875
0 0.3453125 0.22890625 0.0328125 0.0609375
0 0.3203125 0.21875 0.0328125 0.07109375
0 0.2734375 0.18828125 0.0625 0.06953125
0 0.240625 0.1859375 0.04375 0.06796875
0 0.22421875 0.18203125 0.05390625 0.06640625
0 0.203125 0.1796875 0.05546875 0.06484375
0 0.1828125 0.17734375 0.05546875 0.0640625
0 0.16328125 0.175 0.0546875 0.06328125
0 0.1453125 0.171875 0.0546875 0.0609375
0 0.29765625 0.3359375 0.053125 0.06875
0 0.27109375 0.33125 0.04140625 0.06796875
0 0.24375 0.3359375 0.02890625 0.046875
0 0.2484375 0.2828125 0.0578125 0.065625
0 0.22421875 0.33046875 0.028125 0.04609375
0 0.20546875 0.32578125 0.028125 0.0453125
0 0.18828125 0.32109375 0.028125 0.0453125
0 0.1703125 0.31171875 0.02734375 0.0515625
0 0.22421875 0.27890625 0.04921875 0.06484375
0 0.20546875 0.27421875 0.04921875 0.0640625
0 0.1875 0.27109375 0.04921875 0.06171875
3 0.5359375 0.340625 0.0296875 0.02890625
3 0.84140625 0.24140625 0.059375 0.03125
3 0.79296875 0.2359375 0.05546875 0.0296875
3 0.52578125 0.28515625 0.00234375 0.00703125
3 0.61171875 0.2171875 0.03515625 0.0265625
3 0.6453125 0.22109375 0.03984375 0.02578125
3 0.68828125 0.2265625 0.04296875 0.02421875
3 0.671875 0.37109375 0.03671875 0.034375
3 0.56328125 0.34609375 0.034375 0.0296875
3 0.42109375 0.315625 0.034375 0.025
3 0.50078125 0.196875 0.02421875 0.00703125
3 0.534375 0.20703125 0.02109375 0.01953125
3 0.603125 0.35625 0.03515625 0.03125
3 0.71796875 0.38046875 0.040625 0.03515625
3 0.75859375 0.3890625 0.0421875 0.0359375
3 0.79921875 0.39765625 0.04609375 0.03828125
0 0.68515625 0.28359375 0.01328125 0.0046875
0 0.65390625 0.27890625 0.01484375 0.0046875
0 0.671875 0.26875 0.01953125 0.03046875
0 0.6359375 0.26328125 0.0171875 0.02890625
0 0.62109375 0.26171875 0.01640625 0.02890625
0 0.471875 0.1875 0.01484375 0.01953125
0 0.4703125 0.11328125 0.0171875 0.03125
0 0.4578125 0.1125 0.0203125 0.03046875
0 0.44453125 0.11171875 0.01796875 0.03046875
0 0.4328125 0.1109375 0.01953125 0.0296875
0 0.41953125 0.11015625 0.01796875 0.0296875
0 0.40859375 0.109375 0.01953125 0.02890625
0 0.3953125 0.109375 0.0171875 0.0296875
0 0.5875 0.13125 0.0171875 0.034375
0 0.5734375 0.13046875 0.01953125 0.03359375
0 0.5453125 0.13046875 0.0078125 0.0296875
0 0.55703125 0.13125 0.015625 0.0296875
0 0.56015625 0.09921875 0.01953125 0.03203125
0 0.5484375 0.09921875 0.01171875 0.03203125
0 0.5296875 0.0984375 0.00703125 0.03203125
0 0.51015625 0.0984375 0.00703125 0.03125
0 0.528125 0.12890625 0.00703125 0.02890625
0 0.51015625 0.128125 0.00703125 0.02890625
0 0.5 0.12578125 0.01328125 0.03125
3 0.90703125 0.46953125 0.021875 0.0296875