2 0.0421875 0.77890625 0.084375 0.2453125
3 0.43046875 0.590625 0.06953125 0.0828125
3 0.95546875 0.51953125 0.0875 0.11171875
3 0.5609375 0.41875 0.07890625 0.0921875
3 0.63359375 0.4375 0.08828125 0.09453125
3 0.734375 0.4671875 0.10859375 0.09140625
3 0.2515625 0.51328125 0.06953125 0.0625
3 0.34453125 0.36796875 0.08515625 0.07265625
3 0.39375 0.38046875 0.08515625 0.0765625
3 0.5546875 0.6484375 0.06953125 0.09921875
0 0.98671875 0.69375 0.0265625 0.09375
0 0.32578125 0.45859375 0.02109375 0.0234375
0 0.30625 0.46015625 0.01953125 0.0265625
0 0.30234375 0.44453125 0.02265625 0.03046875
0 0.271875 0.4421875 0.02265625 0.0234375
0 0.290625 0.44140625 0.0203125 0.0234375
3 0.7875 0.74765625 0.09921875 0.1296875
3 0.64453125 0.68671875 0.07265625 0.109375
3 0.88359375 0.80234375 0.10546875 0.10546875
3 0.96015625 0.8359375 0.0796875 0.10859375
3 0.47734375 0.53203125 0.0640625 0.09609375
0 0.9203125 0.66953125 0.065625 0.09921875
0 0.87421875 0.64609375 0.0625 0.1125
0 0.8265625 0.63203125 0.06796875 0.10859375
0 0.8859375 0.61015625 0.08515625 0.09921875
0 0.61328125 0.52265625 0.0375 0.07734375
0 0.6078125 0.5765625 0.03515625 0.05078125
0 0.57734375 0.565625 0.03203125 0.04921875
0 0.55 0.53671875 0.03203125 0.0859375
0 0.5828125 0.5125 0.0375 0.07421875
0 0.50390625 0.24296875 0.04765625 0.0859375
0 0.47109375 0.2390625 0.04765625 0.084375
0 0.4015625 0.2375 0.0328125 0.0640625
0 0.43203125 0.2421875 0.034375 0.065625
0 0.4375 0.17265625 0.05390625 0.0796875
0 0.40546875 0.16953125 0.05234375 0.07734375
0 0.37578125 0.16640625 0.05390625 0.07578125
0 0.3484375 0.1640625 0.05390625 0.07421875
0 0.37265625 0.2328125 0.0328125 0.06171875
0 0.34609375 0.22890625 0.0328125 0.06171875
0 0.32109375 0.21953125 0.0328125 0.07109375
0 0.27421875 0.18828125 0.0625 0.0703125
0 0.240625 0.1859375 0.04375 0.0671875
0 0.22421875 0.1828125 0.05390625 0.0671875
0 0.203125 0.18046875 0.05546875 0.06484375
0 0.1828125 0.17734375 0.05546875 0.0640625
0 0.16328125 0.175 0.05390625 0.0625
0 0.1453125 0.17265625 0.05390625 0.06171875
0 0.29765625 0.3359375 0.053125 0.06796875
0 0.27109375 0.33046875 0.04140625 0.06796875
0 0.24453125 0.3359375 0.02890625 0.04765625
0 0.2484375 0.2828125 0.05859375 0.065625
0 0.22421875 0.33046875 0.02734375 0.04609375
0 0.20546875 0.32578125 0.02890625 0.04453125
0 0.1875 0.32109375 0.02890625 0.04609375
0 0.17109375 0.3125 0.02734375 0.05234375
0 0.22421875 0.27890625 0.04921875 0.06484375
0 0.20546875 0.27421875 0.04921875 0.0640625
0 0.1875 0.27109375 0.04921875 0.0625
3 0.5359375 0.340625 0.0296875 0.02890625
3 0.84140625 0.24140625 0.059375 0.03203125
3 0.79296875 0.2359375 0.05625 0.0296875
3 0.52578125 0.2859375 0.00234375 0.0078125
3 0.6125 0.2171875 0.03515625 0.0265625
3 0.6453125 0.22109375 0.0390625 0.02578125
3 0.68828125 0.2265625 0.0421875 0.0234375
3 0.67265625 0.37109375 0.0375 0.034375
3 0.56328125 0.346875 0.03515625 0.0296875
3 0.42109375 0.315625 0.034375 0.02421875
3 0.50078125 0.19765625 0.02421875 0.0078125
3 0.534375 0.20703125 0.0203125 0.0203125
3 0.60390625 0.35625 0.03515625 0.03203125
3 0.71796875 0.38046875 0.040625 0.03515625
3 0.75859375 0.3890625 0.0421875 0.0359375
3 0.79921875 0.39765625 0.04609375 0.03828125
0 0.6859375 0.284375 0.0140625 0.00390625
0 0.65390625 0.27890625 0.01484375 0.00546875
0 0.67265625 0.26953125 0.01953125 0.0296875
0 0.6359375 0.26328125 0.0171875 0.02890625
0 0.62109375 0.2625 0.0171875 0.02890625
0 0.47265625 0.1875 0.01484375 0.01953125
0 0.4703125 0.1125 0.0171875 0.03203125
0 0.4578125 0.1125 0.0203125 0.0296875
0 0.4453125 0.11171875 0.01796875 0.0296875
0 0.4328125 0.11171875 0.01953125 0.0296875
0 0.41953125 0.1109375 0.01796875 0.0296875
0 0.40859375 0.11015625 0.01953125 0.02890625
0 0.39609375 0.109375 0.0171875 0.0296875
0 0.58828125 0.13046875 0.0171875 0.034375
0 0.5734375 0.13046875 0.01953125 0.0328125
0 0.54609375 0.13046875 0.00859375 0.0296875
0 0.55703125 0.13203125 0.015625 0.0296875
0 0.56015625 0.09921875 0.0203125 0.0328125
0 0.54921875 0.09921875 0.0125 0.0328125
0 0.52890625 0.0984375 0.0078125 0.0328125
0 0.5109375 0.0984375 0.0078125 0.03046875
0 0.528125 0.12890625 0.0078125 0.02890625
0 0.51015625 0.128125 0.0078125 0.02890625
0 0.5 0.12578125 0.0125 0.03046875
3 0.9078125 0.4703125 0.02109375 0.0296875