3 0.93515625 0.95703125 0.06796875 0.08359375
3 0.87109375 0.5015625 0.05078125 0.01171875
3 0.878125 0.50234375 0.05859375 0.0140625
3 0.9203125 0.515625 0.11171875 0.02578125
3 0.90625 0.51171875 0.0828125 0.01953125
3 0.90234375 0.51015625 0.06953125 0.01875
3 0.95703125 0.540625 0.03828125 0.05546875
3 0.94375 0.53046875 0.0640625 0.04375
3 0.9046875 0.8265625 0.05390625 0.08671875
3 0.8625 0.7109375 0.01484375 0.03828125
3 0.8859375 0.7640625 0.03984375 0.05546875
3 0.853125 0.6890625 0.0046875 0.0296875
3 0.85 0.67265625 0.0046875 0.025
3 0.93125 0.7203125 0.08671875 0.06484375
0 0.87109375 0.60625 0.01796875 0.04140625
0 0.88203125 0.5671875 0.03828125 0.03828125
0 0.9046875 0.5828125 0.04765625 0.0234375
0 0.88203125 0.653125 0.00390625 0.0390625
0 0.928125 0.66875 0.0703125 0.06953125
0 0.9234375 0.609375 0.06015625 0.06640625
0 0.90546875 0.3234375 0.00703125 0.0546875
0 0.91328125 0.31015625 0.00859375 0.059375
0 0.93359375 0.27578125 0.01171875 0.07421875
0 0.92265625 0.29453125 0.01015625 0.065625
0 0.9234375 0.23203125 0.01015625 0.09296875
0 0.934375 0.20859375 0.01171875 0.10390625
0 0.94765625 0.178125 0.01484375 0.11796875
0 0.9671875 0.1390625 0.025 0.13984375
0 0.946875 0.25390625 0.01484375 0.08359375
0 0.96328125 0.22578125 0.01796875 0.09609375
0 0.97578125 0.20546875 0.00703125 0.08359375
3 0.41484375 0.70859375 0.0625 0.0484375
3 0.5953125 0.4984375 0.01171875 0.00859375
3 0.57265625 0.49921875 0.03125 0.009375
3 0.1265625 0.709375 0.12734375 0.084375
3 0.375 0.63125 0.07265625 0.04140625
3 0.41640625 0.615625 0.0625 0.034375
3 0.45546875 0.60390625 0.05546875 0.02890625
3 0.48515625 0.5046875 0.046875 0.01328125
3 0.51484375 0.503125 0.028125 0.01171875
3 0.53203125 0.503125 0.03515625 0.0109375
3 0.534375 0.64296875 0.04140625 0.0265625
3 0.45078125 0.68828125 0.05546875 0.04140625
3 0.1328125 0.86796875 0.125 0.12890625
3 0.36796875 0.509375 0.0703125 0.01953125
3 0.4140625 0.5078125 0.04921875 0.01796875
3 0.48984375 0.66796875 0.04921875 0.034375
0 0.57734375 0.559375 0.01640625 0.02421875
0 0.25078125 0.65390625 0.05546875 0.06953125
3 0.55703125 0.6328125 0.0375 0.01953125
3 0.57890625 0.62421875 0.0203125 0.01875
3 0.5921875 0.61640625 0.01953125 0.015625
3 0.559375 0.571875 0.02734375 0.01328125
0 0.54140625 0.5703125 0.00703125 0.028125
0 0.52890625 0.5734375 0.01640625 0.0265625
0 0.5234375 0.57578125 0.0109375 0.03046875
0 0.52578125 0.546875 0.02421875 0.028125
0 0.5046875 0.5515625 0.02578125 0.03046875
0 0.51328125 0.5796875 0.00859375 0.0296875
0 0.503125 0.5828125 0.01015625 0.03046875
0 0.484375 0.584375 0.02734375 0.034375
0 0.496875 0.553125 0.02265625 0.03125
0 0.31953125 0.49765625 0.0265625 0.046875
0 0.29140625 0.4984375 0.02890625 0.05
0 0.26015625 0.4984375 0.03203125 0.053125
0 0.26015625 0.44609375 0.0328125 0.05390625
0 0.225 0.49921875 0.03671875 0.05546875
0 0.1859375 0.5 0.0421875 0.059375
0 0.140625 0.5 0.0484375 0.06484375
0 0.08671875 0.5 0.059375 0.0703125
0 0.225 0.44296875 0.03671875 0.05625
0 0.18515625 0.43984375 0.0421875 0.0609375
0 0.13671875 0.4359375 0.05546875 0.06640625
0 0.32109375 0.35625 0.02578125 0.05
0 0.29296875 0.3484375 0.02890625 0.05390625
0 0.2625 0.33984375 0.03203125 0.05703125
0 0.22734375 0.33046875 0.03671875 0.06171875
0 0.1875 0.31875 0.04140625 0.06796875
0 0.14296875 0.30625 0.04765625 0.0734375
0 0.0890625 0.29140625 0.059375 0.0796875
0 0.47109375 0.4109375 0.01171875 0.03359375
0 0.4578125 0.4078125 0.01328125 0.034375
0 0.42890625 0.40078125 0.015625 0.03671875
0 0.44375 0.4046875 0.0140625 0.03515625
0 0.44375 0.37109375 0.0140625 0.03828125
0 0.42890625 0.36640625 0.01484375 0.03984375
0 0.4125 0.3609375 0.01640625 0.04140625
0 0.3859375 0.3546875 0.03515625 0.04453125
0 0.4125 0.396875 0.01640625 0.0390625
0 0.3953125 0.39296875 0.01796875 0.04140625
0 0.36953125 0.38828125 0.03125 0.04453125
3 0.6765625 0.6 0.0328125 0.01640625