3 0.465625 0.62578125 0.06015625 0.07109375
3 0.9515625 0.6140625 0.0953125 0.1140625
3 0.31640625 0.47109375 0.05390625 0.04375
3 0.41796875 0.52890625 0.0625 0.0609375
3 0.46328125 0.546875 0.06484375 0.06640625
3 0.50859375 0.57421875 0.06484375 0.07890625
3 0.5765625 0.48046875 0.07265625 0.07421875
3 0.6375 0.503125 0.0828125 0.08125
3 0.72421875 0.53671875 0.09140625 0.08515625
3 0.69296875 0.771875 0.07578125 0.11875
3 0.50859375 0.6515625 0.06328125 0.0796875
3 0.328125 0.5390625 0.053125 0.04921875
3 0.4078125 0.42421875 0.06640625 0.0515625
3 0.44453125 0.43671875 0.06796875 0.05703125
3 0.5703125 0.6953125 0.0671875 0.09296875
0 0.94765625 0.78046875 0.09375 0.13046875
0 0.35078125 0.4828125 0.03203125 0.05078125
3 0.7953125 0.8359375 0.09375 0.13671875
3 0.8953125 0.90234375 0.11328125 0.146875
3 0.96875 0.9375 0.0609375 0.1234375
3 0.8265625 0.728125 0.10703125 0.128125
0 0.71484375 0.659375 0.03984375 0.09296875
0 0.68203125 0.6484375 0.03671875 0.0796875
0 0.65390625 0.62890625 0.03828125 0.08515625
0 0.6890625 0.60703125 0.0390625 0.08046875
0 0.6203125 0.57578125 0.03671875 0.0734375
0 0.61796875 0.61640625 0.0375 0.06953125
0 0.58828125 0.6125 0.02734375 0.04921875
0 0.56484375 0.58671875 0.02734375 0.075
0 0.59375 0.5640625 0.03515625 0.0703125
0 0.37421875 0.396875 0.0375 0.0515625
0 0.35625 0.39140625 0.03046875 0.05
0 0.33515625 0.39296875 0.01640625 0.03671875
0 0.3421875 0.35390625 0.03828125 0.0484375
0 0.321875 0.38828125 0.01640625 0.03671875
0 0.309375 0.38359375 0.01640625 0.03515625
0 0.296875 0.37890625 0.015625 0.03515625
0 0.28515625 0.371875 0.01484375 0.0390625
0 0.32734375 0.35 0.03515625 0.04609375
0 0.3140625 0.34609375 0.03359375 0.0453125
0 0.3015625 0.3421875 0.034375 0.04375
0 0.36640625 0.2859375 0.040625 0.04921875
0 0.3453125 0.2828125 0.0296875 0.046875
0 0.33359375 0.28046875 0.03671875 0.0453125
0 0.3203125 0.278125 0.03671875 0.04453125
0 0.30625 0.27578125 0.03671875 0.04375
0 0.29375 0.2734375 0.0359375 0.04296875
0 0.28046875 0.27109375 0.034375 0.04140625
0 0.53203125 0.33359375 0.040625 0.0640625
0 0.5078125 0.32890625 0.03984375 0.06171875
0 0.45390625 0.325 0.021875 0.0484375
0 0.4765625 0.3296875 0.02265625 0.05
0 0.484375 0.27890625 0.04140625 0.05703125
0 0.46171875 0.27578125 0.03984375 0.05625
0 0.440625 0.27265625 0.03984375 0.0546875
0 0.42109375 0.26953125 0.0390625 0.053125
0 0.43359375 0.32109375 0.02109375 0.046875
0 0.4140625 0.31640625 0.0203125 0.04609375
0 0.39609375 0.309375 0.0203125 0.05078125