2 0.47890625 0.95234375 0.14921875 0.0921875
3 0.95078125 0.41953125 0.0734375 0.02109375
3 0.96328125 0.43046875 0.0734375 0.0296875
3 0.99609375 0.4765625 0.0078125 0.02734375
3 0.98828125 0.46171875 0.0234375 0.0296875
3 0.9875 0.83046875 0.02421875 0.084375
0 0.92890625 0.5140625 0.01953125 0.03828125
0 0.93046875 0.534375 0.01171875 0.0421875
0 0.959375 0.5421875 0.059375 0.04375
0 0.9671875 0.56015625 0.0625 0.05625
0 0.96484375 0.509375 0.059375 0.053125
0 0.996875 0.646875 0.00625 0.0375
3 0.903125 0.60234375 0.02109375 0.034375
3 0.909375 0.62734375 0.01484375 0.0390625
3 0.97109375 0.75078125 0.0578125 0.08515625
3 0.94921875 0.665625 0.07109375 0.0609375
3 0.4421875 0.67265625 0.06953125 0.0734375
3 0.60859375 0.39140625 0.0359375 0.01484375
3 0.59609375 0.39609375 0.03828125 0.015625
3 0.51328125 0.425 0.05390625 0.0265625
3 0.5328125 0.41640625 0.05078125 0.02265625
3 0.5578125 0.41015625 0.0390625 0.0203125
3 0.12578125 0.93203125 0.16171875 0.134375
3 0.3859375 0.46875 0.0859375 0.04765625
3 0.428125 0.45390625 0.0796875 0.04140625
3 0.515625 0.60390625 0.053125 0.04921875
0 0.6078125 0.45546875 0.0203125 0.0265625
0 0.31953125 0.6453125 0.0265625 0.0328125
0 0.30234375 0.6640625 0.02890625 0.0375
0 0.27421875 0.665625 0.02890625 0.05078125
0 0.215625 0.7171875 0.034375 0.04609375
0 0.2453125 0.6875 0.03046875 0.040625
3 0.57890625 0.5453125 0.0375 0.0265625
3 0.54609375 0.57734375 0.04609375 0.034375
3 0.59921875 0.53125 0.02265625 0.02421875
3 0.61171875 0.51953125 0.01953125 0.0203125
3 0.48203125 0.5484375 0.0640625 0.04765625
0 0.6 0.46484375 0.00625 0.02734375
0 0.58671875 0.46953125 0.0203125 0.0265625
0 0.57890625 0.47109375 0.02421875 0.03203125
0 0.5859375 0.44375 0.0234375 0.0296875
0 0.53125 0.47265625 0.02890625 0.03828125
0 0.540625 0.5046875 0.009375 0.03515625
0 0.53125 0.51171875 0.009375 0.0359375
0 0.5109375 0.515625 0.03203125 0.04609375
0 0.521875 0.47734375 0.03046875 0.04140625
0 0.49921875 0.31875 0.0140625 0.04140625
0 0.4859375 0.3171875 0.0140625 0.04375
0 0.45234375 0.315625 0.01796875 0.04765625
0 0.46953125 0.3171875 0.015625 0.04453125
0 0.46953125 0.27109375 0.0171875 0.04921875
0 0.4515625 0.2671875 0.01796875 0.05
0 0.4328125 0.2640625 0.0203125 0.053125
0 0.3984375 0.259375 0.05 0.0578125
0 0.43359375 0.31484375 0.0203125 0.04921875
0 0.4125 0.3125 0.0234375 0.053125
0 0.37578125 0.31171875 0.05234375 0.0578125
0 0.31640625 0.2796875 0.0390625 0.0703125
0 0.278125 0.275 0.04609375 0.07734375
0 0.2328125 0.2703125 0.05546875 0.08515625
0 0.17734375 0.2625 0.06796875 0.09375
0 0.1125 0.2546875 0.084375 0.10546875
0 0.0421875 0.246875 0.084375 0.11484375
0 0.3140625 0.46953125 0.05859375 0.07578125
0 0.2890625 0.48046875 0.0421875 0.08203125
0 0.24921875 0.49765625 0.04921875 0.0796875
0 0.2328125 0.42578125 0.07109375 0.0828125
0 0.20078125 0.51171875 0.0609375 0.0875
0 0.14140625 0.52890625 0.07265625 0.09765625
0 0.07109375 0.55 0.0890625 0.10859375
0 0.02109375 0.55625 0.04140625 0.12734375
0 0.184375 0.43359375 0.07890625 0.090625
0 0.125 0.44375 0.08828125 0.10234375
0 0.0546875 0.45546875 0.09921875 0.1140625
3 0.4453125 0.3765625 0.0265625 0.00859375
3 0.42578125 0.37890625 0.03046875 0.009375
3 0.32421875 0.39453125 0.03828125 0.0140625
3 0.35078125 0.39140625 0.034375 0.0125
3 0.3796875 0.3875 0.02734375 0.0125
3 0.39140625 0.50234375 0.02109375 0.00859375
3 0.3421875 0.521875 0.02578125 0.009375
0 0.43046875 0.4265625 0.0171875 0.0171875
3 0.4171875 0.490625 0.01796875 0.0078125
3 0.4359375 0.484375 0.015625 0.00625
3 0.4515625 0.47734375 0.0140625 0.00546875
3 0.40546875 0.4375 0.0265625 0.00546875
0 0.3875 0.4359375 0.009375 0.01484375
0 0.37734375 0.440625 0.0109375 0.0125
0 0.371875 0.44140625 0.003125 0.0125
0 0.375 0.4234375 0.0140625 0.0234375
0 0.34921875 0.42734375 0.01953125 0.0234375
0 0.35390625 0.446875 0.009375 0.01484375
0 0.3453125 0.44921875 0.0078125 0.0109375
0 0.3421875 0.42890625 0.01171875 0.02109375
0 0.15078125 0.390625 0.02890625 0.00390625
0 0.128125 0.3921875 0.02421875 0.00546875
0 0.0984375 0.37890625 0.03515625 0.0359375
0 0.01171875 0.4234375 0.0234375 0.040625
0 0.06953125 0.38046875 0.0375 0.0375
0 0.0390625 0.38203125 0.0390625 0.040625
0 0.01328125 0.38359375 0.0265625 0.04140625
3 0.759375 0.55625 0.05625 0.034375
3 0.50546875 0.459375 0.00546875 0.009375