2 0.3203125 0.4859375 0.0421875 0.1125
3 0.17109375 0.68984375 0.05078125 0.0671875
3 0.1875 0.50234375 0.04140625 0.034375
3 0.159375 0.57578125 0.05078125 0.046875
3 0.14921875 0.609375 0.06484375 0.0578125
3 0.1421875 0.65 0.0609375 0.059375
3 0.08671875 0.5859375 0.1203125 0.0765625
3 0.0625 0.6390625 0.12421875 0.10234375
3 0.03515625 0.71953125 0.0703125 0.11796875
3 0.20703125 0.559375 0.02265625 0.034375
3 0.14453125 0.47421875 0.0640625 0.0296875
3 0.1328125 0.50078125 0.07265625 0.04921875
3 0.1484375 0.8171875 0.04765625 0.0921875
0 0.09453125 0.71640625 0.0578125 0.09453125
0 0.09453125 0.7640625 0.07578125 0.10078125
0 0.13125 0.7203125 0.015625 0.065625
0 0.1375 0.69453125 0.01953125 0.0625
0 0.1171875 0.67734375 0.02890625 0.065625
0 0.07578125 0.42265625 0.07109375 0.0625
0 0.0890625 0.40859375 0.06796875 0.05078125
0 0.1296875 0.39375 0.0125 0.04453125
0 0.1234375 0.40078125 0.01484375 0.04765625
0 0.08984375 0.3609375 0.06484375 0.053125
0 0.09921875 0.353125 0.0609375 0.04453125
0 0.1078125 0.3484375 0.0578125 0.04375
0 0.1171875 0.34453125 0.04765625 0.040625
0 0.1375 0.3875 0.0125 0.04375
0 0.1421875 0.38125 0.0109375 0.04140625
0 0.14765625 0.3765625 0.01171875 0.040625
0 0.14765625 0.353125 0.01796875 0.0359375
0 0.15078125 0.34921875 0.02734375 0.034375
0 0.153125 0.34609375 0.03203125 0.03203125
0 0.1546875 0.3421875 0.03515625 0.03203125
0 0.1578125 0.340625 0.03515625 0.0296875
0 0.1609375 0.3375 0.03515625 0.02890625
0 0.16484375 0.33515625 0.03203125 0.02734375
0 0.15546875 0.44765625 0.0390625 0.034375
0 0.1609375 0.440625 0.03828125 0.0328125
0 0.17890625 0.434375 0.0078125 0.03203125
0 0.1625 0.409375 0.0328125 0.0375
0 0.1828125 0.428125 0.0078125 0.03046875
0 0.1859375 0.42265625 0.00625 0.02890625
0 0.1875 0.41796875 0.00546875 0.02734375
0 0.190625 0.41328125 0.00625 0.02890625
0 0.1671875 0.40078125 0.02890625 0.03203125
0 0.16953125 0.396875 0.03203125 0.0296875
0 0.17109375 0.3921875 0.0328125 0.02890625
3 0.103125 0.9375 0.09765625 0.12265625
3 0.484375 0.56171875 0.0390625 0.040625
3 0.784375 0.6640625 0.1203125 0.13046875
3 0.709375 0.5984375 0.10546875 0.09453125
3 0.528125 0.46015625 0.05390625 0.0375
3 0.55234375 0.47890625 0.05859375 0.04375
3 0.58515625 0.5078125 0.06171875 0.05078125
3 0.434375 0.490625 0.02734375 0.02421875
3 0.4625 0.4140625 0.040625 0.0234375
3 0.47578125 0.42421875 0.0421875 0.0265625
3 0.525 0.62265625 0.04765625 0.05390625
0 0.75234375 0.7921875 0.07109375 0.1109375
0 0.45859375 0.46796875 0.0109375 0.0109375
0 0.45234375 0.46484375 0.0109375 0.00859375
0 0.45390625 0.4578125 0.00859375 0.0109375
0 0.4421875 0.45390625 0.00625 0.009375
3 0.621875 0.77109375 0.0625 0.09140625
3 0.559375 0.6765625 0.05546875 0.059375
3 0.67578125 0.84375 0.08828125 0.11484375
3 0.7375 0.92265625 0.1 0.15234375
3 0.49765625 0.5234375 0.0421875 0.03828125
0 0.68125 0.709375 0.05234375 0.0859375
0 0.6578125 0.6921875 0.04765625 0.0625
0 0.62734375 0.66171875 0.02421875 0.07265625
0 0.6609375 0.64765625 0.04765625 0.07109375
0 0.54609375 0.53203125 0.03203125 0.04453125
0 0.54453125 0.5640625 0.03203125 0.0390625
0 0.52421875 0.55234375 0.009375 0.03828125
0 0.51484375 0.53984375 0.00859375 0.04140625
0 0.53046875 0.52109375 0.02265625 0.0421875
0 0.509375 0.359375 0.02890625 0.0359375
0 0.49921875 0.35703125 0.0265625 0.03515625
0 0.475 0.35078125 0.0078125 0.0296875
0 0.4828125 0.35390625 0.0078125 0.0296875
0 0.49140625 0.32421875 0.02734375 0.03203125
0 0.48359375 0.32265625 0.02421875 0.03203125
0 0.47578125 0.3203125 0.02109375 0.0296875
0 0.4703125 0.31875 0.0234375 0.02890625
0 0.46796875 0.34921875 0.00625 0.02734375
0 0.46171875 0.34609375 0.00625 0.02734375
0 0.45546875 0.3421875 0.00546875 0.02734375
0 0.44921875 0.3265625 0.01796875 0.02578125
0 0.44609375 0.325 0.0203125 0.0265625
0 0.43984375 0.3234375 0.01796875 0.02578125
0 0.434375 0.32109375 0.0140625 0.0234375
0 0.43203125 0.3203125 0.0171875 0.0234375
0 0.42734375 0.31875 0.0171875 0.02265625
0 0.42421875 0.3171875 0.0171875 0.02109375
0 0.453125 0.39453125 0.02109375 0.0234375
0 0.44765625 0.39296875 0.01953125 0.0265625
0 0.43515625 0.390625 0.00390625 0.02421875
0 0.44296875 0.36953125 0.0203125 0.02578125
0 0.43046875 0.3875 0.00390625 0.0234375
0 0.42734375 0.384375 0.00390625 0.02265625
0 0.4234375 0.38125 0.00390625 0.0203125
0 0.41953125 0.37890625 0.003125 0.02109375
0 0.4359375 0.365625 0.01484375 0.0234375
0 0.43359375 0.3625 0.01796875 0.0234375
0 0.42890625 0.3609375 0.0171875 0.0234375
3 0.65390625 0.490625 0.0328125 0.02421875
3 0.965625 0.48203125 0.06796875 0.04453125
3 0.9078125 0.46171875 0.07421875 0.040625
3 0.71953125 0.40390625 0.0421875 0.0203125
3 0.74921875 0.4125 0.04921875 0.0234375
3 0.78671875 0.42734375 0.05 0.0265625
3 0.771875 0.56328125 0.05 0.0390625
3 0.67578125 0.50546875 0.0375 0.02734375
3 0.58125 0.44765625 0.0265625 0.0171875
3 0.6359375 0.378125 0.0328125 0.015625
3 0.6578125 0.384375 0.02734375 0.0171875
3 0.7078125 0.525 0.0421875 0.03046875
0 0.9015625 0.54765625 0.03515625 0.04453125
3 0.82265625 0.59453125 0.05859375 0.04765625
3 0.87109375 0.6234375 0.065625 0.05546875
3 0.928125 0.659375 0.07578125 0.06484375
0 0.7859375 0.4859375 0.02578125 0.015625
0 0.76953125 0.4796875 0.02421875 0.00625
0 0.75 0.46953125 0.01484375 0.009375
0 0.77109375 0.46484375 0.02734375 0.034375
0 0.73828125 0.4515625 0.02578125 0.03046875
0 0.7375 0.465625 0.0203125 0.00625
0 0.70703125 0.45234375 0.01171875 0.00859375
0 0.725 0.446875 0.02421875 0.0296875
0 0.61953125 0.36640625 0.015625 0.0203125
0 0.61015625 0.36328125 0.0140625 0.01796875
0 0.59921875 0.3625 0.0078125 0.01953125
0 0.60546875 0.3453125 0.0171875 0.01796875
0 0.5921875 0.36171875 0.00625 0.0171875
0 0.5859375 0.359375 0.00625 0.015625
0 0.5796875 0.3578125 0.00625 0.0171875
0 0.57421875 0.35546875 0.00625 0.0171875
0 0.596875 0.34375 0.0125 0.01953125
0 0.590625 0.3421875 0.0140625 0.01796875
0 0.5859375 0.340625 0.015625 0.0171875
0 0.62265625 0.3125 0.01796875 0.0203125
0 0.6125 0.31015625 0.0125 0.01796875
0 0.60234375 0.309375 0.00859375 0.01953125
0 0.59921875 0.30859375 0.0140625 0.01953125
0 0.59296875 0.3078125 0.015625 0.01796875
0 0.5875 0.30703125 0.01484375 0.01796875
0 0.5796875 0.30546875 0.0125 0.01796875
0 0.70078125 0.3328125 0.0234375 0.02421875
0 0.6890625 0.33046875 0.0234375 0.02421875
0 0.6640625 0.328125 0.0109375 0.02265625
0 0.67421875 0.33046875 0.01171875 0.02265625
0 0.68125 0.3078125 0.02265625 0.02265625
0 0.66953125 0.30703125 0.0203125 0.02265625
0 0.659375 0.30546875 0.01953125 0.02109375
0 0.65390625 0.30390625 0.009375 0.02109375
0 0.6546875 0.3265625 0.009375 0.02109375
0 0.64921875 0.3203125 0.00234375 0.00859375
0 0.6359375 0.3234375 0.009375 0.02109375
3 0.9953125 0.76953125 0.009375 0.04609375