3 0.38359375 0.71328125 0.09296875 0.0859375
3 0.95546875 0.37421875 0.08828125 0.025
3 0.90546875 0.375 0.140625 0.02578125
3 0.56796875 0.38203125 0.07890625 0.0296875
3 0.63984375 0.38203125 0.10390625 0.02890625
3 0.73359375 0.38125 0.096875 0.028125
3 0.05078125 0.73828125 0.1015625 0.09140625
3 0.25625 0.38515625 0.11796875 0.03359375
3 0.3421875 0.384375 0.103125 0.03203125
3 0.57109375 0.70390625 0.08984375 0.08125
0 0.9484375 0.5296875 0.08671875 0.06875
0 0.19921875 0.571875 0.025 0.03046875
0 0.16953125 0.57734375 0.03828125 0.034375
0 0.15703125 0.5640625 0.03828125 0.0453125
0 0.09140625 0.578125 0.04375 0.03203125
0 0.13203125 0.56953125 0.03984375 0.03046875
3 0.803125 0.6859375 0.1171875 0.0703125
3 0.671875 0.696875 0.10234375 0.07421875
3 0.88828125 0.690625 0.08828125 0.05
3 0.953125 0.684375 0.0921875 0.04921875
3 0.4703125 0.56953125 0.07578125 0.0703125
0 0.890625 0.5328125 0.0359375 0.065625
0 0.84453125 0.53125 0.06875 0.0703125
0 0.81328125 0.53203125 0.06953125 0.071875
0 0.84765625 0.478125 0.07578125 0.06640625
0 0.625 0.484375 0.0484375 0.07109375
0 0.6296875 0.54921875 0.03515625 0.05859375
0 0.590625 0.54296875 0.04609375 0.07578125
0 0.5578125 0.54375 0.04296875 0.078125
0 0.59140625 0.4859375 0.04765625 0.071875
0 0.496875 0.17421875 0.03984375 0.071875
0 0.45625 0.17265625 0.040625 0.0734375
0 0.37421875 0.16953125 0.04375 0.07421875
0 0.415625 0.17109375 0.0421875 0.0734375
0 0.415625 0.09609375 0.04609375 0.08046875
0 0.371875 0.09296875 0.04453125 0.08046875
0 0.32890625 0.09140625 0.04609375 0.08203125
0 0.28515625 0.08828125 0.04765625 0.08359375
0 0.33203125 0.16796875 0.04609375 0.07421875
0 0.28984375 0.16640625 0.04609375 0.075
0 0.24609375 0.16328125 0.04765625 0.0765625
0 0.15703125 0.1359375 0.09140625 0.1
0 0.08984375 0.1234375 0.05703125 0.0796875
0 0.04140625 0.12109375 0.0578125 0.08046875
0 0.0109375 0.11953125 0.021875 0.0796875
0 0.17421875 0.36328125 0.08203125 0.071875
0 0.11328125 0.3625 0.053125 0.0734375
0 0.06875 0.36328125 0.05390625 0.0734375
0 0.0828125 0.28828125 0.10234375 0.0765625
0 0.02578125 0.36328125 0.05078125 0.0734375
0 0.00234375 0.38046875 0.0046875 0.0359375
0 0.0203125 0.28828125 0.040625 0.07578125
3 0.43359375 0.50078125 0.03359375 0.01953125
3 0.678125 0.3640625 0.03125 0.00625
3 0.6421875 0.3640625 0.040625 0.00546875
3 0.2890625 0.44375 0.04609375 0.01484375
3 0.3984375 0.4421875 0.03671875 0.015625
3 0.4328125 0.440625 0.03359375 0.01484375
3 0.4671875 0.440625 0.02734375 0.015625
3 0.49921875 0.36796875 0.02109375 0.01015625
3 0.5390625 0.365625 0.02109375 0.0046875
3 0.5671875 0.365625 0.03671875 0.0046875
3 0.559375 0.49609375 0.0171875 0.015625
3 0.465625 0.49921875 0.03203125 0.01875
3 0.29453125 0.5046875 0.04453125 0.0203125
3 0.3921875 0.36796875 0.03359375 0.01015625
3 0.42109375 0.36796875 0.03125 0.01015625
3 0.5 0.49921875 0.01875 0.01875
0 0.64296875 0.43046875 0.021875 0.02421875
0 0.33203125 0.4359375 0.02734375 0.0265625
3 0.6515625 0.49609375 0.00859375 0.01328125
3 0.66796875 0.49453125 0.03515625 0.01640625
3 0.60859375 0.4375 0.03828125 0.01171875
0 0.57265625 0.43125 0.01328125 0.02421875
0 0.5578125 0.43203125 0.01484375 0.025
0 0.54453125 0.43203125 0.01640625 0.025
0 0.53125 0.43359375 0.00703125 0.021875
0 0.509375 0.4390625 0.00078125 0.01328125
0 0.5015625 0.4328125 0.0140625 0.025
0 0.359375 0.3578125 0.01953125 0.01953125
0 0.3421875 0.3578125 0.01484375 0.01953125
0 0.328125 0.35859375 0.01484375 0.01875
0 0.3296875 0.3359375 0.021875 0.025
0 0.3125 0.35859375 0.01484375 0.01875
0 0.29765625 0.35859375 0.015625 0.01875
0 0.2828125 0.35859375 0.015625 0.01875
0 0.26796875 0.3578125 0.01640625 0.01953125
0 0.31171875 0.3359375 0.015625 0.025
0 0.296875 0.3359375 0.01640625 0.025
0 0.28125 0.3359375 0.01640625 0.025
0 0.3578125 0.28203125 0.0203125 0.025
0 0.33984375 0.28125 0.015625 0.02578125
0 0.325 0.28125 0.015625 0.02578125
0 0.309375 0.28125 0.01640625 0.02578125
0 0.29453125 0.28046875 0.01640625 0.02578125
0 0.27890625 0.28046875 0.01640625 0.02578125
0 0.2640625 0.28046875 0.01640625 0.02578125
0 0.4765625 0.29453125 0.0140625 0.02421875
0 0.46171875 0.29375 0.01328125 0.025
0 0.43359375 0.29375 0.0140625 0.025
0 0.44765625 0.29375 0.0140625 0.025
0 0.44765625 0.26875 0.01484375 0.02578125
0 0.4328125 0.26796875 0.0140625 0.025
0 0.41875 0.26796875 0.01484375 0.025
0 0.40390625 0.26796875 0.01484375 0.02578125
0 0.41953125 0.29375 0.01484375 0.025
0 0.4046875 0.29375 0.01484375 0.025
0 0.38984375 0.29296875 0.01484375 0.025
3 0.76640625 0.50234375 0.0296875 0.02109375