2 0.465625 0.57421875 0.19765625 0.42890625
3 0.92734375 0.69921875 0.12890625 0.07265625
3 0.82109375 0.45390625 0.003125 0.015625
3 0.825 0.44609375 0.00546875 0.01796875
3 0.996875 0.51953125 0.00625 0.0671875
3 0.9421875 0.5265625 0.1109375 0.034375
3 0.875 0.52890625 0.0265625 0.02578125
3 0.85625 0.53046875 0.0125 0.02109375
3 0.840625 0.40234375 0.0203125 0.03203125
3 0.83515625 0.42421875 0.00625 0.01171875
3 0.88515625 0.30546875 0.0296875 0.06953125
3 0.8640625 0.34296875 0.0125 0.05
3 0.88984375 0.65 0.084375 0.040625
0 0.840625 0.5234375 0.0125 0.0296875
0 0.840625 0.49453125 0.0125 0.02890625
0 0.84765625 0.5203125 0.00078125 0.0359375
0 0.88046875 0.50703125 0.05234375 0.02421875
0 0.87265625 0.475 0.03828125 0.04375
0 0.85390625 0.22890625 0.003125 0.01953125
0 0.85703125 0.21015625 0.003125 0.0203125
0 0.865625 0.16796875 0.00390625 0.02734375
0 0.86171875 0.18984375 0.00390625 0.02265625
0 0.8609375 0.1625 0.00546875 0.0703125
0 0.86484375 0.1375 0.00625 0.0765625
0 0.87109375 0.10859375 0.0078125 0.08515625
0 0.87578125 0.08125 0.00546875 0.084375
0 0.871875 0.140625 0.00546875 0.03046875
0 0.87578125 0.1171875 0.003125 0.01796875
0 0.9171875 0.07421875 0.04921875 0.05546875
0 0.91875 0.20078125 0.015625 0.0796875
0 0.93515625 0.159375 0.01953125 0.09453125
0 0.9546875 0.10703125 0.02421875 0.1140625
0 0.95234375 0.0546875 0.02578125 0.109375
0 0.98203125 0.0546875 0.034375 0.109375
0 0.9984375 0.0171875 0.003125 0.034375
0 0.97265625 0.02421875 0.01953125 0.04765625
3 0.828125 0.60234375 0.003125 0.01484375
3 0.83046875 0.60703125 0.003125 0.015625
3 0.86796875 0.62890625 0.05546875 0.02421875
3 0.83671875 0.61328125 0.009375 0.0203125
3 0.5953125 0.47578125 0.01796875 0.0109375
3 0.578125 0.47265625 0.03046875 0.0109375
3 0.51796875 0.453125 0.0234375 0.01484375
3 0.5375 0.459375 0.01484375 0.0140625
3 0.55 0.46484375 0.0234375 0.0109375
3 0.26015625 0.66484375 0.0796875 0.04921875
3 0.42578125 0.42578125 0.05 0.0203125
3 0.4609375 0.43359375 0.03046875 0.02265625
0 0.59296875 0.52890625 0.0140625 0.01953125
0 0.36171875 0.5328125 0.01484375 0.0125
0 0.34453125 0.52890625 0.01953125 0.0203125
0 0.31171875 0.534375 0.02109375 0.0125
0 0.328125 0.5328125 0.01796875 0.0125
3 0.5734375 0.5890625 0.02109375 0.0125
3 0.5875 0.58671875 0.015625 0.009375
3 0.59765625 0.584375 0.015625 0.0109375
0 0.58359375 0.528125 0.00546875 0.0203125
0 0.578125 0.528125 0.00546875 0.0203125
0 0.565625 0.528125 0.0203125 0.0203125
0 0.57109375 0.5078125 0.01953125 0.0203125
0 0.5328125 0.5015625 0.0078125 0.02421875
0 0.5328125 0.52578125 0.0078125 0.02421875
0 0.525 0.52578125 0.0078125 0.02578125
0 0.51640625 0.5 0.02421875 0.02578125
0 0.49921875 0.35703125 0.009375 0.009375
0 0.48984375 0.35546875 0.009375 0.0203125
0 0.4671875 0.34765625 0.01171875 0.03203125
0 0.4796875 0.35390625 0.0109375 0.02890625
0 0.4796875 0.32734375 0.0109375 0.03515625
0 0.4671875 0.31953125 0.01171875 0.0359375
0 0.45546875 0.3109375 0.0125 0.03828125
0 0.434375 0.30234375 0.0296875 0.040625
0 0.45546875 0.340625 0.0125 0.034375
0 0.4421875 0.3328125 0.0125 0.0359375
0 0.4203125 0.32421875 0.03203125 0.03828125
0 0.38984375 0.28671875 0.01796875 0.04375
0 0.37109375 0.27421875 0.0203125 0.04453125
0 0.35 0.26171875 0.02109375 0.04921875
0 0.32734375 0.24765625 0.02421875 0.05234375
0 0.3015625 0.23203125 0.0265625 0.05546875
0 0.2734375 0.21328125 0.0296875 0.0609375
0 0.2375 0.19453125 0.0421875 0.06484375
0 0.36640625 0.39453125 0.015625 0.04140625
0 0.34765625 0.3875 0.02265625 0.04609375
0 0.34765625 0.3484375 0.02265625 0.05
0 0.3234375 0.38046875 0.02578125 0.04921875
0 0.29765625 0.37109375 0.02734375 0.05078125
0 0.26796875 0.3625 0.03203125 0.05546875
0 0.2328125 0.35078125 0.04140625 0.0609375
0 0.32421875 0.3375 0.02421875 0.053125
0 0.29765625 0.32734375 0.02734375 0.05625
0 0.2625 0.3140625 0.04609375 0.0609375
3 0.30078125 0.5890625 0.0390625 0.0125
3 0.45625 0.48984375 0.01953125 0.0078125
3 0.44609375 0.4875 0.0125 0.0078125
3 0.1359375 0.53359375 0.0578125 0.01171875
3 0.27890625 0.534375 0.02734375 0.00859375
3 0.29765625 0.534375 0.0078125 0.00859375
3 0.35625 0.47734375 0.02734375 0.00859375
3 0.40078125 0.48359375 0.0109375 0.0078125
3 0.32890625 0.5859375 0.03203125 0.01171875
3 0.1390625 0.60546875 0.05390625 0.0203125
3 0.26875 0.46484375 0.0390625 0.0125
3 0.30078125 0.46953125 0.0265625 0.0125
3 0.3546875 0.5828125 0.0203125 0.01171875
0 0.209375 0.52578125 0.00390625 0.02421875
0 0.40390625 0.52578125 0.00390625 0.00859375
0 0.39921875 0.5265625 0.00625 0.0109375
0 0.39921875 0.51328125 0.00625 0.015625
0 0.36796875 0.5234375 0.00390625 0.00625
0 0.35625 0.52421875 0.0171875 0.0078125
0 0.3640625 0.5109375 0.0125 0.0171875
0 0.23671875 0.45390625 0.015625 0.02578125
0 0.22109375 0.4515625 0.015625 0.02421875
0 0.20390625 0.44921875 0.0171875 0.02578125
0 0.20390625 0.42578125 0.0171875 0.02578125
0 0.1859375 0.44609375 0.01796875 0.0265625
0 0.165625 0.44375 0.01953125 0.02734375
0 0.14609375 0.440625 0.02109375 0.02890625
0 0.12265625 0.4375 0.0265625 0.0296875
0 0.1859375 0.42109375 0.01953125 0.02734375
0 0.16640625 0.4171875 0.0203125 0.02890625
0 0.14453125 0.41328125 0.0265625 0.03046875
0 0.18125 0.36640625 0.003125 0.02421875
0 0.16953125 0.3625 0.0203125 0.0296875
0 0.15 0.3578125 0.02109375 0.03046875
0 0.12578125 0.3515625 0.0265625 0.0328125
3 0.7140625 0.57890625 0.0421875 0.0125