2 0.3625 0.459375 0.03359375 0.0984375
3 0.22421875 0.6140625 0.04921875 0.05
3 0.2625 0.45859375 0.03125 0.0234375
3 0.22265625 0.51875 0.04765625 0.03125
3 0.2109375 0.54609375 0.05390625 0.03828125
3 0.19765625 0.58046875 0.05078125 0.04375
3 0.15234375 0.5234375 0.0859375 0.04375
3 0.12109375 0.56171875 0.09765625 0.0609375
3 0.06796875 0.62734375 0.10859375 0.09375
3 0.26953125 0.51015625 0.02890625 0.028125
3 0.21640625 0.440625 0.04921875 0.02421875
3 0.20234375 0.46015625 0.05546875 0.03359375
3 0.18515625 0.70859375 0.0578125 0.06796875
0 0.0125 0.96015625 0.02421875 0.078125
0 0.0265625 0.9125 0.053125 0.1
0 0.05234375 0.86015625 0.05078125 0.090625
0 0.01953125 0.86875 0.03828125 0.1046875
0 0.14296875 0.621875 0.053125 0.06171875
0 0.14765625 0.65625 0.05625 0.06328125
0 0.17734375 0.63046875 0.015625 0.05
0 0.1859375 0.6125 0.0171875 0.046875
0 0.16328125 0.5984375 0.03203125 0.05
0 0.15234375 0.4015625 0.05078125 0.04609375
0 0.16328125 0.3921875 0.04765625 0.03984375
0 0.19765625 0.37890625 0.01171875 0.0359375
0 0.1890625 0.3859375 0.01328125 0.03828125
0 0.1671875 0.353125 0.04609375 0.03984375
0 0.1796875 0.34765625 0.03828125 0.0359375
0 0.18671875 0.34296875 0.03984375 0.034375
0 0.19375 0.33828125 0.03828125 0.03203125
0 0.2046875 0.3734375 0.0109375 0.03359375
0 0.21171875 0.36796875 0.01015625 0.03203125
0 0.21796875 0.3625 0.01015625 0.03203125
0 0.221875 0.34296875 0.02421875 0.0296875
0 0.22421875 0.33828125 0.02890625 0.02890625
0 0.22890625 0.334375 0.028125 0.0265625
0 0.234375 0.33125 0.02734375 0.02578125
0 0.240625 0.328125 0.021875 0.025
0 0.24296875 0.32578125 0.025 0.02421875
0 0.246875 0.3234375 0.02421875 0.02421875
0 0.2296875 0.41640625 0.03046875 0.02578125
0 0.23515625 0.41171875 0.02890625 0.028125
0 0.25 0.40625 0.00625 0.02578125
0 0.2375 0.384375 0.0265625 0.02890625
0 0.25390625 0.4015625 0.00625 0.025
0 0.2578125 0.39609375 0.00546875 0.02421875
0 0.2609375 0.39140625 0.00546875 0.02421875
0 0.2640625 0.3875 0.00546875 0.0234375
0 0.24140625 0.37890625 0.02578125 0.02578125
0 0.24609375 0.37421875 0.0234375 0.025
0 0.25 0.3703125 0.02265625 0.02421875
3 0.14296875 0.80078125 0.084375 0.10390625
3 0.10625 0.9515625 0.04140625 0.09453125
3 0.49140625 0.5546875 0.0234375 0.03359375
3 0.678125 0.73125 0.121875 0.14609375
3 0.62578125 0.64375 0.09375 0.10390625
3 0.521875 0.4671875 0.0484375 0.034375
3 0.5359375 0.490625 0.04921875 0.04453125
3 0.5515625 0.525 0.05234375 0.05546875
3 0.4640625 0.47734375 0.01328125 0.02109375
3 0.48359375 0.4109375 0.03515625 0.0234375
3 0.48984375 0.42265625 0.03828125 0.025
3 0.5109375 0.621875 0.02734375 0.0484375
0 0.6453125 0.84609375 0.05078125 0.11171875
0 0.48359375 0.459375 0.009375 0.00859375
0 0.478125 0.45546875 0.009375 0.009375
0 0.48125 0.45078125 0.00859375 0.00859375
0 0.47578125 0.44296875 0.00625 0.00859375
0 0.4796875 0.44609375 0.00859375 0.00625
3 0.5625 0.78828125 0.040625 0.08828125
3 0.52734375 0.67890625 0.03046875 0.059375
3 0.59453125 0.87109375 0.06015625 0.11484375
3 0.6171875 0.95078125 0.0453125 0.09609375
3 0.49765625 0.52109375 0.03125 0.03515625
0 0.60703125 0.7453125 0.04765625 0.078125
0 0.58984375 0.71796875 0.0375 0.0640625
0 0.5671875 0.68828125 0.01328125 0.06328125
0 0.590625 0.6796875 0.03515625 0.06640625
0 0.52578125 0.5390625 0.021875 0.04140625
0 0.52890625 0.56875 0.02890625 0.03984375
0 0.5125 0.5546875 0.0046875 0.03671875
0 0.50703125 0.5421875 0.0046875 0.03828125
0 0.5140625 0.5265625 0.00859375 0.0390625
0 0.51171875 0.36796875 0.02265625 0.0359375
0 0.5046875 0.36328125 0.02421875 0.03359375
0 0.4859375 0.3546875 0.00390625 0.0296875
0 0.48984375 0.35859375 0.00390625 0.03046875
0 0.50078125 0.33125 0.025 0.03203125
0 0.49609375 0.32734375 0.02265625 0.03046875
0 0.49140625 0.32421875 0.021875 0.02890625
0 0.48671875 0.32109375 0.01796875 0.028125
0 0.4828125 0.35078125 0.003125 0.028125
0 0.4796875 0.346875 0.00234375 0.02578125
0 0.4765625 0.34296875 0.00234375 0.02578125
0 0.47421875 0.3265625 0.00625 0.025
0 0.471875 0.3234375 0.0109375 0.02421875
0 0.4703125 0.32109375 0.01328125 0.0234375
0 0.46953125 0.31875 0.01640625 0.021875
0 0.46796875 0.31640625 0.0171875 0.021875
0 0.465625 0.3140625 0.01640625 0.02109375
0 0.46328125 0.31171875 0.015625 0.0203125
0 0.4796875 0.38984375 0.01640625 0.021875
0 0.475 0.3875 0.01484375 0.025
0 0.465625 0.384375 0.00234375 0.021875
0 0.471875 0.3640625 0.015625 0.0234375
0 0.46328125 0.38046875 0.00234375 0.02109375
0 0.46171875 0.3765625 0.00234375 0.0203125
0 0.459375 0.3734375 0.00234375 0.0203125
0 0.4578125 0.36875 0.0015625 0.01953125
0 0.46875 0.36015625 0.01328125 0.021875
0 0.4671875 0.35703125 0.01484375 0.02109375
0 0.46171875 0.35390625 0.00703125 0.02109375
3 0.69140625 0.509375 0.03671875 0.02890625
3 0.9984375 0.56015625 0.00234375 0.0109375
3 0.9609375 0.53203125 0.0765625 0.059375
3 0.62578125 0.41015625 0.02265625 0.01640625
3 0.675 0.44609375 0.0359375 0.0234375
3 0.69765625 0.46015625 0.03984375 0.02578125
3 0.71875 0.47734375 0.04296875 0.0265625
3 0.765625 0.4265625 0.0453125 0.02578125
3 0.79375 0.44140625 0.05859375 0.02890625
3 0.8375 0.46484375 0.05546875 0.03671875
3 0.8125 0.61640625 0.05703125 0.05078125
3 0.7140625 0.5265625 0.0421875 0.028125
3 0.6265625 0.45078125 0.02734375 0.01875
3 0.67890625 0.38671875 0.0375 0.01796875
3 0.69609375 0.39609375 0.040625 0.01953125
3 0.74765625 0.55859375 0.0421875 0.03671875
0 0.95234375 0.63203125 0.06171875 0.0609375
0 0.64375 0.41796875 0.01640625 0.021875
3 0.86328125 0.665625 0.07109375 0.0609375
3 0.91953125 0.715625 0.0875 0.0734375
3 0.9671875 0.771875 0.06484375 0.08828125
3 0.8875 0.596875 0.07890625 0.05
0 0.82578125 0.54296875 0.0359375 0.04140625
0 0.81171875 0.53515625 0.03203125 0.03125
0 0.78046875 0.51796875 0.00546875 0.02578125
0 0.81796875 0.50546875 0.03125 0.0390625
0 0.77734375 0.48359375 0.02421875 0.03515625
0 0.771875 0.51015625 0.02421875 0.0296875
0 0.75390625 0.5 0.01328125 0.03125
0 0.74375 0.490625 0.015625 0.03203125
0 0.76640625 0.47421875 0.03046875 0.03125
0 0.6640625 0.371875 0.0203125 0.021875
0 0.65703125 0.36875 0.01953125 0.021875
0 0.64453125 0.36640625 0.00703125 0.01953125
0 0.65234375 0.34765625 0.01953125 0.02109375
0 0.63828125 0.36328125 0.00625 0.01875
0 0.6328125 0.36015625 0.00625 0.01875
0 0.62734375 0.35703125 0.00546875 0.01875
0 0.621875 0.3546875 0.00546875 0.01875
0 0.6453125 0.3453125 0.0171875 0.0203125
0 0.63984375 0.34296875 0.01796875 0.0203125
0 0.63359375 0.340625 0.015625 0.01953125
0 0.66953125 0.3140625 0.02109375 0.021875
0 0.6625 0.31171875 0.0203125 0.0203125
0 0.65546875 0.31015625 0.01953125 0.0203125
0 0.6484375 0.30859375 0.01796875 0.0203125
0 0.64140625 0.30703125 0.015625 0.01953125
0 0.63671875 0.30546875 0.01796875 0.01953125
0 0.63046875 0.30390625 0.01484375 0.01875
0 0.746875 0.3453125 0.02890625 0.028125
0 0.7328125 0.3421875 0.02265625 0.0265625
0 0.70703125 0.33671875 0.01171875 0.025
0 0.7171875 0.3390625 0.0125 0.025
0 0.72734375 0.315625 0.02734375 0.02578125
0 0.71640625 0.31328125 0.025 0.025
0 0.70703125 0.3109375 0.02421875 0.02421875
0 0.69765625 0.30859375 0.0234375 0.0234375
0 0.69765625 0.33359375 0.0109375 0.02421875
0 0.6890625 0.33046875 0.01015625 0.021875
0 0.68125 0.32734375 0.01015625 0.0234375
3 0.2984375 0.953125 0.10078125 0.09296875