2 0.55078125 0.69453125 0.303125 0.60859375
3 0.99921875 0.76640625 0.00078125 0.02890625
3 0.84453125 0.44609375 0.01484375 0.01484375
3 0.86484375 0.43984375 0.0375 0.01875
3 0.97734375 0.57734375 0.04453125 0.03828125
3 0.95390625 0.4046875 0.09140625 0.0390625
3 0.91875 0.41875 0.05234375 0.0265625
3 0.88828125 0.42890625 0.01015625 0.015625
3 0.95859375 0.69921875 0.08125 0.06015625
0 0.85625 0.525 0.0109375 0.028125
0 0.859375 0.528125 0.0046875 0.03125
0 0.87578125 0.52890625 0.02734375 0.03203125
0 0.8890625 0.53125 0.04296875 0.0359375
0 0.88203125 0.49609375 0.040625 0.03359375
0 0.91953125 0.49609375 0.01015625 0.04609375
0 0.91953125 0.54296875 0.01015625 0.046875
0 0.93046875 0.5453125 0.01171875 0.05
0 0.96796875 0.54765625 0.0625 0.053125
0 0.9609375 0.49609375 0.07265625 0.05078125
0 0.9734375 0.21328125 0.01796875 0.06796875
0 0.99140625 0.19296875 0.01640625 0.06953125
3 0.84453125 0.60546875 0.01015625 0.01953125
3 0.8546875 0.615625 0.01171875 0.021875
3 0.9359375 0.6609375 0.09453125 0.040625
3 0.87734375 0.62890625 0.03515625 0.028125
3 0.46875 0.64609375 0.025 0.034375
3 0.59296875 0.459375 0.01328125 0.00859375
3 0.58828125 0.45859375 0.0046875 0.00625
3 0.1671875 0.79921875 0.1609375 0.13203125
3 0.41484375 0.415625 0.06640625 0.0296875
3 0.45703125 0.42421875 0.04140625 0.025
3 0.51171875 0.615625 0.04921875 0.028125
0 0.34921875 0.56328125 0.025 0.01796875
0 0.3359375 0.56640625 0.0265625 0.0203125
0 0.31015625 0.5625 0.02734375 0.03203125
0 0.26328125 0.57890625 0.03125 0.0234375
0 0.2859375 0.571875 0.02890625 0.02109375
3 0.52578125 0.60234375 0.02109375 0.01171875
3 0.4890625 0.54140625 0.04921875 0.01796875
0 0.5328125 0.496875 0.00625 0.02890625
0 0.5328125 0.52578125 0.00703125 0.02890625
0 0.52578125 0.5265625 0.00703125 0.0296875
0 0.50703125 0.52734375 0.02890625 0.03203125
0 0.51484375 0.49609375 0.028125 0.0296875
0 0.5 0.33828125 0.01015625 0.0359375
0 0.4890625 0.33125 0.01015625 0.03671875
0 0.46484375 0.315625 0.0125 0.04140625
0 0.47734375 0.3234375 0.01171875 0.03984375
0 0.47734375 0.2890625 0.01171875 0.04375
0 0.46484375 0.27890625 0.0125 0.046875
0 0.4515625 0.26796875 0.0140625 0.05078125
0 0.4234375 0.25546875 0.03984375 0.05390625
0 0.4515625 0.30625 0.0140625 0.04375
0 0.4359375 0.29609375 0.01484375 0.046875
0 0.40703125 0.28359375 0.04296875 0.05078125
0 0.3703125 0.23046875 0.02421875 0.06171875
0 0.34453125 0.2109375 0.02734375 0.06796875
0 0.31484375 0.1890625 0.03125 0.07421875
0 0.2796875 0.1640625 0.03671875 0.08125
0 0.2390625 0.13359375 0.04296875 0.09296875
0 0.19140625 0.09765625 0.05234375 0.1046875
0 0.121875 0.05703125 0.084375 0.1140625
0 0.36875 0.38828125 0.02421875 0.05625
0 0.3421875 0.38046875 0.02734375 0.0609375
0 0.3125 0.371875 0.03125 0.065625
0 0.3125 0.31328125 0.03203125 0.07109375
0 0.27734375 0.36171875 0.0375 0.07109375
0 0.23671875 0.34921875 0.04375 0.07890625
0 0.1875 0.334375 0.053125 0.0890625
0 0.12109375 0.31640625 0.0796875 0.10078125
0 0.27734375 0.2984375 0.0375 0.07890625
0 0.23671875 0.28046875 0.04375 0.08828125
0 0.17578125 0.25859375 0.07578125 0.09921875
3 0.403125 0.46640625 0.00078125 0.00625
3 0.02890625 0.54375 0.0578125 0.01875
3 0.21171875 0.53203125 0.05625 0.01484375
3 0.25234375 0.52890625 0.04921875 0.0140625
3 0.2890625 0.5265625 0.0421875 0.0109375
3 0.31953125 0.45859375 0.03671875 0.01015625
3 0.34609375 0.4609375 0.02890625 0.009375
3 0.3765625 0.4640625 0.01484375 0.00703125
3 0.01796875 0.64140625 0.03515625 0.03046875
3 0.20625 0.4484375 0.05234375 0.01484375
3 0.2484375 0.4515625 0.03359375 0.0140625
0 0.10859375 0.5296875 0.04375 0.03359375
3 0.3875 0.51953125 0.01328125 0.00625
0 0.3765625 0.515625 0.00859375 0.01875
0 0.3703125 0.515625 0.00234375 0.01875
0 0.35546875 0.51640625 0.01015625 0.01953125
0 0.3625 0.49609375 0.01796875 0.01875
0 0.3453125 0.496875 0.009375 0.01953125
0 0.3453125 0.51796875 0.009375 0.0203125
0 0.33515625 0.51796875 0.01015625 0.0203125
0 0.31953125 0.51796875 0.02109375 0.02109375
0 0.3296875 0.49609375 0.0203125 0.0203125
0 0.1625 0.43515625 0.021875 0.03125
0 0.13984375 0.43203125 0.02265625 0.03359375
0 0.11484375 0.43046875 0.025 0.034375
0 0.11484375 0.409375 0.025 0.01328125
0 0.09140625 0.428125 0.02109375 0.03359375
0 0.0578125 0.434375 0.00078125 0.0140625
0 0.02421875 0.4203125 0.02578125 0.0390625
0 0.00546875 0.41796875 0.0109375 0.03828125
0 0.09375 0.40625 0.0171875 0.01171875
0 0.021875 0.38359375 0.03046875 0.040625
0 0.025 0.30625 0.02265625 0.040625
0 0.00625 0.30078125 0.0125 0.0390625
3 0.725 0.57890625 0.04921875 0.01796875