3 0.14921875 0.73125 0.03671875 0.040625
3 0.040625 0.00234375 0.00546875 0.0046875
3 0.078125 0.13125 0.078125 0.2625
3 0.1765625 0.4515625 0.01796875 0.0390625
3 0.16328125 0.42890625 0.02421875 0.05546875
3 0.1640625 0.675 0.02890625 0.02421875
3 0.17890625 0.490625 0.00234375 0.01953125
3 0.17578125 0.4828125 0.00546875 0.0234375
3 0.14140625 0.79921875 0.01796875 0.06796875
0 0.16796875 0.60390625 0.00234375 0.01015625
0 0.16328125 0.6 0.01484375 0.01484375
0 0.17578125 0.60078125 0.00078125 0.009375
3 0.090625 0.99375 0.0109375 0.01015625
3 0.11171875 0.88203125 0.0484375 0.11796875
3 0.15859375 0.6203125 0.01875 0.028125
0 0.0234375 0.73828125 0.046875 0.2453125
0 0.05546875 0.70703125 0.03828125 0.2
0 0.0796875 0.68125 0.02734375 0.1609375
0 0.0421875 0.52109375 0.08359375 0.19375
0 0.1125 0.54765625 0.07109375 0.075
0 0.11015625 0.621875 0.06875 0.07421875
0 0.14453125 0.62109375 0.00625 0.05625
0 0.1484375 0.61796875 0.00546875 0.05
0 0.17265625 0.27734375 0.00078125 0.01015625
3 0.49921875 0.66328125 0.04296875 0.021875
3 0.86953125 0.44140625 0.11875 0.05
3 0.77265625 0.46015625 0.090625 0.0390625
3 0.4234375 0.58671875 0.0234375 0.009375
3 0.475 0.5921875 0.03984375 0.01171875
3 0.496875 0.59375 0.03984375 0.0140625
3 0.51875 0.59609375 0.04296875 0.01484375
3 0.55 0.50390625 0.03828125 0.01640625
3 0.578125 0.4984375 0.0390625 0.01875
3 0.6296875 0.490625 0.06171875 0.021875
3 0.63828125 0.71015625 0.0703125 0.040625
3 0.5234375 0.67109375 0.0484375 0.025
3 0.42890625 0.63984375 0.03203125 0.01484375
3 0.46171875 0.51796875 0.01640625 0.01328125
3 0.490625 0.51484375 0.04296875 0.01328125
3 0.559375 0.68359375 0.05546875 0.0296875
0 0.78828125 0.60703125 0.06640625 0.05625
0 0.44296875 0.58203125 0.01796875 0.021875
3 0.7078125 0.734375 0.08359375 0.0515625
3 0.7828125 0.759375 0.10078125 0.0640625
3 0.88203125 0.79296875 0.125 0.08671875
3 0.71171875 0.615625 0.08359375 0.0234375
0 0.63828125 0.59609375 0.03359375 0.03984375
0 0.6125 0.59453125 0.01796875 0.03828125
0 0.59453125 0.59375 0.01640625 0.03671875
0 0.61953125 0.55703125 0.034375 0.03828125
0 0.58203125 0.55703125 0.03125 0.03359375
0 0.5765625 0.5921875 0.01953125 0.034375
0 0.56015625 0.59140625 0.01328125 0.03203125
0 0.546875 0.58984375 0.0125 0.03125
0 0.559375 0.5578125 0.01328125 0.03203125
0 0.459375 0.5140625 0.02109375 0.021875
0 0.4453125 0.515625 0.00546875 0.02109375
0 0.4390625 0.51640625 0.00546875 0.0203125
0 0.44609375 0.49609375 0.01875 0.02109375
0 0.43359375 0.51796875 0.00546875 0.01953125
0 0.42734375 0.51875 0.00546875 0.01953125
0 0.42265625 0.5203125 0.0046875 0.01875
0 0.4171875 0.52109375 0.0046875 0.01875
0 0.43359375 0.49765625 0.00546875 0.02109375
0 0.428125 0.49921875 0.00546875 0.0203125
0 0.42265625 0.50078125 0.0046875 0.0203125
0 0.45859375 0.44609375 0.0171875 0.021875
0 0.44609375 0.44921875 0.00625 0.021875
0 0.440625 0.4515625 0.00546875 0.0203125
0 0.434375 0.4546875 0.00546875 0.0203125
0 0.42890625 0.45703125 0.00546875 0.0203125
0 0.4234375 0.459375 0.0046875 0.01953125
0 0.41875 0.46171875 0.0046875 0.01875
0 0.53203125 0.42421875 0.0265625 0.02890625
0 0.51328125 0.428125 0.01015625 0.02890625
0 0.49453125 0.43671875 0.00859375 0.02578125
0 0.503125 0.4328125 0.00859375 0.0265625
0 0.5109375 0.40859375 0.02421875 0.0296875
0 0.49453125 0.4125 0.00859375 0.02890625
0 0.48515625 0.41796875 0.00859375 0.028125
0 0.47734375 0.421875 0.0078125 0.0265625
0 0.48515625 0.44140625 0.00859375 0.025
0 0.47734375 0.44453125 0.00703125 0.02421875
0 0.46953125 0.44765625 0.00703125 0.0234375