2 0.2265625 0.5359375 0.065625 0.15546875
3 0.015625 0.55546875 0.03046875 0.034375
3 0.02109375 0.6578125 0.0421875 0.05078125
0 0.00078125 0.4359375 0.00078125 0.00859375
0 0.003125 0.41953125 0.00625 0.04140625
3 0.4671875 0.6046875 0.05390625 0.04375
3 0.98984375 0.4828125 0.0203125 0.053125
3 0.90234375 0.475 0.165625 0.0625
3 0.540625 0.434375 0.06796875 0.02578125
3 0.5859375 0.440625 0.0796875 0.0296875
3 0.6453125 0.44921875 0.0859375 0.034375
3 0.38515625 0.546875 0.03828125 0.02578125
3 0.4328125 0.42109375 0.05078125 0.0171875
3 0.4546875 0.42421875 0.05625 0.01796875
3 0.54140625 0.659375 0.06796875 0.0625
0 0.9765625 0.7265625 0.046875 0.11953125
0 0.42265625 0.50078125 0.01171875 0.0109375
0 0.4125 0.49921875 0.0125 0.0109375
0 0.4140625 0.490625 0.0125 0.009375
0 0.39921875 0.4921875 0.0125 0.009375
0 0.40703125 0.49296875 0.009375 0.009375
3 0.74140625 0.80078125 0.1125 0.13203125
3 0.60703125 0.709375 0.08203125 0.07265625
3 0.8515625 0.88125 0.1390625 0.1796875
3 0.96015625 0.93359375 0.0796875 0.13046875
3 0.49140625 0.5375 0.05546875 0.03828125
0 0.85 0.6703125 0.065625 0.11484375
0 0.79921875 0.65625 0.06171875 0.0875
0 0.75 0.63046875 0.046875 0.09453125
0 0.80390625 0.58515625 0.0625 0.09609375
0 0.57421875 0.5140625 0.040625 0.05546875
0 0.57421875 0.559375 0.0390625 0.053125
0 0.5453125 0.55234375 0.01796875 0.04765625
0 0.52734375 0.5421875 0.015625 0.05078125
0 0.55546875 0.50859375 0.03828125 0.05078125
0 0.509375 0.3140625 0.0375 0.040625
0 0.48359375 0.31640625 0.0140625 0.04140625
0 0.4578125 0.32265625 0.01171875 0.0359375
0 0.4703125 0.31953125 0.0125 0.0375
0 0.48046875 0.2828125 0.034375 0.04140625
0 0.4578125 0.2859375 0.01171875 0.03828125
0 0.44609375 0.28984375 0.01171875 0.0375
0 0.43515625 0.29375 0.0109375 0.0359375
0 0.44609375 0.32421875 0.01171875 0.03515625
0 0.4359375 0.3265625 0.009375 0.034375
0 0.42578125 0.328125 0.009375 0.0328125
0 0.4140625 0.3203125 0.02890625 0.0296875
0 0.396875 0.32265625 0.00859375 0.0296875
0 0.3890625 0.32421875 0.00859375 0.02734375
0 0.3828125 0.32578125 0.0078125 0.0265625
0 0.37578125 0.32734375 0.00625 0.0265625
0 0.36953125 0.32890625 0.00625 0.02578125
0 0.36328125 0.33046875 0.00546875 0.02421875
0 0.415625 0.41015625 0.02734375 0.02890625
0 0.39921875 0.409375 0.00859375 0.02734375
0 0.390625 0.409375 0.0078125 0.0265625
0 0.39765625 0.38125 0.0234375 0.0265625
0 0.384375 0.4078125 0.00625 0.02421875
0 0.37734375 0.40703125 0.0078125 0.02421875
0 0.37109375 0.40625 0.00625 0.0234375
0 0.365625 0.40546875 0.00546875 0.0234375
0 0.38359375 0.38125 0.0078125 0.0265625
0 0.3765625 0.38203125 0.00625 0.02578125
0 0.3703125 0.38125 0.00625 0.02421875
3 0.63046875 0.52421875 0.0359375 0.01953125
3 0.97265625 0.4234375 0.05390625 0.01953125
3 0.9125 0.42109375 0.0671875 0.01796875
3 0.60078125 0.47265625 0.02421875 0.00546875
3 0.65546875 0.484375 0.02578125 0.00390625
3 0.69609375 0.4125 0.03046875 0.0109375
3 0.73515625 0.41484375 0.046875 0.0125
3 0.77890625 0.4171875 0.04921875 0.0140625
3 0.7625 0.5640625 0.02734375 0.0265625
3 0.65859375 0.5328125 0.03828125 0.02265625
3 0.53203125 0.49921875 0.00625 0.00859375
3 0.60390625 0.4078125 0.03203125 0.009375
3 0.62578125 0.409375 0.03515625 0.009375
3 0.69765625 0.5453125 0.0421875 0.02265625
3 0.846875 0.59140625 0.0296875 0.0234375
3 0.890625 0.6015625 0.0640625 0.04140625
3 0.959375 0.62109375 0.07421875 0.04921875
0 0.76484375 0.45859375 0.0234375 0.02109375
0 0.72890625 0.45390625 0.0171875 0.0203125
0 0.7109375 0.45078125 0.0203125 0.01953125
0 0.584375 0.40078125 0.01796875 0.01953125
0 0.57109375 0.40078125 0.00859375 0.01953125
0 0.5625 0.40078125 0.00859375 0.01796875
0 0.5671875 0.38203125 0.015625 0.0171875
0 0.5546875 0.40078125 0.0078125 0.01796875
0 0.54765625 0.4 0.0078125 0.0171875
0 0.540625 0.4 0.00625 0.0171875
0 0.5546875 0.3828125 0.0078125 0.015625
0 0.54765625 0.3828125 0.0078125 0.015625
0 0.53984375 0.3828125 0.0078125 0.015625
0 0.5859375 0.3484375 0.0171875 0.0078125
0 0.5734375 0.35 0.00859375 0.00625
0 0.5640625 0.35078125 0.0078125 0.00625
0 0.55546875 0.3515625 0.0078125 0.00546875
0 0.5484375 0.3515625 0.0078125 0.00546875
0 0.540625 0.3515625 0.0078125 0.00546875
0 0.67734375 0.34609375 0.0203125 0.0171875
0 0.6609375 0.34765625 0.0125 0.015625
0 0.63671875 0.34921875 0.01171875 0.0171875
0 0.64765625 0.3484375 0.0125 0.015625
0 0.625 0.34921875 0.01171875 0.015625
0 0.6140625 0.35078125 0.0109375 0.015625
0 0.60390625 0.35078125 0.009375 0.01484375