2 0.70625 0.88046875 0.13984375 0.23828125
3 0.85859375 0.7625 0.0859375 0.09375
3 0.75390625 0.3890625 0.03359375 0.01640625
3 0.765625 0.40078125 0.040625 0.021875
3 0.92890625 0.74453125 0.11328125 0.11015625
3 0.88125 0.66875 0.0953125 0.07890625
3 0.846875 0.61328125 0.07578125 0.05078125
3 0.8328125 0.48046875 0.071875 0.04140625
3 0.8140625 0.45390625 0.06015625 0.02890625
3 0.7984375 0.43359375 0.04765625 0.021875
3 0.94921875 0.61328125 0.1 0.07890625
3 0.91171875 0.56171875 0.09140625 0.05546875
3 0.80546875 0.64375 0.05625 0.05859375
0 0.746875 0.44765625 0.0125 0.0265625
0 0.7484375 0.4640625 0.00703125 0.0265625
0 0.7609375 0.47109375 0.02578125 0.0265625
0 0.76640625 0.48046875 0.02890625 0.03203125
0 0.76484375 0.45078125 0.02734375 0.03046875
0 0.80234375 0.509375 0.02578125 0.03671875
0 0.78984375 0.53671875 0.01015625 0.03671875
0 0.796875 0.54921875 0.01171875 0.0390625
0 0.8203125 0.565625 0.04375 0.0484375
0 0.815625 0.5234375 0.03984375 0.04453125
0 0.86640625 0.390625 0.0359375 0.04609375
0 0.871875 0.39921875 0.02265625 0.0484375
0 0.903125 0.41875 0.0265625 0.05546875
0 0.8859375 0.40859375 0.0234375 0.0515625
0 0.91875 0.3640625 0.071875 0.05078125
0 0.9375 0.371875 0.07890625 0.0546875
0 0.9578125 0.38046875 0.0828125 0.059375
0 0.96875 0.39140625 0.06171875 0.06640625
0 0.921875 0.43046875 0.03046875 0.059375
0 0.94296875 0.44296875 0.034375 0.0640625
0 0.97421875 0.45859375 0.05078125 0.071875
0 0.9875 0.66171875 0.0234375 0.08046875
3 0.73125 0.50390625 0.01171875 0.0234375
3 0.7375 0.521875 0.01015625 0.02578125
3 0.78359375 0.5953125 0.04921875 0.04609375
3 0.75859375 0.54453125 0.0375 0.03359375
3 0.47109375 0.6484375 0.046875 0.05546875
3 0.5390625 0.37109375 0.025 0.015625
3 0.53359375 0.37890625 0.02734375 0.01796875
3 0.496875 0.43359375 0.0453125 0.02890625
3 0.50625 0.41640625 0.03828125 0.0203125
3 0.5203125 0.40546875 0.02265625 0.021875
3 0.35625 0.9359375 0.09765625 0.12578125
3 0.45234375 0.5140625 0.06171875 0.0515625
3 0.4671875 0.4875 0.05859375 0.04375
3 0.50625 0.57265625 0.02734375 0.03828125
0 0.54296875 0.42421875 0.009375 0.02421875
0 0.41953125 0.66171875 0.02109375 0.02109375
0 0.41796875 0.68203125 0.02265625 0.028125
0 0.4 0.69140625 0.0234375 0.03671875
0 0.3828125 0.74453125 0.02578125 0.034375
0 0.38828125 0.715625 0.025 0.03046875
3 0.53125 0.50390625 0.01796875 0.025
3 0.51875 0.540625 0.02109375 0.03046875
3 0.540625 0.48828125 0.0109375 0.021875
3 0.54453125 0.47421875 0.01015625 0.01953125
3 0.48828125 0.540625 0.04765625 0.040625
0 0.5390625 0.4359375 0.00234375 0.021875
0 0.53125 0.44140625 0.0140625 0.0234375
0 0.5265625 0.44609375 0.01796875 0.025
0 0.53125 0.42109375 0.01484375 0.02421875
0 0.5140625 0.46484375 0.00703125 0.0296875
0 0.51640625 0.4890625 0.003125 0.0296875
0 0.5125 0.49765625 0.00390625 0.03046875
0 0.4984375 0.5046875 0.02421875 0.03515625
0 0.50546875 0.471875 0.01796875 0.03125
0 0.49765625 0.3609375 0.01015625 0.0359375
0 0.49453125 0.365625 0.00546875 0.03671875
0 0.4828125 0.378125 0.00703125 0.040625
0 0.4890625 0.371875 0.00546875 0.03828125
0 0.47578125 0.33671875 0.03203125 0.03984375
0 0.46953125 0.34140625 0.03203125 0.04140625
0 0.4609375 0.34609375 0.0359375 0.04375
0 0.45234375 0.35078125 0.03828125 0.04609375
0 0.47578125 0.384375 0.00703125 0.04296875
0 0.46796875 0.39140625 0.00859375 0.04453125
0 0.44765625 0.39765625 0.03203125 0.05078125
0 0.41640625 0.4015625 0.04765625 0.06015625
0 0.40234375 0.4125 0.0515625 0.065625
0 0.3859375 0.42421875 0.0578125 0.07109375
0 0.36640625 0.4390625 0.06328125 0.078125
0 0.34453125 0.45546875 0.0703125 0.08671875
0 0.32421875 0.47578125 0.06875 0.096875
0 0.28671875 0.50078125 0.09140625 0.10625
0 0.43046875 0.53671875 0.02734375 0.06328125
0 0.425 0.5578125 0.01484375 0.065625
0 0.41171875 0.58046875 0.01640625 0.06640625
0 0.39921875 0.53203125 0.03828125 0.07109375
0 0.39609375 0.60625 0.01953125 0.0734375
0 0.378125 0.634375 0.02265625 0.08046875
0 0.35703125 0.66875 0.02734375 0.0890625
0 0.3078125 0.7015625 0.08046875 0.11171875
0 0.38125 0.553125 0.04296875 0.07890625
0 0.36171875 0.57890625 0.04921875 0.08671875
0 0.3359375 0.60859375 0.06015625 0.09609375
3 0.22734375 0.57890625 0.05390625 0.0296875
3 0.37421875 0.35625 0.028125 0.01328125
3 0.36015625 0.3625 0.03046875 0.0140625
3 0.02109375 0.64921875 0.0421875 0.0546875
3 0.18125 0.53671875 0.06171875 0.04296875
3 0.21796875 0.50625 0.05546875 0.0265625
3 0.23671875 0.48828125 0.01484375 0.0140625
3 0.2734375 0.403125 0.04296875 0.01875
3 0.2984375 0.3921875 0.034375 0.01953125
3 0.31953125 0.3828125 0.03359375 0.01796875
3 0.034375 0.74453125 0.06796875 0.08515625
3 0.16171875 0.4546875 0.0671875 0.03359375
3 0.19765625 0.4390625 0.0609375 0.02890625
0 0.08046875 0.5921875 0.0515625 0.06015625
0 0.3171875 0.41640625 0.02109375 0.01953125
0 0.296875 0.42421875 0.02265625 0.0140625
0 0.2921875 0.4296875 0.0140625 0.01484375
0 0.10859375 0.46640625 0.046875 0.0453125
0 0.0921875 0.4765625 0.03515625 0.046875
0 0.06640625 0.490625 0.03515625 0.0453125
0 0.0484375 0.453125 0.05546875 0.05
0 0.03671875 0.503125 0.03984375 0.04921875
0 0.01328125 0.51640625 0.02578125 0.04921875
0 0.02421875 0.46328125 0.04765625 0.053125
0 0.0078125 0.4734375 0.015625 0.046875
0 0.0890625 0.36171875 0.05 0.04296875
0 0.0625 0.36796875 0.053125 0.0453125
0 0.0328125 0.37421875 0.05703125 0.0484375
0 0.015625 0.38125 0.03125 0.05078125
0 0.24296875 0.33984375 0.02890625 0.0296875
0 0.2359375 0.34296875 0.0171875 0.03046875
0 0.20859375 0.34921875 0.015625 0.02890625
0 0.22265625 0.346875 0.01796875 0.0296875
0 0.21171875 0.31875 0.03203125 0.03046875
0 0.2046875 0.32109375 0.01640625 0.03125
0 0.17109375 0.32421875 0.0203125 0.034375
0 0.159375 0.328125 0.04140625 0.03515625
0 0.18359375 0.35625 0.00625 0.0296875
0 0.1734375 0.359375 0.02265625 0.034375
0 0.14765625 0.36328125 0.0375 0.03828125
3 0.653125 0.490625 0.03671875 0.0203125