3 0.38046875 0.75859375 0.10234375 0.13515625
3 0.79765625 0.35390625 0.07890625 0.02109375
3 0.765625 0.35625 0.08125 0.021875
3 0.54765625 0.3765625 0.09609375 0.03828125
3 0.6046875 0.371875 0.096875 0.03203125
3 0.665625 0.36796875 0.08359375 0.02890625
3 0.20390625 0.4046875 0.14765625 0.06640625
3 0.33046875 0.3953125 0.11015625 0.05546875
3 0.55234375 0.6796875 0.09140625 0.09453125
0 0.7859375 0.465625 0.04765625 0.04609375
0 0.1125 0.66484375 0.04921875 0.05703125
0 0.05703125 0.69140625 0.06015625 0.065625
0 0.0265625 0.6765625 0.05234375 0.08203125
0 0.0015625 0.6703125 0.003125 0.015625
3 0.70859375 0.60859375 0.0796875 0.05078125
3 0.62734375 0.65078125 0.08671875 0.06171875
3 0.75859375 0.59375 0.04765625 0.040625
3 0.7890625 0.578125 0.0453125 0.03671875
3 0.46953125 0.57734375 0.09609375 0.09140625
0 0.76171875 0.4765625 0.01796875 0.0484375
0 0.73671875 0.48125 0.0375 0.05
0 0.715625 0.48203125 0.05 0.05703125
0 0.7390625 0.43671875 0.04296875 0.053125
0 0.5953125 0.46640625 0.05 0.06953125
0 0.60546875 0.525 0.02578125 0.05703125
0 0.58046875 0.53203125 0.02734375 0.06015625
0 0.54296875 0.53125 0.05078125 0.08046875
0 0.56953125 0.47109375 0.05234375 0.071875
0 0.496875 0.1640625 0.03828125 0.08359375
0 0.4578125 0.15625 0.04140625 0.08828125
0 0.36640625 0.13828125 0.05390625 0.0984375
0 0.41484375 0.14765625 0.046875 0.09140625
0 0.41171875 0.059375 0.0484375 0.1046875
0 0.3625 0.05078125 0.05546875 0.10078125
0 0.3078125 0.04453125 0.06171875 0.0890625
0 0.246875 0.03671875 0.06875 0.0734375
0 0.31328125 0.12734375 0.0609375 0.1046875
0 0.25390625 0.115625 0.0703125 0.1109375
0 0.18671875 0.1015625 0.08125 0.12109375
0 0.03359375 0.04375 0.0671875 0.08671875
0 0.0578125 0.384375 0.115625 0.11328125
0 0.0078125 0.384375 0.01484375 0.11328125
3 0.334375 0.49609375 0.03984375 0.028125
3 0.5609375 0.3390625 0.0359375 0.009375
3 0.53671875 0.3390625 0.03671875 0.01015625
3 0.4078125 0.34453125 0.03046875 0.01171875
3 0.4375 0.34453125 0.03671875 0.0109375
3 0.47265625 0.34375 0.03359375 0.0109375
3 0.47421875 0.47109375 0.03203125 0.021875
3 0.37109375 0.48984375 0.03984375 0.02578125
3 0.1359375 0.53203125 0.0640625 0.0359375
3 0.27421875 0.3484375 0.040625 0.0140625
3 0.31328125 0.34765625 0.03671875 0.0140625
3 0.41640625 0.48203125 0.03671875 0.02421875
3 0.509375 0.46796875 0.01796875 0.01484375
3 0.53671875 0.46328125 0.01484375 0.0140625
0 0.46328125 0.3796875 0.01796875 0.01640625
0 0.434375 0.38125 0.0171875 0.01640625
0 0.4203125 0.3828125 0.01875 0.01796875
0 0.22890625 0.340625 0.0265625 0.03125
0 0.20546875 0.340625 0.02578125 0.03125
0 0.1828125 0.34140625 0.02578125 0.03203125
0 0.18203125 0.3078125 0.03203125 0.03203125
0 0.1671875 0.34140625 0.01328125 0.03125
0 0.13671875 0.34296875 0.01953125 0.03359375
0 0.1625 0.30859375 0.01328125 0.03359375
0 0.13203125 0.3078125 0.0203125 0.034375
0 0.09609375 0.30703125 0.01171875 0.03515625
0 0.22109375 0.24140625 0.028125 0.034375
0 0.19609375 0.2390625 0.02578125 0.034375
0 0.17265625 0.2375 0.02734375 0.0359375
0 0.15625 0.2359375 0.01171875 0.03515625
0 0.121875 0.23359375 0.0171875 0.0359375
0 0.0859375 0.23125 0.01015625 0.03828125
0 0.06875 0.2296875 0.03359375 0.0390625
0 0.37578125 0.2640625 0.0171875 0.02890625
0 0.359375 0.26328125 0.01796875 0.02890625
0 0.325 0.26171875 0.01953125 0.03046875
0 0.3421875 0.2625 0.01796875 0.02890625
0 0.34140625 0.23984375 0.0171875 0.01640625
0 0.3234375 0.23828125 0.01796875 0.01796875
0 0.30546875 0.23671875 0.01953125 0.01796875
0 0.28671875 0.23515625 0.01953125 0.01875
0 0.30703125 0.2609375 0.01953125 0.03046875
0 0.28828125 0.259375 0.02109375 0.03125
0 0.26953125 0.2578125 0.021875 0.03203125
3 0.6484375 0.45546875 0.0359375 0.01953125