2 0.278125 0.51484375 0.059375 0.13125
3 0.15546875 0.78671875 0.02890625 0.071875
3 0.128125 0.5515625 0.0125 0.034375
3 0.128125 0.634375 0.00703125 0.01484375
3 0.140625 0.68984375 0.00703125 0.040625
3 0.14375 0.7671875 0.01953125 0.05625
3 0.1140625 0.68828125 0.05078125 0.0984375
3 0.0671875 0.78125 0.134375 0.165625
3 0.09609375 0.90859375 0.03203125 0.18046875
3 0.1453125 0.621875 0.0109375 0.0390625
3 0.10703125 0.53359375 0.02265625 0.0390625
3 0.10625 0.56640625 0.02578125 0.0546875
3 0.17578125 0.95078125 0.015625 0.096875
0 0.13828125 0.87265625 0.003125 0.046875
0 0.1453125 0.90546875 0.01484375 0.09921875
0 0.14296875 0.85859375 0.01328125 0.08203125
0 0.140625 0.8234375 0.0125 0.07578125
0 0.1359375 0.83125 0.003125 0.040625
0 0.03828125 0.4890625 0.0765625 0.090625
0 0.03125 0.44375 0.0625 0.025
0 0.075 0.44375 0.01171875 0.05
0 0.0296875 0.40703125 0.059375 0.0765625
0 0.03046875 0.371875 0.0609375 0.0234375
0 0.03203125 0.3640625 0.0640625 0.01875
0 0.03359375 0.36015625 0.0671875 0.0234375
0 0.0765625 0.43828125 0.01015625 0.04140625
0 0.07890625 0.4328125 0.0078125 0.03203125
0 0.07890625 0.4140625 0.01015625 0.05078125
0 0.0734375 0.38203125 0.0171875 0.046875
0 0.0734375 0.37578125 0.01875 0.04375
0 0.05390625 0.3484375 0.03671875 0.0046875
0 0.0609375 0.359375 0.0484375 0.034375
0 0.0625 0.35703125 0.04765625 0.03515625
0 0.06875 0.35390625 0.0359375 0.03515625
0 0.1015625 0.496875 0.01171875 0.04296875
0 0.10234375 0.48828125 0.01015625 0.040625
0 0.090625 0.44609375 0.01484375 0.040625
0 0.1046875 0.465625 0.00546875 0.02421875
0 0.103125 0.4515625 0.0046875 0.02109375
0 0.103125 0.446875 0.00703125 0.0296875
0 0.0859375 0.42265625 0.00703125 0.00625
0 0.09765625 0.428125 0.00546875 0.0296875
3 0.4734375 0.56328125 0.0421875 0.04140625
3 0.83046875 0.6078125 0.1046875 0.10078125
3 0.74765625 0.56484375 0.08984375 0.08125
3 0.53203125 0.45703125 0.05390625 0.03984375
3 0.56484375 0.4734375 0.05859375 0.0453125
3 0.60390625 0.496875 0.05703125 0.05
3 0.39921875 0.49765625 0.0328125 0.02890625
3 0.44296875 0.41484375 0.04375 0.028125
3 0.46171875 0.42421875 0.04609375 0.03046875
3 0.53046875 0.61640625 0.05 0.05546875
0 0.79453125 0.7234375 0.065625 0.09375
0 0.434375 0.46953125 0.00859375 0.01015625
0 0.42421875 0.46953125 0.0109375 0.009375
0 0.42421875 0.459375 0.0109375 0.01015625
0 0.41171875 0.45703125 0.01015625 0.01015625
0 0.41953125 0.459375 0.00859375 0.0109375
3 0.65703125 0.7296875 0.06875 0.0890625
3 0.57578125 0.66171875 0.05625 0.05703125
3 0.7125 0.77890625 0.07734375 0.10625
3 0.78046875 0.840625 0.08828125 0.13046875
3 0.4953125 0.5234375 0.04765625 0.04296875
0 0.71875 0.665625 0.0421875 0.078125
0 0.6921875 0.65625 0.03984375 0.05625
0 0.6640625 0.63203125 0.02890625 0.06953125
0 0.696875 0.6140625 0.040625 0.06875
0 0.55546875 0.52421875 0.03046875 0.046875
0 0.55546875 0.55703125 0.03046875 0.04140625
0 0.53359375 0.54921875 0.01328125 0.03671875
0 0.52109375 0.53515625 0.01328125 0.04453125
0 0.540625 0.515625 0.0265625 0.04609375
0 0.50703125 0.3578125 0.02890625 0.03828125
0 0.490625 0.3546875 0.02109375 0.03671875
0 0.4640625 0.35 0.01015625 0.03125
0 0.475 0.353125 0.0109375 0.03203125
0 0.4828125 0.321875 0.028125 0.034375
0 0.47109375 0.31953125 0.02578125 0.03359375
0 0.4609375 0.31796875 0.02578125 0.03125
0 0.45234375 0.315625 0.02578125 0.03125
0 0.4546875 0.346875 0.01015625 0.0296875
0 0.44453125 0.34375 0.009375 0.02890625
0 0.4359375 0.340625 0.00859375 0.0296875
0 0.42421875 0.32421875 0.02421875 0.02890625
0 0.41484375 0.321875 0.021875 0.028125
0 0.40703125 0.3203125 0.01953125 0.028125
0 0.40078125 0.31875 0.01953125 0.02578125
0 0.39453125 0.31640625 0.021875 0.02578125
0 0.3875 0.315625 0.01875 0.025
0 0.38203125 0.31328125 0.02109375 0.025
0 0.4265625 0.396875 0.0234375 0.03046875
0 0.41875 0.39375 0.02265625 0.0296875
0 0.40390625 0.39296875 0.00703125 0.02421875
0 0.41015625 0.36796875 0.021875 0.02890625
0 0.39765625 0.3890625 0.00703125 0.02421875
0 0.39140625 0.3859375 0.00703125 0.02421875
0 0.38515625 0.3828125 0.00625 0.0234375
0 0.37890625 0.37890625 0.00625 0.02421875
0 0.403125 0.365625 0.0203125 0.0265625
0 0.396875 0.3625 0.02109375 0.0265625
0 0.38984375 0.36015625 0.01953125 0.02578125
3 0.60859375 0.46640625 0.03046875 0.0234375
3 0.87421875 0.43046875 0.05546875 0.03203125
3 0.82578125 0.41796875 0.05078125 0.02890625
3 0.58203125 0.42109375 0.01875 0.00625
3 0.6265625 0.4375 0.01640625 0.00625
3 0.66875 0.38125 0.03515625 0.01875
3 0.69609375 0.3875 0.03984375 0.02109375
3 0.7296875 0.396875 0.03984375 0.021875
3 0.71796875 0.5140625 0.0375 0.0265625
3 0.63046875 0.475 0.0328125 0.021875
3 0.5328125 0.43125 0.025 0.0140625
3 0.58828125 0.3625 0.0296875 0.015625
3 0.60625 0.36640625 0.03046875 0.01640625
3 0.66171875 0.4921875 0.034375 0.025
3 0.76171875 0.5328125 0.0421875 0.03046875
3 0.8 0.55 0.0453125 0.03359375
3 0.84375 0.56953125 0.04921875 0.03671875
0 0.71796875 0.425 0.01953125 0.01640625
0 0.6875 0.41640625 0.01796875 0.015625
0 0.67578125 0.41171875 0.01796875 0.01328125
0 0.57109375 0.3515625 0.015625 0.0203125
0 0.5625 0.35 0.01484375 0.0203125
0 0.5515625 0.34921875 0.00703125 0.01796875
0 0.55625 0.33203125 0.01484375 0.01953125
0 0.54453125 0.3484375 0.00703125 0.01640625
0 0.5375 0.34609375 0.00703125 0.01640625
0 0.53125 0.34453125 0.0046875 0.015625
0 0.52265625 0.3421875 0.00234375 0.015625
0 0.5484375 0.33046875 0.01484375 0.01875
0 0.540625 0.32890625 0.0125 0.01796875
0 0.53515625 0.328125 0.0125 0.01875
0 0.5734375 0.29921875 0.01640625 0.01953125
0 0.56328125 0.2984375 0.0125 0.01953125
0 0.55625 0.296875 0.01171875 0.01875
0 0.54921875 0.29609375 0.01328125 0.01875
0 0.54296875 0.29609375 0.01484375 0.01796875
0 0.5359375 0.29453125 0.0125 0.01796875
0 0.528125 0.29375 0.0109375 0.01640625
0 0.6515625 0.3171875 0.01953125 0.02109375
0 0.63828125 0.315625 0.01484375 0.021875
0 0.61640625 0.3140625 0.01015625 0.0203125
0 0.6265625 0.315625 0.0109375 0.0203125
0 0.63125 0.29453125 0.01796875 0.02109375
0 0.62109375 0.29375 0.01640625 0.02109375
0 0.61015625 0.29296875 0.01484375 0.0203125
0 0.60078125 0.29140625 0.01328125 0.0203125
0 0.60703125 0.3125 0.01015625 0.01953125
0 0.59765625 0.31171875 0.009375 0.01953125
0 0.5890625 0.309375 0.00859375 0.0203125
3 0.94765625 0.66953125 0.08359375 0.07421875