2 0.2921875 0.50546875 0.05390625 0.12578125
3 0.17109375 0.75546875 0.0296875 0.06796875
3 0.15390625 0.53515625 0.0140625 0.03203125
3 0.15078125 0.6234375 0.01171875 0.0359375
3 0.15859375 0.66640625 0.0125 0.05234375
3 0.1578125 0.7265625 0.0234375 0.0703125
3 0.12890625 0.6640625 0.05546875 0.0875
3 0.08359375 0.74296875 0.13046875 0.1375
3 0.09765625 0.871875 0.04765625 0.18828125
3 0.16953125 0.6015625 0.01171875 0.0375
3 0.13046875 0.52109375 0.02421875 0.0375
3 0.12734375 0.553125 0.03046875 0.05546875
3 0.18515625 0.9109375 0.01484375 0.10546875
0 0.14765625 0.82109375 0.00625 0.065625
0 0.153125 0.8609375 0.0171875 0.09453125
0 0.15625 0.81875 0.0109375 0.0734375
0 0.153125 0.784375 0.01484375 0.06953125
0 0.14765625 0.784375 0.00625 0.053125
0 0.059375 0.4875 0.0859375 0.0875
0 0.05625 0.44609375 0.0640625 0.02578125
0 0.10234375 0.44375 0.01171875 0.04453125
0 0.1015625 0.44765625 0.01171875 0.05078125
0 0.05703125 0.40859375 0.07734375 0.07265625
0 0.059375 0.37421875 0.0671875 0.015625
0 0.06640625 0.3828125 0.06953125 0.046875
0 0.07109375 0.37734375 0.06484375 0.04921875
0 0.10546875 0.43046875 0.009375 0.05078125
0 0.1078125 0.42109375 0.0109375 0.04765625
0 0.1078125 0.4125 0.0109375 0.04609375
0 0.10390625 0.38125 0.0171875 0.04375
0 0.10078125 0.3578125 0.009375 0.00546875
0 0.090625 0.353125 0.02421875 0.00390625
0 0.09765625 0.36484375 0.03828125 0.034375
0 0.09765625 0.36015625 0.040625 0.0328125
0 0.09765625 0.35546875 0.0421875 0.0328125
0 0.0984375 0.3515625 0.04140625 0.0328125
0 0.12734375 0.4875 0.015625 0.040625
0 0.12578125 0.46328125 0.00390625 0.0078125
0 0.11953125 0.4390625 0.0125 0.03828125
0 0.13359375 0.459375 0.00546875 0.0296875
0 0.1328125 0.44609375 0.003125 0.015625
0 0.13359375 0.44375 0.00546875 0.0234375
0 0.134375 0.4390625 0.00625 0.0296875
0 0.12109375 0.42890625 0.01796875 0.0328125
0 0.12109375 0.42421875 0.0203125 0.034375
0 0.12890625 0.41796875 0.00625 0.03203125
3 0.190625 0.990625 0.00859375 0.015625
3 0.4765625 0.56015625 0.040625 0.04140625
3 0.8109375 0.6265625 0.10625 0.10625
3 0.73046875 0.578125 0.0890625 0.084375
3 0.53046875 0.459375 0.05234375 0.040625
3 0.5609375 0.47734375 0.0578125 0.04609375
3 0.59921875 0.50390625 0.0609375 0.05234375
3 0.409375 0.49140625 0.03203125 0.02734375
3 0.44921875 0.4140625 0.0421875 0.0265625
3 0.465625 0.42421875 0.04453125 0.0296875
3 0.528125 0.615625 0.04765625 0.05390625
0 0.775 0.7375 0.0625 0.09375
0 0.440625 0.46640625 0.009375 0.009375
0 0.43203125 0.465625 0.0109375 0.009375
0 0.4328125 0.45546875 0.0109375 0.009375
0 0.4203125 0.453125 0.0109375 0.0109375
0 0.4265625 0.45546875 0.00625 0.00859375
3 0.64609375 0.73515625 0.0671875 0.0875
3 0.57109375 0.6625 0.05546875 0.0578125
3 0.69765625 0.78828125 0.0765625 0.10234375
3 0.76171875 0.8515625 0.0890625 0.1328125
3 0.496875 0.521875 0.046875 0.04140625
0 0.703125 0.67578125 0.0421875 0.0765625
0 0.6796875 0.66484375 0.040625 0.05546875
0 0.6515625 0.6390625 0.0265625 0.06953125
0 0.6828125 0.62421875 0.040625 0.0671875
0 0.55234375 0.52734375 0.0296875 0.04609375
0 0.55234375 0.559375 0.0296875 0.0390625
0 0.53046875 0.55 0.0125 0.0359375
0 0.51953125 0.5359375 0.01171875 0.0421875
0 0.5375 0.51875 0.02421875 0.04375
0 0.5078125 0.3625 0.02734375 0.0375
0 0.49609375 0.359375 0.02734375 0.0375
0 0.4671875 0.353125 0.009375 0.0296875
0 0.4765625 0.35625 0.0109375 0.03203125
0 0.4859375 0.3265625 0.0265625 0.034375
0 0.47578125 0.3234375 0.02578125 0.034375
0 0.465625 0.32109375 0.02421875 0.0328125
0 0.45546875 0.31875 0.02265625 0.03046875
0 0.4578125 0.34921875 0.009375 0.02890625
0 0.45 0.346875 0.00859375 0.02734375
0 0.44140625 0.3421875 0.00859375 0.0296875
0 0.43203125 0.32578125 0.0234375 0.02890625
0 0.42421875 0.3234375 0.0203125 0.02734375
0 0.41484375 0.32109375 0.0171875 0.0265625
0 0.4109375 0.31953125 0.01953125 0.0265625
0 0.40390625 0.31640625 0.01953125 0.0265625
0 0.39921875 0.315625 0.01953125 0.02421875
0 0.39375 0.3125 0.01953125 0.0234375
0 0.43359375 0.39609375 0.02265625 0.02890625
0 0.4265625 0.39296875 0.02109375 0.02890625
0 0.4125 0.390625 0.00625 0.02421875
0 0.41796875 0.3671875 0.01953125 0.0265625
0 0.4078125 0.3875 0.00625 0.0234375
0 0.40078125 0.384375 0.00625 0.0234375
0 0.39609375 0.38046875 0.00625 0.02265625
0 0.390625 0.3765625 0.00625 0.0234375
0 0.41328125 0.3640625 0.0203125 0.0265625
0 0.40703125 0.3609375 0.0203125 0.0265625
0 0.40078125 0.35859375 0.01953125 0.02578125
3 0.6171875 0.4671875 0.03046875 0.0234375
3 0.884375 0.4421875 0.05390625 0.03515625
3 0.8359375 0.42734375 0.053125 0.03203125
3 0.6375 0.43671875 0.00859375 0.00546875
3 0.67734375 0.384375 0.0359375 0.0203125
3 0.70390625 0.3921875 0.040625 0.02265625
3 0.73828125 0.40234375 0.040625 0.02421875
3 0.725 0.5234375 0.0375 0.034375
3 0.6390625 0.47734375 0.0328125 0.0234375
3 0.54375 0.43046875 0.02578125 0.01796875
3 0.59765625 0.36328125 0.0296875 0.015625
3 0.61484375 0.3671875 0.0296875 0.015625
3 0.66953125 0.49453125 0.0359375 0.02734375
0 0.82890625 0.4890625 0.0328125 0.01484375
0 0.56328125 0.3890625 0.0140625 0.00625
3 0.76953125 0.54453125 0.04453125 0.03828125
3 0.80859375 0.56484375 0.04921875 0.0421875
3 0.85078125 0.58671875 0.04765625 0.04765625
0 0.7375 0.453125 0.01796875 0.0125
0 0.73125 0.44921875 0.00546875 0.00546875
0 0.70859375 0.4421875 0.0125 0.00859375
0 0.725 0.4375 0.02265625 0.0296875
0 0.6953125 0.42734375 0.0203125 0.02890625
0 0.70078125 0.4390625 0.00625 0.00546875
0 0.66953125 0.428125 0.0109375 0.0078125
0 0.684375 0.421875 0.01953125 0.0265625
0 0.58125 0.3515625 0.015625 0.0203125
0 0.5734375 0.34921875 0.01484375 0.0203125
0 0.5625 0.3484375 0.0078125 0.01796875
0 0.56640625 0.33125 0.015625 0.01796875
0 0.5546875 0.34765625 0.0078125 0.015625
0 0.5484375 0.3453125 0.0078125 0.015625
0 0.54140625 0.34296875 0.00625 0.015625
0 0.5359375 0.340625 0.00625 0.0171875
0 0.559375 0.3296875 0.01484375 0.01953125
0 0.55234375 0.32734375 0.0125 0.01953125
0 0.54609375 0.3265625 0.0140625 0.0171875
0 0.584375 0.29921875 0.0171875 0.0203125
0 0.57578125 0.2984375 0.01484375 0.01796875
0 0.56796875 0.29765625 0.01484375 0.01796875
0 0.56171875 0.29609375 0.01484375 0.0171875
0 0.55390625 0.29453125 0.01484375 0.0171875
0 0.54765625 0.29453125 0.0140625 0.01796875
0 0.5421875 0.29296875 0.0109375 0.01796875
0 0.6609375 0.31953125 0.0203125 0.02265625
0 0.64921875 0.31796875 0.015625 0.0234375
0 0.6265625 0.315625 0.0109375 0.0203125
0 0.6328125 0.315625 0.00390625 0.01953125
0 0.640625 0.29609375 0.01796875 0.02109375
0 0.62734375 0.2953125 0.0109375 0.0203125
0 0.6171875 0.2953125 0.009375 0.0203125
0 0.609375 0.29296875 0.009375 0.0203125
0 0.61640625 0.31328125 0.009375 0.0203125
0 0.6078125 0.3125 0.009375 0.01796875
0 0.59921875 0.309375 0.00859375 0.02109375
3 0.95234375 0.69375 0.084375 0.08046875