3 0.4171875 0.66640625 0.06640625 0.04609375
3 0.746875 0.43828125 0.05703125 0.01796875
3 0.7125 0.4359375 0.0625 0.01875
3 0.534375 0.42421875 0.059375 0.01953125
3 0.58671875 0.428125 0.04453125 0.01796875
3 0.63125 0.43125 0.0453125 0.01640625
3 0.08046875 0.71640625 0.140625 0.0703125
3 0.33984375 0.4078125 0.06171875 0.0265625
3 0.40078125 0.4125 0.05703125 0.025
3 0.5421875 0.64921875 0.06640625 0.03828125
0 0.74296875 0.528125 0.0375 0.03125
0 0.27265625 0.559375 0.01953125 0.01640625
0 0.2484375 0.56171875 0.02109375 0.01953125
0 0.23046875 0.55546875 0.02265625 0.02890625
0 0.17421875 0.56484375 0.02734375 0.01875
0 0.20703125 0.5609375 0.02421875 0.01875
3 0.678125 0.63046875 0.0640625 0.028125
3 0.6046875 0.6421875 0.06484375 0.03046875
3 0.721875 0.6265625 0.04609375 0.021875
3 0.75390625 0.621875 0.04453125 0.02109375
3 0.4796875 0.55078125 0.0609375 0.02578125
0 0.715625 0.5296875 0.0140625 0.03359375
0 0.7 0.53046875 0.0171875 0.034375
0 0.67734375 0.53046875 0.034375 0.03515625
0 0.69140625 0.49609375 0.034375 0.03359375
0 0.578125 0.49609375 0.01796875 0.03828125
0 0.578125 0.534375 0.01796875 0.03828125
0 0.559375 0.5359375 0.01953125 0.03984375
0 0.53359375 0.5359375 0.03046875 0.04140625
0 0.55234375 0.49609375 0.0328125 0.03984375
0 0.4984375 0.2984375 0.02265625 0.04296875
0 0.475 0.29375 0.02265625 0.04375
0 0.42578125 0.284375 0.02578125 0.0453125
0 0.45078125 0.2890625 0.02421875 0.04375
0 0.45078125 0.24765625 0.02421875 0.046875
0 0.42578125 0.2421875 0.02578125 0.04921875
0 0.39921875 0.2359375 0.02578125 0.05
0 0.371875 0.2296875 0.02734375 0.0515625
0 0.39921875 0.2796875 0.02578125 0.04609375
0 0.37265625 0.27421875 0.02734375 0.046875
0 0.34375 0.26875 0.02890625 0.04921875
0 0.2734375 0.234375 0.03984375 0.0546875
0 0.23515625 0.2265625 0.03515625 0.05390625
0 0.19921875 0.21953125 0.03671875 0.05546875
0 0.1609375 0.21171875 0.03828125 0.05859375
0 0.1203125 0.203125 0.04140625 0.06015625
0 0.078125 0.19375 0.04296875 0.06171875
0 0.0328125 0.184375 0.04609375 0.0640625
0 0.27109375 0.390625 0.03984375 0.053125
0 0.23359375 0.38671875 0.03515625 0.05390625
0 0.196875 0.384375 0.03671875 0.05390625
0 0.203125 0.33125 0.05 0.05703125
0 0.15859375 0.38125 0.03828125 0.05625
0 0.11796875 0.378125 0.04140625 0.05703125
0 0.075 0.37421875 0.04296875 0.059375
0 0.0296875 0.36953125 0.04609375 0.06328125
0 0.15859375 0.3265625 0.03828125 0.05859375
0 0.11796875 0.32109375 0.04140625 0.0609375
0 0.075 0.31640625 0.04296875 0.06328125
3 0.3875 0.58359375 0.03046875 0.0046875
3 0.57734375 0.465625 0.02890625 0.00859375
3 0.55546875 0.46484375 0.03046875 0.009375
3 0.24375 0.528125 0.04375 0.0109375
3 0.35546875 0.52578125 0.03203125 0.01015625
3 0.3875 0.52421875 0.03046875 0.01015625
3 0.41875 0.5234375 0.0265625 0.01015625
3 0.44921875 0.4625 0.02421875 0.00859375
3 0.47421875 0.46328125 0.02578125 0.00859375
3 0.49921875 0.4640625 0.02421875 0.00703125
3 0.4171875 0.58125 0.02890625 0.0046875
3 0.24453125 0.59375 0.04140625 0.00625
3 0.3515625 0.45859375 0.02734375 0.01015625
3 0.37890625 0.459375 0.02578125 0.009375
3 0.453125 0.57890625 0.02890625 0.0046875
0 0.2875 0.51953125 0.021875 0.0234375
3 0.53515625 0.57265625 0.025 0.0046875
0 0.50703125 0.51640625 0.00703125 0.01953125
0 0.49375 0.51640625 0.00625 0.01875
0 0.48359375 0.51640625 0.01328125 0.01875
0 0.49140625 0.496875 0.0109375 0.01875
0 0.4703125 0.496875 0.01015625 0.01875
0 0.47109375 0.5171875 0.01015625 0.01953125
0 0.46015625 0.5171875 0.01015625 0.01953125
0 0.44765625 0.5171875 0.01328125 0.01953125
0 0.45859375 0.496875 0.01328125 0.01875
0 0.32109375 0.45234375 0.01484375 0.01953125
0 0.290625 0.4515625 0.0140625 0.01953125
0 0.27578125 0.45078125 0.01484375 0.0203125
0 0.2609375 0.45078125 0.01484375 0.02109375
0 0.2453125 0.44921875 0.01484375 0.02109375
0 0.2296875 0.44921875 0.015625 0.02109375
0 0.321875 0.38359375 0.01484375 0.021875
0 0.2921875 0.38046875 0.0125 0.021875
0 0.42734375 0.4015625 0.01171875 0.0203125
0 0.415625 0.3984375 0.01171875 0.01484375
0 0.39140625 0.39609375 0.01171875 0.01640625
0 0.40390625 0.39765625 0.01171875 0.015625
0 0.40390625 0.37890625 0.01171875 0.02109375
0 0.39140625 0.378125 0.01171875 0.02109375
0 0.37890625 0.3765625 0.0125 0.021875
0 0.365625 0.37578125 0.01171875 0.02109375
0 0.37890625 0.39609375 0.0125 0.01796875
0 0.365625 0.396875 0.01171875 0.02109375
0 0.353125 0.39296875 0.01328125 0.01640625
3 0.9828125 0.67578125 0.0328125 0.0484375