2 0.0125 0.92890625 0.02421875 0.140625
3 0.42265625 0.6453125 0.0578125 0.05390625
3 0.809375 0.409375 0.0765625 0.02265625
3 0.7625 0.4109375 0.07890625 0.0234375
3 0.54453125 0.4203125 0.05 0.02734375
3 0.58984375 0.41875 0.06484375 0.0265625
3 0.64765625 0.4171875 0.0671875 0.02421875
3 0.16796875 0.67421875 0.09765625 0.0625
3 0.34375 0.42734375 0.065625 0.03203125
3 0.39765625 0.42578125 0.05625 0.03046875
3 0.54765625 0.63515625 0.05859375 0.05078125
0 0.79453125 0.5109375 0.04609375 0.04375
0 0.29765625 0.55234375 0.01953125 0.0203125
0 0.27578125 0.55859375 0.0203125 0.0234375
0 0.2640625 0.54921875 0.0203125 0.03203125
0 0.22109375 0.56015625 0.0234375 0.02265625
0 0.24609375 0.553125 0.02109375 0.02109375
3 0.70078125 0.61953125 0.0703125 0.0421875
3 0.61328125 0.62890625 0.06484375 0.04453125
3 0.7546875 0.6203125 0.05390625 0.0296875
3 0.796875 0.6125 0.05546875 0.03203125
3 0.48125 0.5453125 0.05 0.04609375
0 0.75390625 0.51328125 0.02109375 0.04609375
0 0.72578125 0.5140625 0.0375 0.046875
0 0.70859375 0.51484375 0.0359375 0.04921875
0 0.728125 0.478125 0.04140625 0.04609375
0 0.58125 0.4875 0.03046875 0.04921875
0 0.584375 0.53046875 0.02265625 0.0390625
0 0.5609375 0.52734375 0.02734375 0.046875
0 0.5375 0.5265625 0.02890625 0.05078125
0 0.56015625 0.4875 0.03046875 0.05
0 0.49765625 0.29375 0.02578125 0.046875
0 0.47265625 0.29296875 0.02578125 0.04765625
0 0.4203125 0.2921875 0.02734375 0.046875
0 0.44609375 0.29296875 0.0265625 0.04765625
0 0.44609375 0.2453125 0.0265625 0.04765625
0 0.41953125 0.24453125 0.02734375 0.04921875
0 0.3921875 0.24453125 0.02890625 0.05
0 0.3640625 0.24296875 0.0296875 0.05
0 0.39296875 0.2921875 0.02890625 0.04765625
0 0.365625 0.29140625 0.0296875 0.04921875
0 0.33828125 0.290625 0.0296875 0.05
0 0.27421875 0.26953125 0.04140625 0.05078125
0 0.2390625 0.26796875 0.03515625 0.05078125
0 0.2078125 0.2671875 0.03515625 0.05234375
0 0.1765625 0.26640625 0.0359375 0.05234375
0 0.14453125 0.265625 0.03828125 0.053125
0 0.1125 0.26484375 0.03828125 0.053125
0 0.07890625 0.2640625 0.040625 0.05390625
0 0.2828125 0.415625 0.040625 0.05078125
0 0.25390625 0.415625 0.0421875 0.05078125
0 0.21953125 0.41953125 0.0328125 0.046875
0 0.22421875 0.37109375 0.05078125 0.04921875
0 0.18984375 0.41953125 0.03515625 0.04765625
0 0.159375 0.4203125 0.0359375 0.04921875
0 0.12890625 0.42109375 0.0359375 0.04921875
0 0.09765625 0.41953125 0.0375 0.05390625
0 0.1859375 0.37109375 0.03515625 0.04921875
0 0.15390625 0.37265625 0.0359375 0.04921875
0 0.12265625 0.37265625 0.0375 0.05
3 0.43203125 0.49375 0.02734375 0.0171875
3 0.6328125 0.3765625 0.02890625 0.00859375
3 0.60546875 0.37734375 0.0328125 0.00859375
3 0.48984375 0.38046875 0.02421875 0.0109375
3 0.515625 0.38046875 0.02890625 0.009375
3 0.54375 0.38046875 0.0296875 0.009375
3 0.5375 0.48828125 0.0125 0.01484375
3 0.459375 0.49140625 0.02734375 0.0171875
3 0.3125 0.49921875 0.0359375 0.01796875
3 0.39609375 0.3828125 0.0265625 0.01171875
3 0.421875 0.3828125 0.02421875 0.01171875
3 0.4921875 0.490625 0.02421875 0.015625
3 0.60703125 0.4859375 0.0203125 0.0109375
3 0.62734375 0.484375 0.02890625 0.0140625
0 0.53671875 0.41328125 0.0140625 0.0203125
0 0.5109375 0.4140625 0.00078125 0.0203125
0 0.49921875 0.4140625 0.01171875 0.0203125
0 0.36953125 0.3765625 0.01484375 0.02109375
0 0.3546875 0.37734375 0.0140625 0.02265625
0 0.34140625 0.37734375 0.0125 0.02109375
0 0.3421875 0.35546875 0.0171875 0.0203125
0 0.3296875 0.378125 0.0125 0.0203125
0 0.31328125 0.378125 0.0078125 0.0203125
0 0.303125 0.378125 0.0125 0.0203125
0 0.28984375 0.37734375 0.0140625 0.0234375
0 0.328125 0.35625 0.01171875 0.02109375
0 0.31171875 0.35625 0.00625 0.02109375
0 0.3015625 0.35625 0.0140625 0.02109375
0 0.32265625 0.30703125 0.00625 0.015625
0 0.29453125 0.31875 0.00234375 0.00546875
0 0.2875 0.31875 0.0125 0.00546875
3 0.70078125 0.4875 0.0140625 0.00859375