3 0.4546875 0.73046875 0.06328125 0.0390625
3 0.96171875 0.48203125 0.07578125 0.03515625
3 0.8921875 0.4859375 0.1296875 0.03671875
3 0.2984375 0.62109375 0.05234375 0.01640625
3 0.409375 0.6296875 0.06171875 0.021875
3 0.45546875 0.63203125 0.06328125 0.02421875
3 0.50234375 0.63671875 0.06015625 0.0265625
3 0.5578125 0.5109375 0.04921875 0.0203125
3 0.615625 0.5078125 0.06640625 0.02109375
3 0.6890625 0.503125 0.07421875 0.0234375
3 0.70703125 0.77890625 0.0796875 0.06015625
3 0.50234375 0.73984375 0.06484375 0.04296875
3 0.30078125 0.7015625 0.05859375 0.028125
3 0.4 0.52109375 0.04609375 0.01796875
3 0.44140625 0.51875 0.059375 0.01875
3 0.5703125 0.75390625 0.06640625 0.04921875
0 0.9109375 0.6484375 0.07578125 0.065625
0 0.3390625 0.615625 0.03359375 0.034375
3 0.8140625 0.79921875 0.1046875 0.06953125
3 0.91796875 0.81875 0.1265625 0.078125
3 0.9765625 0.828125 0.0453125 0.065625
3 0.8078125 0.65625 0.1015625 0.03515625
0 0.703125 0.63515625 0.0328125 0.05390625
0 0.67265625 0.634375 0.03046875 0.05
0 0.64375 0.63203125 0.028125 0.05078125
0 0.671875 0.58671875 0.0296875 0.0484375
0 0.60859375 0.5859375 0.02890625 0.04453125
0 0.609375 0.63046875 0.02890625 0.0484375
0 0.58203125 0.6296875 0.025 0.04453125
0 0.5578125 0.6265625 0.0234375 0.04609375
0 0.58203125 0.5859375 0.02421875 0.04375
0 0.37421875 0.5140625 0.03203125 0.03359375
0 0.35078125 0.515625 0.01484375 0.03203125
0 0.33671875 0.51640625 0.0140625 0.03125
0 0.34609375 0.48515625 0.03203125 0.03125
0 0.32265625 0.5171875 0.01328125 0.03046875
0 0.31015625 0.51875 0.01328125 0.0296875
0 0.296875 0.51953125 0.01328125 0.0296875
0 0.28515625 0.5203125 0.01171875 0.0296875
0 0.32421875 0.48671875 0.01328125 0.03046875
0 0.3109375 0.48828125 0.01328125 0.03046875
0 0.2984375 0.4890625 0.01328125 0.03046875
0 0.37734375 0.41640625 0.03125 0.0359375
0 0.35390625 0.41640625 0.01484375 0.03125
0 0.33984375 0.41953125 0.01328125 0.03046875
0 0.3265625 0.421875 0.01328125 0.0296875
0 0.31328125 0.425 0.01328125 0.0296875
0 0.30078125 0.42734375 0.0125 0.02890625
0 0.2890625 0.43046875 0.0125 0.02890625
0 0.5203125 0.39921875 0.0296875 0.0390625
0 0.49453125 0.403125 0.01953125 0.03828125
0 0.45625 0.4109375 0.01796875 0.0359375
0 0.475 0.40703125 0.01875 0.0359375
0 0.48046875 0.371875 0.03046875 0.0390625
0 0.45625 0.3765625 0.01796875 0.03828125
0 0.43828125 0.38046875 0.01796875 0.03671875
0 0.421875 0.384375 0.01640625 0.03671875
0 0.43828125 0.4140625 0.0171875 0.03515625
0 0.42109375 0.4171875 0.01640625 0.034375
0 0.4046875 0.41953125 0.01640625 0.034375