2 0.065625 0.57109375 0.13046875 0.253125
3 0.446875 0.6359375 0.07421875 0.07109375
3 0.565625 0.4046875 0.10234375 0.04296875
3 0.64296875 0.41484375 0.12421875 0.0515625
3 0.7703125 0.4328125 0.1546875 0.065625
3 0.328125 0.546875 0.053125 0.0390625
3 0.3921875 0.38359375 0.07421875 0.02578125
3 0.425 0.3875 0.08203125 0.02890625
3 0.5625 0.72734375 0.09765625 0.115625
0 0.3796875 0.490625 0.0171875 0.01640625
0 0.36484375 0.4890625 0.01875 0.01484375
0 0.365625 0.47578125 0.01796875 0.0140625
0 0.34609375 0.47734375 0.01796875 0.0140625
0 0.35546875 0.47890625 0.01015625 0.0140625
3 0.89140625 0.93203125 0.09296875 0.134375
3 0.675 0.81484375 0.1203125 0.16328125
3 0.48828125 0.55234375 0.0875 0.06796875
0 0.9625 0.74140625 0.0734375 0.1765625
0 0.621875 0.5265625 0.05859375 0.09296875
0 0.6203125 0.59453125 0.0578125 0.08828125
0 0.5765625 0.58359375 0.0328125 0.0734375
0 0.54609375 0.56171875 0.02890625 0.08515625
0 0.58828125 0.515625 0.05546875 0.08515625
0 0.5109375 0.21796875 0.05390625 0.06640625
0 0.471875 0.2234375 0.0234375 0.06484375
0 0.4296875 0.234375 0.01953125 0.05625
0 0.45 0.22890625 0.02109375 0.06015625
0 0.46328125 0.171875 0.05078125 0.06640625
0 0.428125 0.18046875 0.0203125 0.06171875
0 0.41015625 0.1875 0.01875 0.06015625
0 0.39296875 0.19375 0.0171875 0.05625
0 0.4109375 0.23984375 0.01796875 0.05390625
0 0.39453125 0.24375 0.01640625 0.05078125
0 0.3796875 0.24765625 0.015625 0.04921875
0 0.36171875 0.2390625 0.040625 0.04453125
0 0.3359375 0.24140625 0.01328125 0.04296875
0 0.325 0.2453125 0.01171875 0.040625
0 0.31484375 0.2484375 0.01171875 0.03984375
0 0.30546875 0.2515625 0.01015625 0.03828125
0 0.296875 0.25390625 0.01015625 0.0359375
0 0.2890625 0.25625 0.01015625 0.03515625
0 0.36640625 0.36640625 0.03984375 0.040625
0 0.3453125 0.36640625 0.01953125 0.03984375
0 0.33125 0.365625 0.01171875 0.03671875
0 0.33984375 0.32734375 0.03359375 0.03828125
0 0.32109375 0.3640625 0.0109375 0.0359375
0 0.3125 0.3640625 0.0109375 0.03515625
0 0.303125 0.36328125 0.01015625 0.03359375
0 0.2953125 0.36171875 0.01015625 0.03359375
0 0.31875 0.328125 0.0109375 0.03671875
0 0.31015625 0.328125 0.01015625 0.03515625
0 0.3015625 0.328125 0.01015625 0.034375
3 0.9640625 0.37421875 0.07109375 0.02109375
3 0.709375 0.36640625 0.04140625 0.01484375
3 0.75234375 0.36875 0.05390625 0.015625
3 0.80859375 0.37109375 0.05703125 0.01640625
3 0.79609375 0.5453125 0.05390625 0.0390625
3 0.6625 0.50703125 0.02265625 0.025
3 0.51796875 0.46796875 0.03203125 0.01796875
3 0.59296875 0.36171875 0.03671875 0.0109375
3 0.61953125 0.36328125 0.0390625 0.01171875
3 0.70390625 0.51953125 0.046875 0.03046875
3 0.8703125 0.565625 0.06484375 0.0453125
3 0.93984375 0.584375 0.07890625 0.0515625
3 0.98515625 0.59609375 0.02890625 0.040625
0 0.7875 0.43046875 0.0234375 0.0109375
0 0.740625 0.425 0.02265625 0.0109375
0 0.72578125 0.4234375 0.00703125 0.009375
0 0.56875 0.35390625 0.01953125 0.021875
0 0.5546875 0.35390625 0.0078125 0.021875
0 0.5390625 0.353125 0.00234375 0.02109375
0 0.54765625 0.33203125 0.01953125 0.02109375
0 0.5328125 0.353125 0.009375 0.02109375
0 0.5234375 0.3515625 0.009375 0.01796875
0 0.51640625 0.3515625 0.003125 0.01796875
0 0.50234375 0.35234375 0.0015625 0.01953125
0 0.53359375 0.33203125 0.009375 0.02109375
0 0.5234375 0.33125 0.009375 0.0203125
0 0.5171875 0.33203125 0.00390625 0.01953125
0 0.57109375 0.284375 0.01953125 0.021875
0 0.55625 0.2859375 0.00859375 0.0203125
0 0.53984375 0.2875 0.00078125 0.01953125
0 0.534375 0.28828125 0.009375 0.01953125
0 0.52421875 0.2890625 0.009375 0.01875
0 0.5171875 0.28984375 0.0046875 0.01875
0 0.503125 0.29140625 0.00234375 0.01796875
0 0.6828125 0.28359375 0.0234375 0.0296875
0 0.6640625 0.284375 0.0171875 0.02890625
0 0.63359375 0.2875 0.01484375 0.0265625
0 0.6484375 0.2859375 0.015625 0.028125
0 0.65234375 0.26875 0.021875 0.009375
0 0.634375 0.27109375 0.0140625 0.00859375
0 0.6203125 0.271875 0.01328125 0.00859375
0 0.60703125 0.2734375 0.01328125 0.00859375
0 0.61953125 0.2890625 0.0140625 0.02578125
0 0.60625 0.28984375 0.01328125 0.02578125
0 0.59375 0.290625 0.0125 0.025