3 0.4234375 0.6609375 0.05078125 0.06328125
3 0.76875 0.43125 0.06796875 0.0359375
3 0.728125 0.4359375 0.06796875 0.03828125
3 0.171875 0.625 0.09140625 0.06875
3 0.36328125 0.596875 0.06015625 0.0609375
3 0.4203125 0.58359375 0.05390625 0.05703125
3 0.47421875 0.5765625 0.046875 0.0609375
3 0.53125 0.4625 0.04609375 0.046875
3 0.57265625 0.45703125 0.06015625 0.04140625
3 0.62421875 0.453125 0.06015625 0.03828125
3 0.6171875 0.6234375 0.05703125 0.0546875
3 0.471875 0.6515625 0.05078125 0.06015625
3 0.1953125 0.70859375 0.0828125 0.07578125
3 0.34609375 0.48984375 0.05859375 0.05703125
3 0.39609375 0.48359375 0.05 0.05546875
3 0.5328125 0.6421875 0.05078125 0.05859375
0 0.721875 0.5234375 0.03828125 0.04453125
0 0.24921875 0.60390625 0.05078125 0.059375
3 0.6671875 0.615625 0.0578125 0.04609375
3 0.7125 0.6140625 0.0453125 0.03046875
3 0.7484375 0.60390625 0.046875 0.03203125
3 0.6734375 0.53828125 0.0609375 0.03984375
0 0.62890625 0.53671875 0.0203125 0.0515625
0 0.60625 0.54140625 0.02890625 0.05
0 0.5890625 0.54296875 0.02578125 0.053125
0 0.6078125 0.509375 0.03203125 0.05078125
0 0.56484375 0.51640625 0.02734375 0.0515625
0 0.5671875 0.55703125 0.01953125 0.03359375
0 0.54453125 0.55234375 0.0265625 0.05078125
0 0.525 0.55390625 0.02578125 0.05546875
0 0.5453125 0.51953125 0.02734375 0.05390625
0 0.28828125 0.48125 0.03984375 0.0609375
0 0.259375 0.484375 0.03828125 0.06171875
0 0.22890625 0.4984375 0.034375 0.04296875
0 0.22890625 0.4484375 0.0484375 0.06328125
0 0.20078125 0.5015625 0.0359375 0.04296875
0 0.171875 0.50546875 0.0375 0.04453125
0 0.1421875 0.509375 0.03828125 0.04453125
0 0.11171875 0.503125 0.03984375 0.06484375
0 0.19765625 0.45078125 0.04609375 0.06328125
0 0.16796875 0.45390625 0.04921875 0.06484375
0 0.13828125 0.45703125 0.05234375 0.065625
0 0.27265625 0.35546875 0.04296875 0.05859375
0 0.2421875 0.35625 0.04296875 0.059375
0 0.2125 0.35859375 0.04609375 0.059375
0 0.1828125 0.36015625 0.04921875 0.0609375
0 0.15078125 0.3625 0.053125 0.06171875
0 0.11953125 0.3640625 0.05703125 0.06328125
0 0.0875 0.36640625 0.06171875 0.0640625
0 0.48671875 0.35703125 0.02734375 0.0515625
0 0.4640625 0.35859375 0.02421875 0.053125
0 0.41484375 0.36796875 0.02734375 0.04375
0 0.43984375 0.36640625 0.02578125 0.04375
0 0.43828125 0.31953125 0.02734375 0.0515625
0 0.4125 0.3203125 0.02734375 0.0515625
0 0.38671875 0.321875 0.02890625 0.053125
0 0.36015625 0.3234375 0.03046875 0.05390625
0 0.38984375 0.36953125 0.028125 0.04375
0 0.36328125 0.371875 0.02890625 0.0453125
0 0.33671875 0.36796875 0.03046875 0.05625
3 0.934375 0.6796875 0.09140625 0.0890625