3 0.40859375 0.721875 0.09296875 0.10390625
3 0.68671875 0.38515625 0.04921875 0.01484375
3 0.66875 0.3875 0.0484375 0.015625
3 0.52734375 0.40390625 0.07421875 0.0265625
3 0.5640625 0.40078125 0.06953125 0.0234375
3 0.60390625 0.396875 0.05625 0.0203125
3 0.30546875 0.4296875 0.10390625 0.05
3 0.38125 0.42109375 0.10078125 0.04140625
3 0.53203125 0.64453125 0.07265625 0.06796875
0 0.68203125 0.46875 0.03203125 0.034375
0 0.20078125 0.659375 0.02890625 0.04609375
0 0.16015625 0.68203125 0.03203125 0.05390625
0 0.121875 0.67734375 0.03671875 0.07109375
0 0.01796875 0.734375 0.03515625 0.0609375
0 0.07421875 0.70078125 0.04375 0.05703125
3 0.6359375 0.58125 0.05546875 0.03359375
3 0.5828125 0.6171875 0.06484375 0.04375
3 0.66953125 0.565625 0.03046875 0.0296875
3 0.68828125 0.553125 0.02890625 0.02578125
3 0.475 0.56328125 0.08359375 0.0640625
0 0.66875 0.478125 0.01015625 0.03515625
0 0.6484375 0.48046875 0.03203125 0.03671875
0 0.6375 0.48359375 0.03359375 0.040625
0 0.64921875 0.44765625 0.03359375 0.03828125
0 0.559375 0.47265625 0.03828125 0.05078125
0 0.56953125 0.5171875 0.015625 0.0453125
0 0.55390625 0.5234375 0.01640625 0.0484375
0 0.525 0.52578125 0.04140625 0.05859375
0 0.5421875 0.47734375 0.04140625 0.053125
0 0.4984375 0.24921875 0.02421875 0.059375
0 0.4734375 0.24296875 0.02578125 0.06328125
0 0.41484375 0.22890625 0.034375 0.07109375
0 0.4453125 0.2359375 0.0296875 0.06640625
0 0.44453125 0.17421875 0.03046875 0.07421875
0 0.41328125 0.1625 0.034375 0.07890625
0 0.37734375 0.14921875 0.0390625 0.0859375
0 0.3296875 0.13515625 0.06015625 0.09296875
0 0.3796875 0.2203125 0.03828125 0.07578125
0 0.340625 0.2109375 0.04453125 0.08125
0 0.290625 0.19921875 0.06171875 0.08984375
0 0.15625 0.1265625 0.07890625 0.115625
0 0.07734375 0.103125 0.09765625 0.13046875
0 0.02109375 0.08828125 0.04140625 0.12109375
0 0.178125 0.415625 0.07109375 0.09296875
0 0.10703125 0.42109375 0.08671875 0.10078125
0 0.0375 0.4265625 0.075 0.10625
0 0.0390625 0.31953125 0.078125 0.10859375
3 0.2890625 0.53359375 0.0453125 0.0296875
3 0.496875 0.3765625 0.03203125 0.00859375
3 0.4765625 0.3765625 0.03359375 0.009375
3 0.05 0.51328125 0.07421875 0.0140625
3 0.24296875 0.48203125 0.046875 0.01015625
3 0.2875 0.47421875 0.04140625 0.00703125
3 0.32890625 0.46796875 0.03203125 0.00703125
3 0.359375 0.38359375 0.03671875 0.0109375
3 0.390625 0.38203125 0.03203125 0.0109375
3 0.4203125 0.38125 0.03203125 0.01015625
3 0.425 0.49921875 0.0359375 0.0203125
3 0.32578125 0.5234375 0.04296875 0.0265625
3 0.0671875 0.5890625 0.07734375 0.04609375
3 0.21875 0.3890625 0.02109375 0.01484375
3 0.2703125 0.38671875 0.03828125 0.0140625
3 0.36953125 0.51328125 0.03984375 0.0234375
3 0.45546875 0.49375 0.03359375 0.01484375
3 0.48125 0.4875 0.02421875 0.0140625
3 0.5015625 0.48203125 0.021875 0.01328125
0 0.1765625 0.3671875 0.02265625 0.0046875
0 0.15234375 0.36796875 0.02578125 0.00546875
0 0.125 0.34765625 0.03125 0.034375
0 0.09921875 0.36796875 0.028125 0.0046875
0 0.08125 0.36796875 0.00703125 0.0046875
0 0.096875 0.346875 0.03203125 0.03515625
0 0.07890625 0.346875 0.01015625 0.03515625
0 0.1703125 0.28046875 0.0265625 0.03515625
0 0.1453125 0.278125 0.02890625 0.0359375
0 0.11875 0.27578125 0.03046875 0.03828125
0 0.090625 0.2734375 0.0328125 0.0390625
0 0.06015625 0.26953125 0.03515625 0.03984375
0 0.0265625 0.25703125 0.03515625 0.0234375
0 0.00546875 0.2546875 0.0109375 0.021875
0 0.33125 0.3078125 0.01640625 0.0265625
0 0.315625 0.30625 0.0171875 0.028125
0 0.28125 0.30390625 0.01953125 0.0296875
0 0.29921875 0.30546875 0.01796875 0.02890625
0 0.29765625 0.28671875 0.01640625 0.009375
0 0.28046875 0.28515625 0.01796875 0.009375
0 0.26171875 0.28359375 0.01875 0.009375
0 0.24921875 0.28203125 0.00625 0.00859375
0 0.26328125 0.3015625 0.01953125 0.0296875
0 0.25 0.3015625 0.009375 0.02890625
0 0.21640625 0.2984375 0.01171875 0.03125
3 0.92890625 0.634375 0.11171875 0.06953125
3 0.58515625 0.47421875 0.0140625 0.01328125