3 0.4796875 0.68203125 0.0609375 0.05859375
3 0.96875 0.57421875 0.06171875 0.06875
3 0.35703125 0.540625 0.03671875 0.028125
3 0.440625 0.57890625 0.05859375 0.040625
3 0.47890625 0.59296875 0.0625 0.0453125
3 0.51875 0.61328125 0.0671875 0.0546875
3 0.58046875 0.503125 0.07421875 0.03984375
3 0.63828125 0.51484375 0.0875 0.04609375
3 0.721875 0.53359375 0.09609375 0.05390625
3 0.715625 0.83828125 0.09453125 0.125
3 0.51953125 0.70703125 0.06640625 0.06796875
3 0.36640625 0.60859375 0.04609375 0.034375
3 0.43515625 0.47578125 0.059375 0.02578125
3 0.46484375 0.48203125 0.06328125 0.02890625
3 0.5796875 0.74921875 0.07578125 0.084375
0 0.98359375 0.79375 0.03125 0.109375
0 0.3875 0.5453125 0.0265625 0.0390625
3 0.846875 0.91796875 0.1265625 0.16328125
3 0.940625 0.9515625 0.0734375 0.09453125
3 0.8671875 0.7609375 0.13359375 0.1265625
0 0.72734375 0.684375 0.04609375 0.09296875
0 0.6921875 0.67578125 0.04453125 0.0734375
0 0.65625 0.65625 0.03359375 0.0796875
0 0.69453125 0.61875 0.04453125 0.08046875
0 0.625 0.59453125 0.04140625 0.06953125
0 0.6234375 0.6453125 0.04140625 0.06484375
0 0.59140625 0.63828125 0.025 0.05390625
0 0.56796875 0.62109375 0.02265625 0.065625
0 0.59921875 0.58671875 0.0390625 0.065625
0 0.41015625 0.46015625 0.03125 0.03515625
0 0.39921875 0.45859375 0.03046875 0.03515625
0 0.37890625 0.4578125 0.01015625 0.03046875
0 0.38828125 0.4265625 0.03046875 0.03125
0 0.36953125 0.45625 0.01015625 0.03046875
0 0.36015625 0.45390625 0.009375 0.02890625
0 0.3515625 0.453125 0.00859375 0.028125
0 0.34296875 0.45078125 0.00859375 0.02890625
0 0.3734375 0.4265625 0.0203125 0.03046875
0 0.36796875 0.425 0.02734375 0.0296875
0 0.3546875 0.42421875 0.01796875 0.02890625
0 0.409375 0.36171875 0.03203125 0.034375
0 0.38828125 0.36171875 0.01171875 0.03359375
0 0.37734375 0.36328125 0.0109375 0.03125
0 0.3671875 0.3640625 0.01015625 0.03125
0 0.3578125 0.36484375 0.009375 0.0296875
0 0.3484375 0.365625 0.00859375 0.02890625
0 0.340625 0.36640625 0.00859375 0.02890625
0 0.53828125 0.36796875 0.03828125 0.0453125
0 0.509375 0.36875 0.01953125 0.04375
0 0.4734375 0.37109375 0.01640625 0.03984375
0 0.490625 0.3703125 0.0171875 0.040625
0 0.5 0.32890625 0.03671875 0.04296875
0 0.4734375 0.33125 0.01640625 0.04140625
0 0.45703125 0.33359375 0.01484375 0.040625
0 0.4421875 0.33515625 0.01484375 0.0390625
0 0.46328125 0.371875 0.02578125 0.0390625
0 0.45 0.3734375 0.0296875 0.03671875
0 0.43046875 0.3734375 0.01640625 0.03671875