3 0.4125 0.65234375 0.06953125 0.09765625
3 0.8625 0.28984375 0.09375 0.06484375
3 0.8125 0.30390625 0.09765625 0.06953125
3 0.5515625 0.3828125 0.084375 0.09921875
3 0.6125 0.36328125 0.09140625 0.084375
3 0.6828125 0.3484375 0.0875 0.0734375
3 0.08984375 0.7859375 0.12421875 0.134375
3 0.27109375 0.47578125 0.09453125 0.1375
3 0.35703125 0.45078125 0.084375 0.12734375
3 0.5484375 0.596875 0.07109375 0.0890625
0 0.81953125 0.4015625 0.05625 0.05625
0 0.23359375 0.6109375 0.02421875 0.04453125
0 0.20703125 0.63203125 0.02890625 0.04921875
0 0.18671875 0.6171875 0.03046875 0.05859375
0 0.125 0.65390625 0.03515625 0.05078125
0 0.16015625 0.62734375 0.03046875 0.04921875
3 0.7078125 0.534375 0.07265625 0.06171875
3 0.61953125 0.57421875 0.07265625 0.0671875
3 0.7609375 0.521875 0.05234375 0.04609375
3 0.80078125 0.50546875 0.05078125 0.0421875
3 0.475 0.54453125 0.07109375 0.1140625
0 0.78046875 0.42265625 0.0296875 0.05390625
0 0.75546875 0.42734375 0.040625 0.0625
0 0.7296875 0.43046875 0.053125 0.07109375
0 0.76171875 0.39453125 0.053125 0.05625
0 0.60234375 0.45234375 0.0328125 0.0640625
0 0.59921875 0.49921875 0.02890625 0.04453125
0 0.56875 0.49296875 0.0390625 0.07578125
0 0.54375 0.4984375 0.03828125 0.0859375
0 0.57109375 0.4609375 0.04375 0.06484375
0 0.490625 0.23046875 0.05234375 0.10625
0 0.45546875 0.23828125 0.04453125 0.10859375
0 0.37109375 0.27109375 0.053125 0.08203125
0 0.4140625 0.2625 0.04765625 0.0796875
0 0.40546875 0.17109375 0.05625 0.11484375
0 0.3609375 0.178125 0.059375 0.11796875
0 0.3109375 0.1859375 0.065625 0.12265625
0 0.2578125 0.1921875 0.07265625 0.12578125
0 0.32421875 0.27890625 0.059375 0.084375
0 0.27578125 0.28984375 0.06484375 0.0859375
0 0.225 0.28203125 0.0734375 0.1234375
0 0.08984375 0.271875 0.1203125 0.1375
0 0.034375 0.2828125 0.06796875 0.1421875
0 0.003125 0.2875 0.00625 0.1359375
0 0.1703125 0.47578125 0.08046875 0.12265625
0 0.1140625 0.48984375 0.0765625 0.1265625
0 0.0625 0.534375 0.0828125 0.0703125
0 0.0515625 0.44765625 0.103125 0.1328125
0 0.0265625 0.54921875 0.053125 0.07109375
0 0.01015625 0.45625 0.0203125 0.12578125
3 0.621875 0.11875 0.04140625 0.02421875
3 0.59140625 0.121875 0.0421875 0.02421875
3 0.1890625 0.2609375 0.00546875 0.00625
3 0.44453125 0.14375 0.034375 0.0296875
3 0.4765625 0.13984375 0.040625 0.0265625
3 0.50859375 0.13515625 0.02734375 0.0234375
3 0.51796875 0.27265625 0.00234375 0.02265625
0 0.5890625 0.19453125 0.02109375 0.0296875
3 0.55546875 0.209375 0.03828125 0.02265625
0 0.51796875 0.20625 0.00625 0.0359375
0 0.50546875 0.18125 0.01953125 0.03046875
0 0.47265625 0.1765625 0.01796875 0.0125
0 0.459375 0.178125 0.01796875 0.0140625
0 0.22265625 0.1578125 0.009375 0.0109375
0 0.225 0.12890625 0.03046875 0.04609375
0 0.21171875 0.1703125 0.02734375 0.034375
0 0.1921875 0.17265625 0.02890625 0.03515625
0 0.17109375 0.175 0.0296875 0.03515625
0 0.1421875 0.17734375 0.0140625 0.0375
0 0.20390625 0.13046875 0.02890625 0.04453125
0 0.1828125 0.13359375 0.0296875 0.04609375
0 0.1609375 0.1359375 0.03046875 0.04765625
0 0.2515625 0.0515625 0.03046875 0.04609375
0 0.22890625 0.05234375 0.0296875 0.04609375
0 0.20703125 0.05390625 0.03046875 0.04609375
0 0.18515625 0.05546875 0.03203125 0.046875
0 0.1625 0.05703125 0.034375 0.04765625
0 0.140625 0.05859375 0.034375 0.04921875
0 0.11640625 0.059375 0.03515625 0.04609375
0 0.4078125 0.0546875 0.02109375 0.04140625
0 0.390625 0.05546875 0.0203125 0.040625
0 0.35546875 0.0609375 0.02109375 0.0375
0 0.3734375 0.059375 0.02109375 0.0359375
0 0.36953125 0.02109375 0.02109375 0.04140625
0 0.35078125 0.02265625 0.0234375 0.0421875
0 0.33203125 0.0234375 0.0234375 0.0421875
0 0.31328125 0.025 0.02421875 0.04375
0 0.3375 0.06328125 0.0234375 0.0375
0 0.31953125 0.0640625 0.0234375 0.0375
0 0.29921875 0.06328125 0.02421875 0.04375
3 0.9984375 0.87421875 0.003125 0.01796875
3 0.70546875 0.2828125 0.046875 0.0328125