2 0.0859375 0.48046875 0.16796875 0.259375
3 0.446875 0.546875 0.0578125 0.08515625
3 0.57265625 0.45234375 0.1171875 0.15078125
3 0.653125 0.5296875 0.140625 0.1890625
3 0.775 0.6609375 0.1671875 0.2375
3 0.32890625 0.38046875 0.0421875 0.05234375
3 0.384375 0.28515625 0.0875 0.08515625
3 0.4203125 0.31953125 0.09375 0.096875
3 0.54921875 0.69453125 0.07734375 0.1265625
0 0.38046875 0.36015625 0.0203125 0.0265625
0 0.36484375 0.3515625 0.01953125 0.02265625
0 0.36640625 0.334375 0.0203125 0.0234375
0 0.34453125 0.32265625 0.01953125 0.0234375
0 0.359375 0.32734375 0.01953125 0.0234375
3 0.765625 0.95078125 0.0421875 0.09609375
3 0.63671875 0.8171875 0.09453125 0.16171875
3 0.490625 0.51875 0.0890625 0.12421875
0 0.95078125 0.9765625 0.003125 0.04453125
0 0.89765625 0.9375 0.1078125 0.1234375
0 0.97109375 0.97734375 0.040625 0.0421875
0 0.61328125 0.61484375 0.05390625 0.09140625
0 0.61171875 0.65625 0.06171875 0.08046875
0 0.5703125 0.62421875 0.03203125 0.0703125
0 0.5484375 0.5734375 0.0375 0.10390625
0 0.57734375 0.57890625 0.040625 0.0875
0 0.5171875 0.209375 0.0734375 0.11796875
0 0.4765625 0.19296875 0.053125 0.115625
0 0.4140625 0.17109375 0.02734375 0.084375
0 0.4375 0.18671875 0.02890625 0.08828125
0 0.45390625 0.10078125 0.07265625 0.1109375
0 0.42734375 0.0890625 0.0671875 0.103125
0 0.403125 0.078125 0.065625 0.09921875
0 0.38203125 0.06796875 0.06171875 0.09375
0 0.3921875 0.15703125 0.0265625 0.0796875
0 0.37265625 0.14375 0.02578125 0.0765625
0 0.35390625 0.12890625 0.02578125 0.07890625
0 0.32890625 0.07734375 0.05390625 0.07734375
0 0.3140625 0.06953125 0.05078125 0.07578125
0 0.3 0.0625 0.04921875 0.0703125
0 0.2828125 0.05546875 0.03828125 0.0703125
0 0.27578125 0.04921875 0.04609375 0.065625
0 0.265625 0.04453125 0.04453125 0.06484375
0 0.25546875 0.0375 0.04375 0.06171875
0 0.35390625 0.2328125 0.05078125 0.0703125
0 0.3375 0.221875 0.04375 0.07109375
0 0.3140625 0.21796875 0.01796875 0.053125
0 0.32109375 0.16796875 0.05078125 0.065625
0 0.30234375 0.2078125 0.01796875 0.05078125
0 0.2921875 0.196875 0.01796875 0.04921875
0 0.28203125 0.1875 0.0171875 0.04921875
0 0.27265625 0.17578125 0.015625 0.05
0 0.3 0.159375 0.0296875 0.0609375
0 0.2890625 0.15078125 0.02890625 0.0609375
0 0.278125 0.1421875 0.0265625 0.05859375
3 0.65546875 0.2875 0.04609375 0.034375
3 0.54453125 0.15546875 0.0296875 0.02265625
3 0.62890625 0.2078125 0.04765625 0.0390625
3 0.665625 0.225 0.05078125 0.04375
3 0.70390625 0.2453125 0.04921875 0.04765625
3 0.78203125 0.165625 0.06171875 0.04921875
3 0.83359375 0.184375 0.0734375 0.053125
3 0.90234375 0.2109375 0.07734375 0.05625
3 0.83671875 0.39609375 0.05859375 0.05390625
3 0.6890625 0.309375 0.04453125 0.0390625
3 0.55390625 0.221875 0.00546875 0.01796875
3 0.6359375 0.115625 0.04921875 0.0359375
3 0.66875 0.1265625 0.05234375 0.03828125
3 0.74140625 0.33984375 0.05078125 0.04375
0 0.57109375 0.16953125 0.02421875 0.0375
3 0.9078125 0.43984375 0.065625 0.0625
3 0.96953125 0.47734375 0.0609375 0.06171875
3 0.95078125 0.365625 0.07890625 0.0765625
0 0.87265625 0.3140625 0.0421875 0.06171875
0 0.84453125 0.3078125 0.0359375 0.04921875
0 0.82421875 0.29140625 0.03828125 0.0578125
0 0.8609375 0.2671875 0.0421875 0.0609375
0 0.8046875 0.24375 0.0390625 0.05546875
0 0.7953125 0.28046875 0.0375 0.04453125
0 0.77109375 0.2734375 0.02890625 0.040625
0 0.75390625 0.2578125 0.03046875 0.05078125
0 0.784375 0.234375 0.0375 0.053125
0 0.60625 0.09296875 0.02734375 0.04140625
0 0.59296875 0.0875 0.0265625 0.04140625
0 0.57890625 0.0890625 0.003125 0.0296875
0 0.5875 0.053125 0.01484375 0.040625
0 0.559375 0.08203125 0.00859375 0.0296875
0 0.55 0.078125 0.0125 0.0328125
0 0.5390625 0.0734375 0.01171875 0.0296875
0 0.52734375 0.06875 0.0109375 0.03515625
0 0.56953125 0.05 0.02578125 0.0359375
0 0.55546875 0.04609375 0.02265625 0.0375
0 0.5453125 0.04296875 0.02265625 0.0375
0 0.6140625 0.00546875 0.0265625 0.0109375
0 0.59375 0.00390625 0.015625 0.0078125
0 0.584375 0.00234375 0.003125 0.00390625
0 0.7671875 0.03515625 0.040625 0.053125
0 0.74453125 0.03046875 0.03828125 0.05234375
0 0.69921875 0.02578125 0.02421875 0.04453125
0 0.71953125 0.02890625 0.02734375 0.04609375
0 0.728125 0.0046875 0.03046875 0.009375
0 0.70390625 0.00234375 0.0203125 0.0046875
0 0.68046875 0.02109375 0.0234375 0.0421875
0 0.6625 0.01953125 0.02109375 0.0390625
0 0.64609375 0.0171875 0.01953125 0.034375