2 0.28203125 0.54453125 0.04609375 0.11875
3 0.05234375 0.6765625 0.10390625 0.05390625
3 0.12578125 0.53671875 0.03359375 0.01328125
3 0.07734375 0.54140625 0.06328125 0.01796875
3 0.07421875 0.54453125 0.05859375 0.02109375
3 0.06640625 0.5484375 0.04453125 0.0265625
3 0.065625 0.35390625 0.04140625 0.05390625
3 0.02734375 0.3140625 0.0546875 0.08125
3 0.11328125 0.61875 0.05703125 0.02578125
3 0.115625 0.41796875 0.00859375 0.025
3 0.09453125 0.4046875 0.03203125 0.03359375
3 0.0265625 0.740625 0.05234375 0.075
0 0.009375 0.45390625 0.01796875 0.084375
0 0.0078125 0.53359375 0.015625 0.0796875
0 0.02265625 0.534375 0.01796875 0.075
0 0.03828125 0.53359375 0.01484375 0.06875
0 0.025 0.46015625 0.0171875 0.07578125
0 0.05625 0.18359375 0.02109375 0.0453125
0 0.07890625 0.22109375 0.00390625 0.0359375
0 0.0921875 0.25078125 0.00625 0.03828125
0 0.08515625 0.234375 0.0078125 0.04375
0 0.0640625 0.1875 0.05234375 0.084375
0 0.09296875 0.21484375 0.00703125 0.059375
0 0.09921875 0.23125 0.00625 0.05703125
0 0.1046875 0.24609375 0.00546875 0.053125
0 0.0984375 0.265625 0.00625 0.0359375
0 0.10390625 0.27890625 0.00546875 0.03359375
0 0.109375 0.290625 0.0046875 0.03046875
0 0.11484375 0.30078125 0.00703125 0.03515625
0 0.12734375 0.31640625 0.003125 0.02421875
0 0.1296875 0.325 0.00234375 0.021875
0 0.1328125 0.33125 0.00234375 0.0203125
0 0.1359375 0.3390625 0.00234375 0.01875
0 0.13828125 0.3453125 0.00234375 0.01875
0 0.1109375 0.40234375 0.01171875 0.0140625
0 0.12265625 0.41875 0.00078125 0.02421875
0 0.125 0.42265625 0.003125 0.02890625
0 0.10625 0.3890625 0.0421875 0.04375
0 0.128125 0.4265625 0.00234375 0.028125
0 0.13125 0.43046875 0.00234375 0.0265625
0 0.134375 0.43359375 0.00234375 0.02421875
0 0.13671875 0.4359375 0.00234375 0.02421875
0 0.12890625 0.39921875 0.00390625 0.03125
0 0.13203125 0.403125 0.003125 0.03203125
0 0.134375 0.40703125 0.00234375 0.03125
3 0.4765625 0.6078125 0.0453125 0.02109375
3 0.86875 0.33046875 0.140625 0.0734375
3 0.75625 0.36328125 0.1015625 0.053125
3 0.5234375 0.4359375 0.03984375 0.01953125
3 0.55078125 0.4265625 0.03828125 0.02421875
3 0.6046875 0.4140625 0.0671875 0.02890625
3 0.41015625 0.58671875 0.03203125 0.0140625
3 0.43828125 0.45625 0.01640625 0.01484375
3 0.46796875 0.45234375 0.04609375 0.015625
3 0.5328125 0.62734375 0.05703125 0.02890625
0 0.85390625 0.534375 0.09453125 0.071875
0 0.440625 0.534375 0.0078125 0.00625
0 0.4328125 0.534375 0.00859375 0.00703125
0 0.43515625 0.528125 0.0109375 0.0046875
0 0.4234375 0.53359375 0.01015625 0.00625
0 0.428125 0.53359375 0.00234375 0.00546875
3 0.6796875 0.678125 0.08828125 0.0515625
3 0.5828125 0.64453125 0.06796875 0.034375
3 0.76015625 0.70390625 0.1125 0.06796875
3 0.86875 0.740625 0.14140625 0.0953125
3 0.4921875 0.53671875 0.0421875 0.01328125
0 0.74609375 0.53203125 0.05234375 0.05859375
0 0.70390625 0.53125 0.03203125 0.05390625
0 0.67421875 0.53125 0.02734375 0.05078125
0 0.71171875 0.4765625 0.04921875 0.05546875
0 0.55546875 0.4921875 0.03359375 0.0359375
0 0.55625 0.52890625 0.03359375 0.03671875
0 0.5328125 0.52890625 0.01328125 0.03515625
0 0.5203125 0.528125 0.01171875 0.034375
0 0.53203125 0.49375 0.0125 0.03515625
0 0.5078125 0.3515625 0.02890625 0.03203125
0 0.48828125 0.35703125 0.009375 0.03125
0 0.46953125 0.36796875 0.00859375 0.02890625
0 0.478125 0.36328125 0.00859375 0.0296875
0 0.48671875 0.3359375 0.025 0.03359375
0 0.46953125 0.34296875 0.00859375 0.03125
0 0.46171875 0.3484375 0.00703125 0.03046875
0 0.45390625 0.35390625 0.00703125 0.0296875
0 0.46171875 0.3734375 0.00703125 0.0265625
0 0.45390625 0.378125 0.00703125 0.02578125
0 0.44609375 0.38203125 0.00625 0.025
0 0.4359375 0.38203125 0.01484375 0.021875
0 0.425 0.3859375 0.00546875 0.0234375
0 0.41875 0.3890625 0.0046875 0.02109375
0 0.4140625 0.39296875 0.0046875 0.02109375
0 0.40859375 0.39609375 0.0046875 0.0203125
0 0.40390625 0.39921875 0.00390625 0.01953125
0 0.39921875 0.40234375 0.00390625 0.01953125
0 0.43828125 0.45390625 0.02265625 0.0234375
0 0.42421875 0.45625 0.00546875 0.0234375
0 0.41796875 0.4578125 0.00546875 0.02109375
0 0.4265625 0.43671875 0.02109375 0.0234375
0 0.4125 0.459375 0.0046875 0.02109375
0 0.4078125 0.4609375 0.00390625 0.0203125
0 0.403125 0.46328125 0.00390625 0.0203125
0 0.3984375 0.4640625 0.00390625 0.01953125
0 0.41328125 0.4390625 0.00546875 0.021875
0 0.4078125 0.440625 0.0046875 0.021875
0 0.403125 0.44296875 0.00390625 0.02109375
3 0.6359375 0.58203125 0.03125 0.01171875
3 0.93828125 0.43515625 0.06953125 0.02421875
3 0.87578125 0.44296875 0.06015625 0.0203125
3 0.60859375 0.53125 0.02265625 0.00703125
3 0.6359375 0.53203125 0.03203125 0.00859375
3 0.6484375 0.53203125 0.0078125 0.00703125
3 0.68125 0.46796875 0.01171875 0.009375
3 0.7375 0.46171875 0.00234375 0.00859375
3 0.76171875 0.45859375 0.0453125 0.0140625
3 0.765625 0.6 0.04453125 0.01875
3 0.6625 0.58515625 0.0375 0.01328125
3 0.5578125 0.57109375 0.0265625 0.00859375
3 0.60703125 0.4765625 0.0234375 0.00859375
3 0.628125 0.47421875 0.03125 0.009375
3 0.6984375 0.590625 0.04140625 0.01484375
0 0.9015625 0.528125 0.0078125 0.0296875
0 0.57890625 0.52578125 0.0109375 0.015625
3 0.8234375 0.6078125 0.05546875 0.02109375
3 0.8765625 0.61484375 0.06171875 0.02421875
3 0.9265625 0.621875 0.0453125 0.02421875
3 0.80390625 0.5359375 0.0109375 0.01015625
0 0.7765625 0.52734375 0.009375 0.025
0 0.753125 0.49609375 0.02265625 0.01328125
0 0.59296875 0.4734375 0.01640625 0.01796875
0 0.58125 0.475 0.00703125 0.01640625
0 0.5734375 0.47578125 0.00703125 0.015625
0 0.578125 0.459375 0.01484375 0.015625
0 0.56640625 0.471875 0.00625 0.00625
0 0.56015625 0.471875 0.00546875 0.0046875
0 0.56640625 0.4609375 0.00625 0.01484375
0 0.56015625 0.46171875 0.00625 0.01484375
0 0.55390625 0.46328125 0.00625 0.01484375
0 0.66875 0.4015625 0.01640625 0.00546875
0 0.65546875 0.4046875 0.01015625 0.00546875
0 0.64453125 0.40703125 0.009375 0.00546875
0 0.6453125 0.39609375 0.0109375 0.0203125
0 0.63671875 0.396875 0.00546875 0.01875
0 0.62265625 0.396875 0.00390625 0.009375
0 0.61640625 0.396875 0.0078125 0.00546875
3 0.48203125 0.878125 0.22109375 0.23046875