3 0.1546875 0.85390625 0.03125 0.08203125
3 0.11484375 0.74296875 0.0625 0.11328125
3 0.06875 0.8515625 0.1375 0.19375
3 0.08671875 0.94921875 0.02578125 0.09921875
3 0.153125 0.671875 0.01015625 0.04140625
3 0.1171875 0.5734375 0.0234375 0.03984375
3 0.11328125 0.609375 0.03046875 0.0609375
3 0.1671875 0.9953125 0.0046875 0.00703125
0 0.13515625 0.659375 0.00625 0.015625
0 0.134375 0.64296875 0.00546875 0.01796875
0 0.13203125 0.621875 0.00078125 0.00859375
0 0.1375 0.63046875 0.01171875 0.01484375
3 0.14453125 0.83359375 0.02109375 0.06484375
0 0.1328125 0.96171875 0.00078125 0.06171875
0 0.13828125 0.96953125 0.01171875 0.059375
0 0.1390625 0.94375 0.01015625 0.09921875
0 0.1375 0.89921875 0.0109375 0.08828125
0 0.1328125 0.9109375 0.00078125 0.04921875
0 0.04375 0.51875 0.0875 0.096875
0 0.03828125 0.471875 0.07578125 0.02421875
0 0.08984375 0.47109375 0.01015625 0.05703125
0 0.03671875 0.43203125 0.0734375 0.0796875
0 0.04296875 0.41640625 0.0859375 0.059375
0 0.046875 0.41171875 0.07890625 0.05859375
0 0.05 0.384375 0.06953125 0.0140625
0 0.09140625 0.46640625 0.01015625 0.0515625
0 0.09453125 0.4609375 0.00859375 0.04140625
0 0.09609375 0.446875 0.0078125 0.0515625
0 0.09375 0.41640625 0.01328125 0.046875
0 0.09296875 0.4109375 0.01640625 0.04375
0 0.09453125 0.39609375 0.021875 0.03359375
0 0.09140625 0.39453125 0.03046875 0.03515625
0 0.08984375 0.39140625 0.034375 0.03515625
0 0.11328125 0.53671875 0.01328125 0.04296875
0 0.115625 0.528125 0.009375 0.04296875
0 0.1125 0.50234375 0.0015625 0.00625
0 0.11953125 0.503125 0.00390625 0.0265625
0 0.11875 0.4890625 0.003125 0.01953125
0 0.11953125 0.4859375 0.00546875 0.0265625
0 0.10234375 0.459375 0.00625 0.0046875
0 0.1015625 0.4546875 0.00703125 0.00546875
0 0.11484375 0.465625 0.0046875 0.02890625
3 0.49453125 0.615625 0.04453125 0.04453125
3 0.92109375 0.66796875 0.13125 0.11796875
3 0.8125 0.61875 0.10234375 0.090625
3 0.41015625 0.49609375 0.0296875 0.025
3 0.4671875 0.53671875 0.04296875 0.03515625
3 0.49375 0.55234375 0.04609375 0.03828125
3 0.51953125 0.571875 0.05 0.04453125
3 0.5609375 0.50234375 0.05625 0.03984375
3 0.596875 0.51953125 0.06328125 0.04609375
3 0.64375 0.54453125 0.065625 0.0515625
3 0.63828125 0.74375 0.06640625 0.08203125
3 0.5203125 0.63828125 0.04765625 0.05
3 0.415625 0.54765625 0.03359375 0.02890625
3 0.4640625 0.4609375 0.04453125 0.0265625
3 0.484375 0.46953125 0.04765625 0.03046875
3 0.5578125 0.6734375 0.05390625 0.06015625
0 0.803125 0.753125 0.0671875 0.09609375
0 0.43046875 0.50390625 0.01953125 0.03125
3 0.70546875 0.803125 0.07734375 0.1046875
3 0.77421875 0.8640625 0.08984375 0.12890625
3 0.8609375 0.92890625 0.10546875 0.13984375
3 0.7203125 0.7140625 0.08125 0.07109375
0 0.64765625 0.64453125 0.03671875 0.0640625
0 0.62734375 0.6375 0.03515625 0.04921875
0 0.6015625 0.61953125 0.0203125 0.05703125
0 0.62890625 0.5984375 0.03515625 0.059375
0 0.58671875 0.5734375 0.03203125 0.0515625
0 0.5859375 0.609375 0.03203125 0.04453125
0 0.5625 0.6 0.01484375 0.0390625
0 0.5484375 0.58515625 0.0140625 0.0484375
0 0.57109375 0.5640625 0.0296875 0.05
0 0.446875 0.44296875 0.0234375 0.03046875
0 0.43828125 0.43984375 0.021875 0.0296875
0 0.4234375 0.43828125 0.0078125 0.025
0 0.43046875 0.4140625 0.02265625 0.028125
0 0.41640625 0.43515625 0.00703125 0.02421875
0 0.41015625 0.43203125 0.00703125 0.0234375
0 0.40390625 0.42890625 0.00625 0.0234375
0 0.39765625 0.42578125 0.00625 0.0234375
0 0.42265625 0.4109375 0.02109375 0.028125
0 0.41640625 0.40859375 0.02109375 0.0265625
0 0.409375 0.40625 0.01953125 0.02578125
0 0.4453125 0.36875 0.02421875 0.02890625
0 0.4359375 0.36796875 0.02109375 0.028125
0 0.42890625 0.365625 0.02109375 0.02578125
0 0.421875 0.3640625 0.02265625 0.02578125
0 0.41484375 0.3625 0.01953125 0.025
0 0.40703125 0.36171875 0.01796875 0.025
0 0.40078125 0.36015625 0.01796875 0.02421875
0 0.53359375 0.39921875 0.03046875 0.03828125
0 0.51796875 0.396875 0.02265625 0.03671875
0 0.48828125 0.39296875 0.01015625 0.03125
0 0.5 0.39609375 0.01171875 0.03203125
0 0.50859375 0.3640625 0.02890625 0.03359375
0 0.49453125 0.3625 0.02421875 0.03203125
0 0.48515625 0.36015625 0.02578125 0.03125
0 0.475 0.35859375 0.02421875 0.03046875
0 0.478125 0.390625 0.01015625 0.03046875
0 0.46796875 0.3875 0.009375 0.02890625
0 0.45859375 0.384375 0.009375 0.0296875