2 0.30546875 0.4609375 0.04921875 0.12890625
3 0.10859375 0.715625 0.08046875 0.09609375
3 0.159375 0.475 0.05078125 0.0390625
3 0.09765625 0.57578125 0.08203125 0.06171875
3 0.07734375 0.625 0.09609375 0.0796875
3 0.05078125 0.6875 0.10078125 0.0875
3 0.0171875 0.6078125 0.034375 0.059375
3 0.17578125 0.540625 0.04453125 0.04609375
3 0.07890625 0.459375 0.0875 0.040625
3 0.053125 0.496875 0.1 0.06171875
3 0.04609375 0.9078125 0.0921875 0.153125
0 0.00390625 0.8453125 0.0078125 0.0375
0 0.0140625 0.8 0.028125 0.090625
0 0.02421875 0.7578125 0.04453125 0.08203125
0 0.00546875 0.75 0.0109375 0.053125
0 0.00625 0.4 0.0125 0.05078125
0 0.03203125 0.37265625 0.0296875 0.059375
0 0.01484375 0.384375 0.0296875 0.0640625
0 0.0078125 0.32890625 0.015625 0.0625
0 0.01640625 0.32109375 0.0328125 0.059375
0 0.02421875 0.31328125 0.0484375 0.0546875
0 0.03046875 0.30625 0.0609375 0.053125
0 0.04765625 0.3625 0.0265625 0.05546875
0 0.0609375 0.35390625 0.02421875 0.05234375
0 0.0734375 0.34453125 0.0234375 0.04921875
0 0.07890625 0.3140625 0.04921875 0.04609375
0 0.08515625 0.309375 0.05546875 0.04140625
0 0.09453125 0.30390625 0.05234375 0.0390625
0 0.103125 0.29921875 0.04921875 0.0375
0 0.1125 0.2953125 0.0421875 0.0375
0 0.1171875 0.2921875 0.04453125 0.03515625
0 0.125 0.28828125 0.04140625 0.034375
0 0.1015625 0.425 0.05390625 0.04375
0 0.1109375 0.4140625 0.05078125 0.04140625
0 0.1359375 0.40546875 0.0125 0.0375
0 0.11328125 0.37734375 0.04609375 0.04375
0 0.1421875 0.39765625 0.0125 0.0359375
0 0.1484375 0.390625 0.01171875 0.034375
0 0.153125 0.38359375 0.0109375 0.0328125
0 0.1578125 0.3765625 0.01171875 0.03203125
0 0.12265625 0.36640625 0.0375 0.0375
0 0.12578125 0.36015625 0.0421875 0.03515625
0 0.13203125 0.35390625 0.0421875 0.034375
3 0.028125 0.996875 0.01171875 0.00390625
3 0.484375 0.5625 0.040625 0.046875
3 0.90546875 0.87734375 0.18828125 0.2421875
3 0.78359375 0.740625 0.1734375 0.203125
3 0.53359375 0.45859375 0.0671875 0.05078125
3 0.5625 0.48984375 0.0734375 0.0671875
3 0.60078125 0.54140625 0.08203125 0.08515625
3 0.434375 0.4671875 0.02421875 0.02734375
3 0.46328125 0.38671875 0.04609375 0.03046875
3 0.47421875 0.4015625 0.04609375 0.03515625
3 0.52578125 0.65078125 0.053125 0.07265625
0 0.8234375 0.9734375 0.0828125 0.05078125
0 0.46015625 0.4453125 0.01171875 0.01171875
0 0.45390625 0.440625 0.00859375 0.01171875
0 0.45546875 0.4328125 0.01171875 0.0125
0 0.44609375 0.42578125 0.01171875 0.01171875
0 0.45390625 0.42734375 0.009375 0.00546875
3 0.64375 0.89375 0.09140625 0.14921875
3 0.5640625 0.7328125 0.06484375 0.0875
3 0.67421875 0.9609375 0.04609375 0.0765625
3 0.49765625 0.52421875 0.04765625 0.05078125
0 0.728125 0.859375 0.0796875 0.1375
0 0.69453125 0.82109375 0.07109375 0.09375
0 0.65546875 0.7625 0.04609375 0.10859375
0 0.6984375 0.76796875 0.0671875 0.10390625
0 0.55078125 0.553125 0.0390625 0.0578125
0 0.55078125 0.590625 0.0390625 0.05234375
0 0.52578125 0.5734375 0.0109375 0.04921875
0 0.515625 0.553125 0.009375 0.05078125
0 0.53046875 0.5359375 0.01953125 0.053125
0 0.5125 0.3296875 0.0375 0.04921875
0 0.5015625 0.3234375 0.0328125 0.04453125
0 0.4734375 0.315625 0.00625 0.0375
0 0.48125 0.31953125 0.0078125 0.0390625
0 0.49296875 0.28359375 0.0328125 0.04140625
0 0.4828125 0.27890625 0.02734375 0.0390625
0 0.47578125 0.2765625 0.02890625 0.03828125
0 0.4703125 0.27421875 0.0296875 0.0375
0 0.46640625 0.3109375 0.0078125 0.0359375
0 0.4609375 0.30625 0.00625 0.034375
0 0.45390625 0.3015625 0.00625 0.03515625
0 0.44765625 0.28203125 0.01796875 0.03203125
0 0.44453125 0.27890625 0.02109375 0.03203125
0 0.43984375 0.2765625 0.0203125 0.0296875
0 0.4375 0.27421875 0.02109375 0.02890625
0 0.4296875 0.271875 0.01484375 0.02890625
0 0.428125 0.2703125 0.01796875 0.02734375
0 0.42578125 0.2671875 0.01953125 0.0265625
0 0.45390625 0.3625 0.02421875 0.0296875
0 0.4484375 0.359375 0.02265625 0.0328125
0 0.43515625 0.35546875 0.00390625 0.02734375
0 0.44375 0.3296875 0.0234375 0.0296875
0 0.43046875 0.35078125 0.00390625 0.0265625
0 0.42734375 0.34609375 0.00390625 0.0265625
0 0.4234375 0.3421875 0.00390625 0.02421875
0 0.4203125 0.3375 0.00390625 0.02578125
0 0.43828125 0.3265625 0.02109375 0.0296875
0 0.4328125 0.32265625 0.0171875 0.02734375
0 0.42890625 0.31953125 0.01796875 0.02734375
3 0.996875 0.4734375 0.00625 0.01953125
3 0.60625 0.3734375 0.02734375 0.01953125
3 0.6671875 0.41015625 0.0390625 0.02421875
3 0.70078125 0.42421875 0.03515625 0.02890625
3 0.72421875 0.440625 0.04765625 0.03046875
3 0.77734375 0.3828125 0.05625 0.0296875
3 0.8171875 0.39765625 0.065625 0.03515625
3 0.86953125 0.41953125 0.07109375 0.04140625
3 0.66640625 0.34453125 0.02890625 0.0203125
3 0.69453125 0.35234375 0.04375 0.02109375
0 0.99140625 0.5875 0.01484375 0.04609375
0 0.62421875 0.38046875 0.009375 0.02421875
3 0.93515625 0.5625 0.0875 0.05546875
0 0.859375 0.50546875 0.04140625 0.04921875
0 0.8375 0.49765625 0.0390625 0.0390625
0 0.8125 0.48359375 0.02578125 0.04375
0 0.84453125 0.465625 0.0390625 0.04609375
0 0.79921875 0.44296875 0.03515625 0.0390625
0 0.79453125 0.4734375 0.03515625 0.034375
0 0.77109375 0.4640625 0.01953125 0.034375
0 0.75703125 0.45234375 0.0203125 0.0375
0 0.7828125 0.43515625 0.0328125 0.03828125
0 0.65234375 0.328125 0.01796875 0.02421875
0 0.62890625 0.32265625 0.0078125 0.0203125
0 0.6375 0.3015625 0.02109375 0.02265625
0 0.62265625 0.3203125 0.00859375 0.02109375
0 0.6140625 0.3171875 0.0078125 0.0203125
0 0.6078125 0.315625 0.0078125 0.0203125
0 0.60078125 0.31171875 0.0078125 0.02109375
0 0.6265625 0.3 0.01484375 0.0234375
0 0.62109375 0.29765625 0.01796875 0.02265625
0 0.6125 0.29453125 0.0171875 0.02109375
0 0.659375 0.2625 0.02109375 0.0234375
0 0.634375 0.259375 0.0078125 0.02265625
0 0.6296875 0.259375 0.01484375 0.02265625
0 0.62421875 0.2578125 0.01796875 0.02109375
0 0.6171875 0.25546875 0.01953125 0.02109375
0 0.609375 0.25390625 0.0171875 0.02109375
0 0.7578125 0.29140625 0.0328125 0.03203125
0 0.7421875 0.2890625 0.02890625 0.03046875
0 0.709375 0.284375 0.01484375 0.02734375
0 0.72265625 0.2875 0.015625 0.02734375
0 0.7328125 0.26015625 0.0296875 0.02890625
0 0.71875 0.2578125 0.0265625 0.02890625
0 0.709375 0.25546875 0.0171875 0.0265625
0 0.69375 0.25390625 0.0234375 0.02421875
0 0.70078125 0.2828125 0.0078125 0.02578125
0 0.68359375 0.27890625 0.0078125 0.02421875
0 0.675 0.2765625 0.01171875 0.02578125