2 0.27109375 0.5671875 0.0515625 0.134375
3 0.09609375 0.55546875 0.07109375 0.015625
3 0.02109375 0.54375 0.0390625 0.0234375
3 0.0015625 0.54140625 0.003125 0.0203125
3 0.08984375 0.64296875 0.07421875 0.0234375
3 0.04453125 0.40546875 0.03359375 0.03828125
3 0.0140625 0.38359375 0.028125 0.0390625
0 0.00078125 0.20234375 0.00078125 0.0140625
0 0.00234375 0.1671875 0.0046875 0.05625
0 0.01328125 0.184375 0.0234375 0.0734375
0 0.03203125 0.209375 0.0203125 0.06640625
0 0.0109375 0.228125 0.02109375 0.06171875
0 0.02890625 0.25078125 0.01953125 0.05625
0 0.0453125 0.26953125 0.01796875 0.0515625
0 0.06875 0.2890625 0.03359375 0.04921875
0 0.08984375 0.30625 0.0125 0.040625
0 0.10078125 0.31875 0.01171875 0.03828125
0 0.11015625 0.33125 0.01015625 0.03515625
0 0.11875 0.34140625 0.00859375 0.03359375
0 0.12578125 0.3515625 0.00859375 0.03203125
0 0.13359375 0.3609375 0.0078125 0.03046875
0 0.05390625 0.409375 0.04921875 0.0484375
0 0.0828125 0.42109375 0.01328125 0.03984375
0 0.09375 0.428125 0.01171875 0.03828125
0 0.07578125 0.39140625 0.05234375 0.05
0 0.10390625 0.43515625 0.01015625 0.03515625
0 0.1125 0.44140625 0.01015625 0.03359375
0 0.1203125 0.446875 0.00859375 0.03125
0 0.128125 0.45234375 0.00859375 0.03046875
0 0.10546875 0.403125 0.01015625 0.03984375
0 0.11484375 0.4109375 0.01015625 0.0390625
0 0.12265625 0.41796875 0.00859375 0.0359375
3 0.48125 0.646875 0.0546875 0.02578125
3 0.8984375 0.09375 0.2 0.1875
3 0.515625 0.40546875 0.03046875 0.0390625
3 0.553125 0.3765625 0.04453125 0.05
3 0.628125 0.33125 0.1046875 0.07109375
3 0.42578125 0.62421875 0.03515625 0.0140625
3 0.4484375 0.4609375 0.02890625 0.021875
3 0.4625 0.45078125 0.03515625 0.025
3 0.53515625 0.67265625 0.07109375 0.03984375
0 0.44765625 0.55859375 0.00234375 0.00625
0 0.44375 0.55859375 0.0046875 0.00625
0 0.434375 0.5609375 0.00625 0.00625
3 0.77265625 0.7796875 0.19296875 0.1203125
3 0.60234375 0.7015625 0.10703125 0.0546875
3 0.909375 0.85078125 0.1796875 0.1703125
3 0.490625 0.54921875 0.04609375 0.01953125
0 0.9125 0.44921875 0.13984375 0.14375
0 0.80859375 0.46875 0.078125 0.11953125
0 0.74453125 0.4828125 0.05859375 0.103125
0 0.82265625 0.3640625 0.1125 0.13125
0 0.565625 0.47421875 0.05 0.05703125
0 0.56640625 0.52578125 0.05 0.0546875
0 0.53359375 0.52890625 0.01484375 0.05
0 0.51953125 0.53125 0.0125 0.0484375
0 0.53359375 0.48046875 0.0140625 0.05390625
0 0.50625 0.30625 0.02578125 0.04140625
0 0.48828125 0.31953125 0.00859375 0.03828125
0 0.471875 0.34296875 0.00703125 0.034375
0 0.4796875 0.33203125 0.0078125 0.03515625
0 0.48671875 0.3015625 0.02109375 0.04453125
0 0.471875 0.31484375 0.00703125 0.04296875
0 0.46484375 0.32578125 0.00703125 0.040625
0 0.4578125 0.33671875 0.00546875 0.03828125
0 0.46484375 0.35390625 0.00625 0.03125
0 0.4578125 0.36328125 0.00546875 0.0296875
0 0.45234375 0.37109375 0.00546875 0.028125
0 0.44296875 0.378125 0.01171875 0.02421875
0 0.43515625 0.38515625 0.00390625 0.02421875
0 0.43046875 0.39140625 0.00390625 0.021875
0 0.4265625 0.39765625 0.00390625 0.02109375
0 0.42265625 0.403125 0.00390625 0.02109375
0 0.41875 0.409375 0.003125 0.0203125
0 0.415625 0.4140625 0.003125 0.01875
0 0.44140625 0.4625 0.0109375 0.0265625
0 0.43359375 0.46640625 0.0046875 0.02578125
0 0.42890625 0.4703125 0.00390625 0.02421875
0 0.4390625 0.446875 0.0234375 0.02890625
0 0.425 0.4734375 0.00390625 0.0234375
0 0.42109375 0.478125 0.003125 0.021875
0 0.41796875 0.48125 0.003125 0.02109375
0 0.41484375 0.48359375 0.003125 0.0203125
0 0.425 0.4515625 0.00390625 0.0265625
0 0.421875 0.45546875 0.00390625 0.02578125
0 0.41796875 0.45859375 0.003125 0.025
3 0.7125 0.62578125 0.04765625 0.01484375
3 0.91875 0.6515625 0.08359375 0.02578125
3 0.75 0.62890625 0.04453125 0.0140625
3 0.6109375 0.6125 0.0328125 0.00859375
3 0.67265625 0.49296875 0.03984375 0.0140625
3 0.69140625 0.48671875 0.03359375 0.01484375
3 0.8015625 0.63671875 0.06484375 0.01875
3 0.9875 0.6609375 0.02421875 0.02421875
0 0.6484375 0.4921875 0.01484375 0.02109375
0 0.6359375 0.49453125 0.009375 0.0203125
0 0.62734375 0.496875 0.00859375 0.01953125
0 0.6328125 0.478125 0.01953125 0.0203125
0 0.61875 0.4984375 0.0078125 0.01953125
0 0.6109375 0.50078125 0.0078125 0.01875
0 0.60390625 0.503125 0.00703125 0.01875
0 0.596875 0.50390625 0.00625 0.01796875
0 0.61875 0.48046875 0.0078125 0.0203125
0 0.6109375 0.4828125 0.00703125 0.01953125
0 0.603125 0.484375 0.00703125 0.01953125
0 0.646875 0.4296875 0.01484375 0.021875
0 0.63515625 0.4328125 0.00859375 0.02109375
0 0.6265625 0.43671875 0.00859375 0.0203125
0 0.61875 0.440625 0.0078125 0.0203125
0 0.6109375 0.44375 0.0078125 0.01953125
0 0.603125 0.446875 0.00703125 0.01875
0 0.59609375 0.45 0.00625 0.01875
0 0.7515625 0.39609375 0.028125 0.0296875
0 0.73046875 0.40234375 0.015625 0.02890625
0 0.70078125 0.4140625 0.009375 0.025
0 0.72109375 0.40625 0.00390625 0.0234375
0 0.7265625 0.38203125 0.01484375 0.02421875
0 0.7 0.39296875 0.01015625 0.0234375
0 0.6890625 0.396875 0.01171875 0.0265625
0 0.678125 0.4015625 0.0109375 0.02578125
0 0.690625 0.41875 0.01171875 0.02421875
0 0.678125 0.4234375 0.0109375 0.025
0 0.67109375 0.4265625 0.00390625 0.02109375