2 0.27109375 0.5671875 0.05078125 0.134375
3 0.09609375 0.55546875 0.07109375 0.015625
3 0.02109375 0.54453125 0.03828125 0.0234375
3 0.0015625 0.54140625 0.003125 0.02109375
3 0.08984375 0.64375 0.0734375 0.0234375
3 0.04453125 0.40546875 0.034375 0.03828125
3 0.0140625 0.38359375 0.028125 0.0390625
0 0.00078125 0.20234375 0.00078125 0.0140625
0 0.00234375 0.1671875 0.0046875 0.05625
0 0.0140625 0.184375 0.0234375 0.0734375
0 0.0328125 0.209375 0.0203125 0.0671875
0 0.0109375 0.228125 0.02109375 0.0625
0 0.02890625 0.25078125 0.01953125 0.05625
0 0.0453125 0.26953125 0.01796875 0.05234375
0 0.06875 0.2890625 0.0328125 0.04921875
0 0.090625 0.30625 0.0125 0.040625
0 0.10078125 0.31953125 0.01171875 0.03828125
0 0.1109375 0.33125 0.0109375 0.03515625
0 0.11875 0.34140625 0.009375 0.034375
0 0.1265625 0.3515625 0.00859375 0.0328125
0 0.13359375 0.3609375 0.0078125 0.0296875
0 0.05390625 0.409375 0.04921875 0.04765625
0 0.0828125 0.42109375 0.0125 0.0390625
0 0.09453125 0.428125 0.01171875 0.0375
0 0.07578125 0.3921875 0.053125 0.05
0 0.10390625 0.4359375 0.0109375 0.03515625
0 0.1125 0.44140625 0.0109375 0.034375
0 0.12109375 0.44765625 0.009375 0.03046875
0 0.12890625 0.45234375 0.00859375 0.0296875
0 0.10625 0.403125 0.0109375 0.040625
0 0.11484375 0.4109375 0.0109375 0.0390625
0 0.12265625 0.41796875 0.009375 0.0359375
3 0.48125 0.64765625 0.05390625 0.0265625
3 0.89921875 0.09453125 0.20078125 0.18828125
3 0.51640625 0.40546875 0.03046875 0.03828125
3 0.553125 0.37734375 0.04453125 0.05
3 0.62734375 0.33125 0.10390625 0.07109375
3 0.42578125 0.625 0.03515625 0.0140625
3 0.4484375 0.4609375 0.02890625 0.02265625
3 0.46328125 0.45078125 0.03515625 0.02421875
3 0.5359375 0.67265625 0.07109375 0.0390625
0 0.44765625 0.559375 0.00234375 0.00625
0 0.44453125 0.559375 0.00546875 0.00625
0 0.43515625 0.5609375 0.00625 0.00625
3 0.77265625 0.78046875 0.1921875 0.1203125
3 0.60234375 0.7015625 0.1078125 0.05390625
3 0.91015625 0.85078125 0.1796875 0.1703125
3 0.490625 0.54921875 0.046875 0.0203125
0 0.9125 0.44921875 0.1390625 0.14375
0 0.809375 0.46953125 0.07734375 0.11953125
0 0.7453125 0.4828125 0.05859375 0.10234375
0 0.82265625 0.3640625 0.1125 0.13203125
0 0.565625 0.47421875 0.05 0.0578125
0 0.56640625 0.52578125 0.05 0.05546875
0 0.534375 0.52890625 0.01484375 0.05
0 0.5203125 0.53125 0.0125 0.04765625
0 0.53359375 0.48046875 0.0140625 0.05390625
0 0.50625 0.30546875 0.02578125 0.04140625
0 0.48828125 0.31953125 0.00859375 0.0375
0 0.471875 0.34375 0.0078125 0.034375
0 0.47890625 0.3328125 0.0078125 0.03515625
0 0.48671875 0.30234375 0.0203125 0.04453125
0 0.471875 0.31484375 0.0078125 0.0421875
0 0.46484375 0.32578125 0.00625 0.04140625
0 0.4578125 0.33671875 0.00546875 0.0375
0 0.46484375 0.35390625 0.00625 0.03046875
0 0.4578125 0.3625 0.00546875 0.0296875
0 0.45234375 0.37109375 0.00546875 0.02734375
0 0.44296875 0.37734375 0.01171875 0.0234375
0 0.43515625 0.38515625 0.00390625 0.0234375
0 0.43046875 0.3921875 0.003125 0.02265625
0 0.42578125 0.39765625 0.003125 0.02109375
0 0.42265625 0.403125 0.003125 0.02109375
0 0.41875 0.409375 0.003125 0.0203125
0 0.415625 0.4140625 0.003125 0.01953125
0 0.44140625 0.46328125 0.0109375 0.0265625
0 0.43359375 0.46640625 0.00546875 0.0265625
0 0.4296875 0.4703125 0.00390625 0.0234375
0 0.4390625 0.44765625 0.0234375 0.02890625
0 0.425 0.4734375 0.003125 0.0234375
0 0.421875 0.478125 0.003125 0.02265625
0 0.4171875 0.48046875 0.003125 0.02109375
0 0.4140625 0.48359375 0.003125 0.0203125
0 0.425 0.4515625 0.003125 0.0265625
0 0.421875 0.45546875 0.003125 0.02578125
0 0.41875 0.459375 0.003125 0.02421875
3 0.7125 0.6265625 0.04765625 0.01484375
3 0.91953125 0.6515625 0.084375 0.0265625
3 0.75 0.62890625 0.04453125 0.0140625
3 0.6109375 0.6125 0.0328125 0.00859375
3 0.67265625 0.49296875 0.0390625 0.0140625
3 0.69140625 0.4875 0.034375 0.01484375
3 0.8015625 0.6375 0.06484375 0.01953125
3 0.9875 0.6609375 0.0234375 0.02421875
0 0.64921875 0.4921875 0.01484375 0.02109375
0 0.63671875 0.4953125 0.009375 0.0203125
0 0.62734375 0.496875 0.00859375 0.01953125
0 0.6328125 0.478125 0.01953125 0.0203125
0 0.61953125 0.4984375 0.00859375 0.0203125
0 0.6109375 0.50078125 0.0078125 0.01953125
0 0.60390625 0.50234375 0.0078125 0.01796875
0 0.596875 0.50390625 0.00625 0.0171875
0 0.61875 0.48046875 0.0078125 0.0203125
0 0.6109375 0.4828125 0.0078125 0.01953125
0 0.603125 0.484375 0.00625 0.0203125
0 0.64765625 0.43046875 0.01484375 0.02265625
0 0.63515625 0.4328125 0.00859375 0.02109375
0 0.6265625 0.4375 0.00859375 0.0203125
0 0.61875 0.440625 0.0078125 0.0203125
0 0.6109375 0.44453125 0.00859375 0.0203125
0 0.603125 0.44765625 0.00625 0.01796875
0 0.596875 0.45 0.00625 0.01953125
0 0.7515625 0.396875 0.02890625 0.0296875
0 0.73046875 0.40234375 0.015625 0.02890625
0 0.7015625 0.4140625 0.009375 0.02421875
0 0.72109375 0.40625 0.00390625 0.0234375
0 0.7265625 0.3828125 0.01484375 0.02421875
0 0.7 0.39375 0.0109375 0.0234375
0 0.6890625 0.39765625 0.0125 0.0265625
0 0.67734375 0.4015625 0.0109375 0.0265625
0 0.690625 0.41875 0.0125 0.02421875
0 0.678125 0.4234375 0.01171875 0.02578125
0 0.67109375 0.4265625 0.00390625 0.02109375