3 0.39921875 0.79296875 0.1140625 0.17578125
3 0.678125 0.27890625 0.05 0.0265625
3 0.659375 0.28828125 0.05859375 0.0296875
3 0.52578125 0.3625 0.09375 0.06484375
3 0.56796875 0.3390625 0.07421875 0.05
3 0.603125 0.32265625 0.0640625 0.0421875
3 0.22421875 0.54453125 0.196875 0.203125
3 0.34609375 0.4703125 0.1578125 0.13828125
3 0.52890625 0.628125 0.08046875 0.103125
0 0.671875 0.3734375 0.0265625 0.0421875
0 0.10234375 0.8984375 0.05546875 0.109375
0 0.0359375 0.95859375 0.0625 0.08046875
3 0.6234375 0.509375 0.0578125 0.04453125
3 0.57578125 0.57421875 0.06953125 0.0625
3 0.65546875 0.4828125 0.02734375 0.040625
3 0.67109375 0.4609375 0.02578125 0.03515625
3 0.4703125 0.58203125 0.10625 0.12109375
0 0.659375 0.390625 0.0109375 0.04140625
0 0.6390625 0.39921875 0.034375 0.0421875
0 0.6296875 0.40390625 0.03828125 0.053125
0 0.640625 0.3625 0.0375 0.046875
0 0.5625 0.43046875 0.0375 0.06953125
0 0.57109375 0.48046875 0.015625 0.0578125
0 0.54765625 0.49609375 0.03203125 0.0609375
0 0.52109375 0.5046875 0.05078125 0.084375
0 0.540625 0.44296875 0.05078125 0.0734375
0 0.4984375 0.16953125 0.03046875 0.08828125
0 0.465625 0.16875 0.0359375 0.096875
0 0.38203125 0.16640625 0.0578125 0.115625
0 0.42734375 0.16796875 0.04453125 0.10390625
0 0.42421875 0.06015625 0.04765625 0.1203125
0 0.375 0.05703125 0.0609375 0.1140625
0 0.315625 0.05390625 0.07578125 0.1078125
0 0.225 0.04921875 0.1265625 0.09765625
0 0.32578125 0.16484375 0.0734375 0.1296875
0 0.25546875 0.1625 0.096875 0.14765625
0 0.15859375 0.15703125 0.14453125 0.17578125
0 0.034375 0.58984375 0.06796875 0.2265625
3 0.20234375 0.46953125 0.05234375 0.0328125
3 0.43515625 0.25390625 0.02578125 0.00390625
3 0.13203125 0.41953125 0.07421875 0.05
3 0.19296875 0.39765625 0.0671875 0.0421875
3 0.2484375 0.38046875 0.05390625 0.0359375
3 0.2890625 0.28046875 0.0390625 0.0109375
3 0.32734375 0.27421875 0.0375 0.009375
3 0.36328125 0.2671875 0.0375 0.00859375
3 0.375 0.40078125 0.04375 0.02578125
3 0.25 0.44609375 0.04453125 0.02421875
3 0.10234375 0.3140625 0.0578125 0.01796875
3 0.159375 0.3046875 0.05859375 0.015625
3 0.30234375 0.43203125 0.0375 0.034375
0 0.43515625 0.3140625 0.02109375 0.02734375
0 0.00390625 0.45234375 0.0078125 0.0375
3 0.41015625 0.390625 0.0390625 0.02265625
3 0.43828125 0.38046875 0.02734375 0.0203125
3 0.4578125 0.36953125 0.0234375 0.01796875
3 0.4046875 0.33046875 0.0390625 0.01796875
0 0.37578125 0.33203125 0.01484375 0.03203125
0 0.35703125 0.33828125 0.02421875 0.0296875
0 0.3453125 0.340625 0.02265625 0.034375
0 0.35390625 0.31015625 0.02578125 0.0328125
0 0.32109375 0.31875 0.02578125 0.03515625
0 0.32890625 0.3484375 0.0171875 0.03046875
0 0.31328125 0.35390625 0.0203125 0.03046875
0 0.2921875 0.35546875 0.0296875 0.03828125
0 0.30546875 0.3234375 0.02890625 0.0359375
0 0.01640625 0.30390625 0.0328125 0.05546875
0 0.08203125 0.12734375 0.034375 0.04921875
0 0.09453125 0.17578125 0.0296875 0.04453125
0 0.065625 0.17421875 0.04765625 0.04921875
3 0.91484375 0.5671875 0.1109375 0.07890625