3 0.90234375 0.49375 0.06171875 0.02421875
3 0.91328125 0.50234375 0.07109375 0.02890625
3 0.95703125 0.5796875 0.08515625 0.0609375
3 0.95390625 0.546875 0.09140625 0.03359375
3 0.95078125 0.5375 0.08984375 0.04140625
3 0.940625 0.90859375 0.06953125 0.12890625
0 0.8828125 0.58203125 0.0078125 0.02890625
3 0.88984375 0.72734375 0.0328125 0.05078125
3 0.91484375 0.8140625 0.053125 0.08828125
3 0.87109375 0.69453125 0.00859375 0.0390625
3 0.86640625 0.66875 0.00703125 0.03203125
3 0.96796875 0.84140625 0.06328125 0.11484375
0 0.8828125 0.6 0.00546875 0.040625
0 0.90390625 0.61171875 0.04140625 0.03125
0 0.915625 0.62265625 0.04765625 0.053125
0 0.909375 0.57734375 0.0453125 0.05078125
0 0.93203125 0.64921875 0.021875 0.065625
0 0.92265625 0.70078125 0.0109375 0.06640625
0 0.92890625 0.7203125 0.01015625 0.071875
0 0.965625 0.75625 0.06796875 0.1
0 0.9640625 0.67578125 0.07109375 0.09140625
0 0.99296875 0.3859375 0.01328125 0.078125
3 0.41015625 0.7234375 0.06640625 0.06796875
3 0.5890625 0.46328125 0.034375 0.0140625
3 0.575 0.4671875 0.03671875 0.0140625
3 0.075 0.81875 0.15 0.153125
3 0.3640625 0.65859375 0.07890625 0.065625
3 0.41015625 0.62890625 0.06796875 0.0515625
3 0.45234375 0.60703125 0.06015625 0.04375
3 0.484375 0.49296875 0.05078125 0.0234375
3 0.5078125 0.4859375 0.04609375 0.0203125
3 0.53359375 0.48046875 0.0390625 0.01875
3 0.5359375 0.62578125 0.04296875 0.03515625
3 0.44765625 0.69375 0.059375 0.05546875
3 0.096875 0.940625 0.1421875 0.11796875
3 0.353125 0.53046875 0.07890625 0.04140625
3 0.396875 0.51796875 0.0703125 0.0359375
3 0.4890625 0.66328125 0.0515625 0.04609375
0 0.58125 0.53046875 0.0171875 0.0265625
0 0.221875 0.71796875 0.06484375 0.09375
3 0.55859375 0.61015625 0.03828125 0.02421875
3 0.58203125 0.596875 0.02109375 0.021875
3 0.59453125 0.5859375 0.01953125 0.0203125
3 0.5625 0.54765625 0.02734375 0.01796875
0 0.54375 0.5515625 0.0078125 0.03046875
0 0.5296875 0.55703125 0.01953125 0.03046875
0 0.525 0.56015625 0.01171875 0.03515625
0 0.5265625 0.52890625 0.02578125 0.03359375
0 0.50546875 0.53828125 0.0265625 0.03671875
0 0.5140625 0.56875 0.01015625 0.03203125
0 0.50390625 0.57421875 0.01015625 0.034375
0 0.48359375 0.578125 0.02890625 0.04140625
0 0.49609375 0.5421875 0.025 0.03828125
0 0.2875 0.53046875 0.04921875 0.0640625
0 0.26171875 0.5375 0.03828125 0.06953125
0 0.22421875 0.55078125 0.04296875 0.06640625
0 0.21484375 0.490625 0.05546875 0.06796875
0 0.18046875 0.5609375 0.05 0.071875
0 0.13046875 0.5734375 0.05859375 0.07890625
0 0.07265625 0.58828125 0.06875 0.08671875
0 0.021875 0.5921875 0.04375 0.103125
0 0.171875 0.49609375 0.0609375 0.0734375
0 0.12265625 0.503125 0.065625 0.08046875
0 0.06484375 0.5109375 0.071875 0.0890625
0 0.29140625 0.36953125 0.034375 0.05625
0 0.25625 0.36796875 0.0390625 0.0609375
0 0.2171875 0.3640625 0.04453125 0.065625
0 0.171875 0.3609375 0.05234375 0.0703125
0 0.11875 0.35703125 0.0609375 0.0765625
0 0.05703125 0.3515625 0.07265625 0.08515625
0 0.0140625 0.34921875 0.02734375 0.0859375
0 0.46796875 0.39765625 0.0140625 0.0359375
0 0.453125 0.396875 0.01484375 0.03671875
0 0.4203125 0.39609375 0.01796875 0.040625
0 0.4375 0.396875 0.01640625 0.0390625
0 0.43671875 0.3578125 0.01640625 0.03984375
0 0.41953125 0.35546875 0.01796875 0.04296875
0 0.40078125 0.353125 0.01953125 0.04453125
0 0.3703125 0.35078125 0.0421875 0.046875
0 0.4015625 0.39609375 0.01953125 0.04296875
0 0.38046875 0.3953125 0.021875 0.04453125
0 0.35078125 0.39453125 0.0390625 0.0484375
3 0.6828125 0.56953125 0.03515625 0.02109375