2 0.2890625 0.50078125 0.0484375 0.12890625
3 0.0640625 0.74453125 0.10078125 0.09921875
3 0.1265625 0.51328125 0.0578125 0.0359375
3 0.06171875 0.58828125 0.09140625 0.05078125
3 0.046875 0.6265625 0.09375 0.06484375
3 0.034375 0.68203125 0.06796875 0.08046875
3 0.00625 0.54296875 0.01171875 0.03203125
3 0.13828125 0.58671875 0.0546875 0.04453125
3 0.05078125 0.4609375 0.096875 0.03125
3 0.040625 0.48359375 0.08046875 0.04609375
3 0.0234375 0.9171875 0.046875 0.134375
0 0.003125 0.7390625 0.00546875 0.03828125
0 0.01796875 0.33828125 0.025 0.05546875
0 0.00703125 0.33828125 0.0140625 0.0578125
0 0.00234375 0.29609375 0.0046875 0.0265625
0 0.0109375 0.28125 0.02109375 0.05625
0 0.02421875 0.2828125 0.02421875 0.0546875
0 0.0375 0.28515625 0.02109375 0.0515625
0 0.0328125 0.33671875 0.02265625 0.05078125
0 0.04609375 0.3359375 0.01953125 0.04921875
0 0.0578125 0.334375 0.01796875 0.04609375
0 0.06640625 0.315625 0.03984375 0.04296875
0 0.0875 0.315625 0.01328125 0.0390625
0 0.0953125 0.315625 0.0125 0.03671875
0 0.10234375 0.31640625 0.01171875 0.0359375
0 0.109375 0.31640625 0.0109375 0.034375
0 0.11484375 0.31640625 0.009375 0.03203125
0 0.1203125 0.31640625 0.009375 0.03203125
0 0.07578125 0.43359375 0.05703125 0.03671875
0 0.08515625 0.4296875 0.053125 0.040625
0 0.1125 0.42578125 0.0109375 0.03828125
0 0.08671875 0.3921875 0.0515625 0.03984375
0 0.11875 0.4203125 0.01015625 0.03515625
0 0.12421875 0.41640625 0.009375 0.034375
0 0.12890625 0.4125 0.00859375 0.03203125
0 0.13359375 0.409375 0.00859375 0.03125
0 0.09453125 0.3875 0.0484375 0.0359375
0 0.10234375 0.384375 0.04375 0.034375
0 0.109375 0.38203125 0.03984375 0.03203125
3 0.478125 0.58203125 0.040625 0.04375
3 0.9265625 0.640625 0.1453125 0.14609375
3 0.80859375 0.57578125 0.1625 0.11484375
3 0.534375 0.446875 0.06484375 0.034375
3 0.5671875 0.46171875 0.07265625 0.04296875
3 0.6109375 0.4859375 0.08125 0.0515625
3 0.42265625 0.51171875 0.03125 0.025
3 0.45546875 0.41171875 0.046875 0.021875
3 0.4703125 0.41953125 0.05078125 0.02421875
3 0.53046875 0.64765625 0.05703125 0.0640625
0 0.9 0.86328125 0.13359375 0.17578125
0 0.45 0.47890625 0.01171875 0.01015625
0 0.4421875 0.47578125 0.01171875 0.009375
0 0.44609375 0.46875 0.00859375 0.0109375
0 0.43203125 0.46640625 0.00703125 0.009375
0 0.44140625 0.46796875 0.01015625 0.00859375
3 0.67265625 0.83125 0.096875 0.1296875
3 0.578125 0.7109375 0.07265625 0.075
3 0.75703125 0.92109375 0.13359375 0.15546875
3 0.81953125 0.96875 0.05 0.06015625
3 0.496875 0.53046875 0.0515625 0.040625
0 0.7625 0.740625 0.07421875 0.12109375
0 0.7234375 0.7171875 0.0671875 0.0859375
0 0.678125 0.67890625 0.0375 0.096875
0 0.72890625 0.65078125 0.06953125 0.1046875
0 0.55703125 0.52734375 0.03984375 0.05625
0 0.55625 0.56953125 0.03828125 0.04921875
0 0.53046875 0.55859375 0.0125 0.04609375
0 0.51875 0.5453125 0.01171875 0.0484375
0 0.54296875 0.51796875 0.03671875 0.0515625
0 0.51015625 0.33125 0.034375 0.03828125
0 0.4875 0.33046875 0.01015625 0.03671875
0 0.46953125 0.3296875 0.00859375 0.03359375
0 0.478125 0.33046875 0.00859375 0.034375
0 0.48984375 0.29453125 0.03203125 0.034375
0 0.46953125 0.29609375 0.00859375 0.034375
0 0.4609375 0.296875 0.0078125 0.03203125
0 0.45390625 0.29765625 0.00703125 0.03046875
0 0.46171875 0.3296875 0.0078125 0.03125
0 0.4546875 0.32890625 0.00703125 0.03046875
0 0.44765625 0.32890625 0.00703125 0.0296875
0 0.440625 0.31640625 0.0203125 0.028125
0 0.42734375 0.31640625 0.00546875 0.02578125
0 0.42265625 0.31640625 0.00546875 0.02578125
0 0.4171875 0.31640625 0.0046875 0.02421875
0 0.41328125 0.31640625 0.00390625 0.02421875
0 0.40859375 0.31640625 0.00390625 0.02421875
0 0.4046875 0.31640625 0.00390625 0.021875
0 0.44375 0.3953125 0.02421875 0.02578125
0 0.43828125 0.39453125 0.02265625 0.028125
0 0.42421875 0.39296875 0.0046875 0.025
0 0.4328125 0.36875 0.0234375 0.02578125
0 0.41953125 0.390625 0.0046875 0.02421875
0 0.41484375 0.3890625 0.0046875 0.02421875
0 0.4109375 0.38671875 0.00390625 0.021875
0 0.40703125 0.384375 0.00390625 0.0234375
0 0.425 0.36640625 0.01796875 0.02578125
0 0.42109375 0.365625 0.01796875 0.025
0 0.41640625 0.3640625 0.0171875 0.02421875
3 0.67109375 0.503125 0.0296875 0.01328125
3 0.5828125 0.4265625 0.0265625 0.0140625
3 0.64296875 0.4484375 0.03671875 0.01796875
3 0.66953125 0.4546875 0.03984375 0.01875
3 0.69921875 0.46640625 0.03828125 0.0234375
3 0.7328125 0.409375 0.03046875 0.00546875
3 0.77109375 0.41640625 0.03984375 0.00703125
3 0.81953125 0.42578125 0.04765625 0.009375
3 0.69765625 0.515625 0.03359375 0.01640625
3 0.7296875 0.53046875 0.02265625 0.01015625
0 0.96953125 0.54765625 0.06015625 0.053125
0 0.60390625 0.42890625 0.01796875 0.02109375
3 0.89375 0.53359375 0.0734375 0.0359375
0 0.82421875 0.49921875 0.0328125 0.0390625
0 0.80390625 0.49453125 0.03125 0.03203125
0 0.78203125 0.48671875 0.02109375 0.03515625
0 0.8078125 0.465625 0.03203125 0.0359375
0 0.765625 0.45390625 0.02890625 0.03203125
0 0.76328125 0.48125 0.028125 0.0296875
0 0.74296875 0.4765625 0.01640625 0.02890625
0 0.72890625 0.46953125 0.01640625 0.03046875
0 0.75 0.45 0.0265625 0.03125
0 0.609375 0.353125 0.01796875 0.01328125
0 0.5984375 0.3515625 0.01171875 0.01171875
0 0.59296875 0.35078125 0.01328125 0.0109375
0 0.5859375 0.35 0.0140625 0.0109375
0 0.628125 0.3171875 0.01953125 0.01953125
0 0.6140625 0.3171875 0.00859375 0.01953125
0 0.60625 0.3171875 0.00859375 0.01953125
0 0.5984375 0.31640625 0.0078125 0.01875
0 0.590625 0.3171875 0.0078125 0.01796875
0 0.58359375 0.3171875 0.00703125 0.01796875
0 0.57734375 0.3171875 0.00625 0.01796875
0 0.71953125 0.3265625 0.02578125 0.025
0 0.70078125 0.3265625 0.01484375 0.02421875
0 0.67421875 0.32578125 0.009375 0.021875
0 0.69140625 0.3265625 0.00625 0.0234375
0 0.6984375 0.30234375 0.0171875 0.0234375
0 0.67578125 0.303125 0.009375 0.021875
0 0.66640625 0.303125 0.01171875 0.021875
0 0.65625 0.30390625 0.009375 0.021875
0 0.66484375 0.32578125 0.01171875 0.021875
0 0.65546875 0.32578125 0.009375 0.02109375
0 0.63984375 0.325 0.00078125 0.0203125