2 0.334375 0.51328125 0.03359375 0.1015625
3 0.1640625 0.65 0.06640625 0.0484375
3 0.21171875 0.51171875 0.040625 0.01875
3 0.16875 0.54140625 0.06015625 0.0203125
3 0.1578125 0.55859375 0.06640625 0.02890625
3 0.15625 0.5796875 0.03828125 0.03515625
3 0.09765625 0.46953125 0.11484375 0.02578125
3 0.0640625 0.48046875 0.1234375 0.034375
3 0.03203125 0.49765625 0.06015625 0.0453125
3 0.215625 0.57265625 0.0390625 0.025
3 0.1734375 0.44921875 0.053125 0.015625
3 0.15546875 0.45390625 0.06640625 0.01875
3 0.11796875 0.7265625 0.07421875 0.065625
0 0.07265625 0.571875 0.078125 0.06953125
0 0.07734375 0.6234375 0.07734375 0.07421875
0 0.1203125 0.60390625 0.015625 0.05703125
0 0.13203125 0.59296875 0.01484375 0.05390625
0 0.08984375 0.55703125 0.06953125 0.05546875
0 0.11171875 0.334375 0.06015625 0.04609375
0 0.1453125 0.34140625 0.01171875 0.04296875
0 0.1625 0.3484375 0.009375 0.03671875
0 0.1546875 0.3453125 0.01015625 0.0390625
0 0.13125 0.30546875 0.05234375 0.046875
0 0.16015625 0.31171875 0.01015625 0.040625
0 0.16796875 0.3171875 0.00859375 0.03828125
0 0.175 0.32109375 0.0078125 0.0359375
0 0.16953125 0.35078125 0.00859375 0.03515625
0 0.1765625 0.35390625 0.00703125 0.03359375
0 0.1828125 0.35625 0.00703125 0.03203125
0 0.18828125 0.3484375 0.01875 0.0296875
0 0.19921875 0.35078125 0.00546875 0.028125
0 0.20390625 0.353125 0.00546875 0.0265625
0 0.2078125 0.35546875 0.0046875 0.025
0 0.21171875 0.35703125 0.00390625 0.02421875
0 0.21484375 0.35859375 0.0046875 0.02421875
0 0.21796875 0.3609375 0.00390625 0.0234375
0 0.18515625 0.43671875 0.034375 0.028125
0 0.20390625 0.43671875 0.00546875 0.0265625
0 0.20859375 0.4359375 0.0046875 0.02578125
0 0.19375 0.409375 0.03203125 0.02578125
0 0.2125 0.434375 0.0046875 0.025
0 0.215625 0.434375 0.0046875 0.02421875
0 0.21953125 0.43359375 0.00390625 0.02421875
0 0.221875 0.43203125 0.00390625 0.021875
0 0.2109375 0.409375 0.00390625 0.025
0 0.21484375 0.409375 0.00390625 0.02421875
0 0.21796875 0.409375 0.00390625 0.0234375
3 0.0578125 0.81484375 0.115625 0.1140625
3 0.0109375 0.95546875 0.021875 0.0703125
3 0.48828125 0.58359375 0.03828125 0.028125
3 0.77421875 0.49453125 0.14609375 0.053125
3 0.690625 0.478125 0.10859375 0.03984375
3 0.52578125 0.45 0.05234375 0.01640625
3 0.54765625 0.45390625 0.05546875 0.01953125
3 0.57421875 0.4609375 0.06015625 0.0234375
3 0.44609375 0.5390625 0.02734375 0.01640625
3 0.46875 0.43984375 0.03359375 0.0109375
3 0.48125 0.44140625 0.04140625 0.01328125
3 0.51953125 0.6234375 0.040625 0.040625
0 0.74453125 0.67421875 0.07890625 0.096875
0 0.4625 0.503125 0.0015625 0.00625
0 0.46171875 0.50078125 0.00625 0.00703125
0 0.46328125 0.49453125 0.009375 0.00625
0 0.45234375 0.49609375 0.00546875 0.00625
3 0.6125 0.73046875 0.06328125 0.0734375
3 0.55625 0.66015625 0.05859375 0.04609375
3 0.66875 0.7875 0.08984375 0.096875
3 0.74765625 0.86640625 0.13125 0.14296875
3 0.49296875 0.5296875 0.03046875 0.02421875
0 0.67109375 0.62421875 0.05546875 0.07421875
0 0.646875 0.61328125 0.04921875 0.0609375
0 0.61328125 0.5984375 0.01953125 0.0609375
0 0.64921875 0.56171875 0.0515625 0.0640625
0 0.540625 0.5109375 0.03203125 0.0390625
0 0.540625 0.54609375 0.03203125 0.03828125
0 0.5203125 0.53984375 0.00859375 0.03515625
0 0.5125 0.53359375 0.0078125 0.0359375
0 0.53125 0.50625 0.02890625 0.03671875
0 0.509375 0.359375 0.02734375 0.03046875
0 0.49140625 0.36171875 0.00625 0.02890625
0 0.4796875 0.365625 0.00546875 0.0265625
0 0.48515625 0.3640625 0.00546875 0.028125
0 0.4953125 0.3359375 0.02578125 0.0296875
0 0.4796875 0.3390625 0.00546875 0.028125
0 0.47421875 0.34140625 0.00546875 0.0265625
0 0.46875 0.34375 0.0046875 0.02578125
0 0.47421875 0.36640625 0.0046875 0.02578125
0 0.46875 0.36796875 0.0046875 0.025
0 0.46484375 0.36953125 0.00390625 0.02421875
0 0.459375 0.36328125 0.01328125 0.021875
0 0.45078125 0.3640625 0.003125 0.02109375
0 0.446875 0.365625 0.003125 0.0203125
0 0.44296875 0.36640625 0.003125 0.0203125
0 0.43984375 0.36796875 0.003125 0.01953125
0 0.43671875 0.36953125 0.003125 0.01875
0 0.434375 0.3703125 0.00234375 0.01875
0 0.4625 0.4265625 0.0203125 0.01328125
0 0.45703125 0.43046875 0.01640625 0.02109375
0 0.446875 0.43046875 0.00390625 0.0203125
0 0.4546875 0.409375 0.01875 0.0203125
0 0.44375 0.4296875 0.003125 0.0203125
0 0.440625 0.42890625 0.003125 0.01953125
0 0.4375 0.42890625 0.00234375 0.01875
0 0.434375 0.428125 0.00234375 0.01875
0 0.44375 0.409375 0.00234375 0.01953125
0 0.440625 0.409375 0.00234375 0.01875
0 0.4375 0.409375 0.00234375 0.01875
3 0.68203125 0.54609375 0.01328125 0.0140625
3 0.98125 0.4546875 0.03671875 0.01875
3 0.9359375 0.4515625 0.084375 0.01953125
3 0.72890625 0.4390625 0.03828125 0.01171875
3 0.7625 0.44140625 0.0515625 0.01328125
3 0.79375 0.44453125 0.03671875 0.0140625
3 0.7984375 0.59453125 0.0578125 0.02890625
3 0.69453125 0.5546875 0.0390625 0.0203125
3 0.59921875 0.51640625 0.02421875 0.01328125
3 0.64765625 0.43359375 0.03359375 0.00859375
3 0.665625 0.43515625 0.0359375 0.009375
3 0.728125 0.56875 0.0453125 0.02421875
0 0.9328125 0.54921875 0.05390625 0.04375
3 0.85703125 0.61953125 0.06796875 0.03828125
3 0.915625 0.64296875 0.08046875 0.0453125
3 0.9703125 0.6671875 0.05859375 0.04921875
3 0.871875 0.54609375 0.06171875 0.0203125
0 0.6328125 0.4265625 0.01484375 0.01640625
0 0.621875 0.42578125 0.01171875 0.01640625
0 0.6125 0.4265625 0.00625 0.015625
0 0.61796875 0.409375 0.01640625 0.01640625
0 0.60625 0.4265625 0.00625 0.015625
0 0.6 0.42578125 0.00625 0.015625
0 0.59453125 0.425 0.00546875 0.01484375
0 0.58984375 0.425 0.00234375 0.01484375
0 0.60625 0.409375 0.00546875 0.015625
0 0.6 0.409375 0.00546875 0.015625
0 0.59453125 0.409375 0.00546875 0.01484375
0 0.634375 0.37734375 0.01640625 0.00859375
0 0.6140625 0.37890625 0.00546875 0.00625
0 0.6078125 0.38046875 0.00546875 0.00625
0 0.60078125 0.38125 0.00546875 0.00625
0 0.5953125 0.38125 0.00546875 0.00625
0 0.590625 0.38203125 0.00234375 0.00625
0 0.71015625 0.3734375 0.0234375 0.01953125
0 0.69296875 0.37578125 0.01171875 0.01796875
0 0.67265625 0.37734375 0.009375 0.01796875
0 0.6828125 0.3765625 0.01015625 0.01796875
0 0.66328125 0.378125 0.009375 0.01640625
0 0.6546875 0.37890625 0.00859375 0.015625
0 0.64609375 0.38046875 0.00859375 0.015625
3 0.32578125 0.9328125 0.15390625 0.13203125