3 0.43671875 0.7890625 0.07890625 0.05546875
3 0.94921875 0.490625 0.10078125 0.040625
3 0.23984375 0.65 0.06640625 0.02421875
3 0.3796875 0.66171875 0.07890625 0.03125
3 0.4375 0.665625 0.078125 0.03203125
3 0.4953125 0.67109375 0.0671875 0.0390625
3 0.56953125 0.515625 0.0625 0.025
3 0.640625 0.51171875 0.08046875 0.0265625
3 0.734375 0.50703125 0.10234375 0.02890625
3 0.7625 0.85546875 0.11796875 0.08984375
3 0.49296875 0.80078125 0.07265625 0.0609375
3 0.2421875 0.75078125 0.07734375 0.03984375
3 0.36953125 0.52578125 0.059375 0.021875
3 0.42109375 0.5234375 0.07265625 0.0234375
3 0.584375 0.82109375 0.0796875 0.07109375
0 0.98203125 0.6859375 0.03515625 0.078125
0 0.29140625 0.64296875 0.0421875 0.04453125
3 0.89921875 0.88203125 0.16484375 0.10546875
3 0.978125 0.9015625 0.04296875 0.075
3 0.8859375 0.7 0.15234375 0.0515625
0 0.75703125 0.671875 0.04375 0.07109375
0 0.7140625 0.66953125 0.04609375 0.06875
0 0.67890625 0.66640625 0.040625 0.06640625
0 0.7125 0.61171875 0.04609375 0.06015625
0 0.63203125 0.61015625 0.03359375 0.05546875
0 0.63359375 0.6671875 0.034375 0.05859375
0 0.6015625 0.6640625 0.03203125 0.05625
0 0.5703125 0.659375 0.03046875 0.06015625
0 0.6 0.609375 0.03203125 0.0546875
0 0.33671875 0.51796875 0.04140625 0.040625
0 0.30703125 0.51875 0.01953125 0.03984375
0 0.2890625 0.5203125 0.01796875 0.0390625
0 0.30234375 0.48203125 0.04140625 0.03984375
0 0.27265625 0.521875 0.01796875 0.03828125
0 0.25546875 0.52265625 0.01796875 0.03828125
0 0.23984375 0.52421875 0.01640625 0.03671875
0 0.225 0.52421875 0.01640625 0.0359375
0 0.27421875 0.48359375 0.01796875 0.03828125
0 0.2578125 0.4859375 0.0171875 0.03828125
0 0.24140625 0.4875 0.01640625 0.03828125
0 0.34140625 0.3984375 0.03984375 0.046875
0 0.3125 0.3984375 0.01953125 0.03828125
0 0.2953125 0.4015625 0.01796875 0.03671875
0 0.278125 0.40546875 0.0171875 0.0359375
0 0.26171875 0.40859375 0.01640625 0.03515625
0 0.24609375 0.4109375 0.01640625 0.03515625
0 0.23125 0.4140625 0.015625 0.034375
0 0.51953125 0.378125 0.034375 0.04609375
0 0.4890625 0.38203125 0.02578125 0.04609375
0 0.440625 0.39140625 0.02265625 0.04375
0 0.4640625 0.38671875 0.0234375 0.04453125
0 0.47109375 0.34453125 0.03671875 0.046875
0 0.44140625 0.35 0.02265625 0.04609375
0 0.41875 0.3546875 0.021875 0.04609375
0 0.39765625 0.359375 0.02109375 0.04453125
0 0.41796875 0.3953125 0.021875 0.04296875
0 0.396875 0.39921875 0.02109375 0.040625
0 0.3765625 0.40234375 0.0203125 0.04140625