2 0.5734375 0.871875 0.16953125 0.2546875
3 0.93125 0.8765625 0.12109375 0.1359375
3 0.8328125 0.41875 0.04609375 0.01796875
3 0.8421875 0.43046875 0.0515625 0.025
3 0.96875 0.83984375 0.06171875 0.1390625
3 0.946875 0.7484375 0.10546875 0.11328125
3 0.9234375 0.67734375 0.1078125 0.0734375
3 0.90703125 0.5046875 0.09921875 0.0515625
3 0.8875 0.47578125 0.07734375 0.0296875
3 0.875 0.4578125 0.06171875 0.02109375
3 0.9828125 0.6296875 0.0328125 0.06328125
3 0.96484375 0.58828125 0.06953125 0.06875
3 0.86796875 0.7203125 0.059375 0.07578125
0 0.81796875 0.490625 0.01015625 0.0296875
0 0.81796875 0.50625 0.00625 0.03125
0 0.83359375 0.51328125 0.03125 0.03203125
0 0.840625 0.52421875 0.03828125 0.03984375
0 0.83828125 0.48828125 0.034375 0.03828125
0 0.8671875 0.546875 0.025 0.04609375
0 0.85546875 0.58359375 0.01015625 0.04609375
0 0.8609375 0.596875 0.0109375 0.04921875
0 0.89296875 0.6203125 0.06171875 0.06484375
0 0.88828125 0.56484375 0.0546875 0.0609375
0 0.93671875 0.37578125 0.03828125 0.05625
0 0.94296875 0.3796875 0.02421875 0.0609375
0 0.97890625 0.390625 0.03203125 0.0703125
0 0.959375 0.384375 0.02734375 0.0640625
0 0.9703125 0.321875 0.0296875 0.06484375
0 0.98671875 0.32265625 0.02578125 0.06953125
0 0.99765625 0.346875 0.00390625 0.02421875
0 0.99140625 0.39609375 0.01640625 0.07421875
3 0.8 0.55859375 0.00859375 0.02578125
3 0.80546875 0.578125 0.00859375 0.0296875
3 0.846875 0.6609375 0.04765625 0.0546875
3 0.8265625 0.60234375 0.03671875 0.03828125
3 0.45703125 0.64453125 0.05546875 0.05859375
3 0.57734375 0.39453125 0.02734375 0.0140625
3 0.5671875 0.4 0.03203125 0.01484375
3 0.50390625 0.43515625 0.04921875 0.02421875
3 0.52109375 0.425 0.04140625 0.0203125
3 0.5390625 0.41796875 0.03203125 0.01875
3 0.2671875 0.884375 0.10546875 0.15625
3 0.42734375 0.48515625 0.0578125 0.04296875
3 0.45 0.46875 0.0625 0.03671875
3 0.509375 0.584375 0.04296875 0.040625
0 0.57734375 0.45 0.015625 0.02421875
0 0.3765625 0.62890625 0.021875 0.025
0 0.36796875 0.64453125 0.0234375 0.028125
0 0.346875 0.646875 0.02421875 0.0390625
0 0.3140625 0.6890625 0.0265625 0.03359375
0 0.32890625 0.665625 0.025 0.0296875
3 0.55703125 0.53046875 0.028125 0.0234375
3 0.53125 0.559375 0.03828125 0.0296875
3 0.57109375 0.51640625 0.01796875 0.0203125
3 0.5796875 0.50546875 0.01640625 0.01953125
3 0.4859375 0.540625 0.05234375 0.03984375
0 0.57109375 0.459375 0.00390625 0.0234375
0 0.5609375 0.46328125 0.0171875 0.0234375
0 0.5546875 0.46640625 0.02109375 0.028125
0 0.56015625 0.44140625 0.01953125 0.02578125
0 0.521875 0.4734375 0.01953125 0.03359375
0 0.52890625 0.5 0.00625 0.0296875
0 0.521875 0.50625 0.00625 0.03046875
0 0.5046875 0.5109375 0.0265625 0.03828125
0 0.5125 0.478125 0.02578125 0.034375
0 0.49453125 0.35234375 0.01875 0.034375
0 0.48984375 0.35390625 0.009375 0.03515625
0 0.46875 0.3578125 0.01171875 0.03828125
0 0.4796875 0.35625 0.01015625 0.0359375
0 0.4796875 0.31953125 0.0109375 0.03671875
0 0.46796875 0.31953125 0.0125 0.0390625
0 0.45546875 0.31953125 0.01328125 0.03984375
0 0.43046875 0.3203125 0.03671875 0.04296875
0 0.45625 0.359375 0.01328125 0.03984375
0 0.4421875 0.36171875 0.0140625 0.04296875
0 0.41484375 0.3640625 0.04140625 0.04609375
0 0.3734375 0.35078125 0.04375 0.0515625
0 0.35 0.35390625 0.04765625 0.05546875
0 0.32890625 0.35625 0.04375 0.06015625
0 0.3 0.359375 0.04765625 0.06484375
0 0.2640625 0.36328125 0.05625 0.0703125
0 0.2203125 0.3671875 0.07109375 0.0765625
0 0.1765625 0.371875 0.075 0.08515625
0 0.3765625 0.49296875 0.0453125 0.0609375
0 0.36640625 0.50390625 0.025 0.06484375
0 0.34375 0.5203125 0.02734375 0.06328125
0 0.32734375 0.46640625 0.05546875 0.06796875
0 0.31640625 0.534375 0.0328125 0.06796875
0 0.28515625 0.5515625 0.0375 0.0734375
0 0.24921875 0.57109375 0.04453125 0.08046875
0 0.20078125 0.5859375 0.06484375 0.1046875
0 0.29921875 0.4765625 0.06015625 0.07421875
0 0.2671875 0.4890625 0.06484375 0.08046875
0 0.2296875 0.50390625 0.0734375 0.0890625
3 0.05546875 0.565625 0.08125 0.04921875
3 0.0734375 0.64375 0.07734375 0.05859375
3 0.2203125 0.43359375 0.03515625 0.00859375
3 0.25390625 0.42578125 0.03046875 0.00703125
0 0.4125 0.428125 0.01640625 0.01875
0 0.13203125 0.528125 0.034375 0.04140625
3 0.3953125 0.440625 0.02421875 0.01171875
0 0.37265625 0.4421875 0.00390625 0.02109375
0 0.3625 0.44609375 0.01796875 0.0203125
0 0.35625 0.44765625 0.01328125 0.0234375
0 0.3609375 0.4265625 0.01875 0.021875
0 0.33984375 0.42890625 0.01953125 0.015625
0 0.3296875 0.4296875 0.0203125 0.0109375
0 0.128125 0.44296875 0.009375 0.01953125
0 0.121875 0.3984375 0.015625 0.021875
0 0.096875 0.44296875 0.01953125 0.034375
0 0.07578125 0.44765625 0.03203125 0.03828125
0 0.046875 0.45390625 0.03515625 0.03984375
0 0.0171875 0.4578125 0.034375 0.046875
0 0.0875 0.40859375 0.02734375 0.03828125
0 0.06640625 0.41328125 0.03984375 0.040625
0 0.03671875 0.4171875 0.04375 0.04140625
0 0.159375 0.32578125 0.021875 0.00859375
0 0.14375 0.32578125 0.0109375 0.00703125
0 0.11328125 0.3390625 0.01796875 0.03359375
0 0.07734375 0.340625 0.02734375 0.0359375
0 0.06015625 0.34140625 0.03515625 0.03828125
0 0.02890625 0.34296875 0.03828125 0.0390625
0 0.00859375 0.34296875 0.0171875 0.03984375
0 0.26796875 0.31640625 0.015625 0.02109375
0 0.25390625 0.31640625 0.01640625 0.02109375
0 0.23828125 0.31640625 0.01796875 0.021875
0 0.2171875 0.31640625 0.0296875 0.02421875
3 0.69921875 0.53046875 0.0421875 0.025