3 0.934375 0.41796875 0.0671875 0.03125
3 0.946875 0.43984375 0.0765625 0.04453125
3 0.99765625 0.91171875 0.00390625 0.025
3 0.98046875 0.83671875 0.0375 0.115625
3 0.98203125 0.57890625 0.03515625 0.07109375
3 0.97578125 0.53203125 0.04765625 0.053125
3 0.97265625 0.5 0.05390625 0.05
3 0.94609375 0.85546875 0.0703125 0.13203125
0 0.90703125 0.50546875 0.01953125 0.0390625
0 0.90390625 0.53125 0.0125 0.040625
0 0.92578125 0.54375 0.04921875 0.04296875
0 0.9328125 0.5640625 0.0546875 0.0546875
0 0.9296875 0.51640625 0.04140625 0.0546875
0 0.96953125 0.628125 0.0375 0.06484375
0 0.9484375 0.67109375 0.01953125 0.06484375
0 0.95703125 0.696875 0.02109375 0.06953125
0 0.97734375 0.73203125 0.04453125 0.0890625
0 0.97890625 0.65859375 0.040625 0.08515625
3 0.878125 0.58359375 0.0171875 0.03671875
3 0.8796875 0.6140625 0.0109375 0.04296875
3 0.921875 0.7515625 0.05390625 0.09296875
3 0.9015625 0.65703125 0.04296875 0.0640625
3 0.446875 0.66171875 0.06328125 0.0765625
3 0.6078125 0.36015625 0.034375 0.0203125
3 0.59453125 0.36796875 0.0375 0.021875
3 0.51171875 0.421875 0.05234375 0.03671875
3 0.53203125 0.40703125 0.05078125 0.03125
3 0.55703125 0.39453125 0.0390625 0.02890625
3 0.1953125 0.92890625 0.12578125 0.13984375
3 0.3921875 0.503125 0.08203125 0.06875
3 0.4328125 0.47578125 0.0734375 0.05703125
3 0.51484375 0.58515625 0.04921875 0.05390625
0 0.60625 0.4234375 0.0203125 0.0296875
0 0.3390625 0.6640625 0.02421875 0.034375
0 0.325 0.6859375 0.02578125 0.03671875
0 0.30078125 0.6890625 0.02578125 0.04921875
0 0.2546875 0.74453125 0.02890625 0.0453125
0 0.27734375 0.71171875 0.02734375 0.040625
3 0.57578125 0.515625 0.0375 0.0296875
3 0.54375 0.55390625 0.04453125 0.0359375
3 0.59609375 0.49921875 0.02265625 0.02578125
3 0.6078125 0.484375 0.0203125 0.02421875
3 0.4828125 0.5453125 0.06015625 0.05546875
0 0.59765625 0.4359375 0.00625 0.028125
0 0.58515625 0.4421875 0.01953125 0.0265625
0 0.57734375 0.4453125 0.02421875 0.03359375
0 0.584375 0.4171875 0.0234375 0.03046875
0 0.5328125 0.46171875 0.02109375 0.03984375
0 0.5390625 0.49296875 0.00859375 0.03515625
0 0.5296875 0.5015625 0.009375 0.0359375
0 0.51015625 0.50625 0.03046875 0.046875
0 0.5203125 0.46875 0.02890625 0.04140625
0 0.4921875 0.33125 0.02734375 0.0453125
0 0.4859375 0.33515625 0.0140625 0.04609375
0 0.45390625 0.34609375 0.01796875 0.0484375
0 0.47109375 0.34140625 0.015625 0.0453125
0 0.45859375 0.29765625 0.03984375 0.046875
0 0.44140625 0.30078125 0.0421875 0.05
0 0.4234375 0.30390625 0.04296875 0.053125
0 0.4015625 0.30703125 0.0484375 0.05546875
0 0.43671875 0.35234375 0.01953125 0.05078125
0 0.41640625 0.35859375 0.02265625 0.05390625
0 0.38203125 0.36171875 0.05 0.06328125
0 0.3171875 0.3578125 0.06015625 0.0734375
0 0.2828125 0.36640625 0.06484375 0.07890625
0 0.24453125 0.3765625 0.07109375 0.0859375
0 0.2 0.38671875 0.07890625 0.09453125
0 0.146875 0.40078125 0.0875 0.1046875
0 0.08515625 0.41640625 0.09765625 0.115625
0 0.0328125 0.43203125 0.065625 0.1265625
0 0.33046875 0.51953125 0.0546875 0.08046875
0 0.309375 0.53828125 0.040625 0.0890625
0 0.2765625 0.56875 0.04296875 0.07578125
0 0.25859375 0.503125 0.06640625 0.09375
0 0.23671875 0.59296875 0.0515625 0.08359375
0 0.190625 0.621875 0.06015625 0.09140625
0 0.1375 0.65546875 0.07265625 0.10078125
0 0.06953125 0.6765625 0.09453125 0.146875
0 0.21796875 0.5234375 0.07265625 0.1015625
0 0.1703125 0.546875 0.0796875 0.1140625
0 0.115625 0.5734375 0.0890625 0.1265625
3 0.0578125 0.53671875 0.07265625 0.05390625
3 0.23046875 0.4640625 0.04609375 0.025
3 0.26796875 0.45078125 0.04765625 0.025
3 0.303125 0.43984375 0.040625 0.028125
3 0.34609375 0.36015625 0.0015625 0.009375
3 0.3515625 0.3546875 0.01328125 0.01875
3 0.39140625 0.45390625 0.02890625 0.02421875
3 0.30390625 0.4890625 0.03203125 0.01875
3 0.0671875 0.60625 0.04140625 0.03046875
3 0.3421875 0.47421875 0.03828125 0.02109375
0 0.134375 0.496875 0.03984375 0.03125
3 0.4140625 0.44296875 0.03046875 0.01640625
3 0.43515625 0.43359375 0.02109375 0.01640625
3 0.4515625 0.425 0.0203125 0.01484375
0 0.35859375 0.415625 0.0109375 0.01875
0 0.34921875 0.41875 0.01015625 0.021875
0 0.33046875 0.42421875 0.009375 0.0203125
0 0.08046875 0.3609375 0.02578125 0.0046875
0 0.053125 0.365625 0.02734375 0.0046875
0 0.0234375 0.3703125 0.03046875 0.00546875
0 0.14921875 0.3015625 0.034375 0.0359375
0 0.12578125 0.30390625 0.03515625 0.03671875
0 0.10078125 0.30625 0.03671875 0.0390625
0 0.0734375 0.309375 0.03984375 0.040625
0 0.04375 0.31171875 0.04140625 0.04296875
0 0.0171875 0.31484375 0.034375 0.04453125
0 0.00078125 0.33359375 0.0015625 0.00859375
0 0.296875 0.296875 0.02421875 0.028125
0 0.2875 0.29921875 0.0171875 0.028125
0 0.25703125 0.303125 0.01875 0.02890625
0 0.27265625 0.3015625 0.01796875 0.0265625
0 0.26796875 0.27421875 0.02109375 0.028125
0 0.25078125 0.27578125 0.02421875 0.02890625
0 0.23203125 0.2765625 0.02890625 0.0296875
0 0.21484375 0.278125 0.03046875 0.03125
0 0.23984375 0.30546875 0.01953125 0.02890625
0 0.22265625 0.30703125 0.02109375 0.0296875
0 0.2 0.30859375 0.03046875 0.03359375
3 0.7453125 0.53515625 0.0515625 0.0390625