3 0.13828125 0.7109375 0.05703125 0.034375
3 0.05078125 0.0390625 0.034375 0.078125
3 0.1734375 0.415625 0.02265625 0.04921875
3 0.1546875 0.37578125 0.03203125 0.075
3 0.16328125 0.678125 0.04921875 0.01875
3 0.1875 0.48515625 0.00390625 0.02421875
3 0.18125 0.47109375 0.01015625 0.02890625
3 0.12265625 0.746875 0.03203125 0.05
0 0.171875 0.5984375 0.01015625 0.00859375
0 0.17578125 0.59609375 0.01328125 0.01640625
0 0.18359375 0.60078125 0.003125 0.00859375
3 0.01796875 0.89140625 0.0359375 0.0984375
3 0.06640625 0.7921875 0.09296875 0.07890625
3 0.15546875 0.58828125 0.02421875 0.0234375
0 0.0078125 0.4640625 0.01484375 0.13671875
0 0.0234375 0.484375 0.046875 0.1484375
0 0.01640625 0.3125 0.03203125 0.19140625
0 0.09375 0.48359375 0.09453125 0.08828125
0 0.0875 0.55 0.09453125 0.07578125
0 0.13515625 0.559375 0.01171875 0.0609375
0 0.14140625 0.56328125 0.01015625 0.05625
0 0.140625 0.50078125 0.01171875 0.065625
0 0.1765625 0.278125 0.00234375 0.01796875
0 0.184375 0.33125 0.0015625 0.01015625
0 0.18046875 0.29140625 0.01171875 0.05546875
0 0.1859375 0.309375 0.00390625 0.0484375
0 0.1875 0.32578125 0.00390625 0.0453125
0 0.1890625 0.33671875 0.00390625 0.04296875
0 0.1859375 0.34375 0.0015625 0.01171875
0 0.1875 0.35625 0.0015625 0.01015625
0 0.18984375 0.36796875 0.00078125 0.009375
0 0.1921875 0.38203125 0.00390625 0.021875
0 0.18125 0.45859375 0.01484375 0.021875
0 0.190625 0.49453125 0.00078125 0.0140625
0 0.19140625 0.49765625 0.0015625 0.015625
0 0.1921875 0.50234375 0.0015625 0.0140625
0 0.19375 0.50625 0.0015625 0.01171875
0 0.19140625 0.478125 0.00234375 0.021875
0 0.19296875 0.48046875 0.00234375 0.025
0 0.19375 0.48359375 0.00234375 0.028125
3 0.503125 0.67421875 0.04453125 0.01640625
3 0.86953125 0.37890625 0.12578125 0.07109375
3 0.76953125 0.41640625 0.09296875 0.05390625
3 0.43046875 0.60625 0.02265625 0.00703125
3 0.478125 0.603125 0.03828125 0.01015625
3 0.490625 0.6015625 0.02109375 0.0109375
3 0.5203125 0.6 0.04140625 0.01328125
3 0.55 0.50234375 0.03671875 0.02109375
3 0.57734375 0.490625 0.0375 0.02421875
3 0.62734375 0.475 0.06328125 0.0296875
3 0.63984375 0.703125 0.07421875 0.03125
3 0.52578125 0.678125 0.046875 0.01953125
3 0.43515625 0.66015625 0.03203125 0.0109375
3 0.4671875 0.52890625 0.0171875 0.01484375
3 0.49296875 0.5234375 0.03984375 0.01640625
3 0.5609375 0.68671875 0.05703125 0.0234375
0 0.79140625 0.5671875 0.07109375 0.05859375
0 0.44921875 0.5984375 0.0171875 0.02109375
3 0.71015625 0.71875 0.0875 0.0390625
3 0.790625 0.73515625 0.1109375 0.05
3 0.8984375 0.7578125 0.14140625 0.06953125
3 0.7125 0.58984375 0.08828125 0.0203125
0 0.63671875 0.58125 0.0328125 0.040625
0 0.61171875 0.58359375 0.01875 0.0390625
0 0.59453125 0.584375 0.01640625 0.03828125
0 0.61953125 0.54453125 0.0359375 0.03984375
0 0.58203125 0.55234375 0.03203125 0.0359375
0 0.5765625 0.58671875 0.01953125 0.03515625
0 0.56015625 0.58828125 0.01328125 0.03359375
0 0.54765625 0.5890625 0.01171875 0.03203125
0 0.559375 0.55546875 0.01328125 0.034375
0 0.46484375 0.528125 0.01953125 0.02109375
0 0.4515625 0.53046875 0.00546875 0.02109375
0 0.4453125 0.5328125 0.00546875 0.02109375
0 0.4515625 0.51328125 0.0171875 0.021875
0 0.43984375 0.53515625 0.00546875 0.0203125
0 0.43515625 0.53671875 0.00546875 0.0203125
0 0.4296875 0.5390625 0.0046875 0.01875
0 0.425 0.540625 0.0046875 0.01875
0 0.440625 0.515625 0.0046875 0.02109375
0 0.43515625 0.51796875 0.0046875 0.02109375
0 0.43046875 0.5203125 0.00390625 0.0203125
0 0.46328125 0.4609375 0.01484375 0.02109375
0 0.45234375 0.465625 0.00546875 0.02109375
0 0.446875 0.46875 0.00546875 0.0203125
0 0.44140625 0.47265625 0.0046875 0.01953125
0 0.4359375 0.47578125 0.0046875 0.01875
0 0.43125 0.4796875 0.00390625 0.01875
0 0.4265625 0.48203125 0.00390625 0.01875
0 0.53359375 0.4265625 0.0265625 0.0296875
0 0.51484375 0.4328125 0.009375 0.02890625
0 0.496875 0.44453125 0.0078125 0.02578125
0 0.50546875 0.4390625 0.00859375 0.0265625
0 0.5140625 0.415625 0.02421875 0.03046875
0 0.496875 0.42109375 0.0078125 0.0296875
0 0.4890625 0.42734375 0.0078125 0.02890625
0 0.48125 0.4328125 0.00703125 0.0265625
0 0.4890625 0.45 0.0078125 0.02578125
0 0.48125 0.4546875 0.00703125 0.02421875
0 0.47421875 0.459375 0.00625 0.0234375