2 0.3375 0.540625 0.0328125 0.09921875
3 0.14921875 0.63046875 0.0734375 0.028125
3 0.21953125 0.53359375 0.04140625 0.009375
3 0.17734375 0.5359375 0.04140625 0.01328125
3 0.16171875 0.53828125 0.04609375 0.01484375
3 0.13984375 0.540625 0.04609375 0.01796875
3 0.1171875 0.403125 0.05546875 0.034375
3 0.05859375 0.38125 0.1015625 0.04921875
3 0.0171875 0.353125 0.034375 0.03828125
3 0.21875 0.59453125 0.04140625 0.015625
3 0.1984375 0.44375 0.01328125 0.01875
3 0.16640625 0.434375 0.05 0.0234375
3 0.08984375 0.66953125 0.06875 0.04375
0 0.0453125 0.47421875 0.08125 0.05859375
0 0.04375 0.53046875 0.08125 0.05625
0 0.09296875 0.5296875 0.01796875 0.05
0 0.109375 0.52890625 0.01640625 0.046875
0 0.09453125 0.47890625 0.01796875 0.05078125
0 0.11953125 0.290625 0.05390625 0.053125
0 0.1515625 0.30703125 0.01171875 0.04140625
0 0.17109375 0.32734375 0.00859375 0.0359375
0 0.16171875 0.31796875 0.009375 0.0390625
0 0.14375 0.28125 0.04765625 0.053125
0 0.171875 0.296875 0.00859375 0.04140625
0 0.18046875 0.30703125 0.00859375 0.040625
0 0.18828125 0.3171875 0.00703125 0.03828125
0 0.1796875 0.33671875 0.00859375 0.034375
0 0.1875 0.3453125 0.00703125 0.03125
0 0.19453125 0.35234375 0.00625 0.03046875
0 0.20390625 0.35625 0.01484375 0.02890625
0 0.2140625 0.36328125 0.0046875 0.02578125
0 0.21953125 0.36875 0.00390625 0.025
0 0.22421875 0.37421875 0.00390625 0.02421875
0 0.228125 0.37890625 0.00390625 0.0234375
0 0.23203125 0.38359375 0.003125 0.02109375
0 0.2359375 0.3875 0.003125 0.02109375
0 0.19453125 0.440625 0.03203125 0.0296875
0 0.21328125 0.44453125 0.00546875 0.02578125
0 0.21875 0.44765625 0.0046875 0.025
0 0.20625 0.421875 0.0296875 0.0296875
0 0.2234375 0.45 0.0046875 0.02421875
0 0.22734375 0.453125 0.00390625 0.021875
0 0.23125 0.4546875 0.00390625 0.021875
0 0.23515625 0.45703125 0.003125 0.02109375
0 0.2234375 0.4265625 0.00390625 0.02578125
0 0.228125 0.43046875 0.00390625 0.025
0 0.23203125 0.4328125 0.00390625 0.025
3 0.03203125 0.71015625 0.0640625 0.0640625
3 0.49140625 0.60390625 0.03984375 0.01953125
3 0.77734375 0.2921875 0.1703125 0.10078125
3 0.6625 0.34453125 0.075 0.065625
3 0.5078125 0.43671875 0.01796875 0.0203125
3 0.53359375 0.42578125 0.03359375 0.02421875
3 0.565625 0.4109375 0.05390625 0.03125
3 0.45390625 0.58203125 0.02734375 0.01171875
3 0.4671875 0.459375 0.02109375 0.0140625
3 0.4796875 0.45546875 0.03203125 0.015625
3 0.51796875 0.625 0.03984375 0.028125
0 0.75546875 0.534375 0.096875 0.08515625
0 0.465625 0.5328125 0.00390625 0.00625
0 0.45859375 0.5328125 0.00234375 0.0046875
3 0.6109375 0.6875 0.06796875 0.0546875
3 0.5546875 0.6453125 0.0640625 0.03359375
3 0.6734375 0.725 0.10390625 0.07578125
3 0.775 0.78359375 0.17265625 0.11875
3 0.4921875 0.5359375 0.0296875 0.01328125
0 0.67109375 0.53125 0.06328125 0.06484375
0 0.628125 0.53046875 0.02265625 0.059375
0 0.6078125 0.53046875 0.01796875 0.0546875
0 0.64609375 0.471875 0.05703125 0.06015625
0 0.5390625 0.49140625 0.03359375 0.0359375
0 0.5390625 0.528125 0.03359375 0.03671875
0 0.51796875 0.52734375 0.00703125 0.034375
0 0.5109375 0.52734375 0.00625 0.03203125
0 0.51796875 0.49296875 0.00703125 0.034375
0 0.5078125 0.35390625 0.02421875 0.03046875
0 0.49296875 0.3609375 0.00546875 0.028125
0 0.48203125 0.3734375 0.00390625 0.025
0 0.4875 0.36796875 0.0046875 0.02578125
0 0.49765625 0.34296875 0.025 0.03203125
0 0.48203125 0.34921875 0.00390625 0.03046875
0 0.478125 0.35625 0.00390625 0.02890625
0 0.4734375 0.36171875 0.00390625 0.02890625
0 0.47734375 0.37890625 0.00390625 0.02421875
0 0.4734375 0.38359375 0.00390625 0.0234375
0 0.46953125 0.38828125 0.00390625 0.0234375
0 0.4640625 0.3890625 0.00859375 0.0203125
0 0.4578125 0.39296875 0.00234375 0.01953125
0 0.4546875 0.396875 0.00234375 0.01875
0 0.45234375 0.40078125 0.00234375 0.01796875
0 0.44921875 0.40390625 0.00234375 0.01640625
0 0.446875 0.40703125 0.00234375 0.01640625
0 0.44453125 0.41015625 0.00234375 0.01640625
0 0.4671875 0.45703125 0.01640625 0.0203125
0 0.4578125 0.459375 0.00234375 0.01953125
0 0.4546875 0.46171875 0.00234375 0.01953125
0 0.4625 0.44140625 0.01875 0.021875
0 0.4515625 0.46328125 0.00234375 0.01875
0 0.44921875 0.46484375 0.00234375 0.01875
0 0.44609375 0.46640625 0.00234375 0.01796875
0 0.44375 0.46796875 0.0015625 0.01640625
0 0.4515625 0.44375 0.00234375 0.02109375
0 0.44921875 0.44609375 0.00234375 0.0203125
0 0.44609375 0.4484375 0.00234375 0.01953125
3 0.68515625 0.5921875 0.0234375 0.0046875
3 0.96875 0.41640625 0.0609375 0.028125
3 0.7046875 0.53125 0.00234375 0.00703125
3 0.7078125 0.5328125 0.00859375 0.00859375
3 0.74453125 0.4578125 0.0296875 0.0140625
3 0.78125 0.4515625 0.0421875 0.01640625
3 0.83046875 0.44375 0.05703125 0.01953125
3 0.840625 0.61875 0.065625 0.01640625
3 0.7109375 0.596875 0.02734375 0.00546875
3 0.6890625 0.46796875 0.02890625 0.01015625
3 0.75078125 0.60546875 0.03671875 0.00703125
0 0.98203125 0.52890625 0.03515625 0.040625
3 0.9140625 0.63203125 0.08359375 0.0265625
3 0.96875 0.64375 0.0609375 0.03125
3 0.92890625 0.5390625 0.065625 0.0140625
0 0.84921875 0.52578125 0.02421875 0.028125
0 0.81015625 0.5265625 0.00859375 0.028125
0 0.80234375 0.5265625 0.0078125 0.028125
0 0.82265625 0.49765625 0.03359375 0.02890625
0 0.78203125 0.4890625 0.02890625 0.00546875
0 0.609375 0.47578125 0.0046875 0.015625
0 0.60390625 0.4765625 0.00546875 0.015625
0 0.609375 0.46015625 0.0046875 0.01640625
0 0.6484375 0.41953125 0.0171875 0.00703125
0 0.728125 0.396875 0.02421875 0.01953125
0 0.709375 0.403125 0.0109375 0.01484375
0 0.68828125 0.409375 0.009375 0.0140625
0 0.6984375 0.40625 0.01015625 0.0140625
0 0.67890625 0.41328125 0.00859375 0.01328125
0 0.66953125 0.41640625 0.00859375 0.01171875
0 0.6609375 0.41875 0.0078125 0.01171875
3 0.21640625 0.78046875 0.19921875 0.16328125