2 0.05625 0.6625 0.11171875 0.30078125
3 0.43671875 0.61796875 0.06484375 0.05859375
3 0.978125 0.4484375 0.04296875 0.02109375
3 0.925 0.46015625 0.14921875 0.06328125
3 0.55078125 0.421875 0.06640625 0.04140625
3 0.6109375 0.428125 0.075 0.04375
3 0.6953125 0.4390625 0.0859375 0.04453125
3 0.278125 0.565625 0.06171875 0.04375
3 0.3734375 0.403125 0.06953125 0.03203125
3 0.41328125 0.40859375 0.06953125 0.03515625
3 0.5515625 0.659375 0.06640625 0.0734375
0 0.97109375 0.6375 0.05625 0.09375
0 0.34921875 0.5015625 0.01796875 0.015625
0 0.33359375 0.5015625 0.01796875 0.01796875
0 0.3296875 0.49140625 0.01796875 0.0234375
0 0.30390625 0.4921875 0.01796875 0.015625
0 0.3203125 0.49140625 0.01796875 0.01640625
3 0.7828125 0.7359375 0.09453125 0.09921875
3 0.63671875 0.68828125 0.06953125 0.08359375
3 0.87734375 0.76953125 0.11015625 0.103125
3 0.95625 0.79453125 0.0859375 0.1046875
3 0.48359375 0.54140625 0.0640625 0.05859375
0 0.88359375 0.6140625 0.05234375 0.08671875
0 0.83671875 0.603125 0.05625 0.08828125
0 0.79609375 0.59453125 0.05546875 0.08515625
0 0.8421875 0.5515625 0.06640625 0.08515625
0 0.59765625 0.50703125 0.03203125 0.065625
0 0.596875 0.55234375 0.03203125 0.0640625
0 0.56796875 0.55390625 0.02734375 0.0484375
0 0.54296875 0.5390625 0.02578125 0.06484375
0 0.571875 0.50234375 0.0328125 0.0640625
0 0.503125 0.27890625 0.03671875 0.05078125
0 0.47265625 0.2796875 0.025 0.05
0 0.42578125 0.28046875 0.02265625 0.04609375
0 0.4484375 0.28046875 0.0234375 0.046875
0 0.4546875 0.23125 0.03984375 0.05078125
0 0.42421875 0.2328125 0.02421875 0.04921875
0 0.4015625 0.234375 0.02265625 0.0484375
0 0.38046875 0.2359375 0.021875 0.046875
0 0.40390625 0.28125 0.02265625 0.0453125
0 0.3828125 0.28125 0.021875 0.04453125
0 0.36328125 0.28125 0.02109375 0.04453125
0 0.3296875 0.265625 0.0421875 0.04375
0 0.30078125 0.265625 0.0203125 0.04296875
0 0.28515625 0.26640625 0.021875 0.04140625
0 0.26796875 0.26640625 0.01875 0.040625
0 0.25234375 0.2671875 0.01875 0.03984375
0 0.2375 0.26796875 0.01796875 0.0390625
0 0.22265625 0.26796875 0.01796875 0.03828125
0 0.3359375 0.3859375 0.03984375 0.04453125
0 0.3171875 0.38359375 0.03515625 0.04375
0 0.29296875 0.384375 0.01796875 0.03828125
0 0.30078125 0.34609375 0.04140625 0.040625
0 0.27734375 0.38359375 0.01796875 0.03671875
0 0.2625 0.38203125 0.01796875 0.0359375
0 0.2484375 0.38046875 0.0171875 0.03515625
0 0.234375 0.37734375 0.01640625 0.03828125
0 0.28359375 0.3453125 0.03828125 0.0390625
0 0.265625 0.34453125 0.03203125 0.0390625
0 0.253125 0.34375 0.0359375 0.03828125
3 0.54140625 0.465625 0.02421875 0.01953125
3 0.80390625 0.36328125 0.05078125 0.01640625
3 0.7609375 0.3609375 0.046875 0.015625
3 0.44375 0.403125 0.01328125 0.0109375
3 0.50859375 0.4109375 0.02734375 0.0140625
3 0.603125 0.35546875 0.0296875 0.0140625
3 0.6328125 0.35625 0.03359375 0.0140625
3 0.6703125 0.35859375 0.0359375 0.0140625
3 0.66484375 0.4859375 0.03359375 0.02421875
3 0.5640625 0.46796875 0.03046875 0.01796875
3 0.4375 0.44921875 0.03046875 0.01640625
3 0.50703125 0.35078125 0.028125 0.01171875
3 0.53125 0.3515625 0.02890625 0.01328125
3 0.6015625 0.47578125 0.03046875 0.021875
0 0.75703125 0.43046875 0.02734375 0.028125
0 0.4625 0.40078125 0.01953125 0.02109375
3 0.7078125 0.49296875 0.03828125 0.02578125
3 0.74609375 0.4984375 0.03984375 0.0265625
3 0.7859375 0.5046875 0.04296875 0.028125
0 0.67109375 0.41328125 0.0140625 0.0109375
0 0.65625 0.41953125 0.01484375 0.02578125
0 0.64296875 0.41875 0.01328125 0.028125
0 0.6578125 0.39765625 0.01484375 0.0265625
0 0.62578125 0.3953125 0.01484375 0.02578125
0 0.62578125 0.40703125 0.01328125 0.00546875
0 0.59921875 0.40390625 0.0125 0.00625
0 0.61328125 0.39375 0.01484375 0.025
0 0.48359375 0.34296875 0.0140625 0.02109375
0 0.4734375 0.3421875 0.01484375 0.02109375
0 0.4609375 0.34296875 0.01015625 0.01953125
0 0.4640625 0.3265625 0.01640625 0.0109375
0 0.45078125 0.3421875 0.009375 0.01953125
0 0.44140625 0.34140625 0.009375 0.01875
0 0.43203125 0.34140625 0.009375 0.01953125
0 0.42265625 0.33984375 0.009375 0.0203125
0 0.45078125 0.3265625 0.01015625 0.0109375
0 0.440625 0.3265625 0.01015625 0.01015625
0 0.43125 0.32578125 0.009375 0.0109375
0 0.5796875 0.2875 0.01328125 0.0234375
0 0.5671875 0.28828125 0.0125 0.021875
0 0.5421875 0.28828125 0.01171875 0.021875
0 0.5546875 0.28828125 0.0125 0.021875
0 0.55703125 0.26484375 0.015625 0.021875
0 0.54296875 0.265625 0.01171875 0.0234375
0 0.534375 0.265625 0.0046875 0.021875
0 0.52109375 0.26640625 0.00546875 0.02109375
0 0.53359375 0.28828125 0.00546875 0.02109375
0 0.52265625 0.28828125 0.00234375 0.02109375
3 0.9203125 0.5515625 0.084375 0.04140625