2 0.3140625 0.509375 0.04140625 0.109375
3 0.16640625 0.6875 0.0390625 0.059375
3 0.17734375 0.51953125 0.04375 0.02734375
3 0.14609375 0.57265625 0.0625 0.03828125
3 0.14453125 0.59296875 0.06171875 0.0390625
3 0.14765625 0.6265625 0.0390625 0.04921875
3 0.09375 0.525 0.1171875 0.04140625
3 0.065625 0.5625 0.13046875 0.07578125
3 0.040625 0.61484375 0.08046875 0.09609375
3 0.1921875 0.58125 0.02578125 0.03046875
3 0.1421875 0.46953125 0.0640625 0.02890625
3 0.13125 0.4828125 0.07109375 0.03515625
3 0.140625 0.79609375 0.04375 0.0859375
0 0.0046875 0.98046875 0.009375 0.0375
0 0.021875 0.94453125 0.04375 0.10859375
0 0.00078125 0.95703125 0.00078125 0.0140625
0 0.0921875 0.65390625 0.0625 0.08828125
0 0.096875 0.70859375 0.065625 0.09375
0 0.1296875 0.67578125 0.0125 0.065625
0 0.1359375 0.65546875 0.0125 0.0625
0 0.115625 0.62578125 0.0296875 0.06484375
0 0.08671875 0.371875 0.06484375 0.05234375
0 0.1265625 0.36953125 0.00859375 0.04453125
0 0.1375 0.36875 0.009375 0.04140625
0 0.13125 0.36953125 0.009375 0.04375
0 0.10078125 0.32265625 0.06171875 0.04765625
0 0.1328125 0.32578125 0.0109375 0.0421875
0 0.13828125 0.3265625 0.00859375 0.040625
0 0.14375 0.32734375 0.00859375 0.03828125
0 0.1421875 0.3671875 0.00859375 0.040625
0 0.14765625 0.36640625 0.00859375 0.0375
0 0.1515625 0.365625 0.0078125 0.0359375
0 0.153125 0.35078125 0.0125 0.034375
0 0.1640625 0.35078125 0.00390625 0.03046875
0 0.165625 0.35078125 0.00625 0.03046875
0 0.16875 0.35078125 0.00546875 0.02890625
0 0.171875 0.35078125 0.00546875 0.02890625
0 0.17421875 0.35078125 0.00390625 0.0265625
0 0.1765625 0.35078125 0.00390625 0.0265625
0 0.15078125 0.44453125 0.0359375 0.02734375
0 0.15703125 0.4421875 0.0375 0.02890625
0 0.17578125 0.44609375 0.00390625 0.02109375
0 0.15625 0.41328125 0.034375 0.0328125
0 0.17890625 0.4375 0.00390625 0.02890625
0 0.18046875 0.434375 0.00390625 0.02734375
0 0.1828125 0.4328125 0.00390625 0.0265625
0 0.18515625 0.42890625 0.00390625 0.0265625
0 0.16875 0.409375 0.01796875 0.02734375
0 0.175 0.4078125 0.009375 0.02734375
0 0.175 0.40546875 0.0140625 0.0265625
3 0.090625 0.91953125 0.10625 0.15078125
3 0.48046875 0.57421875 0.0359375 0.0328125
3 0.7890625 0.55234375 0.1109375 0.0765625
3 0.71328125 0.52109375 0.09921875 0.05859375
3 0.528125 0.45390625 0.05234375 0.02578125
3 0.5546875 0.4640625 0.05625 0.0296875
3 0.5875 0.47890625 0.0609375 0.034375
3 0.428125 0.52265625 0.02890625 0.02109375
3 0.46015625 0.43046875 0.0390625 0.015625
3 0.47421875 0.4359375 0.04140625 0.01953125
3 0.525 0.61953125 0.04609375 0.04609375
0 0.765625 0.69921875 0.07109375 0.09375
0 0.45390625 0.48984375 0.0109375 0.009375
0 0.446875 0.4875 0.0109375 0.00859375
0 0.4484375 0.48046875 0.009375 0.00859375
0 0.4375 0.48046875 0.009375 0.0078125
0 0.44453125 0.48125 0.00859375 0.0078125
3 0.63203125 0.73046875 0.065625 0.07421875
3 0.5640625 0.66015625 0.05859375 0.05
3 0.690625 0.7859375 0.0890625 0.09375
3 0.7578125 0.85078125 0.10078125 0.1375
3 0.49453125 0.5265625 0.03828125 0.0296875
0 0.690625 0.64453125 0.04765625 0.07578125
0 0.66640625 0.634375 0.04609375 0.05625
0 0.63515625 0.6140625 0.0234375 0.0640625
0 0.66953125 0.5859375 0.046875 0.065625
0 0.54765625 0.5171875 0.03046875 0.04140625
0 0.54765625 0.5515625 0.03046875 0.0375
0 0.52578125 0.54375 0.0109375 0.0359375
0 0.515625 0.5359375 0.009375 0.0375
0 0.5359375 0.5109375 0.0296875 0.040625
0 0.50859375 0.3625 0.02734375 0.0296875
0 0.4890625 0.36328125 0.00859375 0.02890625
0 0.47421875 0.3625 0.0078125 0.0265625
0 0.48125 0.3625 0.0078125 0.02734375
0 0.48828125 0.334375 0.02109375 0.02734375
0 0.47421875 0.334375 0.0078125 0.0265625
0 0.46640625 0.334375 0.0078125 0.0265625
0 0.4609375 0.33515625 0.00625 0.02578125
0 0.4671875 0.3609375 0.00625 0.0265625
0 0.4609375 0.3609375 0.00625 0.02578125
0 0.45390625 0.36015625 0.00546875 0.02421875
0 0.446875 0.35078125 0.01953125 0.0234375
0 0.4359375 0.35078125 0.00546875 0.02265625
0 0.4296875 0.35078125 0.00390625 0.02109375
0 0.425 0.35078125 0.00546875 0.02109375
0 0.42109375 0.35078125 0.00390625 0.0203125
0 0.4171875 0.35078125 0.00390625 0.0203125
0 0.4125 0.35078125 0.00390625 0.0203125
0 0.44921875 0.41796875 0.02109375 0.0234375
0 0.44375 0.41640625 0.01953125 0.02421875
0 0.43046875 0.41640625 0.00390625 0.02265625
0 0.4390625 0.3953125 0.0203125 0.02265625
0 0.4265625 0.41484375 0.00390625 0.02109375
0 0.42265625 0.41328125 0.00390625 0.0203125
0 0.41796875 0.4109375 0.00390625 0.0203125
0 0.4140625 0.409375 0.00390625 0.0203125
0 0.4328125 0.39375 0.015625 0.02109375
0 0.42734375 0.3921875 0.015625 0.02109375
0 0.42265625 0.390625 0.0125 0.0203125
3 0.93671875 0.45859375 0.0734375 0.02734375
3 0.8765625 0.4515625 0.0640625 0.0203125
3 0.56953125 0.44765625 0.0234375 0.01171875
3 0.61953125 0.4640625 0.02109375 0.01484375
3 0.64375 0.4703125 0.034375 0.0171875
3 0.665625 0.47734375 0.0359375 0.01796875
3 0.69453125 0.4234375 0.02578125 0.0125
3 0.725 0.428125 0.03515625 0.0140625
3 0.76484375 0.434375 0.04453125 0.015625
3 0.6203125 0.4109375 0.0171875 0.009375
3 0.63828125 0.4140625 0.03203125 0.0109375
0 0.8765625 0.53125 0.03203125 0.0390625
0 0.5875 0.4484375 0.01484375 0.01796875
3 0.87734375 0.61640625 0.01484375 0.0265625
3 0.90859375 0.63203125 0.065625 0.04921875
3 0.81796875 0.52421875 0.05546875 0.02265625
0 0.7671875 0.49921875 0.02578125 0.03046875
0 0.7515625 0.496875 0.02421875 0.02578125
0 0.7328125 0.49140625 0.01484375 0.02734375
0 0.753125 0.47265625 0.02578125 0.02890625
0 0.721875 0.46484375 0.02265625 0.02578125
0 0.71953125 0.4875 0.02265625 0.0234375
0 0.703125 0.48359375 0.0125 0.02265625
0 0.69140625 0.47890625 0.0125 0.02421875
0 0.709375 0.4625 0.02265625 0.0265625
0 0.59921875 0.4078125 0.00546875 0.0078125
0 0.59296875 0.40703125 0.0078125 0.0078125
0 0.5859375 0.40546875 0.00625 0.0078125
0 0.590625 0.38046875 0.015625 0.00859375
0 0.57890625 0.40390625 0.00546875 0.00625
0 0.5734375 0.403125 0.00625 0.00625
0 0.5671875 0.40234375 0.00625 0.00625
0 0.5609375 0.40234375 0.00546875 0.00625
0 0.58125 0.37890625 0.009375 0.0078125
0 0.578125 0.37890625 0.0140625 0.00625
0 0.56953125 0.378125 0.00859375 0.0078125
0 0.60703125 0.35078125 0.015625 0.01796875
0 0.5953125 0.35 0.0078125 0.0171875
0 0.5875 0.35078125 0.0078125 0.015625
0 0.58203125 0.35078125 0.00625 0.015625
0 0.57578125 0.35078125 0.00625 0.015625
0 0.56875 0.35078125 0.00546875 0.015625
0 0.5625 0.35 0.00625 0.01484375
0 0.6828125 0.359375 0.0203125 0.02109375
0 0.66640625 0.359375 0.01171875 0.0203125
0 0.64765625 0.35859375 0.009375 0.01953125
0 0.65625 0.359375 0.0109375 0.0203125
0 0.6625 0.33828125 0.0203125 0.01953125
0 0.64765625 0.33828125 0.0109375 0.01953125
0 0.6390625 0.3390625 0.009375 0.01796875
0 0.62890625 0.3390625 0.009375 0.01796875
0 0.6375 0.35859375 0.009375 0.01953125
0 0.62890625 0.3578125 0.00859375 0.01796875
0 0.6203125 0.3578125 0.00859375 0.01796875
3 0.48984375 0.9734375 0.03046875 0.05078125
3 0.9875 0.71328125 0.02265625 0.05859375