3 0.4171875 0.6578125 0.0546875 0.0765625
3 0.7671875 0.390625 0.06796875 0.04375
3 0.728125 0.3984375 0.0703125 0.0453125
3 0.13046875 0.66015625 0.10546875 0.09609375
3 0.34921875 0.60546875 0.06484375 0.08046875
3 0.41171875 0.58125 0.059375 0.07421875
3 0.46875 0.56875 0.053125 0.0765625
3 0.525 0.44453125 0.0578125 0.06171875
3 0.571875 0.434375 0.065625 0.05390625
3 0.625 0.42578125 0.06328125 0.0484375
3 0.61328125 0.59453125 0.05859375 0.06171875
3 0.4671875 0.64140625 0.05546875 0.0734375
3 0.16484375 0.74140625 0.09140625 0.09921875
3 0.325 0.4953125 0.06328125 0.0796875
3 0.384375 0.48203125 0.05703125 0.07578125
3 0.53125 0.62421875 0.0515625 0.06875
0 0.71875 0.4859375 0.03984375 0.0453125
0 0.2203125 0.6265625 0.06015625 0.06640625
3 0.6625 0.5828125 0.05859375 0.04921875
3 0.70703125 0.57578125 0.04375 0.03515625
3 0.74140625 0.55625 0.04375 0.0484375
3 0.6703125 0.50703125 0.06328125 0.0453125
0 0.628125 0.51015625 0.02109375 0.05703125
0 0.6046875 0.51796875 0.03125 0.05390625
0 0.58828125 0.5203125 0.02578125 0.059375
0 0.60625 0.4875 0.03515625 0.05078125
0 0.5640625 0.49921875 0.0265625 0.053125
0 0.565625 0.5390625 0.02109375 0.0359375
0 0.5421875 0.53671875 0.028125 0.053125
0 0.521875 0.53828125 0.0296875 0.06328125
0 0.5421875 0.5046875 0.03125 0.05390625
0 0.2578125 0.49140625 0.04609375 0.078125
0 0.22265625 0.4984375 0.04375 0.0796875
0 0.1890625 0.52109375 0.04453125 0.04921875
0 0.18359375 0.46171875 0.0609375 0.08125
0 0.1546875 0.528125 0.046875 0.05078125
0 0.11875 0.5359375 0.05 0.0515625
0 0.08203125 0.54453125 0.05234375 0.0515625
0 0.04375 0.53984375 0.05625 0.0796875
0 0.14375 0.46875 0.05546875 0.08359375
0 0.10703125 0.475 0.06015625 0.08515625
0 0.06953125 0.48203125 0.065625 0.08671875
0 0.23046875 0.3515625 0.05390625 0.0765625
0 0.19140625 0.35625 0.05234375 0.07890625
0 0.15390625 0.3609375 0.0578125 0.08046875
0 0.115625 0.365625 0.06328125 0.08359375
0 0.075 0.37109375 0.06953125 0.08515625
0 0.0359375 0.3765625 0.07109375 0.08828125
0 0.015625 0.38046875 0.03125 0.0859375
0 0.4796875 0.3359375 0.03359375 0.06484375
0 0.45625 0.33984375 0.02890625 0.06640625
0 0.40078125 0.35703125 0.03203125 0.05078125
0 0.42890625 0.353125 0.0296875 0.05
0 0.425 0.296875 0.03359375 0.06640625
0 0.396875 0.30078125 0.03359375 0.06796875
0 0.36640625 0.30390625 0.03515625 0.06953125
0 0.33515625 0.30703125 0.0375 0.0703125
0 0.37109375 0.36015625 0.03359375 0.05390625
0 0.340625 0.365625 0.0359375 0.0515625
0 0.31015625 0.3609375 0.03828125 0.0734375
3 0.91875 0.634375 0.08359375 0.0890625