2 0.2546875 0.5609375 0.05078125 0.13671875
3 0.05859375 0.54765625 0.0765625 0.01796875
3 0.01015625 0.53515625 0.01953125 0.021875
3 0.05234375 0.64140625 0.07890625 0.0234375
3 0.0296875 0.38828125 0.0265625 0.040625
3 0.00859375 0.36875 0.0171875 0.03515625
0 0.00703125 0.15390625 0.0140625 0.0765625
0 0.01953125 0.18046875 0.01640625 0.06875
0 0.00546875 0.2015625 0.01015625 0.0515625
0 0.015625 0.22109375 0.01640625 0.05546875
0 0.02890625 0.2421875 0.01484375 0.05078125
0 0.04765625 0.26328125 0.02734375 0.0484375
0 0.06484375 0.28125 0.01015625 0.03984375
0 0.0734375 0.29453125 0.00859375 0.03828125
0 0.08046875 0.30703125 0.00859375 0.034375
0 0.0875 0.31875 0.0078125 0.03203125
0 0.09375 0.32890625 0.00703125 0.03046875
0 0.09921875 0.3390625 0.00703125 0.0296875
0 0.03515625 0.39140625 0.03515625 0.04921875
0 0.05703125 0.403125 0.01171875 0.040625
0 0.065625 0.41171875 0.01015625 0.03828125
0 0.04453125 0.37109375 0.05703125 0.05546875
0 0.0734375 0.41875 0.009375 0.0359375
0 0.08046875 0.42578125 0.00859375 0.034375
0 0.0875 0.43203125 0.0078125 0.03203125
0 0.09296875 0.4375 0.00703125 0.03046875
0 0.07578125 0.3859375 0.009375 0.04296875
0 0.0828125 0.39375 0.00859375 0.03984375
0 0.0890625 0.4015625 0.0078125 0.03828125
3 0.4734375 0.63671875 0.05078125 0.0234375
3 0.9765625 0.14921875 0.04609375 0.0796875
3 0.8703125 0.2109375 0.1765625 0.1390625
3 0.51953125 0.415625 0.03359375 0.03203125
3 0.56015625 0.39375 0.04765625 0.03984375
3 0.62109375 0.3625 0.07421875 0.053125
3 0.40625 0.61796875 0.0359375 0.0140625
3 0.4390625 0.4609375 0.03046875 0.0203125
3 0.45859375 0.4515625 0.03984375 0.0234375
3 0.53984375 0.65546875 0.07265625 0.03359375
0 0.98828125 0.45859375 0.021875 0.10703125
0 0.4359375 0.55390625 0.00625 0.00625
0 0.428125 0.5546875 0.00859375 0.00703125
0 0.41875 0.55625 0.0078125 0.00625
0 0.4234375 0.55546875 0.00078125 0.00546875
3 0.753125 0.71796875 0.14453125 0.0765625
3 0.60390625 0.67578125 0.09296875 0.04140625
3 0.896875 0.76171875 0.20234375 0.11796875
3 0.99453125 0.78359375 0.009375 0.08359375
3 0.490625 0.5453125 0.04921875 0.01875
0 0.8546875 0.478125 0.0875 0.096875
0 0.7859375 0.48828125 0.0578125 0.08515625
0 0.7359375 0.49609375 0.04609375 0.0765625
0 0.7921875 0.409375 0.0765625 0.09140625
0 0.5671875 0.47890625 0.04296875 0.05
0 0.56796875 0.52421875 0.04375 0.0484375
0 0.53828125 0.5265625 0.015625 0.04453125
0 0.5234375 0.5296875 0.0140625 0.04296875
0 0.5375 0.48359375 0.01484375 0.046875
0 0.50859375 0.321875 0.03203125 0.0390625
0 0.48671875 0.33359375 0.01015625 0.03671875
0 0.4671875 0.353125 0.00859375 0.03359375
0 0.4765625 0.34296875 0.009375 0.034375
0 0.48515625 0.3140625 0.02734375 0.040625
0 0.4671875 0.32421875 0.00859375 0.0390625
0 0.45859375 0.33359375 0.0078125 0.0359375
0 0.45078125 0.34296875 0.00703125 0.03515625
0 0.45859375 0.3609375 0.00859375 0.03125
0 0.45 0.36875 0.0078125 0.0296875
0 0.44296875 0.37578125 0.00703125 0.02890625
0 0.43203125 0.38125 0.01484375 0.025
0 0.42109375 0.38671875 0.00546875 0.025
0 0.415625 0.39296875 0.00546875 0.02421875
0 0.41015625 0.3984375 0.0046875 0.021875
0 0.40546875 0.403125 0.0046875 0.021875
0 0.40078125 0.4078125 0.00390625 0.02109375
0 0.39609375 0.41171875 0.00390625 0.0203125
0 0.43046875 0.46171875 0.015625 0.02578125
0 0.4203125 0.465625 0.00546875 0.025
0 0.4140625 0.46875 0.00546875 0.02421875
0 0.4234375 0.4453125 0.0234375 0.028125
0 0.40859375 0.471875 0.00546875 0.0234375
0 0.40390625 0.475 0.0046875 0.021875
0 0.39921875 0.478125 0.0046875 0.021875
0 0.39453125 0.48046875 0.00390625 0.02109375
0 0.409375 0.44921875 0.0046875 0.02578125
0 0.4046875 0.453125 0.0046875 0.02578125
0 0.39921875 0.45625 0.00390625 0.02421875
3 0.66875 0.615625 0.040625 0.01171875
3 0.9578125 0.428125 0.04296875 0.0265625
3 0.7125 0.47890625 0.00078125 0.01015625
3 0.8203125 0.63046875 0.03203125 0.01640625
3 0.7 0.61796875 0.04296875 0.01171875
3 0.57578125 0.60625 0.02890625 0.009375
3 0.63046875 0.49609375 0.02734375 0.01171875
3 0.65625 0.49140625 0.03828125 0.01328125
3 0.9171875 0.63203125 0.0703125 0.00625
3 0.97578125 0.64609375 0.04765625 0.02421875
0 0.6140625 0.49453125 0.01796875 0.01953125
0 0.60078125 0.49609375 0.00859375 0.01875
0 0.59296875 0.4984375 0.00703125 0.01875
0 0.59765625 0.48046875 0.01640625 0.01875
0 0.6140625 0.43671875 0.01796875 0.01953125
0 0.60078125 0.43984375 0.00859375 0.01875
0 0.5921875 0.44296875 0.0078125 0.01875
0 0.58515625 0.44609375 0.00703125 0.01796875
0 0.57734375 0.4484375 0.00703125 0.01640625
0 0.5703125 0.44921875 0.00625 0.01328125
0 0.56328125 0.44921875 0.00625 0.00859375
0 0.7046875 0.4140625 0.02265625 0.02421875
0 0.6859375 0.41796875 0.01328125 0.02421875
0 0.65859375 0.42734375 0.0046875 0.02109375
0 0.67578125 0.42109375 0.00703125 0.021875
0 0.68046875 0.40234375 0.01640625 0.01953125
0 0.65859375 0.4109375 0.00390625 0.0140625
0 0.65078125 0.41328125 0.01015625 0.015625
0 0.640625 0.41796875 0.01015625 0.015625
0 0.65078125 0.4296875 0.01015625 0.021875
0 0.640625 0.43359375 0.01015625 0.021875
0 0.63046875 0.43671875 0.009375 0.02109375
3 0.34296875 0.90390625 0.3 0.190625