2 0.31875 0.5015625 0.0390625 0.11328125
3 0.13046875 0.68125 0.07734375 0.06796875
3 0.18359375 0.50546875 0.04609375 0.02578125
3 0.13828125 0.55390625 0.05859375 0.03046875
3 0.115625 0.58125 0.08203125 0.04140625
3 0.10234375 0.615625 0.06953125 0.0515625
3 0.0515625 0.5078125 0.103125 0.0453125
3 0.03203125 0.5375 0.06328125 0.0640625
3 0.190625 0.57109375 0.04453125 0.03203125
3 0.13046875 0.4515625 0.06796875 0.0234375
3 0.10859375 0.46484375 0.08359375 0.03359375
3 0.06328125 0.796875 0.10625 0.0953125
0 0.0265625 0.6390625 0.053125 0.0859375
0 0.03046875 0.6984375 0.06015625 0.09296875
0 0.065625 0.66796875 0.02421875 0.071875
0 0.08046875 0.64609375 0.0234375 0.06640625
0 0.03515625 0.6140625 0.0703125 0.07109375
0 0.0421875 0.34296875 0.08203125 0.05546875
0 0.08671875 0.34375 0.01953125 0.04921875
0 0.1109375 0.3453125 0.01484375 0.04296875
0 0.09921875 0.34453125 0.01640625 0.0453125
0 0.06796875 0.296875 0.0703125 0.0515625
0 0.10546875 0.3015625 0.015625 0.04609375
0 0.11640625 0.3046875 0.0140625 0.04296875
0 0.12578125 0.30703125 0.0125 0.040625
0 0.12109375 0.34609375 0.01328125 0.040625
0 0.13046875 0.34609375 0.0125 0.0390625
0 0.13828125 0.34609375 0.0109375 0.03671875
0 0.1453125 0.33359375 0.0265625 0.034375
0 0.16015625 0.334375 0.00859375 0.03203125
0 0.165625 0.3359375 0.00859375 0.03046875
0 0.17109375 0.3359375 0.00703125 0.0296875
0 0.17578125 0.33671875 0.00703125 0.02890625
0 0.18046875 0.3375 0.00625 0.0265625
0 0.184375 0.33828125 0.00546875 0.02578125
0 0.146875 0.43203125 0.0421875 0.03046875
0 0.1546875 0.43046875 0.03828125 0.03203125
0 0.175 0.42734375 0.00703125 0.03046875
0 0.15703125 0.3984375 0.03828125 0.03125
0 0.1796875 0.42421875 0.00703125 0.0296875
0 0.184375 0.421875 0.00625 0.02890625
0 0.18828125 0.41953125 0.00625 0.0265625
0 0.1921875 0.4171875 0.00546875 0.0265625
0 0.1640625 0.39609375 0.0328125 0.02890625
0 0.16875 0.39453125 0.03203125 0.028125
0 0.175 0.39296875 0.02890625 0.0265625
3 0.034375 0.92421875 0.06796875 0.1453125
3 0.4859375 0.58046875 0.04140625 0.03515625
3 0.834375 0.584375 0.16171875 0.1140625
3 0.73359375 0.534375 0.13203125 0.0765625
3 0.5296875 0.44921875 0.0578125 0.0265625
3 0.5546875 0.46015625 0.0625 0.03125
3 0.5875 0.4765625 0.06953125 0.0390625
3 0.43984375 0.521875 0.02890625 0.02109375
3 0.465625 0.425 0.040625 0.01640625
3 0.4765625 0.43046875 0.04140625 0.01953125
3 0.52265625 0.63515625 0.04609375 0.0515625
0 0.79921875 0.7765625 0.1 0.134375
0 0.46171875 0.48828125 0.01015625 0.00859375
0 0.45703125 0.4859375 0.00703125 0.009375
0 0.4578125 0.4796875 0.01015625 0.009375
0 0.4484375 0.47890625 0.01015625 0.00703125
3 0.63203125 0.78515625 0.075 0.1
3 0.5609375 0.68671875 0.06015625 0.06015625
3 0.70234375 0.86875 0.11484375 0.13515625
3 0.76171875 0.9359375 0.08984375 0.1265625
3 0.49609375 0.52890625 0.0421875 0.03203125
0 0.703125 0.68828125 0.06484375 0.096875
0 0.67421875 0.6703125 0.05859375 0.07421875
0 0.63515625 0.64375 0.02578125 0.078125
0 0.67734375 0.61171875 0.06015625 0.08359375
0 0.54609375 0.52109375 0.03515625 0.046875
0 0.54609375 0.55859375 0.03515625 0.04375
0 0.5234375 0.55 0.01015625 0.040625
0 0.5140625 0.53984375 0.00859375 0.040625
0 0.5359375 0.51328125 0.0328125 0.04453125
0 0.509375 0.346875 0.03046875 0.03359375
0 0.490625 0.34765625 0.00703125 0.03203125
0 0.4765625 0.3484375 0.00625 0.0296875
0 0.4828125 0.3484375 0.00703125 0.0296875
0 0.49375 0.31640625 0.028125 0.03125
0 0.47578125 0.31875 0.00625 0.0296875
0 0.4703125 0.31953125 0.00546875 0.02890625
0 0.4640625 0.32109375 0.00546875 0.028125
0 0.4703125 0.3484375 0.00625 0.02890625
0 0.4640625 0.3484375 0.00546875 0.0265625
0 0.459375 0.3484375 0.0046875 0.0265625
0 0.453125 0.3390625 0.015625 0.025
0 0.44296875 0.33984375 0.00390625 0.02421875
0 0.4390625 0.340625 0.00390625 0.0234375
0 0.43515625 0.340625 0.00390625 0.021875
0 0.43125 0.34140625 0.00390625 0.02109375
0 0.428125 0.34140625 0.003125 0.02109375
0 0.425 0.34140625 0.003125 0.0203125
0 0.45703125 0.40859375 0.02109375 0.01796875
0 0.45234375 0.41015625 0.0203125 0.02421875
0 0.43984375 0.409375 0.00390625 0.021875
0 0.44765625 0.38671875 0.02109375 0.021875
0 0.4359375 0.40859375 0.00390625 0.021875
0 0.4328125 0.40703125 0.00390625 0.02109375
0 0.42890625 0.40546875 0.003125 0.0203125
0 0.42578125 0.40390625 0.003125 0.0203125
0 0.44296875 0.3859375 0.01796875 0.021875
0 0.43359375 0.3859375 0.00546875 0.02109375
0 0.4359375 0.384375 0.01796875 0.0203125
3 0.96171875 0.45625 0.07578125 0.02890625
3 0.59453125 0.4484375 0.02421875 0.01171875
3 0.65078125 0.46796875 0.03515625 0.01640625
3 0.67578125 0.475 0.0390625 0.01875
3 0.7015625 0.484375 0.04140625 0.0203125
3 0.7421875 0.42265625 0.046875 0.015625
3 0.7765625 0.428125 0.05546875 0.01875
3 0.8203125 0.43515625 0.05703125 0.0203125
3 0.65078125 0.40859375 0.034375 0.01171875
3 0.67109375 0.41171875 0.03828125 0.01171875
0 0.9671875 0.55859375 0.04921875 0.05
0 0.61484375 0.45 0.015625 0.01875
3 0.96953125 0.665625 0.01953125 0.03359375
3 0.98203125 0.678125 0.03515625 0.04609375
3 0.88515625 0.546875 0.06796875 0.03203125
0 0.82109375 0.5140625 0.03359375 0.03671875
0 0.80234375 0.509375 0.03046875 0.03203125
0 0.7796875 0.503125 0.01953125 0.03359375
0 0.80546875 0.48125 0.03125 0.034375
0 0.765625 0.47109375 0.02890625 0.03046875
0 0.7640625 0.49765625 0.028125 0.02890625
0 0.74375 0.49296875 0.015625 0.0265625
0 0.73046875 0.48671875 0.01484375 0.0296875
0 0.75078125 0.46796875 0.02578125 0.0296875
0 0.63125 0.4 0.01328125 0.01875
0 0.62109375 0.39921875 0.00703125 0.01875
0 0.61328125 0.3984375 0.00703125 0.01796875
0 0.609375 0.39765625 0.00078125 0.015625
0 0.59765625 0.39609375 0.0015625 0.015625
0 0.59375 0.3953125 0.00625 0.01640625
0 0.5875 0.39453125 0.00546875 0.01640625
0 0.634375 0.34296875 0.01328125 0.01875
0 0.6234375 0.34296875 0.0078125 0.01875
0 0.61640625 0.34296875 0.00703125 0.01796875
0 0.61171875 0.34140625 0.00234375 0.01484375
0 0.6 0.34375 0.00234375 0.01640625
0 0.59609375 0.34375 0.00625 0.01640625
0 0.5890625 0.34375 0.00546875 0.015625
0 0.72109375 0.34921875 0.02578125 0.02421875
0 0.703125 0.34921875 0.01328125 0.0234375
0 0.68046875 0.34921875 0.01171875 0.02109375
0 0.690625 0.35 0.01171875 0.021875
0 0.6984375 0.3265625 0.0234375 0.021875
0 0.68125 0.328125 0.01171875 0.021875
0 0.67109375 0.328125 0.0109375 0.02109375
0 0.6609375 0.32890625 0.01015625 0.02109375
0 0.66953125 0.35 0.01015625 0.0203125
0 0.66015625 0.35 0.01015625 0.0203125
0 0.65234375 0.35 0.00703125 0.0203125