3 0.459375 0.7203125 0.06796875 0.05703125
3 0.95546875 0.51953125 0.0875 0.0390625
3 0.303125 0.584375 0.04921875 0.0265625
3 0.4109375 0.61171875 0.06640625 0.03828125
3 0.45859375 0.61953125 0.06796875 0.04140625
3 0.5078125 0.63359375 0.06796875 0.05
3 0.57421875 0.50625 0.06796875 0.0265625
3 0.6375 0.509375 0.08046875 0.0296875
3 0.72890625 0.5140625 0.09296875 0.03203125
3 0.73359375 0.8265625 0.09375 0.10546875
3 0.5078125 0.7390625 0.0703125 0.06484375
3 0.3109375 0.6640625 0.05703125 0.03828125
3 0.40625 0.496875 0.065625 0.0203125
3 0.4421875 0.49921875 0.0671875 0.021875
3 0.5796875 0.76953125 0.075 0.078125
0 0.97890625 0.71640625 0.04140625 0.09453125
0 0.3421875 0.584375 0.03359375 0.04140625
3 0.865625 0.8765625 0.13046875 0.12890625
3 0.95859375 0.9125 0.08203125 0.115625
3 0.87109375 0.71171875 0.134375 0.084375
0 0.7375 0.665625 0.03984375 0.08046875
0 0.7 0.665625 0.0359375 0.06171875
0 0.665625 0.65078125 0.03359375 0.0734375
0 0.70078125 0.60546875 0.03671875 0.07109375
0 0.6265625 0.59375 0.03515625 0.0640625
0 0.62578125 0.64453125 0.03515625 0.06484375
0 0.59453125 0.64296875 0.02734375 0.05390625
0 0.56796875 0.63125 0.02578125 0.0640625
0 0.5984375 0.58984375 0.034375 0.0609375
0 0.3734375 0.484375 0.03515625 0.0359375
0 0.34921875 0.484375 0.0140625 0.03515625
0 0.33515625 0.484375 0.01328125 0.03359375
0 0.3453125 0.44921875 0.034375 0.034375
0 0.321875 0.48359375 0.01328125 0.03359375
0 0.309375 0.4828125 0.0125 0.03203125
0 0.29765625 0.48203125 0.01171875 0.03125
0 0.2859375 0.48203125 0.01171875 0.03046875
0 0.321875 0.44921875 0.01328125 0.03203125
0 0.30859375 0.45078125 0.0125 0.03203125
0 0.296875 0.45078125 0.01171875 0.03046875
0 0.37421875 0.375 0.03515625 0.0390625
0 0.34921875 0.37578125 0.01484375 0.03515625
0 0.33515625 0.378125 0.01328125 0.03515625
0 0.321875 0.38046875 0.01328125 0.034375
0 0.30859375 0.38125 0.0125 0.03359375
0 0.296875 0.38359375 0.01171875 0.03203125
0 0.28515625 0.38515625 0.0109375 0.03125
0 0.528125 0.36875 0.03671875 0.046875
0 0.4984375 0.371875 0.02265625 0.0453125
0 0.45625 0.37734375 0.01953125 0.04140625
0 0.4765625 0.37421875 0.0203125 0.04375
0 0.484375 0.33203125 0.0359375 0.0453125
0 0.45546875 0.3359375 0.01953125 0.04453125
0 0.43671875 0.3390625 0.01875 0.04375
0 0.41796875 0.34296875 0.0171875 0.04296875
0 0.43671875 0.3796875 0.01875 0.040625
0 0.41796875 0.38203125 0.01796875 0.03984375
0 0.40078125 0.38359375 0.01640625 0.03984375