2 0.021875 0.91796875 0.04296875 0.16328125
3 0.4234375 0.63359375 0.06015625 0.05390625
3 0.8671875 0.4109375 0.1 0.03359375
3 0.8078125 0.41171875 0.09453125 0.034375
3 0.546875 0.41640625 0.053125 0.0390625
3 0.6015625 0.415625 0.06796875 0.03515625
3 0.665625 0.4171875 0.07421875 0.03203125
3 0.196875 0.6359375 0.0859375 0.0546875
3 0.34375 0.42109375 0.07109375 0.03984375
3 0.39609375 0.4203125 0.06328125 0.040625
3 0.54921875 0.634375 0.05859375 0.05390625
0 0.840625 0.52578125 0.05703125 0.05703125
0 0.3046875 0.53671875 0.01796875 0.02109375
0 0.28515625 0.540625 0.02109375 0.0234375
0 0.275 0.53046875 0.0203125 0.03046875
0 0.23671875 0.53828125 0.02265625 0.02109375
0 0.26015625 0.5328125 0.02109375 0.02109375
3 0.721875 0.63203125 0.0765625 0.053125
3 0.62265625 0.63359375 0.06640625 0.053125
3 0.784375 0.63828125 0.0640625 0.03828125
3 0.83671875 0.63515625 0.06875 0.04296875
3 0.4796875 0.54296875 0.04921875 0.05390625
0 0.7890625 0.52421875 0.02890625 0.0546875
0 0.7578125 0.52421875 0.04296875 0.05703125
0 0.73359375 0.52421875 0.04375 0.05703125
0 0.7609375 0.4859375 0.0484375 0.05625
0 0.58984375 0.4875 0.03046875 0.05625
0 0.590625 0.53515625 0.025 0.0390625
0 0.565625 0.52890625 0.02734375 0.0515625
0 0.54140625 0.5265625 0.02734375 0.05859375
0 0.565625 0.4875 0.0296875 0.05625
0 0.49765625 0.28515625 0.02734375 0.05
0 0.4703125 0.28515625 0.028125 0.05
0 0.415625 0.2859375 0.02890625 0.04921875
0 0.44296875 0.2859375 0.028125 0.04921875
0 0.44296875 0.234375 0.03203125 0.05078125
0 0.41328125 0.234375 0.02890625 0.05078125
0 0.38515625 0.234375 0.03046875 0.05078125
0 0.3578125 0.234375 0.03046875 0.05078125
0 0.38828125 0.2859375 0.0296875 0.04921875
0 0.3609375 0.2859375 0.0296875 0.04921875
0 0.33359375 0.28515625 0.03046875 0.05
0 0.27578125 0.265625 0.05 0.05078125
0 0.23828125 0.265625 0.034375 0.05078125
0 0.21015625 0.265625 0.034375 0.05078125
0 0.18203125 0.265625 0.03515625 0.05078125
0 0.15390625 0.265625 0.0359375 0.05078125
0 0.12578125 0.265625 0.0359375 0.05078125
0 0.09765625 0.265625 0.03671875 0.05078125
0 0.284375 0.40625 0.03828125 0.0546875
0 0.26015625 0.40625 0.04453125 0.0546875
0 0.22734375 0.41171875 0.03203125 0.04375
0 0.23125 0.36328125 0.05234375 0.0515625
0 0.20078125 0.41171875 0.03203125 0.04375
0 0.175 0.41171875 0.0328125 0.04375
0 0.1484375 0.41171875 0.0328125 0.04453125
0 0.121875 0.4078125 0.03359375 0.053125
0 0.20234375 0.36328125 0.04765625 0.0515625
0 0.17578125 0.36328125 0.05078125 0.0515625
0 0.15 0.36328125 0.05234375 0.0515625
3 0.4578125 0.45546875 0.02734375 0.0109375
3 0.67265625 0.33671875 0.03515625 0.01171875
3 0.64375 0.33671875 0.0359375 0.0109375
3 0.33828125 0.40234375 0.03515625 0.0140625
3 0.428125 0.403125 0.03046875 0.01484375
3 0.4578125 0.4015625 0.02890625 0.01484375
3 0.48671875 0.403125 0.02265625 0.01640625
3 0.51796875 0.3390625 0.02421875 0.01328125
3 0.54453125 0.3390625 0.02890625 0.01171875
3 0.575 0.3390625 0.03203125 0.01171875
3 0.575 0.45390625 0.03046875 0.009375
3 0.48515625 0.45546875 0.02734375 0.0109375
3 0.34453125 0.45625 0.03359375 0.0109375
3 0.42265625 0.340625 0.02734375 0.0140625
3 0.44765625 0.33984375 0.02578125 0.01328125
3 0.52109375 0.45546875 0.028125 0.0109375
0 0.64296875 0.3921875 0.01953125 0.01796875
0 0.3734375 0.39375 0.021875 0.01796875
3 0.61015625 0.45546875 0.02890625 0.01171875
3 0.6375 0.4546875 0.0296875 0.0109375
3 0.66484375 0.4546875 0.0296875 0.0109375
3 0.61328125 0.39921875 0.03046875 0.0109375
0 0.57890625 0.390625 0.01171875 0.01484375
0 0.56640625 0.39140625 0.01328125 0.015625
0 0.55390625 0.3953125 0.01328125 0.02421875
0 0.56640625 0.375 0.0140625 0.02421875
0 0.53984375 0.375 0.0125 0.02421875
0 0.53984375 0.39375 0.01171875 0.01171875
0 0.52890625 0.39765625 0.01171875 0.01953125
0 0.52109375 0.3953125 0.003125 0.02421875
0 0.528125 0.375 0.0125 0.02421875
0 0.39609375 0.33671875 0.015625 0.01640625
0 0.38203125 0.33671875 0.0125 0.01640625
0 0.36953125 0.33671875 0.0125 0.01640625
0 0.3578125 0.33671875 0.01328125 0.01640625
0 0.3453125 0.33671875 0.01328125 0.01640625
0 0.33359375 0.33671875 0.0125 0.01640625
0 0.32109375 0.33671875 0.0125 0.01640625
0 0.315625 0.26640625 0.0125 0.021875
0 0.4703125 0.25078125 0.01328125 0.01640625
0 0.4609375 0.25078125 0.0046875 0.01640625
3 0.75703125 0.46640625 0.04921875 0.0140625