3 0.40390625 0.73671875 0.06484375 0.06328125
3 0.70546875 0.4859375 0.05078125 0.01484375
3 0.675 0.4875 0.05546875 0.015625
3 0.065625 0.6953125 0.13125 0.075
3 0.3390625 0.646875 0.0703125 0.05390625
3 0.40390625 0.63203125 0.065625 0.046875
3 0.46171875 0.621875 0.05859375 0.04453125
3 0.5125 0.49921875 0.05703125 0.021875
3 0.55234375 0.496875 0.06015625 0.01953125
3 0.59609375 0.49453125 0.05390625 0.01796875
3 0.59921875 0.67890625 0.05859375 0.04296875
3 0.45703125 0.7203125 0.06328125 0.05703125
3 0.07265625 0.83671875 0.13828125 0.10859375
3 0.328125 0.5109375 0.0609375 0.0296875
3 0.38515625 0.50703125 0.05859375 0.028125
3 0.51953125 0.70390625 0.06171875 0.0515625
0 0.6796875 0.5703125 0.0328125 0.03359375
0 0.18515625 0.65859375 0.06953125 0.06796875
3 0.6421875 0.66875 0.05625 0.03203125
3 0.68125 0.6609375 0.03828125 0.0265625
3 0.70859375 0.6515625 0.0375 0.02421875
3 0.6421875 0.58671875 0.05390625 0.0234375
0 0.6078125 0.58359375 0.015625 0.04140625
0 0.58515625 0.58671875 0.03046875 0.040625
0 0.5734375 0.5890625 0.021875 0.04453125
0 0.58515625 0.553125 0.03125 0.040625
0 0.546875 0.55859375 0.03046875 0.04296875
0 0.55390625 0.596875 0.01640625 0.03828125
0 0.5359375 0.6 0.01796875 0.0390625
0 0.51328125 0.59921875 0.02734375 0.0484375
0 0.5296875 0.5609375 0.03046875 0.04375
0 0.25703125 0.49921875 0.03828125 0.053125
0 0.22109375 0.5015625 0.04140625 0.0546875
0 0.18203125 0.50390625 0.03984375 0.0546875
0 0.1859375 0.45 0.05078125 0.05390625
0 0.1421875 0.50625 0.04296875 0.05625
0 0.09921875 0.5078125 0.04609375 0.05859375
0 0.05390625 0.509375 0.04921875 0.06015625
0 0.015625 0.509375 0.03125 0.065625
0 0.13984375 0.45 0.04296875 0.05546875
0 0.096875 0.45 0.04609375 0.05703125
0 0.0515625 0.44921875 0.04921875 0.06015625
0 0.25546875 0.3453125 0.0390625 0.05390625
0 0.21796875 0.34140625 0.03828125 0.0546875
0 0.1796875 0.3375 0.03984375 0.05625
0 0.1390625 0.33359375 0.04296875 0.059375
0 0.09609375 0.32890625 0.046875 0.06171875
0 0.04921875 0.32421875 0.04921875 0.0640625
0 0.01328125 0.32109375 0.0265625 0.0640625
0 0.4796875 0.38359375 0.02109375 0.04140625
0 0.45703125 0.38203125 0.02265625 0.04296875
0 0.409375 0.37890625 0.025 0.04453125
0 0.434375 0.38046875 0.0234375 0.04296875
0 0.43359375 0.33828125 0.0234375 0.04453125
0 0.409375 0.33515625 0.02578125 0.04609375
0 0.38359375 0.33125 0.02578125 0.0484375
0 0.35546875 0.328125 0.0296875 0.04921875
0 0.38359375 0.3765625 0.02578125 0.0453125
0 0.35703125 0.37421875 0.02734375 0.046875
0 0.328125 0.371875 0.0296875 0.04921875
3 0.865625 0.65859375 0.06484375 0.04453125