3 0.41875 0.67265625 0.053125 0.06953125
3 0.759375 0.42109375 0.06640625 0.03515625
3 0.72109375 0.42734375 0.0671875 0.03828125
3 0.14296875 0.6515625 0.103125 0.08125
3 0.35390625 0.609375 0.0625 0.06875
3 0.41484375 0.59140625 0.05625 0.0640625
3 0.4703125 0.58125 0.05078125 0.06640625
3 0.525 0.4609375 0.0546875 0.05
3 0.56953125 0.453125 0.0625 0.04375
3 0.62109375 0.44765625 0.0609375 0.03984375
3 0.6140625 0.62109375 0.0578125 0.05625
3 0.46796875 0.65859375 0.05390625 0.065625
3 0.16953125 0.740625 0.09140625 0.08828125
3 0.33515625 0.49609375 0.06015625 0.06328125
3 0.38984375 0.4875 0.053125 0.06015625
3 0.53125 0.64453125 0.0515625 0.06171875
0 0.715625 0.51484375 0.0375 0.04296875
0 0.2296875 0.6234375 0.05625 0.06328125
3 0.6625 0.6109375 0.05859375 0.0453125
3 0.70703125 0.60625 0.04375 0.03203125
3 0.74140625 0.5953125 0.04453125 0.03125
3 0.66875 0.5328125 0.06171875 0.03984375
0 0.6265625 0.5328125 0.01953125 0.053125
0 0.603125 0.5390625 0.03046875 0.05
0 0.5875 0.54140625 0.02578125 0.0546875
0 0.6046875 0.50625 0.0328125 0.0515625
0 0.5625 0.51484375 0.02890625 0.05390625
0 0.56484375 0.55625 0.01953125 0.03515625
0 0.54296875 0.55546875 0.02578125 0.04609375
0 0.52265625 0.5546875 0.028125 0.05703125
0 0.5421875 0.51875 0.0296875 0.0546875
0 0.27265625 0.4890625 0.04296875 0.06796875
0 0.240625 0.49453125 0.04140625 0.06875
0 0.20703125 0.51015625 0.0390625 0.0484375
0 0.20546875 0.45546875 0.05390625 0.06875
0 0.175 0.515625 0.040625 0.04921875
0 0.1421875 0.5203125 0.04296875 0.05
0 0.1078125 0.52578125 0.04453125 0.05
0 0.07265625 0.52109375 0.04765625 0.0734375
0 0.1703125 0.46015625 0.05078125 0.0703125
0 0.13671875 0.4640625 0.05546875 0.07109375
0 0.10234375 0.46875 0.059375 0.0734375
0 0.2546875 0.35390625 0.04765625 0.06328125
0 0.21953125 0.35625 0.046875 0.0640625
0 0.18671875 0.35859375 0.0515625 0.065625
0 0.15234375 0.3609375 0.05546875 0.06640625
0 0.11640625 0.3640625 0.06171875 0.06875
0 0.07890625 0.3671875 0.06484375 0.06953125
0 0.04140625 0.36953125 0.07109375 0.07109375
0 0.48203125 0.353125 0.03046875 0.05390625
0 0.46015625 0.3546875 0.02578125 0.05546875
0 0.40859375 0.36484375 0.028125 0.04609375
0 0.43515625 0.36171875 0.02734375 0.04609375
0 0.43203125 0.31328125 0.0296875 0.05390625
0 0.40625 0.31484375 0.02890625 0.05546875
0 0.378125 0.31640625 0.03046875 0.05546875
0 0.35 0.31875 0.0328125 0.05703125
0 0.38125 0.3625 0.0296875 0.05625
0 0.35390625 0.36953125 0.03125 0.0484375
0 0.325 0.36640625 0.03359375 0.0609375
3 0.921875 0.6578125 0.08515625 0.08203125