2 0.0765625 0.72578125 0.15234375 0.2890625
3 0.43828125 0.60078125 0.05625 0.05546875
3 0.90625 0.465625 0.11484375 0.059375
3 0.82890625 0.45703125 0.10234375 0.05546875
3 0.54375 0.42890625 0.05234375 0.04921875
3 0.596875 0.434375 0.0609375 0.046875
3 0.6640625 0.44375 0.0703125 0.04375
3 0.2703125 0.565625 0.06171875 0.046875
3 0.37265625 0.4140625 0.06328125 0.04296875
3 0.4140625 0.41875 0.0609375 0.04453125
3 0.54375 0.62578125 0.05234375 0.0609375
0 0.865625 0.58359375 0.0609375 0.0734375
0 0.34609375 0.5015625 0.01640625 0.01953125
0 0.33046875 0.503125 0.0171875 0.01953125
0 0.32421875 0.49296875 0.0171875 0.02421875
0 0.29609375 0.4953125 0.0171875 0.01875
0 0.31328125 0.49296875 0.01640625 0.01875
3 0.72265625 0.6625 0.071875 0.07109375
3 0.6171875 0.640625 0.05546875 0.06484375
3 0.7890625 0.68125 0.07109375 0.0640625
3 0.85390625 0.69296875 0.08046875 0.0703125
3 0.4828125 0.53359375 0.05078125 0.05703125
0 0.79765625 0.56875 0.03515625 0.065625
0 0.76640625 0.56328125 0.03984375 0.06796875
0 0.7375 0.559375 0.0421875 0.06640625
0 0.7703125 0.52578125 0.04765625 0.06640625
0 0.58515625 0.49921875 0.025 0.06015625
0 0.58359375 0.54609375 0.02421875 0.03828125
0 0.5609375 0.5421875 0.02265625 0.03828125
0 0.5390625 0.528125 0.02265625 0.059375
0 0.5625 0.49609375 0.02421875 0.059375
0 0.49765625 0.30625 0.02421875 0.0515625
0 0.4765625 0.30546875 0.03046875 0.05078125
0 0.42734375 0.30625 0.02421875 0.04375
0 0.45 0.30703125 0.02421875 0.04453125
0 0.453125 0.2609375 0.03359375 0.0484375
0 0.4296875 0.2609375 0.03359375 0.046875
0 0.40625 0.26015625 0.0328125 0.04609375
0 0.38515625 0.259375 0.034375 0.04609375
0 0.4046875 0.3046875 0.02421875 0.04296875
0 0.3828125 0.30390625 0.0234375 0.04296875
0 0.36171875 0.29921875 0.0234375 0.046875
0 0.32109375 0.28125 0.04140625 0.04609375
0 0.29921875 0.28125 0.03828125 0.0453125
0 0.27890625 0.2796875 0.0375 0.04453125
0 0.26015625 0.27890625 0.0375 0.04453125
0 0.24296875 0.278125 0.04140625 0.04375
0 0.2234375 0.27734375 0.0375 0.04375
0 0.2078125 0.2765625 0.04140625 0.04296875
0 0.33125 0.39609375 0.03828125 0.04921875
0 0.3109375 0.39375 0.03515625 0.0484375
0 0.2859375 0.39765625 0.021875 0.0359375
0 0.290625 0.35703125 0.04140625 0.046875
0 0.26796875 0.39609375 0.021875 0.0359375
0 0.25 0.39375 0.021875 0.03515625
0 0.2328125 0.39140625 0.021875 0.03515625
0 0.21640625 0.38671875 0.021875 0.04140625
0 0.2703125 0.35546875 0.03828125 0.04609375
0 0.25234375 0.35390625 0.03828125 0.0453125
0 0.23515625 0.35234375 0.03828125 0.0453125
3 0.50078125 0.4171875 0.01640625 0.00625
3 0.734375 0.3265625 0.04140625 0.01796875
3 0.69765625 0.32421875 0.03203125 0.01640625
3 0.40078125 0.36640625 0.03125 0.015625
3 0.478125 0.37421875 0.03046875 0.01796875
3 0.503125 0.37578125 0.02578125 0.01796875
3 0.53359375 0.37890625 0.02265625 0.0203125
3 0.565625 0.31796875 0.02578125 0.01484375
3 0.5921875 0.31953125 0.0296875 0.01484375
3 0.625 0.321875 0.03203125 0.01328125
3 0.628125 0.43046875 0.003125 0.00546875
0 0.696875 0.3859375 0.0203125 0.028125
0 0.4296875 0.3640625 0.01953125 0.0234375
3 0.6625 0.38828125 0.03359375 0.01953125
0 0.62578125 0.3796875 0.01328125 0.02578125
0 0.61328125 0.37890625 0.01328125 0.025
0 0.60078125 0.37734375 0.01328125 0.0265625
0 0.6140625 0.3640625 0.01328125 0.0140625
0 0.5859375 0.3625 0.01171875 0.0140625
0 0.58515625 0.37890625 0.01171875 0.01953125
0 0.5734375 0.378125 0.01171875 0.01953125
0 0.5625 0.37421875 0.01171875 0.02578125
0 0.57421875 0.36171875 0.01171875 0.0140625
0 0.54375 0.25546875 0.0125 0.0234375
0 0.53203125 0.25546875 0.01328125 0.0234375
0 0.50625 0.25546875 0.0078125 0.02109375
0 0.52109375 0.25625 0.0078125 0.02109375
0 0.52578125 0.2328125 0.003125 0.0234375
0 0.50625 0.23203125 0.0078125 0.021875
0 0.496875 0.23203125 0.01328125 0.021875
0 0.484375 0.23203125 0.01171875 0.021875
0 0.49609375 0.25546875 0.01171875 0.02109375
0 0.484375 0.2546875 0.0109375 0.0203125
0 0.47421875 0.25390625 0.00859375 0.021875
3 0.82578125 0.5015625 0.03984375 0.01015625