2 0.184375 0.56953125 0.0765625 0.1796875
3 0.465625 0.67578125 0.065625 0.046875
3 0.53046875 0.37734375 0.05234375 0.05
3 0.60078125 0.3421875 0.08828125 0.06796875
3 0.73125 0.278125 0.1734375 0.1140625
3 0.3875 0.62109375 0.0375 0.0234375
3 0.4140625 0.434375 0.02421875 0.02421875
3 0.44765625 0.42421875 0.0578125 0.0296875
3 0.56015625 0.74609375 0.11171875 0.090625
0 0.41953125 0.5515625 0.00546875 0.009375
0 0.4140625 0.5515625 0.01484375 0.009375
0 0.4015625 0.54921875 0.009375 0.00859375
3 0.934375 0.9578125 0.07734375 0.0828125
3 0.675 0.83984375 0.16484375 0.14609375
3 0.4875 0.56484375 0.06953125 0.0296875
0 0.99609375 0.59921875 0.0078125 0.1671875
0 0.60546875 0.48203125 0.06953125 0.0765625
0 0.60625 0.559375 0.0703125 0.07890625
0 0.55859375 0.55703125 0.02578125 0.07109375
0 0.534375 0.55390625 0.02265625 0.065625
0 0.5578125 0.4859375 0.02421875 0.0703125
0 0.5140625 0.2421875 0.05 0.06953125
0 0.48203125 0.25546875 0.01484375 0.05546875
0 0.45546875 0.28515625 0.0109375 0.046875
0 0.46796875 0.27109375 0.0125 0.05078125
0 0.48046875 0.22890625 0.0375 0.0625
0 0.45546875 0.246875 0.0109375 0.0578125
0 0.44453125 0.2609375 0.0109375 0.05390625
0 0.434375 0.27421875 0.009375 0.05
0 0.44453125 0.29921875 0.0109375 0.0421875
0 0.434375 0.309375 0.009375 0.04140625
0 0.42578125 0.31953125 0.00859375 0.0375
0 0.4125 0.3265625 0.0171875 0.034375
0 0.40234375 0.334375 0.00625 0.0328125
0 0.3953125 0.3421875 0.00546875 0.0296875
0 0.38984375 0.34921875 0.00546875 0.02734375
0 0.384375 0.35546875 0.00546875 0.0265625
0 0.3796875 0.3625 0.00390625 0.0265625
0 0.37578125 0.3671875 0.00390625 0.02578125
0 0.4140625 0.43359375 0.01953125 0.0328125
0 0.40078125 0.4375 0.00625 0.034375
0 0.39453125 0.440625 0.00546875 0.03046875
0 0.40625 0.4109375 0.0296875 0.034375
0 0.3890625 0.44453125 0.00546875 0.02890625
0 0.38359375 0.44765625 0.00546875 0.02734375
0 0.3796875 0.44921875 0.00390625 0.0265625
0 0.37421875 0.45234375 0.00390625 0.0265625
0 0.3890625 0.415625 0.00546875 0.0328125
0 0.384375 0.41953125 0.00390625 0.03046875
0 0.3796875 0.4234375 0.00390625 0.0296875
3 0.665625 0.54375 0.03515625 0.0109375
3 0.7078125 0.54609375 0.05234375 0.0125
3 0.7484375 0.54765625 0.05390625 0.01484375
3 0.796875 0.44921875 0.046875 0.01953125
3 0.84765625 0.44296875 0.05546875 0.0203125
3 0.940625 0.42890625 0.0796875 0.0265625
3 0.6625 0.46796875 0.03515625 0.0125
3 0.6953125 0.4640625 0.04765625 0.01484375
0 0.953125 0.54453125 0.0421875 0.0421875
0 0.91796875 0.54296875 0.0296875 0.0390625
0 0.87421875 0.5421875 0.009375 0.0375
0 0.9203125 0.50234375 0.0359375 0.040625
0 0.84921875 0.50546875 0.03515625 0.034375
0 0.85078125 0.540625 0.03515625 0.034375
0 0.82109375 0.540625 0.02421875 0.034375
0 0.7984375 0.53984375 0.02265625 0.0328125
0 0.8203125 0.50546875 0.0234375 0.034375
0 0.64609375 0.46484375 0.01171875 0.02109375
0 0.61953125 0.44140625 0.02109375 0.0109375
0 0.60390625 0.440625 0.009375 0.00546875
0 0.59453125 0.44296875 0.00859375 0.00546875
0 0.5859375 0.44453125 0.00859375 0.00390625
0 0.64140625 0.40390625 0.02109375 0.00625
0 0.7625 0.37421875 0.02890625 0.0203125
0 0.7375 0.38046875 0.01796875 0.015625
0 0.70546875 0.390625 0.01484375 0.01484375
0 0.72109375 0.38515625 0.015625 0.01484375
0 0.68984375 0.39453125 0.0140625 0.01484375
0 0.67578125 0.3984375 0.0125 0.0140625
0 0.6625 0.40234375 0.0125 0.0125