3 0.37421875 0.8046875 0.09140625 0.08671875
3 0.65234375 0.5109375 0.02578125 0.0109375
3 0.62421875 0.5109375 0.046875 0.01171875
3 0.29921875 0.69296875 0.10546875 0.0703125
3 0.3765625 0.6671875 0.090625 0.0546875
3 0.4421875 0.6515625 0.0765625 0.0453125
3 0.4921875 0.5109375 0.06484375 0.01796875
3 0.52734375 0.51171875 0.06171875 0.015625
3 0.56796875 0.51171875 0.04296875 0.01484375
3 0.56953125 0.70546875 0.05859375 0.04140625
3 0.43515625 0.771875 0.08046875 0.0703125
3 0.29296875 0.50546875 0.08828125 0.02890625
3 0.3671875 0.50703125 0.07109375 0.025
3 0.49921875 0.7421875 0.06953125 0.05625
0 0.63046875 0.59140625 0.02734375 0.03125
0 0.05625 0.73046875 0.1125 0.11640625
3 0.60234375 0.69140625 0.05234375 0.02890625
3 0.634375 0.67890625 0.0296875 0.02578125
3 0.65390625 0.66875 0.028125 0.0234375
3 0.6046875 0.60859375 0.040625 0.01875
0 0.578125 0.60546875 0.01171875 0.0390625
0 0.5578125 0.609375 0.02734375 0.0390625
0 0.55 0.6109375 0.01796875 0.04296875
0 0.55546875 0.57265625 0.03359375 0.03828125
0 0.5234375 0.578125 0.0328125 0.04296875
0 0.53359375 0.61796875 0.01484375 0.040625
0 0.51796875 0.621875 0.015625 0.04375
0 0.490625 0.6234375 0.0375 0.05
0 0.50703125 0.58046875 0.03671875 0.04375
0 0.1859375 0.48125 0.05390625 0.07421875
0 0.12734375 0.478125 0.0625 0.08046875
0 0.06015625 0.475 0.0734375 0.08671875
0 0.06484375 0.3921875 0.0796875 0.09140625
0 0.0125 0.47421875 0.02421875 0.0890625
0 0.01328125 0.3859375 0.0265625 0.08984375
0 0.1921875 0.2640625 0.05234375 0.08203125
0 0.13515625 0.24453125 0.06015625 0.08984375
0 0.0703125 0.221875 0.07109375 0.09921875
0 0.01796875 0.20390625 0.0359375 0.09296875
0 0.46484375 0.37734375 0.0203125 0.046875
0 0.44296875 0.3703125 0.021875 0.05
0 0.39296875 0.35546875 0.02734375 0.05546875
0 0.41953125 0.36328125 0.02421875 0.053125
0 0.41953125 0.31640625 0.02421875 0.05625
0 0.39375 0.30625 0.02734375 0.06015625
0 0.36484375 0.29453125 0.0296875 0.06484375
0 0.3265625 0.28125 0.04609375 0.06875
0 0.3640625 0.34609375 0.0296875 0.059375
0 0.3328125 0.33671875 0.03359375 0.06171875
0 0.29140625 0.325 0.04765625 0.06875
3 0.77890625 0.653125 0.053125 0.0265625