2 0.03125 0.59375 0.0625 0.2625
3 0.43203125 0.65625 0.071875 0.0453125
3 0.9375 0.371875 0.12421875 0.046875
3 0.54609375 0.4078125 0.0578125 0.025
3 0.6140625 0.403125 0.07890625 0.028125
3 0.7046875 0.39609375 0.09140625 0.03046875
3 0.27109375 0.621875 0.06328125 0.03046875
3 0.375 0.421875 0.06796875 0.0203125
3 0.41484375 0.41875 0.0703125 0.021875
3 0.5578125 0.68515625 0.07578125 0.05703125
0 0.34765625 0.54140625 0.01875 0.0109375
0 0.33203125 0.540625 0.01875 0.01328125
0 0.32890625 0.53515625 0.01953125 0.01875
0 0.3015625 0.53828125 0.01640625 0.01171875
0 0.31484375 0.53828125 0.009375 0.0109375
3 0.8421875 0.74453125 0.125 0.08828125
3 0.65859375 0.70625 0.0828125 0.06875
3 0.9453125 0.76796875 0.10859375 0.0859375
3 0.4828125 0.55390625 0.0703125 0.03125
0 0.9453125 0.56875 0.05625 0.078125
0 0.8828125 0.565625 0.06875 0.075
0 0.83515625 0.56171875 0.06328125 0.071875
0 0.88203125 0.5 0.0734375 0.06875
0 0.6046875 0.49609375 0.03359375 0.0515625
0 0.6046875 0.546875 0.03359375 0.05546875
0 0.5734375 0.546875 0.02734375 0.0515625
0 0.5453125 0.54375 0.0265625 0.053125
0 0.5734375 0.49609375 0.02734375 0.05
0 0.50390625 0.28125 0.03671875 0.06328125
0 0.4734375 0.28046875 0.0234375 0.046875
0 0.4296875 0.290625 0.0203125 0.04453125
0 0.45078125 0.2859375 0.02109375 0.0453125
0 0.45859375 0.24296875 0.03671875 0.04921875
0 0.4296875 0.24921875 0.0203125 0.0484375
0 0.40859375 0.25546875 0.01953125 0.046875
0 0.38984375 0.2609375 0.01875 0.0453125
0 0.409375 0.2953125 0.01953125 0.04296875
0 0.38984375 0.3 0.01796875 0.040625
0 0.37109375 0.30390625 0.01796875 0.040625
0 0.3421875 0.30234375 0.0375 0.0453125
0 0.315625 0.303125 0.01484375 0.03671875
0 0.3 0.30625 0.01484375 0.0359375
0 0.2859375 0.31015625 0.0140625 0.03515625
0 0.271875 0.31328125 0.01328125 0.034375
0 0.25859375 0.3171875 0.0125 0.034375
0 0.2453125 0.3203125 0.01171875 0.03359375
0 0.34140625 0.415625 0.0375 0.03828125
0 0.31484375 0.41640625 0.01484375 0.03671875
0 0.3 0.41875 0.0140625 0.0359375
0 0.3109375 0.38359375 0.0375 0.03671875
0 0.28515625 0.4203125 0.0140625 0.03515625
0 0.27109375 0.421875 0.01328125 0.034375
0 0.25859375 0.4234375 0.0125 0.03359375
0 0.2453125 0.42421875 0.01171875 0.03359375
0 0.28515625 0.38515625 0.0140625 0.03671875
0 0.27109375 0.3875 0.01328125 0.0359375
0 0.2578125 0.3890625 0.0125 0.03515625
3 0.81875 0.44296875 0.05546875 0.01484375
3 0.77421875 0.44375 0.0484375 0.0140625
3 0.4453125 0.51328125 0.03125 0.00859375
3 0.5203125 0.515625 0.03203125 0.009375
3 0.5453125 0.515625 0.0265625 0.00859375
3 0.6109375 0.45078125 0.0265625 0.009375
3 0.64140625 0.45 0.034375 0.009375
3 0.6796875 0.4484375 0.03671875 0.01015625
3 0.51328125 0.45390625 0.02109375 0.00859375
3 0.54375 0.453125 0.02265625 0.00859375
0 0.77890625 0.5171875 0.0265625 0.0265625
0 0.47265625 0.50859375 0.01953125 0.01875
3 0.7328125 0.52265625 0.04296875 0.01171875
0 0.68515625 0.5140625 0.01484375 0.02421875
0 0.66953125 0.5140625 0.01484375 0.0234375
0 0.65546875 0.51328125 0.0140625 0.0234375
0 0.6703125 0.490625 0.0140625 0.0234375
0 0.6375 0.48984375 0.0140625 0.021875
0 0.6375 0.51328125 0.0140625 0.021875
0 0.62578125 0.51328125 0.00859375 0.021875
0 0.62578125 0.490625 0.0078125 0.02109375
0 0.49296875 0.4515625 0.01328125 0.01484375
0 0.48125 0.45234375 0.009375 0.0140625
0 0.47109375 0.453125 0.009375 0.01328125
0 0.46171875 0.453125 0.00859375 0.0140625
0 0.45234375 0.453125 0.00859375 0.0140625
0 0.44296875 0.45390625 0.00859375 0.01328125
0 0.434375 0.45390625 0.00859375 0.01328125
0 0.49375 0.3890625 0.0125 0.01953125
0 0.48203125 0.390625 0.01015625 0.01875
0 0.471875 0.39140625 0.009375 0.01875
0 0.4625 0.39296875 0.009375 0.01875
0 0.453125 0.39375 0.00859375 0.01875
0 0.44375 0.39453125 0.00859375 0.01875
0 0.43515625 0.39609375 0.00859375 0.01796875
0 0.58671875 0.3859375 0.01171875 0.01875
0 0.57421875 0.3875 0.01171875 0.01796875
0 0.55 0.38984375 0.0109375 0.01640625
0 0.56171875 0.38828125 0.01171875 0.01796875
0 0.5640625 0.36953125 0.01484375 0.02109375
0 0.55 0.37109375 0.0109375 0.02109375
0 0.5390625 0.37265625 0.0109375 0.02109375
0 0.52734375 0.37421875 0.01015625 0.0203125
0 0.5390625 0.39140625 0.0109375 0.01796875
0 0.52734375 0.39140625 0.01015625 0.01484375
0 0.51875 0.39453125 0.00546875 0.01953125