3 0.00703125 0.77265625 0.01328125 0.0734375
3 0.48515625 0.6234375 0.05546875 0.06484375
3 0.95078125 0.68125 0.09765625 0.13515625
3 0.37265625 0.46875 0.04140625 0.03515625
3 0.44765625 0.52734375 0.05390625 0.05078125
3 0.48359375 0.5484375 0.05859375 0.05859375
3 0.5203125 0.57890625 0.06328125 0.06875
3 0.578125 0.49609375 0.0734375 0.06484375
3 0.63125 0.5234375 0.08515625 0.07578125
3 0.70625 0.565625 0.0921875 0.08828125
3 0.68359375 0.80625 0.08359375 0.128125
3 0.5203125 0.65390625 0.06015625 0.0734375
3 0.38046875 0.53046875 0.04296875 0.03984375
3 0.4421875 0.43203125 0.0578125 0.04140625
3 0.46953125 0.44609375 0.06171875 0.04609375
3 0.571875 0.70546875 0.06796875 0.08984375
0 0.94609375 0.8671875 0.10625 0.153125
0 0.39765625 0.48125 0.025 0.04140625
3 0.78046875 0.8953125 0.09765625 0.16484375
3 0.86171875 0.94296875 0.0734375 0.11328125
3 0.96015625 0.98984375 0.02109375 0.01875
3 0.8109375 0.78203125 0.10703125 0.14921875
0 0.70234375 0.68984375 0.046875 0.09453125
0 0.67265625 0.678125 0.04453125 0.0703125
0 0.64140625 0.65 0.03359375 0.08359375
0 0.67734375 0.63203125 0.04453125 0.08046875
0 0.615625 0.59140625 0.040625 0.0703125
0 0.61328125 0.634375 0.03984375 0.06328125
0 0.58359375 0.62265625 0.02265625 0.05078125
0 0.56328125 0.59765625 0.02265625 0.06953125
0 0.59140625 0.578125 0.03515625 0.06640625
0 0.41796875 0.40703125 0.03125 0.04140625
0 0.40625 0.40234375 0.02890625 0.04140625
0 0.3875 0.4015625 0.0109375 0.03203125
0 0.3953125 0.36875 0.03046875 0.0390625
0 0.37734375 0.39609375 0.01015625 0.03125
0 0.36875 0.3921875 0.01015625 0.03046875
0 0.36015625 0.3875 0.01015625 0.03046875
0 0.35234375 0.38203125 0.009375 0.03125
0 0.384375 0.36484375 0.02890625 0.03671875
0 0.375 0.36171875 0.02734375 0.0359375
0 0.36640625 0.35703125 0.02734375 0.03515625
0 0.4140625 0.31171875 0.0328125 0.03984375
0 0.40078125 0.30859375 0.02890625 0.03828125
0 0.390625 0.30625 0.02890625 0.03671875
0 0.38046875 0.30390625 0.028125 0.0359375
0 0.37109375 0.3015625 0.02734375 0.03515625
0 0.36171875 0.29921875 0.02578125 0.034375
0 0.3546875 0.29765625 0.02734375 0.03203125
0 0.540625 0.35859375 0.03984375 0.05390625
0 0.5203125 0.353125 0.0359375 0.053125
0 0.4765625 0.346875 0.01640625 0.04296875
0 0.49296875 0.3515625 0.0171875 0.04453125
0 0.503125 0.3078125 0.03828125 0.04921875
0 0.4859375 0.30546875 0.0359375 0.046875
0 0.46875 0.30234375 0.03359375 0.0453125
0 0.4546875 0.29921875 0.0328125 0.04375
0 0.4609375 0.34296875 0.015625 0.040625
0 0.44609375 0.33828125 0.01484375 0.03984375
0 0.4328125 0.33359375 0.0140625 0.04296875