3 0.94375 0.365625 0.0765625 0.0296875
3 0.9609375 0.3921875 0.07734375 0.04921875
3 0.99375 0.45546875 0.0125 0.0296875
3 0.98125 0.8421875 0.0375 0.1171875
0 0.91953125 0.4609375 0.0375 0.04453125
0 0.91796875 0.49140625 0.01953125 0.04453125
0 0.94609375 0.5046875 0.059375 0.04609375
0 0.95546875 0.52578125 0.06484375 0.0609375
0 0.9546875 0.47578125 0.05859375 0.05859375
0 0.99765625 0.66640625 0.00390625 0.015625
3 0.88046875 0.5390625 0.02890625 0.04140625
3 0.88984375 0.5734375 0.0265625 0.04921875
3 0.9625 0.734375 0.07421875 0.10546875
3 0.92734375 0.62578125 0.07421875 0.07734375
3 0.44609375 0.7078125 0.06953125 0.1
3 0.59765625 0.3140625 0.0328125 0.0234375
3 0.584375 0.32421875 0.040625 0.0265625
3 0.50546875 0.40234375 0.0671875 0.05
3 0.5265625 0.37890625 0.0578125 0.03828125
3 0.55078125 0.3609375 0.0421875 0.03515625
3 0.37734375 0.54453125 0.1140625 0.1109375
3 0.425 0.49453125 0.096875 0.0875
3 0.5125 0.5890625 0.05390625 0.0640625
0 0.59609375 0.38359375 0.0171875 0.0328125
0 0.315625 0.76953125 0.03515625 0.053125
0 0.29921875 0.8109375 0.03828125 0.05859375
0 0.2640625 0.8265625 0.040625 0.07421875
0 0.1984375 0.940625 0.04765625 0.0796875
0 0.23046875 0.87265625 0.0421875 0.06796875
3 0.56875 0.490625 0.03515625 0.0359375
3 0.5390625 0.5421875 0.04453125 0.04609375
3 0.5875 0.46796875 0.01796875 0.0296875
3 0.596875 0.44921875 0.0171875 0.02734375
3 0.48125 0.55625 0.07109375 0.0765625
0 0.5875 0.40078125 0.00546875 0.0328125
0 0.57421875 0.40859375 0.02421875 0.03203125
0 0.56875 0.4125 0.0265625 0.03828125
0 0.57421875 0.38125 0.02578125 0.0328125
0 0.534375 0.44453125 0.0171875 0.04453125
0 0.5375 0.478125 0.00859375 0.04140625
0 0.52890625 0.490625 0.00859375 0.04375
0 0.50703125 0.49921875 0.03515625 0.05625
0 0.51640625 0.45625 0.03515625 0.04921875
0 0.4921875 0.2953125 0.02890625 0.05859375
0 0.48515625 0.30390625 0.01484375 0.0609375
0 0.45078125 0.3234375 0.02109375 0.065625
0 0.46953125 0.31328125 0.0171875 0.0625
0 0.45078125 0.25546875 0.05234375 0.06484375
0 0.43125 0.26171875 0.05859375 0.0703125
0 0.409375 0.26796875 0.0625 0.0765625
0 0.3828125 0.27578125 0.07109375 0.084375
0 0.43046875 0.334375 0.02421875 0.07109375
0 0.40703125 0.34609375 0.02890625 0.07734375
0 0.35859375 0.35546875 0.07421875 0.09453125
0 0.2625 0.365625 0.10234375 0.12109375
0 0.2078125 0.38984375 0.11953125 0.1390625
0 0.1375 0.41875 0.14140625 0.1609375
0 0.06640625 0.45546875 0.1328125 0.1921875
0 0.01640625 0.51484375 0.0328125 0.1171875
0 0.2953125 0.59375 0.0859375 0.12734375
0 0.2640625 0.6359375 0.07109375 0.14609375
0 0.21640625 0.70546875 0.07578125 0.1296875
0 0.17890625 0.61171875 0.1203125 0.16796875
0 0.14765625 0.77265625 0.1 0.15078125
0 0.06328125 0.8609375 0.1265625 0.1796875
0 0.01796875 0.934375 0.0359375 0.1171875
0 0.10703125 0.66953125 0.14375 0.19921875
0 0.04921875 0.74375 0.0984375 0.2375
3 0.20859375 0.52109375 0.059375 0.0421875
3 0.30546875 0.315625 0.03203125 0.01953125
3 0.32890625 0.30859375 0.0390625 0.01953125
3 0.3328125 0.4359375 0.0125 0.015625
3 0.24921875 0.49765625 0.05 0.04140625
3 0.2921875 0.46953125 0.04609375 0.0328125
0 0.31953125 0.3765625 0.015625 0.02578125
0 0.31953125 0.3515625 0.01171875 0.02890625
0 0.3109375 0.365625 0.00390625 0.0203125
0 0.31328125 0.38359375 0.003125 0.0140625
0 0.02578125 0.3703125 0.0328125 0.00859375
0 0.01484375 0.265625 0.0296875 0.05234375
0 0.22265625 0.25234375 0.034375 0.0359375
0 0.20859375 0.25390625 0.02578125 0.03828125
0 0.165625 0.26171875 0.0296875 0.03828125
0 0.1875 0.259375 0.0265625 0.0375
0 0.175 0.22265625 0.0390625 0.0375
0 0.15546875 0.22421875 0.0375 0.040625
0 0.12734375 0.22734375 0.04453125 0.04140625
0 0.10078125 0.22890625 0.04921875 0.04375
0 0.1421875 0.265625 0.03203125 0.0390625
0 0.11640625 0.26953125 0.03515625 0.04140625
0 0.08359375 0.27265625 0.05 0.04765625
3 0.7484375 0.49921875 0.05625 0.0390625
3 0.490625 0.37109375 0.0234375 0.01484375