3 0.4171875 0.70625 0.08671875 0.09453125
3 0.66953125 0.38515625 0.04453125 0.01484375
3 0.65 0.38828125 0.05078125 0.01640625
3 0.5234375 0.409375 0.06796875 0.02890625
3 0.55625 0.40390625 0.06640625 0.02421875
3 0.59375 0.39921875 0.05234375 0.02109375
3 0.02109375 0.9484375 0.0421875 0.10078125
3 0.33046875 0.44296875 0.09140625 0.0515625
3 0.39375 0.43125 0.09375 0.04453125
3 0.528125 0.63203125 0.0671875 0.06328125
0 0.66484375 0.46328125 0.02890625 0.03203125
0 0.23359375 0.6546875 0.028125 0.04296875
0 0.2015625 0.6765625 0.0296875 0.04921875
0 0.16640625 0.67265625 0.0296875 0.065625
0 0.06875 0.7296875 0.04296875 0.0609375
0 0.1234375 0.69453125 0.03359375 0.053125
3 0.62265625 0.5703125 0.0515625 0.03125
3 0.57421875 0.6046875 0.06015625 0.040625
3 0.653125 0.55546875 0.02734375 0.02890625
3 0.67109375 0.5421875 0.02578125 0.025
3 0.4765625 0.55859375 0.07734375 0.06015625
0 0.65234375 0.471875 0.009375 0.03359375
0 0.63984375 0.47734375 0.01875 0.03203125
0 0.62421875 0.47890625 0.03125 0.0390625
0 0.63515625 0.44453125 0.03125 0.0359375
0 0.55234375 0.471875 0.03671875 0.0484375
0 0.5625 0.51328125 0.0140625 0.04296875
0 0.5484375 0.51953125 0.01484375 0.04453125
0 0.52109375 0.52265625 0.03828125 0.0546875
0 0.53828125 0.4765625 0.03671875 0.05
0 0.4984375 0.26875 0.02109375 0.0546875
0 0.47578125 0.26484375 0.02265625 0.05703125
0 0.42421875 0.25625 0.0296875 0.0640625
0 0.4515625 0.2609375 0.02578125 0.06015625
0 0.45078125 0.203125 0.0265625 0.065625
0 0.42265625 0.19453125 0.03046875 0.0703125
0 0.39140625 0.18515625 0.03515625 0.07578125
0 0.34765625 0.17421875 0.05703125 0.08046875
0 0.39375 0.25078125 0.03359375 0.06796875
0 0.359375 0.24375 0.03828125 0.0734375
0 0.31328125 0.2359375 0.05859375 0.0796875
0 0.20078125 0.17890625 0.06796875 0.1
0 0.13359375 0.16328125 0.08046875 0.1109375
0 0.05546875 0.14453125 0.0984375 0.12421875
0 0.0109375 0.1359375 0.02109375 0.11328125
0 0.2171875 0.434375 0.06484375 0.0890625
0 0.159375 0.44140625 0.071875 0.096875
0 0.08984375 0.45078125 0.08671875 0.1046875
0 0.07890625 0.35859375 0.09296875 0.09921875
0 0.0296875 0.4609375 0.059375 0.10390625
0 0.02265625 0.35859375 0.0453125 0.1046875
3 0.28671875 0.52734375 0.0453125 0.0234375
3 0.48828125 0.371875 0.02890625 0.009375
3 0.46640625 0.3734375 0.02890625 0.009375
3 0.3546875 0.38203125 0.03671875 0.01171875
3 0.38359375 0.38046875 0.03515625 0.01171875
3 0.4125 0.37890625 0.034375 0.0109375
3 0.41875 0.49375 0.03515625 0.0203125
3 0.3234375 0.51953125 0.0421875 0.0265625
3 0.06953125 0.590625 0.07421875 0.046875
3 0.228125 0.38828125 0.04453125 0.0140625
3 0.26640625 0.3875 0.04296875 0.0140625
3 0.36484375 0.509375 0.0390625 0.02421875
0 0.471875 0.41796875 0.01796875 0.0046875
3 0.4484375 0.48671875 0.0328125 0.01484375
3 0.4703125 0.48125 0.02109375 0.0140625
3 0.49140625 0.47578125 0.0234375 0.01171875
0 0.40625 0.4078125 0.01796875 0.00859375
0 0.3796875 0.409375 0.01875 0.00546875
0 0.36796875 0.4109375 0.01875 0.00703125
0 0.1765625 0.38125 0.02578125 0.02890625
0 0.153125 0.38125 0.0265625 0.0265625
0 0.1328125 0.3828125 0.01953125 0.0265625
0 0.1296875 0.3515625 0.02109375 0.03359375
0 0.16875 0.284375 0.0265625 0.034375
0 0.14453125 0.2828125 0.028125 0.0359375
0 0.11796875 0.28046875 0.03046875 0.03671875
0 0.090625 0.278125 0.0328125 0.03828125
0 0.06015625 0.27578125 0.03515625 0.0390625
0 0.028125 0.2734375 0.03828125 0.040625
0 0.0078125 0.271875 0.01484375 0.03984375
0 0.32734375 0.3140625 0.015625 0.015625
0 0.31171875 0.31328125 0.015625 0.015625
0 0.28359375 0.31171875 0.00859375 0.015625
0 0.29609375 0.31171875 0.01640625 0.01640625
0 0.2859375 0.2671875 0.00234375 0.0046875
0 0.2796875 0.26640625 0.0109375 0.00625
0 0.2578125 0.26796875 0.0015625 0.0140625
0 0.23515625 0.2796875 0.0171875 0.01640625
0 0.23984375 0.303125 0.01640625 0.0296875
0 0.22109375 0.3015625 0.025 0.03125
3 0.88046875 0.61328125 0.09296875 0.06015625
3 0.575 0.46640625 0.00859375 0.01328125