2 0.2421875 0.49609375 0.0640625 0.1578125
3 0.03828125 0.5140625 0.0765625 0.04765625
3 0.0515625 0.60546875 0.08203125 0.06171875
0 0.00078125 0.275 0.0015625 0.015625
0 0.0078125 0.26328125 0.01484375 0.04375
0 0.01640625 0.2640625 0.01796875 0.0421875
0 0.00234375 0.41171875 0.00390625 0.0234375
0 0.00859375 0.39765625 0.0171875 0.046875
0 0.01953125 0.3921875 0.01953125 0.04453125
0 0.03046875 0.38828125 0.0171875 0.0421875
0 0.040625 0.38359375 0.0171875 0.04140625
0 0.00390625 0.35234375 0.0078125 0.0453125
0 0.0109375 0.3515625 0.02109375 0.04375
0 0.015625 0.34765625 0.03125 0.0421875
3 0.4734375 0.59765625 0.04921875 0.05859375
3 0.96484375 0.634375 0.0703125 0.14375
3 0.546875 0.43203125 0.0875 0.046875
3 0.59453125 0.45390625 0.103125 0.06171875
3 0.65859375 0.49453125 0.1125 0.0859375
3 0.409375 0.50546875 0.0328125 0.0296875
3 0.44609375 0.3875 0.0578125 0.02578125
3 0.46328125 0.39609375 0.0625 0.0296875
3 0.540625 0.69453125 0.07734375 0.09453125
0 0.43984375 0.46953125 0.0140625 0.0125
0 0.43125 0.4640625 0.0140625 0.01171875
0 0.434375 0.45546875 0.01171875 0.0125
0 0.41796875 0.453125 0.00625 0.0109375
0 0.4296875 0.4546875 0.0125 0.009375
3 0.71796875 0.94140625 0.065625 0.11484375
3 0.6078125 0.79609375 0.10234375 0.12421875
3 0.496875 0.5390625 0.06796875 0.05625
0 0.94609375 0.915625 0.1078125 0.1671875
0 0.87421875 0.90078125 0.12109375 0.165625
0 0.79609375 0.809375 0.08515625 0.1796875
0 0.8921875 0.790625 0.1296875 0.20625
0 0.57734375 0.54296875 0.05546875 0.0796875
0 0.5765625 0.60078125 0.053125 0.06953125
0 0.5421875 0.58046875 0.01796875 0.0640625
0 0.525 0.56171875 0.015625 0.065625
0 0.55703125 0.52734375 0.04765625 0.0734375
0 0.5140625 0.27578125 0.046875 0.05234375
0 0.484375 0.27734375 0.0125 0.04921875
0 0.46171875 0.27890625 0.0109375 0.04375
0 0.471875 0.278125 0.01171875 0.04609375
0 0.48671875 0.23203125 0.04140625 0.04921875
0 0.4609375 0.23515625 0.0109375 0.046875
0 0.45078125 0.2390625 0.009375 0.04375
0 0.44140625 0.240625 0.00859375 0.04140625
0 0.45078125 0.28046875 0.0109375 0.04140625
0 0.4421875 0.28046875 0.00859375 0.040625
0 0.43515625 0.28125 0.00859375 0.0375
0 0.42578125 0.26953125 0.0234375 0.03515625
0 0.4125 0.2703125 0.0078125 0.034375
0 0.40625 0.27109375 0.00625 0.03203125
0 0.4 0.27265625 0.00625 0.03203125
0 0.39609375 0.2734375 0.00625 0.0296875
0 0.390625 0.27421875 0.00546875 0.02890625
0 0.38671875 0.27578125 0.00546875 0.02734375
0 0.43203125 0.36484375 0.0296875 0.02578125
0 0.425 0.36640625 0.02890625 0.0328125
0 0.40859375 0.365625 0.00625 0.03046875
0 0.41875 0.33515625 0.02890625 0.03203125
0 0.40390625 0.36328125 0.00546875 0.02890625
0 0.39921875 0.3609375 0.00546875 0.02890625
0 0.39453125 0.35859375 0.00546875 0.02734375
0 0.38984375 0.35546875 0.00546875 0.0265625
0 0.409375 0.334375 0.01953125 0.0296875
0 0.4046875 0.3328125 0.0203125 0.0296875
0 0.40234375 0.33203125 0.02421875 0.02734375
3 0.59296875 0.40546875 0.03046875 0.015625
3 0.66484375 0.43046875 0.0421875 0.02265625
3 0.69609375 0.43984375 0.04609375 0.02421875
3 0.7328125 0.45390625 0.05 0.02421875
3 0.790625 0.378125 0.0609375 0.0203125
3 0.8390625 0.384375 0.0734375 0.02578125
3 0.90625 0.39609375 0.08046875 0.0296875
3 0.88671875 0.57890625 0.0625 0.03046875
3 0.740625 0.5125 0.0203125 0.0125
3 0.665625 0.359375 0.040625 0.015625
3 0.6921875 0.3625 0.046875 0.0171875
3 0.7890625 0.534375 0.0296875 0.015625
0 0.6171875 0.40859375 0.0203125 0.0234375
3 0.94296875 0.60234375 0.01171875 0.00546875
3 0.97421875 0.53359375 0.05078125 0.04140625
0 0.90078125 0.49453125 0.0421875 0.04921875
0 0.87265625 0.4890625 0.0390625 0.04140625
0 0.84375 0.47890625 0.0296875 0.04453125
0 0.878125 0.45234375 0.04140625 0.04453125
0 0.821875 0.43828125 0.0375 0.040625
0 0.81796875 0.47265625 0.0359375 0.0359375
0 0.7921875 0.465625 0.02265625 0.034375
0 0.77421875 0.45859375 0.0203125 0.0359375
0 0.80078125 0.43359375 0.0328125 0.0390625
0 0.64296875 0.3484375 0.02265625 0.02421875
0 0.63125 0.346875 0.01796875 0.0234375
0 0.6171875 0.34609375 0.009375 0.02109375
0 0.609375 0.34453125 0.009375 0.02109375
0 0.6 0.34453125 0.00859375 0.0203125
0 0.5921875 0.34296875 0.0078125 0.0203125
0 0.584375 0.340625 0.0078125 0.0203125
0 0.64765625 0.27734375 0.0234375 0.0234375
0 0.63125 0.27890625 0.01171875 0.0234375
0 0.621875 0.27890625 0.009375 0.02265625
0 0.61328125 0.2796875 0.009375 0.02109375
0 0.603125 0.28046875 0.00859375 0.02109375
0 0.59609375 0.28046875 0.0109375 0.02109375
0 0.5875 0.28046875 0.00859375 0.0203125
0 0.7671875 0.284375 0.0234375 0.03203125
0 0.7328125 0.284375 0.00390625 0.02890625
0 0.70859375 0.2859375 0.0171875 0.0265625
0 0.7234375 0.28515625 0.0171875 0.02734375
0 0.72734375 0.25625 0.0203125 0.0296875
0 0.7109375 0.2578125 0.0171875 0.02890625
0 0.69609375 0.259375 0.015625 0.02734375
0 0.6828125 0.26015625 0.01484375 0.0265625
0 0.69453125 0.2859375 0.01484375 0.02578125
0 0.68046875 0.2859375 0.01484375 0.02578125
0 0.66796875 0.28671875 0.0125 0.02421875