0 0.36171875 0.43828125 0.165625 0.38046875
0 0.47734375 0.425 0.09375 0.25234375
5 0.23203125 0.3484375 0.18046875 0.54296875
4 0.1734375 0.371875 0.0578125 0.28203125
6 0.0796875 0.43125 0.115625 0.221875
6 0.05390625 0.14296875 0.103125 0.2265625
6 0.16484375 0.16640625 0.06953125 0.196875
6 0.3921875 0.2203125 0.053125 0.1578125
6 0.43984375 0.21796875 0.0578125 0.17109375
6 0.50234375 0.215625 0.053125 0.175
6 0.5671875 0.20546875 0.053125 0.18828125
6 0.6421875 0.215625 0.0671875 0.1921875
6 0.73671875 0.1984375 0.084375 0.209375
6 0.853125 0.196875 0.10078125 0.2140625
6 0.96015625 0.1796875 0.07421875 0.23046875
6 0.93984375 0.48515625 0.115625 0.24375
6 0.8296875 0.465625 0.08671875 0.20546875
6 0.72109375 0.4484375 0.08203125 0.20546875
6 0.6390625 0.44453125 0.08203125 0.1796875
6 0.56640625 0.42734375 0.06484375 0.17109375
6 0.571875 0.03828125 0.0578125 0.0765625
6 0.5015625 0.053125 0.06015625 0.07265625
6 0.4359375 0.04921875 0.06953125 0.08984375
6 0.375 0.05546875 0.0671875 0.1109375
6 0.2984375 0.0515625 0.0484375 0.09375
6 0.24375 0.034375 0.05078125 0.06875