0 0.42578125 0.44453125 0.115625 0.31640625
0 0.51953125 0.4296875 0.09609375 0.24375
5 0.29921875 0.37421875 0.18046875 0.4828125
4 0.23203125 0.41640625 0.06484375 0.2859375
6 0.0625 0.4875 0.1203125 0.2390625
6 0.1703125 0.45078125 0.071875 0.20078125
6 0.61328125 0.43828125 0.053125 0.1578125
6 0.69921875 0.43984375 0.0625 0.17109375
6 0.775 0.446875 0.06953125 0.16640625
6 0.88828125 0.453125 0.0984375 0.196875
6 0.978125 0.465625 0.03828125 0.23046875
6 0.89765625 0.196875 0.0796875 0.1796875
6 0.78359375 0.20546875 0.0578125 0.18828125
6 0.6921875 0.221875 0.0625 0.17109375
6 0.61875 0.2140625 0.06015625 0.196875
6 0.5515625 0.2265625 0.05078125 0.17109375
6 0.490625 0.24609375 0.0484375 0.14921875
6 0.44609375 0.24609375 0.040625 0.14140625
6 0.615625 0.04453125 0.0578125 0.08125
6 0.553125 0.07265625 0.0484375 0.08515625
6 0.484375 0.06640625 0.06015625 0.12421875
6 0.41953125 0.08125 0.06484375 0.1109375
6 0.3484375 0.08125 0.053125 0.1109375
6 0.2953125 0.06015625 0.0484375 0.11953125
6 0.22578125 0.04453125 0.0671875 0.08125
6 0.2328125 0.215625 0.0671875 0.175
6 0.3125 0.22890625 0.0625 0.14921875
6 0.14453125 0.1984375 0.10078125 0.209375
6 0.040625 0.15078125 0.08125 0.2859375