0 0.58046875 0.3078125 0.084375 0.25625
0 0.7140625 0.31875 0.1734375 0.2609375
0 0.85078125 0.325 0.10078125 0.26484375
0 0.953125 0.35859375 0.0890625 0.2734375
0 0.94140625 0.60703125 0.1078125 0.28203125
0 0.8265625 0.615625 0.134375 0.3421875
0 0.70078125 0.5921875 0.13203125 0.34609375
0 0.56484375 0.5578125 0.08203125 0.25234375
0 0.1984375 0.54296875 0.3921875 0.6328125
0 0.49296875 0.47421875 0.09140625 0.09375
5 0.45703125 0.459375 0.053125 0.16640625
6 0.49375 0.34375 0.103125 0.046875
6 0.49609375 0.40625 0.0984375 0.06015625
6 0.41796875 0.28203125 0.0484375 0.11953125
6 0.36796875 0.209375 0.053125 0.1796875
6 0.31484375 0.115625 0.0625 0.221875
6 0.2453125 0.0875 0.08671875 0.16640625
6 0.046875 0.134375 0.0890625 0.2609375
6 0.1890625 0.2609375 0.12734375 0.17109375
6 0.30078125 0.3078125 0.08203125 0.11953125
6 0.36328125 0.34375 0.053125 0.0984375
6 0.4265625 0.37578125 0.06484375 0.0765625
6 0.415625 0.47890625 0.053125 0.08515625