3 0.365625 0.76640625 0.11953125 0.05625
3 0.9515625 0.35703125 0.09453125 0.0375
3 0.57109375 0.36953125 0.07890625 0.0328125
3 0.6578125 0.36953125 0.09453125 0.0265625
3 0.7578125 0.36875 0.10625 0.0265625
3 0.0421875 0.7578125 0.084375 0.05
3 0.27109375 0.37421875 0.09921875 0.03828125
3 0.34765625 0.37265625 0.09609375 0.03828125
3 0.59296875 0.771875 0.11171875 0.0609375
0 0.2046875 0.5875 0.0375 0.015625
0 0.16953125 0.58671875 0.0359375 0.01796875
0 0.1640625 0.5828125 0.04140625 0.02578125
0 0.10234375 0.5890625 0.040625 0.015625
0 0.1328125 0.58828125 0.02265625 0.01484375
3 0.915625 0.77734375 0.165625 0.0625
3 0.73125 0.77421875 0.14375 0.0609375
3 0.98984375 0.77578125 0.0203125 0.0359375
3 0.4640625 0.57734375 0.0859375 0.034375
0 0.9890625 0.55546875 0.02109375 0.07109375
0 0.9609375 0.55625 0.05234375 0.0703125
0 0.89453125 0.55703125 0.09765625 0.07109375
0 0.92734375 0.4875 0.10078125 0.0734375
0 0.6484375 0.490625 0.04140625 0.0671875
0 0.65078125 0.559375 0.0421875 0.06953125
0 0.6109375 0.559375 0.04140625 0.06953125
0 0.56953125 0.559375 0.04453125 0.06953125
0 0.60546875 0.49140625 0.04921875 0.065625
0 0.49765625 0.23046875 0.03515625 0.1
0 0.46171875 0.20546875 0.0359375 0.04453125
0 0.39140625 0.209375 0.0359375 0.04609375
0 0.4265625 0.20703125 0.0359375 0.04609375
0 0.43046875 0.15859375 0.0421875 0.053125
0 0.39453125 0.16015625 0.03515625 0.05390625
0 0.359375 0.1625 0.0359375 0.05390625
0 0.32578125 0.1640625 0.03515625 0.053125
0 0.3578125 0.2109375 0.0359375 0.04453125
0 0.3234375 0.2125 0.0359375 0.04453125
0 0.290625 0.21328125 0.0359375 0.04609375
0 0.22890625 0.20546875 0.065625 0.0625
0 0.18046875 0.19765625 0.0375 0.0421875
0 0.1484375 0.1984375 0.0375 0.04375
0 0.115625 0.2 0.0375 0.0421875
0 0.08359375 0.20234375 0.0375 0.0421875
0 0.0515625 0.20390625 0.0375 0.0421875
0 0.02109375 0.20546875 0.0375 0.04140625
0 0.2125 0.36875 0.07109375 0.05390625
0 0.1609375 0.36953125 0.0390625 0.05234375
0 0.12578125 0.37109375 0.03828125 0.05234375
0 0.1515625 0.3171875 0.0796875 0.05625
0 0.0921875 0.37265625 0.0390625 0.05078125
0 0.0578125 0.3734375 0.0390625 0.05078125
0 0.025 0.37421875 0.0390625 0.05234375
0 0.00546875 0.3734375 0.0109375 0.05
0 0.0984375 0.31875 0.0390625 0.05625
0 0.065625 0.31953125 0.0390625 0.05625
0 0.0328125 0.3203125 0.0390625 0.05546875
3 0.4625 0.68125 0.0359375 0.0140625
3 0.721875 0.5375 0.0390625 0.0125
3 0.68828125 0.5375 0.0359375 0.0125
3 0.53828125 0.53984375 0.01953125 0.009375
3 0.6109375 0.6828125 0.04140625 0.0140625
3 0.496875 0.68203125 0.034375 0.0125
3 0.325 0.68046875 0.04375 0.0125
3 0.425 0.540625 0.02890625 0.01171875
3 0.4546875 0.540625 0.03046875 0.0109375
3 0.54453125 0.6828125 0.0296875 0.0140625
3 0.653125 0.6828125 0.03828125 0.0125
0 0.54453125 0.5828125 0.00546875 0.02265625
0 0.39765625 0.5359375 0.01953125 0.02265625
0 0.38203125 0.5359375 0.0125 0.02265625
0 0.36796875 0.5359375 0.0125 0.02109375
0 0.37265625 0.51328125 0.01953125 0.02265625
0 0.35546875 0.5359375 0.0125 0.02109375
0 0.3421875 0.5359375 0.0140625 0.02109375
0 0.32890625 0.53671875 0.0125 0.02265625
0 0.315625 0.53671875 0.0140625 0.02265625
0 0.35625 0.51328125 0.0125 0.02265625
0 0.34296875 0.51328125 0.0140625 0.02265625
0 0.3296875 0.51328125 0.0125 0.02265625
0 0.4 0.465625 0.0171875 0.0203125
0 0.3859375 0.465625 0.0140625 0.0203125
0 0.37265625 0.46640625 0.0125 0.0203125
0 0.359375 0.46640625 0.0125 0.0203125
0 0.346875 0.46640625 0.0125 0.0203125
0 0.33359375 0.46640625 0.0140625 0.0203125
0 0.3203125 0.46640625 0.0125 0.0203125
0 0.509375 0.47265625 0.0125 0.02109375
0 0.49609375 0.47265625 0.0125 0.0203125
0 0.46953125 0.4734375 0.0125 0.02109375
0 0.48203125 0.4734375 0.0125 0.02109375
0 0.4828125 0.45390625 0.0140625 0.01484375
0 0.46953125 0.4546875 0.0125 0.015625
0 0.45546875 0.45546875 0.0125 0.01484375
0 0.4421875 0.45546875 0.0125 0.01484375
0 0.45546875 0.47421875 0.0125 0.0203125
0 0.4421875 0.47421875 0.0125 0.0203125
0 0.42890625 0.4734375 0.0125 0.02109375
3 0.871875 0.66953125 0.07578125 0.01484375