3 0.00625 0.99453125 0.01171875 0.00859375
3 0.47421875 0.63125 0.0515625 0.053125
3 0.95390625 0.60390625 0.09140625 0.084375
3 0.87109375 0.58046875 0.11484375 0.084375
3 0.3515625 0.50546875 0.03984375 0.03125
3 0.43671875 0.54609375 0.0515625 0.04296875
3 0.4734375 0.559375 0.05390625 0.04609375
3 0.51015625 0.578125 0.05390625 0.053125
3 0.56328125 0.49375 0.059375 0.04609375
3 0.609375 0.50703125 0.0671875 0.05078125
3 0.67265625 0.528125 0.06875 0.05390625
3 0.6625 0.740625 0.06484375 0.08671875
3 0.51015625 0.6515625 0.05390625 0.05859375
3 0.36015625 0.56640625 0.04375 0.0359375
3 0.43046875 0.45703125 0.053125 0.03359375
3 0.459375 0.465625 0.05390625 0.03671875
3 0.5609375 0.6828125 0.0578125 0.06796875
0 0.85390625 0.71640625 0.06796875 0.0953125
0 0.38203125 0.51328125 0.02578125 0.0390625
3 0.74375 0.78671875 0.07421875 0.103125
3 0.82421875 0.83046875 0.08984375 0.11875
3 0.9171875 0.88359375 0.11484375 0.1390625
3 0.7609375 0.68359375 0.07890625 0.08671875
0 0.6734375 0.634375 0.0328125 0.06953125
0 0.64921875 0.62890625 0.03203125 0.05625
0 0.6234375 0.6140625 0.0265625 0.0640625
0 0.6515625 0.5875 0.0328125 0.065625
0 0.5984375 0.56796875 0.03125 0.059375
0 0.596875 0.60625 0.03046875 0.053125
0 0.571875 0.60234375 0.0203125 0.04140625
0 0.553125 0.5859375 0.01953125 0.05625
0 0.578125 0.56015625 0.03046875 0.05703125
0 0.40390625 0.4390625 0.02890625 0.03671875
0 0.390625 0.43515625 0.025 0.03671875
0 0.3734375 0.43515625 0.01171875 0.0296875
0 0.3796875 0.40546875 0.02890625 0.034375
0 0.3625 0.43203125 0.01171875 0.0296875
0 0.35234375 0.4296875 0.01171875 0.028125
0 0.3421875 0.4265625 0.01015625 0.028125
0 0.3328125 0.421875 0.01015625 0.0296875
0 0.3671875 0.403125 0.02578125 0.03359375
0 0.35703125 0.40078125 0.02578125 0.03203125
0 0.34765625 0.3984375 0.02578125 0.03125
0 0.40078125 0.34921875 0.03046875 0.034375
0 0.3859375 0.3484375 0.0234375 0.03359375
0 0.37578125 0.346875 0.02578125 0.03203125
0 0.36484375 0.34609375 0.025 0.03203125
0 0.35390625 0.34453125 0.02578125 0.03125
0 0.34375 0.34296875 0.02578125 0.03046875
0 0.33515625 0.34296875 0.02578125 0.0296875
0 0.52734375 0.37890625 0.03203125 0.04375
0 0.50859375 0.3765625 0.03125 0.04296875
0 0.46875 0.37421875 0.01640625 0.0359375
0 0.48515625 0.3765625 0.01640625 0.03671875
0 0.49140625 0.3390625 0.03125 0.03984375
0 0.47421875 0.3375 0.028125 0.03828125
0 0.45859375 0.33671875 0.02890625 0.03828125
0 0.44453125 0.3359375 0.0296875 0.0359375
0 0.45234375 0.371875 0.015625 0.03515625
0 0.43828125 0.36953125 0.01484375 0.034375
0 0.4234375 0.36640625 0.0140625 0.0359375