2 0.84765625 0.78359375 0.30390625 0.43125
3 0.9859375 0.77578125 0.0265625 0.0515625
3 0.7921875 0.43359375 0.01171875 0.01015625
3 0.825 0.43359375 0.05390625 0.0109375
3 0.9921875 0.61640625 0.01484375 0.03125
3 0.9640625 0.59765625 0.0703125 0.0453125
3 0.93984375 0.434375 0.11484375 0.0203125
3 0.871875 0.43515625 0.0234375 0.01640625
3 0.8515625 0.4359375 0.01640625 0.0140625
3 0.9296875 0.6890625 0.1015625 0.06015625
0 0.80546875 0.50546875 0.01484375 0.0265625
0 0.809375 0.51171875 0.00703125 0.02890625
0 0.815625 0.51484375 0.00703125 0.0296875
0 0.8375 0.51875 0.03828125 0.034375
0 0.83125 0.48671875 0.0359375 0.03046875
0 0.90078125 0.50546875 0.0453125 0.04296875
0 0.8828125 0.5453125 0.0140625 0.04453125
0 0.896875 0.5515625 0.01640625 0.046875
0 0.93671875 0.559375 0.06875 0.0515625
0 0.92265625 0.5109375 0.06328125 0.0484375
0 0.9640625 0.27578125 0.02578125 0.06171875
0 0.98671875 0.2640625 0.025 0.06484375
3 0.790625 0.57109375 0.01328125 0.01015625
3 0.8703125 0.65859375 0.01328125 0.0046875
3 0.459375 0.665625 0.05859375 0.0546875
3 0.56796875 0.43515625 0.00546875 0.00703125
3 0.55 0.434375 0.02890625 0.00859375
3 0.5078125 0.4359375 0.0359375 0.0140625
3 0.53046875 0.43671875 0.00859375 0.01171875
3 0.53984375 0.43671875 0.009375 0.01015625
3 0.20546875 0.92578125 0.1796875 0.14609375
3 0.43671875 0.43359375 0.06171875 0.021875
3 0.478125 0.434375 0.021875 0.01875
3 0.5046875 0.61171875 0.04609375 0.03515625
0 0.5609375 0.49296875 0.01171875 0.02109375
0 0.36953125 0.6078125 0.03046875 0.0234375
0 0.3609375 0.6203125 0.03203125 0.0296875
0 0.3328125 0.62109375 0.03359375 0.04375
0 0.2890625 0.66015625 0.04140625 0.03671875
0 0.3078125 0.6390625 0.03671875 0.03203125
3 0.54609375 0.56875 0.02421875 0.01953125
3 0.5234375 0.59140625 0.03984375 0.025
3 0.55859375 0.559375 0.01328125 0.01796875
3 0.5640625 0.5515625 0.0125 0.015625
3 0.484375 0.5453125 0.06015625 0.0296875
0 0.55625 0.496875 0.00234375 0.021875
0 0.5484375 0.49921875 0.01171875 0.0234375
0 0.54140625 0.50078125 0.02109375 0.025
0 0.54453125 0.4765625 0.0203125 0.0234375
0 0.5140625 0.4875 0.02421875 0.03046875
0 0.5234375 0.5171875 0.0046875 0.03046875
0 0.51875 0.5203125 0.0046875 0.03125
0 0.50078125 0.52109375 0.02890625 0.03125
0 0.50703125 0.4890625 0.02734375 0.03203125
0 0.5 0.328125 0.00703125 0.03828125
0 0.4921875 0.321875 0.0078125 0.0390625
0 0.4734375 0.309375 0.01015625 0.04453125
0 0.48359375 0.31640625 0.00859375 0.04140625
0 0.48359375 0.278125 0.00859375 0.046875
0 0.4734375 0.26796875 0.01015625 0.05078125
0 0.4625 0.25703125 0.01171875 0.05546875
0 0.43359375 0.24609375 0.04609375 0.06015625
0 0.4625 0.30078125 0.0109375 0.0484375
0 0.45078125 0.29140625 0.0125 0.0515625
0 0.41953125 0.28125 0.0484375 0.05625
0 0.39375 0.22421875 0.02265625 0.071875
0 0.36953125 0.20390625 0.0265625 0.08125
0 0.340625 0.17890625 0.03203125 0.09140625
0 0.30546875 0.15 0.040625 0.10546875
0 0.2609375 0.11171875 0.05078125 0.12421875
0 0.20390625 0.06953125 0.06640625 0.1390625
0 0.11796875 0.04609375 0.1109375 0.0921875
0 0.39453125 0.4140625 0.021875 0.06328125
0 0.37109375 0.41171875 0.02578125 0.06953125
0 0.34296875 0.40859375 0.03203125 0.075
0 0.34140625 0.3359375 0.03203125 0.08125
0 0.30859375 0.40546875 0.0390625 0.08359375
0 0.265625 0.40078125 0.04921875 0.09453125
0 0.21171875 0.3953125 0.06484375 0.109375
0 0.1140625 0.38671875 0.1390625 0.13046875
0 0.30625 0.32421875 0.03984375 0.09296875
0 0.26328125 0.309375 0.05078125 0.10703125
0 0.1828125 0.290625 0.11640625 0.125
3 0.19453125 0.60078125 0.06328125 0.03125
3 0.14375 0.5359375 0.07578125 0.02578125
3 0.19296875 0.52578125 0.06484375 0.021875
3 0.23671875 0.51796875 0.05390625 0.01875
3 0.3296875 0.553125 0.03828125 0.01796875
3 0.23515625 0.58671875 0.0546875 0.0265625
3 0.27890625 0.571875 0.04765625 0.0234375
0 0.37578125 0.48671875 0.01796875 0.01796875
0 0.03046875 0.5390625 0.00546875 0.0296875
3 0.35546875 0.54453125 0.03359375 0.0140625
3 0.378125 0.5390625 0.02265625 0.01328125
3 0.39296875 0.5328125 0.01953125 0.01171875
3 0.3546875 0.49609375 0.03046875 0.01015625
0 0.334375 0.49375 0.00859375 0.021875
0 0.3234375 0.4953125 0.0140625 0.021875
0 0.31328125 0.496875 0.01328125 0.0234375
0 0.31875 0.4796875 0.021875 0.0109375
0 0.30078125 0.48203125 0.01015625 0.01328125
0 0.3015625 0.5 0.0109375 0.02421875
0 0.28984375 0.5015625 0.01171875 0.02421875
0 0.27109375 0.503125 0.02578125 0.0265625
0 0.2828125 0.48359375 0.02421875 0.01328125
0 0.02578125 0.42578125 0.00234375 0.0359375
0 0.02265625 0.4234375 0.00703125 0.03984375
0 0.0203125 0.3796875 0.00703125 0.03671875
0 0.0828125 0.30703125 0.00625 0.03125
0 0.0328125 0.2984375 0.0265625 0.0453125
0 0.015625 0.29453125 0.01015625 0.04296875
0 0.11796875 0.321875 0.01953125 0.01015625
3 0.6921875 0.55625 0.0453125 0.01796875
3 0.4609375 0.515625 0.0234375 0.009375