2 0.24296875 0.9796875 0.06953125 0.0390625
3 0.98515625 0.9859375 0.02734375 0.02578125
3 0.9921875 0.6890625 0.0140625 0.0484375
3 0.9875 0.7296875 0.00859375 0.05546875
3 0.98671875 0.91328125 0.02578125 0.11328125
3 0.990625 0.784375 0.01796875 0.078125
3 0.43828125 0.65 0.06171875 0.071875
3 0.65703125 0.36953125 0.0421875 0.021875
3 0.63828125 0.3765625 0.04453125 0.02421875
3 0.5203125 0.42265625 0.05390625 0.03828125
3 0.54921875 0.4109375 0.05390625 0.03359375
3 0.58203125 0.40078125 0.04609375 0.0296875
3 0.171875 0.840625 0.0984375 0.1453125
3 0.37265625 0.4828125 0.071875 0.06171875
3 0.41953125 0.4640625 0.06796875 0.0546875
3 0.52421875 0.59140625 0.053125 0.0546875
0 0.65078125 0.43828125 0.02578125 0.03046875
0 0.31796875 0.62421875 0.01875 0.03125
0 0.30078125 0.640625 0.01953125 0.03359375
0 0.27890625 0.6375 0.01953125 0.04375
0 0.23125 0.675 0.0203125 0.03671875
0 0.25625 0.65234375 0.01953125 0.034375
3 0.6078125 0.534375 0.04453125 0.0296875
3 0.56328125 0.56796875 0.04921875 0.03671875
3 0.63515625 0.51875 0.02890625 0.0265625
3 0.65390625 0.50546875 0.025 0.02421875
3 0.48203125 0.54296875 0.05859375 0.05625
0 0.63671875 0.45 0.009375 0.03125
0 0.6234375 0.45625 0.0203125 0.03046875
0 0.61171875 0.45703125 0.02734375 0.03671875
0 0.62421875 0.428125 0.02265625 0.03515625
0 0.54453125 0.465625 0.02890625 0.04453125
0 0.55234375 0.5 0.0125 0.03515625
0 0.53984375 0.50703125 0.01328125 0.0359375
0 0.51875 0.50859375 0.0296875 0.04921875
0 0.53203125 0.471875 0.03046875 0.04609375
0 0.490625 0.32734375 0.03359375 0.0453125
0 0.48046875 0.33046875 0.01875 0.046875
0 0.440625 0.3390625 0.02265625 0.04609375
0 0.46171875 0.33515625 0.0203125 0.04453125
0 0.4546875 0.29140625 0.03203125 0.04609375
0 0.4328125 0.29375 0.0359375 0.0484375
0 0.41015625 0.29609375 0.03828125 0.05078125
0 0.38515625 0.2984375 0.04140625 0.05390625
0 0.41875 0.34296875 0.02421875 0.046875
0 0.3953125 0.346875 0.0265625 0.05
0 0.3625 0.3484375 0.0421875 0.05859375
0 0.2921875 0.3390625 0.046875 0.06484375
0 0.25703125 0.34375 0.04921875 0.06953125
0 0.21953125 0.34921875 0.05078125 0.071875
0 0.1765625 0.35546875 0.05625 0.0765625
0 0.12734375 0.36171875 0.0640625 0.08203125
0 0.07265625 0.36875 0.07265625 0.08828125
0 0.0265625 0.3765625 0.05234375 0.09375
0 0.30625 0.4890625 0.04296875 0.0734375
0 0.27578125 0.50078125 0.04140625 0.0765625
0 0.2421875 0.521875 0.04375 0.06328125
0 0.2328125 0.4625 0.0484375 0.07890625
0 0.203125 0.53671875 0.04921875 0.065625
0 0.16015625 0.5515625 0.0546875 0.0734375
0 0.1125 0.56953125 0.0625 0.075
0 0.059375 0.5765625 0.07109375 0.10390625
0 0.19453125 0.4734375 0.05078125 0.084375
0 0.14921875 0.48671875 0.0578125 0.08984375
0 0.09921875 0.50078125 0.065625 0.096875
3 0.33125 0.478125 0.01328125 0.01875
3 0.50859375 0.328125 0.00234375 0.009375
3 0.29140625 0.43828125 0.03984375 0.0265625
3 0.32109375 0.428125 0.03046875 0.025
3 0.35859375 0.4203125 0.02890625 0.02421875
3 0.44140625 0.4390625 0.02578125 0.0140625
3 0.36171875 0.4671875 0.02734375 0.01796875
3 0.32578125 0.36171875 0.00234375 0.0046875
0 0.4859375 0.3796875 0.015625 0.0203125
3 0.4640625 0.434375 0.02890625 0.0109375
3 0.48125 0.42890625 0.0109375 0.00703125
3 0.46328125 0.39140625 0.02890625 0.01328125
0 0.440625 0.39140625 0.009375 0.0234375
0 0.428125 0.39453125 0.015625 0.02109375
0 0.41953125 0.39609375 0.01328125 0.02421875
0 0.42734375 0.38359375 0.015625 0.00703125
0 0.4078125 0.3890625 0.01015625 0.00859375
0 0.40859375 0.4015625 0.01015625 0.0203125
0 0.3984375 0.40546875 0.01015625 0.02109375
0 0.38515625 0.40546875 0.0171875 0.02578125
0 0.39453125 0.3921875 0.01640625 0.00859375
0 0.23125 0.2890625 0.02265625 0.0296875
0 0.2125 0.290625 0.0234375 0.03046875
0 0.19375 0.29140625 0.0234375 0.03046875
0 0.17421875 0.29296875 0.025 0.03125
0 0.15234375 0.29375 0.02578125 0.03203125
0 0.13046875 0.2953125 0.02734375 0.03359375
0 0.10703125 0.296875 0.02890625 0.034375
0 0.35625 0.290625 0.01796875 0.025
0 0.3453125 0.29140625 0.0140625 0.025
0 0.32109375 0.29375 0.00625 0.0234375
0 0.3359375 0.29296875 0.00703125 0.0234375
0 0.328125 0.26875 0.01953125 0.02421875
0 0.31953125 0.26875 0.00625 0.025
0 0.3 0.26953125 0.0171875 0.025
0 0.284375 0.2703125 0.02109375 0.02578125
0 0.303125 0.2953125 0.015625 0.02421875
0 0.28828125 0.2953125 0.01640625 0.02421875
0 0.27109375 0.29609375 0.021875 0.0265625
3 0.80625 0.59140625 0.06171875 0.05703125