2 0.178125 0.96796875 0.11171875 0.06171875
3 0.43125 0.67421875 0.07265625 0.07421875
3 0.6453125 0.39609375 0.04140625 0.01484375
3 0.63125 0.39921875 0.03984375 0.015625
3 0.51875 0.421875 0.05859375 0.02578125
3 0.546875 0.41640625 0.05546875 0.021875
3 0.578125 0.41171875 0.04609375 0.01953125
3 0.07421875 0.909375 0.14765625 0.1796875
3 0.3609375 0.45390625 0.08671875 0.04375
3 0.4140625 0.44375 0.07890625 0.03828125
3 0.5234375 0.6140625 0.05859375 0.0515625
0 0.64296875 0.46640625 0.02578125 0.02890625
0 0.28984375 0.6265625 0.02421875 0.03359375
0 0.2671875 0.64296875 0.02578125 0.0359375
0 0.23984375 0.63984375 0.025 0.05
0 0.1734375 0.68125 0.02734375 0.04296875
0 0.209375 0.65703125 0.02578125 0.0390625
3 0.60546875 0.5609375 0.04609375 0.028125
3 0.5625 0.59140625 0.0515625 0.034375
3 0.6328125 0.54765625 0.02421875 0.025
3 0.6484375 0.5359375 0.02421875 0.021875
3 0.48046875 0.54921875 0.06640625 0.04921875
0 0.63125 0.47421875 0.0078125 0.0296875
0 0.61875 0.478125 0.01953125 0.02890625
0 0.60625 0.48046875 0.02734375 0.034375
0 0.615625 0.45 0.02734375 0.03125
0 0.54375 0.47578125 0.03046875 0.04140625
0 0.553125 0.5109375 0.01171875 0.0359375
0 0.540625 0.51640625 0.01328125 0.03828125
0 0.5171875 0.51953125 0.03359375 0.04609375
0 0.53203125 0.47890625 0.03046875 0.04375
0 0.4984375 0.30625 0.0171875 0.04453125
0 0.48046875 0.3046875 0.01875 0.04609375
0 0.43984375 0.30078125 0.02265625 0.05078125
0 0.4609375 0.303125 0.0203125 0.0484375
0 0.46015625 0.25546875 0.02109375 0.05078125
0 0.4390625 0.25078125 0.0234375 0.05390625
0 0.41484375 0.2453125 0.02578125 0.05703125
0 0.3796875 0.23984375 0.04765625 0.0609375
0 0.41640625 0.2984375 0.025 0.05390625
0 0.390625 0.2953125 0.02890625 0.05546875
0 0.353125 0.29140625 0.04921875 0.0609375
0 0.2765625 0.25546875 0.0453125 0.071875
0 0.23203125 0.2484375 0.05234375 0.07890625
0 0.18203125 0.240625 0.06015625 0.08515625
0 0.1234375 0.23203125 0.07109375 0.09296875
0 0.05390625 0.22109375 0.08671875 0.1015625
0 0.01171875 0.21640625 0.0234375 0.0984375
0 0.28203125 0.44921875 0.053125 0.07109375
0 0.2453125 0.45625 0.04921875 0.0765625
0 0.19921875 0.4671875 0.05546875 0.075
0 0.19140625 0.396875 0.06015625 0.075
0 0.14609375 0.47578125 0.06484375 0.08125
0 0.08359375 0.48515625 0.0765625 0.090625
0 0.028125 0.49609375 0.05625 0.09296875
0 0.1375 0.40078125 0.0671875 0.08046875
0 0.07265625 0.40546875 0.0796875 0.08828125
0 0.021875 0.40703125 0.04375 0.0921875
3 0.29375 0.53125 0.03515625 0.0265625
3 0.48203125 0.38203125 0.02734375 0.00859375
3 0.46328125 0.3828125 0.03046875 0.00859375
3 0.35859375 0.39296875 0.034375 0.01171875
3 0.38359375 0.390625 0.03515625 0.0109375
3 0.4125 0.38828125 0.03125 0.01015625
3 0.41796875 0.49609375 0.0328125 0.01953125
3 0.33046875 0.52109375 0.03984375 0.02421875
3 0.1046875 0.5875 0.06171875 0.04375
3 0.24609375 0.40234375 0.03984375 0.015625
3 0.27890625 0.39921875 0.04140625 0.01484375
3 0.36796875 0.5109375 0.03671875 0.02109375
0 0.46640625 0.428125 0.01640625 0.01171875
3 0.44453125 0.4890625 0.03046875 0.0140625
3 0.4671875 0.48359375 0.02265625 0.01328125
3 0.48515625 0.478125 0.021875 0.01171875
0 0.40625 0.41953125 0.01796875 0.01484375
0 0.38359375 0.421875 0.015625 0.01484375
0 0.37109375 0.42421875 0.01796875 0.015625
0 0.153125 0.35703125 0.02421875 0.0046875
0 0.1296875 0.35703125 0.02421875 0.00546875
0 0.10390625 0.3578125 0.02578125 0.00625
0 0.07734375 0.3578125 0.028125 0.0046875
0 0.1953125 0.31796875 0.02109375 0.01015625
0 0.1734375 0.3171875 0.02265625 0.01015625
0 0.15078125 0.31640625 0.02421875 0.0109375
0 0.1265625 0.315625 0.02578125 0.01171875
0 0.10078125 0.3140625 0.02734375 0.01171875
0 0.0734375 0.31328125 0.02890625 0.01328125
0 0.04375 0.3109375 0.03125 0.01328125
0 0.3296875 0.31640625 0.00234375 0.00546875
0 0.3140625 0.31875 0.0015625 0.00703125
0 0.290625 0.328125 0.0140625 0.01875
0 0.3109375 0.31875 0.00546875 0.00859375
0 0.309375 0.290625 0.00546875 0.0046875
0 0.27578125 0.32734375 0.01640625 0.01953125
0 0.25859375 0.3265625 0.01796875 0.01953125
0 0.2390625 0.32578125 0.0234375 0.0203125
3 0.81875 0.590625 0.0703125 0.04609375
3 0.56328125 0.46875 0.0078125 0.01171875