3 0.9296875 0.37578125 0.07265625 0.02734375
3 0.95234375 0.39765625 0.08515625 0.0421875
3 0.98671875 0.4546875 0.0265625 0.040625
3 0.98046875 0.82734375 0.0390625 0.1109375
0 0.9078125 0.4671875 0.03046875 0.0421875
0 0.909375 0.49375 0.01796875 0.0421875
0 0.9359375 0.50625 0.05625 0.04453125
0 0.94609375 0.525 0.0625 0.05625
0 0.94453125 0.4765625 0.0578125 0.05546875
0 0.99375 0.646875 0.0125 0.053125
3 0.87421875 0.54609375 0.02890625 0.0390625
3 0.884375 0.57734375 0.0265625 0.04453125
3 0.96015625 0.7265625 0.0796875 0.1
3 0.92265625 0.62578125 0.07578125 0.07109375
3 0.44453125 0.7046875 0.0734375 0.096875
3 0.5953125 0.33125 0.02890625 0.0203125
3 0.58203125 0.340625 0.03828125 0.0234375
3 0.50546875 0.40703125 0.065625 0.04375
3 0.52578125 0.3875 0.05546875 0.034375
3 0.55 0.37265625 0.040625 0.03203125
3 0.38046875 0.5265625 0.1109375 0.09765625
3 0.42734375 0.484375 0.09453125 0.0765625
3 0.5125 0.59453125 0.05390625 0.06171875
0 0.59375 0.4 0.0171875 0.03203125
0 0.3171875 0.74921875 0.03515625 0.05
0 0.3015625 0.7875 0.0375 0.0578125
0 0.26640625 0.80078125 0.0390625 0.0734375
0 0.20078125 0.90859375 0.04765625 0.0765625
0 0.234375 0.84453125 0.0421875 0.06484375
3 0.565625 0.50234375 0.0359375 0.0328125
3 0.5375 0.55078125 0.04609375 0.04375
3 0.5859375 0.4828125 0.01796875 0.0296875
3 0.59453125 0.46484375 0.0171875 0.02578125
3 0.48046875 0.55546875 0.0703125 0.06953125
0 0.5859375 0.415625 0.00546875 0.03046875
0 0.57421875 0.42265625 0.0203125 0.0296875
0 0.565625 0.42578125 0.02578125 0.03515625
0 0.57265625 0.39609375 0.02578125 0.03203125
0 0.53125 0.45078125 0.01796875 0.04453125
0 0.5359375 0.484375 0.00859375 0.040625
0 0.52734375 0.49609375 0.00859375 0.04375
0 0.50625 0.50390625 0.034375 0.05390625
0 0.515625 0.4609375 0.034375 0.046875
0 0.4921875 0.2984375 0.02734375 0.05390625
0 0.4859375 0.3046875 0.01484375 0.05625
0 0.453125 0.3171875 0.01953125 0.06171875
0 0.47109375 0.3109375 0.015625 0.05859375
0 0.4578125 0.25546875 0.0390625 0.059375
0 0.43984375 0.259375 0.04375 0.0625
0 0.41640625 0.26171875 0.05234375 0.06796875
0 0.3875 0.265625 0.0671875 0.07421875
0 0.43359375 0.32421875 0.02265625 0.065625
0 0.4109375 0.3328125 0.0265625 0.07265625
0 0.36484375 0.340625 0.0703125 0.08515625
0 0.27578125 0.3375 0.09609375 0.10625
0 0.2234375 0.3515625 0.1109375 0.1203125
0 0.15859375 0.36953125 0.1296875 0.140625
0 0.07734375 0.3921875 0.15390625 0.1640625
0 0.03046875 0.4140625 0.0609375 0.1703125
0 0.3015625 0.5640625 0.08203125 0.11953125
0 0.2734375 0.6 0.0640625 0.134375
0 0.22578125 0.65703125 0.0703125 0.12421875
0 0.19140625 0.5640625 0.11484375 0.15078125
0 0.16015625 0.7125 0.0921875 0.14453125
0 0.0765625 0.78671875 0.12109375 0.17109375
0 0.02421875 0.85 0.0484375 0.140625
0 0.12265625 0.609375 0.1359375 0.17890625
0 0.05703125 0.6703125 0.1140625 0.2171875
0 0.0078125 0.76484375 0.01484375 0.053125
3 0.15078125 0.4953125 0.0640625 0.0375
3 0.20546875 0.46953125 0.046875 0.02890625
3 0.24921875 0.44765625 0.040625 0.02578125
3 0.321875 0.3375 0.003125 0.00859375
3 0.32578125 0.3296875 0.0125 0.0171875
3 0.34765625 0.45 0.0390625 0.02734375
3 0.25078125 0.509375 0.05 0.04140625
3 0.2890625 0.4828125 0.03828125 0.03515625
0 0.01875 0.55703125 0.0375 0.02265625
3 0.37890625 0.434375 0.02734375 0.02109375
3 0.39921875 0.421875 0.0234375 0.0203125
3 0.415625 0.41171875 0.02265625 0.0171875
0 0.32421875 0.409375 0.0125 0.0078125
0 0.32890625 0.36171875 0.0125 0.0125
0 0.29765625 0.42421875 0.0078125 0.00546875
0 0.284375 0.42890625 0.01796875 0.00859375
0 0.021875 0.27421875 0.04375 0.04765625
0 0.003125 0.2859375 0.00625 0.0265625
0 0.23046875 0.26875 0.03046875 0.0328125
0 0.215625 0.27109375 0.02421875 0.03515625
0 0.17578125 0.27578125 0.02734375 0.0359375
0 0.196875 0.27421875 0.02578125 0.03515625
0 0.190625 0.2390625 0.0265625 0.034375
0 0.16796875 0.240625 0.0296875 0.0359375
0 0.14140625 0.240625 0.0359375 0.0375
0 0.11328125 0.24296875 0.04609375 0.0390625
0 0.1515625 0.278125 0.03046875 0.0375
0 0.12734375 0.28046875 0.0328125 0.040625
0 0.09453125 0.28359375 0.04765625 0.04375
3 0.74453125 0.509375 0.05625 0.0375