3 0.9296875 0.375 0.07265625 0.028125
3 0.95234375 0.396875 0.08515625 0.04296875
3 0.98671875 0.45546875 0.025 0.03984375
3 0.9796875 0.828125 0.03984375 0.1109375
0 0.9078125 0.46640625 0.03046875 0.04296875
0 0.90859375 0.49375 0.01796875 0.04296875
0 0.93515625 0.50625 0.05625 0.04453125
0 0.94609375 0.52421875 0.0625 0.05625
0 0.94453125 0.4765625 0.0578125 0.05546875
0 0.99375 0.646875 0.0109375 0.0515625
3 0.87421875 0.54609375 0.028125 0.0390625
3 0.884375 0.578125 0.0265625 0.04453125
3 0.96015625 0.7265625 0.078125 0.1
3 0.92265625 0.62578125 0.075 0.07109375
3 0.44453125 0.7046875 0.07265625 0.09609375
3 0.5953125 0.33125 0.02890625 0.0203125
3 0.58125 0.340625 0.03828125 0.0234375
3 0.50546875 0.40703125 0.065625 0.04375
3 0.52578125 0.38671875 0.05546875 0.034375
3 0.54921875 0.371875 0.040625 0.03125
3 0.38125 0.5265625 0.1109375 0.096875
3 0.42734375 0.48359375 0.09453125 0.0765625
3 0.51171875 0.59453125 0.05390625 0.0609375
0 0.59296875 0.4 0.0171875 0.03125
0 0.31796875 0.74921875 0.034375 0.05
0 0.30078125 0.78671875 0.0375 0.05703125
0 0.26640625 0.80078125 0.03984375 0.0734375
0 0.20078125 0.9078125 0.04765625 0.0765625
0 0.23359375 0.84375 0.04296875 0.06484375
3 0.56640625 0.503125 0.03671875 0.03359375
3 0.53828125 0.55078125 0.04609375 0.04375
3 0.58515625 0.48203125 0.01796875 0.0296875
3 0.59453125 0.46484375 0.01640625 0.02578125
3 0.48125 0.55625 0.0703125 0.06953125
0 0.58515625 0.415625 0.00546875 0.03046875
0 0.5734375 0.421875 0.0203125 0.0296875
0 0.565625 0.42578125 0.02578125 0.03515625
0 0.57265625 0.39609375 0.025 0.03203125
0 0.53125 0.45078125 0.01875 0.04453125
0 0.5359375 0.484375 0.0078125 0.040625
0 0.528125 0.49609375 0.00859375 0.04375
0 0.50625 0.50390625 0.034375 0.05390625
0 0.515625 0.4609375 0.03359375 0.046875
0 0.4921875 0.2984375 0.02734375 0.05390625
0 0.4859375 0.30390625 0.01484375 0.05625
0 0.453125 0.3171875 0.01953125 0.06171875
0 0.4703125 0.3109375 0.01640625 0.05859375
0 0.4578125 0.25546875 0.03984375 0.059375
0 0.43984375 0.25859375 0.04375 0.06328125
0 0.41640625 0.26171875 0.05234375 0.06796875
0 0.38828125 0.265625 0.06640625 0.07421875
0 0.43359375 0.32421875 0.02265625 0.065625
0 0.4109375 0.33203125 0.02734375 0.071875
0 0.36484375 0.33984375 0.07109375 0.08515625
0 0.27578125 0.33671875 0.0953125 0.10625
0 0.2234375 0.35078125 0.11015625 0.1203125
0 0.15859375 0.36875 0.1296875 0.13984375
0 0.07734375 0.3921875 0.15390625 0.1640625
0 0.03046875 0.4140625 0.0609375 0.1703125
0 0.3015625 0.5640625 0.08203125 0.11875
0 0.2734375 0.59921875 0.0640625 0.134375
0 0.22578125 0.65703125 0.0703125 0.125
0 0.19140625 0.5640625 0.11484375 0.1515625
0 0.16015625 0.71328125 0.09296875 0.14453125
0 0.0765625 0.78671875 0.121875 0.17109375
0 0.02421875 0.85 0.0484375 0.140625
0 0.12265625 0.609375 0.13515625 0.17890625
0 0.05703125 0.6703125 0.1140625 0.21640625
0 0.00703125 0.7640625 0.0140625 0.053125
3 0.15078125 0.4953125 0.0640625 0.03671875
3 0.20546875 0.46875 0.04765625 0.02890625
3 0.2484375 0.44765625 0.04140625 0.025
3 0.321875 0.33671875 0.00390625 0.00859375
3 0.32578125 0.3296875 0.0125 0.01640625
3 0.346875 0.45 0.0390625 0.028125
3 0.25078125 0.50859375 0.04921875 0.04140625
3 0.2890625 0.48203125 0.03828125 0.03515625
0 0.01875 0.55625 0.0375 0.021875
3 0.37890625 0.43359375 0.02734375 0.02109375
3 0.39921875 0.421875 0.02265625 0.01953125
3 0.415625 0.41171875 0.021875 0.01796875
0 0.32421875 0.409375 0.0125 0.00703125
0 0.32890625 0.36171875 0.0125 0.01171875
0 0.296875 0.4234375 0.00703125 0.00546875
0 0.284375 0.42890625 0.01796875 0.009375
0 0.021875 0.27421875 0.04296875 0.0484375
0 0.003125 0.28515625 0.00625 0.0265625
0 0.2296875 0.26875 0.03046875 0.03359375
0 0.215625 0.2703125 0.02421875 0.03515625
0 0.175 0.27578125 0.02734375 0.0359375
0 0.19609375 0.2734375 0.02578125 0.03515625
0 0.190625 0.2390625 0.0265625 0.034375
0 0.16796875 0.240625 0.0296875 0.0359375
0 0.14140625 0.24140625 0.03671875 0.03828125
0 0.11328125 0.24296875 0.04609375 0.03984375
0 0.1515625 0.278125 0.03046875 0.03828125
0 0.1265625 0.28125 0.0328125 0.03984375
0 0.09375 0.2828125 0.04765625 0.04375
3 0.74375 0.509375 0.05625 0.03671875