2 0.20078125 0.509375 0.0875 0.18203125
3 0.009375 0.6671875 0.01875 0.065625
3 0.46484375 0.57421875 0.05546875 0.06484375
3 0.9375 0.678125 0.12421875 0.17578125
3 0.54765625 0.44375 0.0796875 0.06640625
3 0.5984375 0.4734375 0.09140625 0.08046875
3 0.6703125 0.521875 0.103125 0.09609375
3 0.375 0.47578125 0.04140625 0.0390625
3 0.4234375 0.375 0.06015625 0.040625
3 0.44765625 0.3890625 0.0640625 0.0453125
3 0.5421875 0.66328125 0.0703125 0.09140625
0 0.98828125 0.95625 0.02265625 0.0859375
0 0.4140625 0.4453125 0.01484375 0.01484375
0 0.403125 0.44296875 0.01484375 0.015625
0 0.40390625 0.43046875 0.01484375 0.01484375
0 0.38828125 0.4265625 0.01328125 0.0140625
0 0.3984375 0.43046875 0.0140625 0.0140625
3 0.7421875 0.88671875 0.10859375 0.18515625
3 0.61015625 0.74453125 0.08359375 0.10625
3 0.81171875 0.940625 0.06484375 0.11640625
3 0.49375 0.52890625 0.06640625 0.06796875
0 0.87578125 0.8375 0.0796875 0.1546875
0 0.81796875 0.7890625 0.06484375 0.14375
0 0.77578125 0.75078125 0.0671875 0.13046875
0 0.8359375 0.74453125 0.07421875 0.12890625
0 0.58203125 0.546875 0.04453125 0.071875
0 0.58046875 0.59296875 0.04453125 0.0640625
0 0.54921875 0.578125 0.02109375 0.05546875
0 0.53046875 0.553125 0.01953125 0.06875
0 0.5578125 0.53125 0.0359375 0.06875
0 0.51015625 0.29375 0.04375 0.05703125
0 0.49140625 0.2890625 0.040625 0.05546875
0 0.44921875 0.2828125 0.01484375 0.0453125
0 0.46328125 0.28671875 0.015625 0.0484375
0 0.47578125 0.240625 0.04140625 0.05078125
0 0.45859375 0.23828125 0.0375 0.0484375
0 0.44453125 0.23515625 0.03515625 0.04609375
0 0.43203125 0.23359375 0.03671875 0.04453125
0 0.43515625 0.27890625 0.01484375 0.04453125
0 0.42265625 0.275 0.01328125 0.04296875
0 0.4109375 0.2703125 0.0125 0.04296875
0 0.396875 0.2484375 0.03359375 0.03984375
0 0.384375 0.24609375 0.02734375 0.0390625
0 0.3734375 0.24453125 0.021875 0.03671875
0 0.36875 0.2421875 0.02890625 0.0359375
0 0.36015625 0.240625 0.02734375 0.03515625
0 0.35234375 0.2390625 0.02578125 0.03359375
0 0.346875 0.2375 0.0265625 0.03203125
0 0.40234375 0.3484375 0.03203125 0.0390625
0 0.3921875 0.34453125 0.0296875 0.040625
0 0.375 0.34296875 0.01015625 0.03359375
0 0.38046875 0.309375 0.0265625 0.03828125
0 0.36640625 0.33828125 0.009375 0.03203125
0 0.359375 0.334375 0.009375 0.03125
0 0.35234375 0.33046875 0.00859375 0.03046875
0 0.3453125 0.325 0.00859375 0.03125
0 0.3734375 0.30625 0.028125 0.03671875
0 0.36640625 0.30234375 0.028125 0.0359375
0 0.35859375 0.29921875 0.02734375 0.03515625
3 0.634375 0.434375 0.03828125 0.0296875
3 0.99453125 0.39140625 0.009375 0.03125
3 0.9546875 0.38203125 0.078125 0.04453125
3 0.71875 0.32890625 0.04609375 0.02578125
3 0.75390625 0.3375 0.04765625 0.02890625
3 0.81015625 0.35078125 0.04609375 0.0296875
3 0.78359375 0.50625 0.0484375 0.0453125
3 0.6625 0.44765625 0.04140625 0.03203125
3 0.54140625 0.390625 0.03046875 0.01953125
3 0.61171875 0.30390625 0.0375 0.01953125
3 0.6359375 0.309375 0.0390625 0.02109375
3 0.703125 0.46875 0.0453125 0.03671875
3 0.8421875 0.534375 0.05859375 0.053125
3 0.8984375 0.56171875 0.06484375 0.0609375
3 0.96328125 0.59375 0.071875 0.0703125
0 0.790625 0.38515625 0.0171875 0.01640625
0 0.7421875 0.371875 0.0203125 0.015625
0 0.728125 0.36640625 0.02265625 0.01484375
0 0.58984375 0.29140625 0.01953125 0.025
0 0.5796875 0.2890625 0.01953125 0.02578125
0 0.565625 0.28828125 0.009375 0.021875
0 0.57109375 0.26640625 0.01953125 0.0234375
0 0.55625 0.28671875 0.00859375 0.02109375
0 0.54765625 0.284375 0.00859375 0.0203125
0 0.53984375 0.2828125 0.00859375 0.01953125
0 0.53359375 0.27890625 0.003125 0.02109375
0 0.56171875 0.2640625 0.01796875 0.0234375
0 0.55234375 0.26328125 0.01640625 0.021875
0 0.54453125 0.2609375 0.0171875 0.021875
0 0.59375 0.2234375 0.02109375 0.025
0 0.58359375 0.2234375 0.01953125 0.02421875
0 0.571875 0.221875 0.015625 0.0234375
0 0.5625 0.22109375 0.01484375 0.0234375
0 0.55546875 0.2203125 0.01796875 0.021875
0 0.5328125 0.21875 0.0078125 0.02109375
0 0.6984375 0.24375 0.02578125 0.03046875
0 0.6828125 0.24296875 0.025 0.0296875
0 0.6515625 0.240625 0.01484375 0.02578125
0 0.66484375 0.2421875 0.015625 0.0265625
0 0.671875 0.21484375 0.02421875 0.028125
0 0.65390625 0.2140625 0.01640625 0.028125
0 0.64375 0.21328125 0.02109375 0.0265625
0 0.628125 0.21171875 0.0140625 0.02578125
0 0.63828125 0.2390625 0.0140625 0.02578125
0 0.62578125 0.2375 0.01328125 0.025
0 0.6140625 0.2359375 0.01328125 0.0265625