2 0.09140625 0.79765625 0.1828125 0.2640625
3 0.43828125 0.58828125 0.05078125 0.05546875
3 0.8578125 0.45390625 0.0921875 0.0578125
3 0.7953125 0.44921875 0.0859375 0.0578125
3 0.540625 0.43125 0.04609375 0.05859375
3 0.59296875 0.434375 0.05625 0.053125
3 0.653125 0.4421875 0.065625 0.04609375
3 0.26328125 0.56640625 0.0625 0.05234375
3 0.36875 0.42265625 0.0609375 0.05546875
3 0.4125 0.4265625 0.05625 0.05546875
3 0.54140625 0.60390625 0.046875 0.05859375
0 0.8203125 0.5515625 0.05078125 0.06484375
0 0.340625 0.50234375 0.0125 0.02109375
0 0.32578125 0.50546875 0.015625 0.02265625
0 0.31796875 0.49453125 0.0171875 0.0265625
0 0.28828125 0.49921875 0.0171875 0.02109375
0 0.30625 0.4953125 0.0171875 0.0203125
3 0.6984375 0.621875 0.0625 0.0625
3 0.60703125 0.61171875 0.05234375 0.059375
3 0.75390625 0.63515625 0.05859375 0.04921875
3 0.80546875 0.6390625 0.0625 0.05546875
3 0.4828125 0.528125 0.04453125 0.0625
0 0.76484375 0.54140625 0.0296875 0.059375
0 0.7390625 0.5390625 0.034375 0.0609375
0 0.7140625 0.5359375 0.0375 0.06171875
0 0.74375 0.5109375 0.0421875 0.05390625
0 0.58046875 0.49609375 0.0234375 0.05234375
0 0.57890625 0.5359375 0.02265625 0.03203125
0 0.5578125 0.534375 0.02265625 0.03203125
0 0.5375 0.51953125 0.02109375 0.05859375
0 0.559375 0.49453125 0.0234375 0.05078125
0 0.4984375 0.3171875 0.02421875 0.05859375
0 0.475 0.31640625 0.02890625 0.05859375
0 0.42578125 0.32265625 0.02578125 0.0421875
0 0.44921875 0.3234375 0.02578125 0.0421875
0 0.45 0.27421875 0.03203125 0.0578125
0 0.42578125 0.2734375 0.03203125 0.0578125
0 0.4015625 0.271875 0.0328125 0.05625
0 0.378125 0.27109375 0.03515625 0.05625
0 0.4015625 0.32109375 0.0265625 0.04140625
0 0.37890625 0.31953125 0.02578125 0.04140625
0 0.35546875 0.3109375 0.0265625 0.05625
0 0.3078125 0.29140625 0.04375 0.05546875
0 0.28359375 0.29140625 0.0390625 0.05546875
0 0.2609375 0.290625 0.040625 0.05546875
0 0.2390625 0.28828125 0.040625 0.05546875
0 0.21796875 0.2875 0.0421875 0.05546875
0 0.196875 0.28671875 0.0421875 0.05390625
0 0.17578125 0.28515625 0.04453125 0.053125
0 0.3234375 0.40546875 0.03828125 0.05546875
0 0.30078125 0.403125 0.03515625 0.05546875
0 0.27578125 0.4109375 0.02578125 0.03515625
0 0.2765625 0.3671875 0.0421875 0.05546875
0 0.25546875 0.409375 0.0265625 0.034375
0 0.2359375 0.40859375 0.0265625 0.034375
0 0.21640625 0.40625 0.0265625 0.034375
0 0.19609375 0.3984375 0.0265625 0.04765625
0 0.25390625 0.365625 0.0375 0.05390625
0 0.23359375 0.3640625 0.0390625 0.05390625
0 0.2140625 0.3625 0.040625 0.053125
3 0.484375 0.37421875 0.02734375 0.01953125
3 0.70546875 0.271875 0.0359375 0.0203125
3 0.675 0.27109375 0.0375 0.0203125
3 0.521875 0.32265625 0.003125 0.00859375
3 0.54453125 0.26640625 0.02421875 0.0203125
3 0.5703125 0.26796875 0.0296875 0.01953125
3 0.60234375 0.2703125 0.03203125 0.0171875
3 0.596875 0.3828125 0.0296875 0.02265625
3 0.51015625 0.37578125 0.0265625 0.0203125
3 0.37890625 0.36640625 0.03046875 0.01796875
3 0.4765625 0.265625 0.02109375 0.0203125
3 0.54296875 0.3796875 0.0265625 0.02109375
0 0.6703125 0.32578125 0.02109375 0.01796875
3 0.63203125 0.38515625 0.0296875 0.02109375
3 0.6609375 0.3875 0.0296875 0.02265625
3 0.6875 0.3890625 0.0328125 0.02265625
3 0.6375 0.328125 0.0296875 0.009375
0 0.603125 0.32109375 0.0125 0.01953125
0 0.590625 0.32109375 0.0125 0.0203125
0 0.57890625 0.31953125 0.0125 0.0203125
0 0.5921875 0.30546875 0.0140625 0.02734375
0 0.56484375 0.30390625 0.0125 0.02734375
0 0.5640625 0.3234375 0.01171875 0.0109375
0 0.55234375 0.32265625 0.01171875 0.009375
0 0.540625 0.31796875 0.01171875 0.01953125
0 0.55390625 0.30390625 0.01171875 0.0265625
0 0.40078125 0.23203125 0.0171875 0.02109375
0 0.3640625 0.25078125 0.00859375 0.0078125
0 0.35546875 0.25234375 0.0125 0.0265625
0 0.38828125 0.23125 0.01484375 0.02265625
0 0.37734375 0.2328125 0.015625 0.02421875
0 0.36640625 0.23359375 0.015625 0.0265625
0 0.421875 0.18984375 0.015625 0.0265625
0 0.409375 0.18984375 0.015625 0.0265625
0 0.39765625 0.1890625 0.015625 0.0265625
0 0.3859375 0.1890625 0.015625 0.0265625
0 0.37421875 0.1890625 0.0171875 0.0265625
0 0.3625 0.1875 0.0171875 0.0265625
0 0.35078125 0.1875 0.0171875 0.0265625
0 0.525 0.203125 0.0078125 0.0234375
0 0.5078125 0.20078125 0.00859375 0.02734375
0 0.484375 0.20234375 0.0125 0.0234375
0 0.496875 0.20234375 0.0125 0.02265625
0 0.49765625 0.17734375 0.0140625 0.0265625
0 0.48515625 0.17734375 0.0125 0.0265625
0 0.47265625 0.17734375 0.0140625 0.0265625
0 0.46015625 0.1765625 0.0140625 0.02578125
0 0.47265625 0.20234375 0.0125 0.0234375
0 0.46015625 0.2015625 0.01171875 0.02265625
0 0.4484375 0.19921875 0.01171875 0.0265625
3 0.90390625 0.97890625 0.0625 0.0390625
3 0.75625 0.42265625 0.00859375 0.0109375