3 0.46875 0.60859375 0.05859375 0.071875
3 0.94609375 0.63828125 0.10703125 0.13046875
3 0.3265625 0.45234375 0.053125 0.0453125
3 0.4234375 0.5140625 0.06015625 0.06171875
3 0.46640625 0.534375 0.06328125 0.06796875
3 0.51015625 0.5640625 0.06328125 0.0796875
3 0.57578125 0.47890625 0.071875 0.07890625
3 0.63515625 0.5046875 0.08203125 0.08671875
3 0.715625 0.54453125 0.08828125 0.090625
3 0.684375 0.76171875 0.0734375 0.11875
3 0.51015625 0.6359375 0.06171875 0.0796875
3 0.3375 0.51796875 0.05078125 0.05
3 0.41328125 0.4140625 0.06484375 0.05546875
3 0.4484375 0.4296875 0.06640625 0.0609375
3 0.56875 0.68125 0.065625 0.09296875
0 0.9265625 0.78828125 0.08984375 0.128125
0 0.35859375 0.465625 0.03125 0.05
3 0.77890625 0.82734375 0.08671875 0.1359375
3 0.871875 0.8890625 0.10546875 0.15625
3 0.95703125 0.9359375 0.08515625 0.1265625
3 0.81171875 0.72890625 0.0984375 0.13046875
0 0.70703125 0.6578125 0.040625 0.09140625
0 0.67421875 0.65546875 0.03515625 0.06015625
0 0.6484375 0.625 0.0375 0.08515625
0 0.68203125 0.609375 0.0390625 0.07578125
0 0.6171875 0.575 0.03671875 0.06875
0 0.6140625 0.61171875 0.03671875 0.06796875
0 0.58515625 0.60703125 0.02578125 0.046875
0 0.56328125 0.5796875 0.02578125 0.07421875
0 0.59140625 0.56171875 0.03359375 0.06640625
0 0.38046875 0.38515625 0.03671875 0.0515625
0 0.3625 0.37890625 0.02890625 0.05078125
0 0.34296875 0.3796875 0.01640625 0.03671875
0 0.34921875 0.34140625 0.0375 0.0484375
0 0.33046875 0.37421875 0.015625 0.0359375
0 0.31796875 0.36875 0.015625 0.03515625
0 0.30625 0.36328125 0.01484375 0.034375
0 0.29453125 0.35625 0.01484375 0.0390625
0 0.33515625 0.33671875 0.03359375 0.046875
0 0.321875 0.33203125 0.0328125 0.04609375
0 0.31015625 0.328125 0.0328125 0.04453125
0 0.371875 0.2765625 0.03984375 0.05
0 0.35078125 0.27265625 0.028125 0.04921875
0 0.340625 0.26953125 0.0359375 0.0484375
0 0.32734375 0.26640625 0.03515625 0.046875
0 0.3140625 0.2625 0.03515625 0.0453125
0 0.3015625 0.26015625 0.03515625 0.04453125
0 0.28984375 0.25703125 0.03359375 0.04375
0 0.53359375 0.33515625 0.040625 0.06640625
0 0.509375 0.32890625 0.03984375 0.06484375
0 0.4578125 0.3234375 0.02109375 0.0484375
0 0.47890625 0.3296875 0.021875 0.05
0 0.48671875 0.278125 0.040625 0.06015625
0 0.465625 0.2734375 0.03984375 0.05859375
0 0.44453125 0.26953125 0.0390625 0.05703125
0 0.42578125 0.265625 0.0390625 0.0546875
0 0.4375 0.31796875 0.02109375 0.04609375
0 0.41875 0.3125 0.01953125 0.0453125
0 0.4015625 0.30390625 0.01953125 0.0515625