3 0.41796875 0.640625 0.07890625 0.07890625
3 0.96640625 0.4328125 0.06484375 0.06484375
3 0.56328125 0.39921875 0.07734375 0.05859375
3 0.64609375 0.40703125 0.096875 0.0609375
3 0.75390625 0.41953125 0.12265625 0.05859375
3 0.21328125 0.58125 0.08203125 0.05859375
3 0.32890625 0.37890625 0.09375 0.04765625
3 0.38359375 0.3859375 0.090625 0.05
3 0.5625 0.6859375 0.07578125 0.09453125
0 0.30234375 0.50234375 0.02421875 0.0234375
0 0.2828125 0.50234375 0.02421875 0.02578125
0 0.27734375 0.4890625 0.02421875 0.0296875
0 0.24296875 0.4921875 0.02421875 0.02265625
0 0.26484375 0.48984375 0.0234375 0.02265625
3 0.8390625 0.76328125 0.1328125 0.1265625
3 0.67109375 0.715625 0.08828125 0.10625
3 0.9453125 0.80625 0.109375 0.10234375
3 0.9984375 0.796875 0.003125 0.0109375
3 0.47578125 0.54921875 0.07265625 0.0796875
0 0.971875 0.6265625 0.05625 0.103125
0 0.91875 0.6125 0.084375 0.1109375
0 0.8671875 0.603125 0.08515625 0.10625
0 0.92734375 0.55234375 0.10234375 0.1078125
0 0.62578125 0.5046875 0.03828125 0.0859375
0 0.621875 0.57109375 0.0375 0.05859375
0 0.5875 0.5640625 0.03515625 0.0578125
0 0.55625 0.54453125 0.034375 0.0828125
0 0.590625 0.49921875 0.0359375 0.0828125
0 0.50234375 0.2125 0.04609375 0.0703125
0 0.4625 0.2125 0.03515625 0.0703125
0 0.39765625 0.215625 0.034375 0.06484375
0 0.42890625 0.2140625 0.034375 0.065625
0 0.4359375 0.1453125 0.05234375 0.07109375
0 0.39375 0.14765625 0.034375 0.0703125
0 0.3625 0.15 0.034375 0.06796875
0 0.33359375 0.1515625 0.0328125 0.0671875
0 0.3671875 0.215625 0.0328125 0.0625
0 0.3375 0.215625 0.0328125 0.0625
0 0.3109375 0.215625 0.03203125 0.06171875
0 0.26328125 0.19453125 0.0625 0.06171875
0 0.2234375 0.1953125 0.03203125 0.05859375
0 0.19921875 0.19609375 0.03046875 0.05859375
0 0.17578125 0.19765625 0.03046875 0.05625
0 0.15390625 0.19765625 0.0296875 0.05546875
0 0.13359375 0.1984375 0.02890625 0.05390625
0 0.11328125 0.19921875 0.02890625 0.053125
0 0.27890625 0.35703125 0.05546875 0.0609375
0 0.2515625 0.35546875 0.04765625 0.05859375
0 0.2203125 0.3578125 0.02734375 0.04921875
0 0.22890625 0.30546875 0.06171875 0.053125
0 0.19921875 0.35546875 0.02734375 0.04921875
0 0.178125 0.353125 0.0265625 0.046875
0 0.15859375 0.3515625 0.02734375 0.04765625
0 0.13984375 0.34765625 0.0265625 0.04921875
0 0.2015625 0.3046875 0.05 0.05390625
0 0.1828125 0.30390625 0.05234375 0.05234375
0 0.1640625 0.30234375 0.05625 0.05234375
3 0.5140625 0.4390625 0.02109375 0.00625
3 0.80546875 0.3140625 0.05546875 0.0171875
3 0.7609375 0.3125 0.053125 0.0171875
3 0.40390625 0.3609375 0.03046875 0.00625
3 0.48828125 0.37421875 0.0359375 0.01796875
3 0.52109375 0.37578125 0.03515625 0.0171875
3 0.55390625 0.37734375 0.0265625 0.01796875
3 0.5921875 0.3078125 0.03046875 0.015625
3 0.62421875 0.31015625 0.0375 0.015625
3 0.6640625 0.31171875 0.040625 0.01484375
3 0.6578125 0.45859375 0.0359375 0.00859375
3 0.54765625 0.44453125 0.0296875 0.0078125
3 0.4015625 0.42421875 0.0265625 0.00625
3 0.484375 0.30546875 0.0328125 0.01484375
3 0.5109375 0.30546875 0.03203125 0.0140625
3 0.58828125 0.45 0.03203125 0.00859375
0 0.75546875 0.38359375 0.02734375 0.02265625
0 0.43359375 0.3625 0.02265625 0.02578125
3 0.703125 0.4640625 0.03828125 0.009375
3 0.74296875 0.46953125 0.0390625 0.01171875
3 0.77734375 0.47421875 0.02890625 0.009375
3 0.7109375 0.38984375 0.04140625 0.015625
0 0.665625 0.3734375 0.015625 0.0171875
0 0.64921875 0.3734375 0.015625 0.0171875
0 0.634375 0.37109375 0.015625 0.0171875
0 0.65078125 0.35546875 0.01796875 0.0296875
0 0.6171875 0.35234375 0.01484375 0.02890625
0 0.615625 0.37265625 0.0140625 0.0109375
0 0.6015625 0.3734375 0.0140625 0.01484375
0 0.5875 0.37421875 0.0125 0.02890625
0 0.60234375 0.3515625 0.01484375 0.02890625
0 0.45703125 0.29609375 0.015625 0.02578125
0 0.44609375 0.29609375 0.0171875 0.02578125
0 0.43046875 0.29609375 0.01171875 0.02265625
0 0.43359375 0.2765625 0.01796875 0.01484375
0 0.41953125 0.2953125 0.0125 0.02265625
0 0.4078125 0.2953125 0.0125 0.02265625
0 0.39609375 0.29453125 0.01171875 0.02109375
0 0.3859375 0.29375 0.01171875 0.0234375
0 0.41875 0.2765625 0.01171875 0.01484375
0 0.40703125 0.27734375 0.01171875 0.0140625
0 0.3953125 0.27734375 0.01171875 0.0140625
0 0.5671875 0.2328125 0.01484375 0.0265625
0 0.5515625 0.2328125 0.0140625 0.0265625
0 0.5265625 0.2328125 0.00234375 0.0265625
0 0.540625 0.2328125 0.00859375 0.0265625
0 0.5421875 0.20546875 0.01171875 0.02578125
0 0.5265625 0.2078125 0.00234375 0.02265625
3 0.93359375 0.51484375 0.090625 0.0421875