3 0.00546875 0.7546875 0.0109375 0.0375
0 0.00078125 0.3578125 0.0015625 0.034375
0 0.00546875 0.36328125 0.00703125 0.0390625
0 0.003125 0.4953125 0.00546875 0.04296875
3 0.4921875 0.7109375 0.06015625 0.04375
3 0.96484375 0.484375 0.06953125 0.04296875
3 0.3890625 0.59140625 0.03046875 0.01796875
3 0.45859375 0.6109375 0.05390625 0.025
3 0.49140625 0.61796875 0.059375 0.02890625
3 0.525 0.62890625 0.0640625 0.034375
3 0.565625 0.50703125 0.0453125 0.0203125
3 0.6234375 0.50546875 0.06953125 0.0234375
3 0.70703125 0.50234375 0.09921875 0.0265625
3 0.7171875 0.840625 0.10234375 0.10859375
3 0.528125 0.7296875 0.06640625 0.0515625
3 0.39609375 0.6578125 0.04140625 0.025
3 0.43984375 0.51171875 0.021875 0.0140625
3 0.48046875 0.5109375 0.05859375 0.01484375
3 0.58359375 0.76328125 0.07890625 0.06640625
0 0.9890625 0.73046875 0.0203125 0.0984375
0 0.4140625 0.5890625 0.0234375 0.03046875
3 0.8625 0.91953125 0.14609375 0.15859375
3 0.96640625 0.9515625 0.065625 0.0953125
3 0.86640625 0.725 0.14375 0.08515625
0 0.72265625 0.6640625 0.0515625 0.078125
0 0.68671875 0.65859375 0.04765625 0.06484375
0 0.6484375 0.6484375 0.02890625 0.06640625
0 0.6875 0.60078125 0.04921875 0.0640625
0 0.62109375 0.59140625 0.04296875 0.0546875
0 0.621875 0.64140625 0.04296875 0.05625
0 0.5890625 0.6359375 0.02265625 0.0515625
0 0.5671875 0.628125 0.01953125 0.05390625
0 0.596875 0.58828125 0.03828125 0.0515625
0 0.4359375 0.50390625 0.028125 0.02890625
0 0.41796875 0.50546875 0.00859375 0.02890625
0 0.409375 0.50546875 0.00859375 0.028125
0 0.41796875 0.478125 0.02578125 0.028125
0 0.4015625 0.50625 0.00703125 0.0265625
0 0.39375 0.50625 0.00703125 0.02578125
0 0.38671875 0.50703125 0.00625 0.025
0 0.38046875 0.50703125 0.00546875 0.02421875
0 0.4015625 0.47890625 0.00703125 0.0265625
0 0.39375 0.48046875 0.00703125 0.02578125
0 0.38671875 0.48203125 0.00625 0.025
0 0.4359375 0.4140625 0.02578125 0.0296875
0 0.41875 0.4171875 0.00859375 0.02890625
0 0.41015625 0.4203125 0.0078125 0.028125
0 0.40234375 0.4234375 0.00703125 0.0265625
0 0.3953125 0.42578125 0.00703125 0.02578125
0 0.38828125 0.42890625 0.00625 0.025
0 0.38125 0.43125 0.00546875 0.02421875
0 0.54140625 0.390625 0.03671875 0.04140625
0 0.51484375 0.3953125 0.015625 0.040625
0 0.4859375 0.40546875 0.01328125 0.03671875
0 0.5 0.40078125 0.01328125 0.03828125
0 0.51015625 0.365625 0.03359375 0.04140625
0 0.4859375 0.37109375 0.01328125 0.0390625
0 0.4734375 0.37734375 0.01171875 0.03828125
0 0.46171875 0.38203125 0.0109375 0.03671875
0 0.4734375 0.41015625 0.01171875 0.03515625
0 0.46171875 0.4140625 0.01015625 0.03359375
0 0.45078125 0.41796875 0.01015625 0.03359375