3 0.40703125 0.790625 0.07890625 0.05625
3 0.9296875 0.509375 0.12109375 0.025
3 0.85625 0.51015625 0.11640625 0.02421875
3 0.1359375 0.659375 0.10703125 0.034375
3 0.33828125 0.6640625 0.08828125 0.03671875
3 0.40859375 0.66328125 0.07734375 0.03671875
3 0.4765625 0.665625 0.06015625 0.04140625
3 0.5546875 0.5140625 0.05859375 0.02109375
3 0.61875 0.51484375 0.0703125 0.0203125
3 0.69375 0.5140625 0.07890625 0.02109375
3 0.7046875 0.79921875 0.09609375 0.06015625
3 0.4734375 0.79140625 0.0703125 0.05703125
3 0.1375 0.78359375 0.11171875 0.05390625
3 0.32265625 0.5140625 0.059375 0.02109375
3 0.3890625 0.5140625 0.07265625 0.02109375
3 0.565625 0.796875 0.075 0.05859375
0 0.87109375 0.65390625 0.0703125 0.0609375
0 0.21484375 0.6484375 0.06015625 0.05703125
3 0.79453125 0.8015625 0.11015625 0.0609375
3 0.87890625 0.8109375 0.096875 0.046875
3 0.95078125 0.809375 0.096875 0.05078125
3 0.78828125 0.665625 0.10546875 0.03515625
0 0.70859375 0.65078125 0.03046875 0.059375
0 0.671875 0.65 0.04375 0.059375
0 0.64453125 0.65 0.03984375 0.059375
0 0.67109375 0.60078125 0.04375 0.05390625
0 0.60625 0.60078125 0.0359375 0.05390625
0 0.6109375 0.65390625 0.02890625 0.05078125
0 0.58046875 0.65078125 0.03203125 0.05546875
0 0.55234375 0.64921875 0.03125 0.059375
0 0.57890625 0.60078125 0.03359375 0.05390625
0 0.27734375 0.5015625 0.04765625 0.046875
0 0.23984375 0.5015625 0.028125 0.046875
0 0.21328125 0.5015625 0.02734375 0.04609375
0 0.2265625 0.4546875 0.05234375 0.04609375
0 0.18671875 0.50234375 0.02734375 0.046875
0 0.159375 0.50234375 0.02734375 0.046875
0 0.13359375 0.50234375 0.02734375 0.046875
0 0.10703125 0.50234375 0.02734375 0.046875
0 0.1875 0.4546875 0.02734375 0.04609375
0 0.1609375 0.4546875 0.02734375 0.04609375
0 0.13515625 0.45546875 0.02734375 0.046875
0 0.2828125 0.3609375 0.04765625 0.0546875
0 0.2453125 0.35625 0.02734375 0.04375
0 0.21875 0.35625 0.02734375 0.04375
0 0.19296875 0.35703125 0.02734375 0.04375
0 0.16640625 0.35703125 0.02734375 0.04375
0 0.140625 0.35703125 0.0265625 0.04296875
0 0.11484375 0.3578125 0.02734375 0.04375
0 0.49921875 0.37109375 0.02734375 0.0453125
0 0.471875 0.37109375 0.02734375 0.04453125
0 0.41640625 0.371875 0.02734375 0.04453125
0 0.44375 0.371875 0.02734375 0.04453125
0 0.44609375 0.32578125 0.03203125 0.04609375
0 0.41640625 0.3265625 0.02734375 0.04609375
0 0.38984375 0.3265625 0.02734375 0.04609375
0 0.3625 0.328125 0.02734375 0.04609375
0 0.3890625 0.3734375 0.02734375 0.04453125
0 0.36171875 0.3734375 0.02734375 0.04453125
0 0.33515625 0.3734375 0.02734375 0.04453125