3 0.40859375 0.7125 0.0875 0.11484375
3 0.72421875 0.3390625 0.059375 0.0265625
3 0.70078125 0.34609375 0.0609375 0.02734375
3 0.534375 0.3921875 0.07890625 0.04921875
3 0.57578125 0.3796875 0.07734375 0.040625
3 0.6234375 0.36953125 0.0640625 0.03515625
3 0.0203125 0.9453125 0.040625 0.1078125
3 0.2890625 0.4640625 0.103125 0.0921875
3 0.37109375 0.440625 0.09765625 0.0765625
3 0.53671875 0.62890625 0.0734375 0.0796875
0 0.7140625 0.43046875 0.0375 0.0390625
0 0.20390625 0.67578125 0.0265625 0.05234375
0 0.1671875 0.7046875 0.0328125 0.05859375
0 0.134375 0.6984375 0.0375 0.0734375
0 0.0375 0.7609375 0.05078125 0.0703125
0 0.09296875 0.7203125 0.04140625 0.06171875
3 0.6546875 0.5546875 0.0609375 0.04140625
3 0.59296875 0.59921875 0.0671875 0.05078125
3 0.690625 0.5375 0.03828125 0.0359375
3 0.71484375 0.51953125 0.0359375 0.0328125
3 0.47421875 0.5625 0.0828125 0.08515625
0 0.69609375 0.44453125 0.0140625 0.040625
0 0.67734375 0.45078125 0.02734375 0.040625
0 0.6609375 0.45234375 0.03828125 0.05
0 0.67578125 0.41328125 0.03828125 0.04765625
0 0.56953125 0.45546875 0.040625 0.0625
0 0.57890625 0.5046875 0.01953125 0.04765625
0 0.5515625 0.5109375 0.0375 0.05625
0 0.53046875 0.5140625 0.04140625 0.06953125
0 0.55 0.4640625 0.0421875 0.06484375
0 0.49765625 0.23828125 0.02734375 0.0640625
0 0.46796875 0.2375 0.03203125 0.0671875
0 0.4 0.2375 0.040625 0.0734375
0 0.4359375 0.23828125 0.0359375 0.0703125
0 0.43359375 0.165625 0.0375 0.0765625
0 0.396875 0.1609375 0.0421875 0.08203125
0 0.35390625 0.15625 0.04921875 0.0875
0 0.3046875 0.15234375 0.0625 0.09375
0 0.36015625 0.2375 0.04609375 0.07734375
0 0.315625 0.2375 0.053125 0.0828125
0 0.265625 0.2359375 0.0625 0.09140625
0 0.11484375 0.19140625 0.10234375 0.1109375
0 0.04296875 0.18828125 0.0859375 0.1171875
0 0.16015625 0.465625 0.0796875 0.1171875
0 0.08984375 0.48125 0.090625 0.1265625
0 0.0328125 0.5109375 0.06484375 0.10546875
0 0.03359375 0.40625 0.0671875 0.12109375
3 0.52421875 0.3 0.0328125 0.0109375
3 0.49921875 0.30234375 0.03046875 0.0125
3 0.26640625 0.41484375 0.04609375 0.0296875
3 0.309375 0.40546875 0.04375 0.0265625
3 0.34765625 0.3984375 0.0375 0.0265625
3 0.37890625 0.31640625 0.0359375 0.015625
3 0.40859375 0.31328125 0.03828125 0.015625
3 0.43984375 0.3109375 0.03515625 0.0140625
3 0.25078125 0.33046875 0.040625 0.02265625
3 0.28828125 0.32734375 0.040625 0.0203125
0 0.5046875 0.359375 0.01796875 0.0234375
0 0.16953125 0.409375 0.0359375 0.0078125
3 0.47734375 0.37265625 0.03515625 0.0125
0 0.44921875 0.36953125 0.01171875 0.0265625
0 0.43515625 0.3734375 0.0171875 0.02578125
0 0.42421875 0.37578125 0.015625 0.02734375
0 0.434375 0.35078125 0.01953125 0.0265625
0 0.40625 0.35546875 0.01953125 0.02890625
0 0.4109375 0.3796875 0.0125 0.0234375
0 0.39609375 0.38125 0.01953125 0.0265625
0 0.38203125 0.3828125 0.01953125 0.0296875
0 0.39375 0.35703125 0.01953125 0.02890625
0 0.19375 0.3265625 0.0109375 0.034375
0 0.17890625 0.328125 0.02734375 0.0375
0 0.15546875 0.33203125 0.02890625 0.034375
0 0.15078125 0.2984375 0.03203125 0.03515625
0 0.13125 0.334375 0.03046875 0.03515625
0 0.10546875 0.3375 0.03203125 0.0359375
0 0.078125 0.3390625 0.03515625 0.0375
0 0.05078125 0.3390625 0.0375 0.04140625
0 0.12578125 0.3 0.03203125 0.0359375
0 0.09921875 0.3015625 0.034375 0.0375
0 0.0703125 0.303125 0.0359375 0.03828125
0 0.17890625 0.2265625 0.00859375 0.034375
0 0.17109375 0.2265625 0.01796875 0.034375
0 0.234375 0.240625 0.01171875 0.03046875
3 0.95703125 0.6625 0.0859375 0.09140625
3 0.60546875 0.4109375 0.03046875 0.01484375