2 0.29140625 0.49375 0.04921875 0.13203125
3 0.0421875 0.7265625 0.08359375 0.0890625
3 0.13203125 0.4984375 0.0609375 0.03203125
3 0.04453125 0.56484375 0.0890625 0.0421875
3 0.03125 0.60546875 0.0625 0.0609375
3 0.0078125 0.6375 0.015625 0.03046875
3 0.14140625 0.5734375 0.059375 0.04140625
3 0.040625 0.4359375 0.08125 0.028125
3 0.02578125 0.45078125 0.0515625 0.0359375
0 0.0015625 0.2625 0.003125 0.01953125
0 0.01171875 0.24921875 0.02265625 0.05546875
0 0.00546875 0.29921875 0.0109375 0.0515625
0 0.0171875 0.29921875 0.02734375 0.053125
0 0.03515625 0.3015625 0.02421875 0.04921875
0 0.04921875 0.2875 0.05625 0.0453125
0 0.08125 0.290625 0.0171875 0.040625
0 0.09296875 0.29296875 0.015625 0.0390625
0 0.103125 0.29453125 0.0140625 0.03671875
0 0.1125 0.29609375 0.0125 0.03515625
0 0.12109375 0.2984375 0.01171875 0.03359375
0 0.12890625 0.29921875 0.0109375 0.03203125
0 0.06484375 0.41171875 0.0609375 0.040625
0 0.07890625 0.40859375 0.05546875 0.03984375
0 0.10859375 0.40546875 0.0140625 0.03671875
0 0.08359375 0.37109375 0.05390625 0.03828125
0 0.11796875 0.40234375 0.01328125 0.0359375
0 0.1265625 0.39921875 0.01171875 0.034375
0 0.134375 0.396875 0.01015625 0.03203125
0 0.14140625 0.39453125 0.01015625 0.03125
0 0.1 0.36875 0.03984375 0.03515625
0 0.11484375 0.36640625 0.02578125 0.03359375
0 0.1140625 0.365625 0.04296875 0.03203125
3 0.48515625 0.59296875 0.04921875 0.046875
3 0.99609375 0.7109375 0.00625 0.0296875
3 0.88359375 0.6203125 0.23203125 0.190625
3 0.5375 0.43828125 0.07578125 0.03515625
3 0.57109375 0.45390625 0.08515625 0.0453125
3 0.61875 0.48203125 0.1015625 0.06171875
3 0.4359375 0.515625 0.03203125 0.025
3 0.4625 0.4046875 0.04921875 0.0203125
3 0.47265625 0.41171875 0.04765625 0.0234375
3 0.53125 0.67421875 0.06484375 0.07578125
0 0.97265625 0.97734375 0.053125 0.04375
0 0.459375 0.47890625 0.01328125 0.009375
0 0.453125 0.47578125 0.01015625 0.00859375
0 0.4546875 0.46875 0.01171875 0.0109375
0 0.44453125 0.46640625 0.01171875 0.009375
0 0.45234375 0.4671875 0.009375 0.00625
3 0.6921875 0.9234375 0.13046875 0.15078125
3 0.58046875 0.7578125 0.0859375 0.0953125
3 0.7484375 0.98828125 0.01640625 0.02109375
3 0.49609375 0.5359375 0.053125 0.04453125
0 0.82265625 0.853125 0.11953125 0.19296875
0 0.76328125 0.80390625 0.10078125 0.13203125
0 0.69921875 0.74296875 0.05078125 0.13671875
0 0.771875 0.71328125 0.1046875 0.1515625
0 0.559375 0.53359375 0.04765625 0.06484375
0 0.55859375 0.58359375 0.046875 0.059375
0 0.52890625 0.56796875 0.0125 0.0546875
0 0.5171875 0.553125 0.0109375 0.0546875
0 0.54453125 0.521875 0.04296875 0.06015625
0 0.51328125 0.30390625 0.03984375 0.0453125
0 0.4890625 0.30625 0.00859375 0.04140625
0 0.47421875 0.30859375 0.01171875 0.03828125
0 0.4796875 0.30703125 0.0078125 0.0390625
0 0.49375 0.26796875 0.0359375 0.04140625
0 0.471875 0.27109375 0.00703125 0.03984375
0 0.46484375 0.27421875 0.00703125 0.03828125
0 0.45859375 0.2765625 0.00625 0.03515625
0 0.465625 0.31015625 0.00703125 0.03515625
0 0.45859375 0.3109375 0.00625 0.03359375
0 0.453125 0.31171875 0.00546875 0.03203125
0 0.446875 0.3015625 0.01640625 0.03046875
0 0.43671875 0.30234375 0.00390625 0.02890625
0 0.43203125 0.30390625 0.00390625 0.028125
0 0.428125 0.30546875 0.00390625 0.0265625
0 0.425 0.30546875 0.00390625 0.02578125
0 0.42109375 0.30703125 0.003125 0.025
0 0.41796875 0.30703125 0.003125 0.02421875
0 0.453125 0.3859375 0.025 0.02109375
0 0.44765625 0.38671875 0.02421875 0.028125
0 0.43359375 0.38671875 0.00390625 0.0265625
0 0.44296875 0.359375 0.02421875 0.0265625
0 0.4296875 0.384375 0.00390625 0.025
0 0.4265625 0.3828125 0.00390625 0.025
0 0.42265625 0.38125 0.003125 0.02421875
0 0.41953125 0.3796875 0.003125 0.02421875
0 0.4375 0.359375 0.01953125 0.02578125
0 0.42578125 0.35859375 0.00390625 0.025
0 0.43125 0.35703125 0.0203125 0.02421875
3 0.61328125 0.4328125 0.02890625 0.0140625
3 0.6765625 0.45625 0.03359375 0.0203125
3 0.71171875 0.465625 0.04765625 0.021875
3 0.74453125 0.47734375 0.0515625 0.025
3 0.80078125 0.40390625 0.0625 0.0203125
3 0.84765625 0.4109375 0.075 0.0234375
3 0.9125 0.4203125 0.08359375 0.028125
3 0.6796875 0.38671875 0.03671875 0.0140625
3 0.70703125 0.390625 0.046875 0.0140625
0 0.6328125 0.434375 0.01171875 0.0234375
3 0.978125 0.5609375 0.04296875 0.034375
0 0.909375 0.52109375 0.04609375 0.04921875
0 0.88203125 0.5140625 0.04296875 0.04140625
0 0.8515625 0.50390625 0.028125 0.04375
0 0.88671875 0.478125 0.04375 0.04375
0 0.83125 0.4640625 0.0375 0.0390625
0 0.828125 0.496875 0.0375 0.0359375
0 0.8015625 0.490625 0.02109375 0.034375
0 0.78359375 0.48203125 0.02109375 0.03671875
0 0.81015625 0.459375 0.034375 0.03671875
0 0.6640625 0.3765625 0.015625 0.021875
0 0.65078125 0.375 0.02109375 0.0203125
0 0.63671875 0.375 0.00859375 0.0203125
0 0.6375 0.35625 0.009375 0.01640625
0 0.628125 0.3734375 0.00859375 0.01953125
0 0.6203125 0.37265625 0.0078125 0.01953125
0 0.61328125 0.371875 0.00703125 0.01953125
0 0.60625 0.3703125 0.00703125 0.01875
0 0.62890625 0.35625 0.00859375 0.015625
0 0.62109375 0.35546875 0.0078125 0.015625
0 0.61328125 0.3546875 0.00703125 0.01484375
0 0.66796875 0.309375 0.01640625 0.021875
0 0.6453125 0.30859375 0.00234375 0.01796875
0 0.63984375 0.3109375 0.009375 0.02109375
0 0.63125 0.3109375 0.00859375 0.0203125
0 0.6234375 0.31171875 0.00859375 0.0203125
0 0.615625 0.3125 0.0078125 0.01953125
0 0.60859375 0.31328125 0.00703125 0.01875
0 0.7734375 0.30859375 0.03203125 0.01875
0 0.75 0.309375 0.01640625 0.01875
0 0.721875 0.3109375 0.0109375 0.01640625
0 0.734375 0.3109375 0.01484375 0.01796875
0 0.74296875 0.2875 0.03046875 0.02890625
0 0.7234375 0.2890625 0.01171875 0.028125
0 0.703125 0.29140625 0.00390625 0.025
0 0.69609375 0.29140625 0.01328125 0.02578125
0 0.7015625 0.31171875 0.00234375 0.01484375
0 0.69453125 0.3125 0.0125 0.015625
0 0.68359375 0.31328125 0.01171875 0.01484375