2 0.2875 0.50234375 0.04921875 0.1296875
3 0.059375 0.75078125 0.10234375 0.10078125
3 0.121875 0.515625 0.05859375 0.0359375
3 0.0578125 0.59140625 0.09140625 0.05078125
3 0.0453125 0.63046875 0.090625 0.0640625
3 0.0328125 0.6859375 0.06484375 0.08046875
3 0.00390625 0.54375 0.0078125 0.03125
3 0.13359375 0.590625 0.05390625 0.04609375
3 0.04765625 0.4625 0.09453125 0.0296875
3 0.0375 0.4828125 0.075 0.046875
3 0.02265625 0.92421875 0.04453125 0.1359375
0 0.00078125 0.75078125 0.0015625 0.0140625
0 0.0125 0.3375 0.025 0.05625
0 0.0046875 0.3375 0.009375 0.05859375
0 0.0078125 0.28046875 0.015625 0.05546875
0 0.01875 0.28203125 0.02421875 0.05546875
0 0.0328125 0.284375 0.02109375 0.05078125
0 0.028125 0.3359375 0.02265625 0.05078125
0 0.0421875 0.3359375 0.0203125 0.05
0 0.053125 0.334375 0.0171875 0.046875
0 0.0609375 0.315625 0.0390625 0.04375
0 0.0828125 0.315625 0.0140625 0.0390625
0 0.090625 0.315625 0.0125 0.03828125
0 0.09765625 0.31640625 0.01171875 0.0375
0 0.10390625 0.315625 0.01171875 0.034375
0 0.109375 0.315625 0.0109375 0.034375
0 0.115625 0.315625 0.009375 0.03203125
0 0.07109375 0.434375 0.05859375 0.0375
0 0.0796875 0.43046875 0.053125 0.040625
0 0.1078125 0.4265625 0.0109375 0.03828125
0 0.08203125 0.3921875 0.053125 0.040625
0 0.11328125 0.42265625 0.009375 0.0359375
0 0.11953125 0.41796875 0.00859375 0.034375
0 0.12421875 0.4140625 0.00859375 0.034375
0 0.12890625 0.41015625 0.00859375 0.03046875
0 0.090625 0.38828125 0.046875 0.0359375
0 0.09609375 0.3859375 0.04609375 0.034375
0 0.10390625 0.3828125 0.040625 0.03203125
3 0.47734375 0.5828125 0.040625 0.0421875
3 0.92890625 0.63359375 0.140625 0.14140625
3 0.8125 0.57109375 0.1609375 0.1109375
3 0.53515625 0.446875 0.065625 0.034375
3 0.5671875 0.46171875 0.07109375 0.0421875
3 0.6125 0.48515625 0.08046875 0.05078125
3 0.42109375 0.5125 0.03203125 0.02578125
3 0.45390625 0.4125 0.046875 0.02109375
3 0.4703125 0.41953125 0.05078125 0.02421875
3 0.53046875 0.64765625 0.0578125 0.0640625
0 0.90234375 0.8546875 0.1328125 0.1734375
0 0.44921875 0.4796875 0.0125 0.0109375
0 0.440625 0.4765625 0.01171875 0.00859375
0 0.44453125 0.46953125 0.00859375 0.0109375
0 0.43046875 0.4671875 0.0078125 0.009375
0 0.4390625 0.46953125 0.0109375 0.00859375
3 0.675 0.828125 0.096875 0.12890625
3 0.57890625 0.709375 0.0734375 0.0734375
3 0.7609375 0.91953125 0.13203125 0.159375
3 0.8421875 0.965625 0.0921875 0.0671875
3 0.496875 0.53046875 0.05078125 0.04140625
0 0.765625 0.7359375 0.0734375 0.1203125
0 0.72578125 0.7140625 0.065625 0.08515625
0 0.68125 0.67578125 0.0375 0.096875
0 0.73203125 0.64765625 0.06796875 0.103125
0 0.5578125 0.5265625 0.0390625 0.05546875
0 0.55703125 0.56953125 0.0390625 0.04765625
0 0.53203125 0.5578125 0.0125 0.046875
0 0.51953125 0.5453125 0.0125 0.04765625
0 0.54453125 0.5171875 0.0375 0.053125
0 0.5109375 0.33046875 0.034375 0.03828125
0 0.4875 0.33046875 0.009375 0.0375
0 0.46953125 0.33046875 0.00859375 0.0328125
0 0.47734375 0.33046875 0.00859375 0.034375
0 0.4890625 0.2953125 0.0328125 0.03515625
0 0.46953125 0.29609375 0.00859375 0.034375
0 0.4609375 0.296875 0.00859375 0.03203125
0 0.45390625 0.2984375 0.0078125 0.03046875
0 0.4609375 0.3296875 0.0078125 0.03203125
0 0.45390625 0.32890625 0.0078125 0.03046875
0 0.446875 0.32890625 0.00625 0.0296875
0 0.4390625 0.3171875 0.0203125 0.02734375
0 0.4265625 0.3171875 0.00625 0.0265625
0 0.42109375 0.31640625 0.00546875 0.0265625
0 0.415625 0.3171875 0.00546875 0.02578125
0 0.4109375 0.3171875 0.00546875 0.02421875
0 0.4078125 0.3171875 0.00390625 0.0234375
0 0.403125 0.3171875 0.00390625 0.0234375
0 0.44296875 0.3953125 0.02421875 0.0265625
0 0.4359375 0.3953125 0.02109375 0.02890625
0 0.42265625 0.39375 0.00546875 0.02578125
0 0.43046875 0.36875 0.0234375 0.0265625
0 0.4171875 0.39140625 0.00546875 0.0234375
0 0.41328125 0.38984375 0.00546875 0.02421875
0 0.409375 0.3875 0.00390625 0.0234375
0 0.40546875 0.3859375 0.00390625 0.0234375
0 0.42421875 0.3671875 0.01796875 0.02578125
0 0.4203125 0.365625 0.01953125 0.0234375
0 0.41484375 0.36484375 0.01953125 0.0234375
3 0.6703125 0.5015625 0.02578125 0.01171875
3 0.96484375 0.44921875 0.06796875 0.0140625
3 0.58046875 0.42734375 0.0265625 0.0140625
3 0.640625 0.44765625 0.0359375 0.0171875
3 0.6671875 0.4546875 0.03828125 0.01796875
3 0.69921875 0.46640625 0.034375 0.02265625
3 0.73046875 0.40859375 0.03203125 0.00859375
3 0.76953125 0.4140625 0.04453125 0.009375
3 0.81953125 0.4234375 0.05390625 0.0125
3 0.696875 0.5140625 0.0296875 0.0125
3 0.63046875 0.3890625 0.0140625 0.00390625
3 0.6625 0.3953125 0.0234375 0.00546875
3 0.72890625 0.52890625 0.0203125 0.00859375
0 0.9640625 0.54453125 0.0609375 0.05078125
0 0.60078125 0.4296875 0.0171875 0.02109375
3 0.8890625 0.53125 0.07109375 0.03515625
0 0.8203125 0.49765625 0.03203125 0.03828125
0 0.8 0.49296875 0.0296875 0.0328125
0 0.778125 0.4859375 0.0203125 0.0359375
0 0.80390625 0.4640625 0.03046875 0.03515625
0 0.7625 0.453125 0.02734375 0.03203125
0 0.7609375 0.48046875 0.02734375 0.0296875
0 0.73984375 0.47578125 0.015625 0.02890625
0 0.72578125 0.46953125 0.015625 0.03046875
0 0.746875 0.44921875 0.02578125 0.03203125
0 0.60625 0.35234375 0.0171875 0.01171875
0 0.59765625 0.3515625 0.01484375 0.009375
0 0.58828125 0.35078125 0.0109375 0.009375
0 0.584375 0.35 0.01484375 0.00859375
0 0.62578125 0.3171875 0.01953125 0.0203125
0 0.61171875 0.3171875 0.00859375 0.01796875
0 0.603125 0.3171875 0.00859375 0.01796875
0 0.59609375 0.3171875 0.00859375 0.01796875
0 0.5875 0.3171875 0.0078125 0.01796875
0 0.58046875 0.31796875 0.00625 0.0171875
0 0.57421875 0.31796875 0.00625 0.0171875
0 0.7171875 0.32734375 0.02578125 0.02421875
0 0.6984375 0.3265625 0.0140625 0.0234375
0 0.6734375 0.32734375 0.0125 0.02265625
0 0.68515625 0.32734375 0.0125 0.0234375
0 0.6921875 0.30234375 0.0234375 0.02421875
0 0.67578125 0.303125 0.0125 0.0234375
0 0.66328125 0.30390625 0.01171875 0.02265625
0 0.65625 0.30390625 0.00390625 0.02109375
0 0.6625 0.3265625 0.01171875 0.02109375
0 0.6546875 0.3265625 0.003125 0.02109375
0 0.6390625 0.32578125 0.00625 0.0203125