3 0.35859375 0.79375 0.1171875 0.16171875
3 0.87109375 0.33984375 0.07734375 0.02265625
3 0.8234375 0.340625 0.09765625 0.02421875
3 0.5609375 0.35703125 0.1125 0.0375
3 0.63203125 0.35390625 0.10859375 0.0328125
3 0.703125 0.3515625 0.1 0.03046875
3 0.134375 0.378125 0.2125 0.0671875
3 0.284375 0.37109375 0.140625 0.0578125
3 0.5640625 0.709375 0.10546875 0.1140625
0 0.84453125 0.46953125 0.0609375 0.05234375
0 0.0390625 0.67890625 0.059375 0.06484375
0 0.00703125 0.690625 0.0140625 0.04453125
3 0.74921875 0.63203125 0.096875 0.06171875
3 0.653125 0.67734375 0.10234375 0.0765625
3 0.80625 0.61640625 0.0640625 0.04765625
3 0.846875 0.59921875 0.05546875 0.04140625
3 0.465625 0.590625 0.1078125 0.1109375
0 0.815625 0.48203125 0.02265625 0.05546875
0 0.78671875 0.4859375 0.04375 0.0578125
0 0.759375 0.4875 0.06171875 0.065625
0 0.78359375 0.434375 0.0625 0.06171875
0 0.615625 0.4640625 0.059375 0.0796875
0 0.62734375 0.5328125 0.03046875 0.06796875
0 0.584375 0.53359375 0.05859375 0.084375
0 0.55859375 0.5375 0.04921875 0.09453125
0 0.5859375 0.46953125 0.06171875 0.084375
0 0.49609375 0.09375 0.04765625 0.10234375
0 0.44765625 0.08046875 0.05234375 0.10859375
0 0.3328125 0.0578125 0.06796875 0.115625
0 0.3921875 0.06953125 0.059375 0.11484375
0 0.39140625 0.0140625 0.0578125 0.02734375
0 0.34453125 0.00546875 0.0375 0.0109375
0 0.26640625 0.0515625 0.07734375 0.103125
0 0.1921875 0.0453125 0.0859375 0.090625
0 0.109375 0.0375 0.096875 0.075
0 0.02265625 0.34453125 0.0453125 0.1171875
3 0.34453125 0.490625 0.0390625 0.02734375
3 0.59140625 0.3296875 0.02578125 0.00859375
3 0.5578125 0.3296875 0.0390625 0.00859375
3 0.1328125 0.44453125 0.0734375 0.0171875
3 0.29609375 0.4296875 0.046875 0.01484375
3 0.340625 0.42578125 0.04140625 0.0125
3 0.3828125 0.42109375 0.03515625 0.0125
3 0.42109375 0.334375 0.0328125 0.0125
3 0.45234375 0.33359375 0.0375 0.01171875
3 0.4890625 0.3328125 0.03515625 0.0109375
3 0.4921875 0.46875 0.0375 0.0203125
3 0.3828125 0.484375 0.0390625 0.02578125
3 0.146875 0.5203125 0.0703125 0.0359375
3 0.2828125 0.3359375 0.0421875 0.0140625
3 0.321875 0.33515625 0.0375 0.0125
3 0.42890625 0.47734375 0.03828125 0.0234375
0 0.5609375 0.403125 0.01953125 0.00625
0 0.20234375 0.43671875 0.0375 0.009375
3 0.52890625 0.4640625 0.03515625 0.01796875
3 0.55 0.46171875 0.0125 0.01484375
3 0.528125 0.40625 0.0375 0.00859375
0 0.490625 0.41015625 0.00234375 0.00546875
0 0.4828125 0.4109375 0.0125 0.0078125
0 0.4671875 0.4125 0.0171875 0.0078125
0 0.47890625 0.36640625 0.01796875 0.00546875
0 0.44921875 0.36640625 0.0171875 0.00546875
0 0.45078125 0.4140625 0.0125 0.0078125
0 0.4375 0.415625 0.0125 0.0078125
0 0.42109375 0.41640625 0.01796875 0.0078125
0 0.43359375 0.3671875 0.01796875 0.00546875
0 0.2375 0.3265625 0.02734375 0.03203125
0 0.2125 0.3265625 0.02578125 0.03203125
0 0.18984375 0.3265625 0.0265625 0.034375
0 0.190625 0.2921875 0.034375 0.034375
0 0.16640625 0.3265625 0.0265625 0.034375
0 0.14296875 0.32734375 0.02890625 0.034375
0 0.11796875 0.32734375 0.02734375 0.034375
0 0.08125 0.328125 0.009375 0.03515625
0 0.1625 0.2921875 0.02734375 0.034375
0 0.1375 0.2921875 0.02890625 0.03515625
0 0.11328125 0.29140625 0.02890625 0.0359375
0 0.22890625 0.2234375 0.0296875 0.0359375
0 0.20390625 0.22265625 0.0265625 0.0359375
0 0.1796875 0.2203125 0.02734375 0.0359375
0 0.15546875 0.21796875 0.02890625 0.03828125
0 0.13046875 0.215625 0.03046875 0.03828125
0 0.10390625 0.2140625 0.03046875 0.03828125
0 0.07734375 0.21171875 0.0328125 0.040625
0 0.3875 0.2484375 0.0171875 0.03046875
0 0.3703125 0.24765625 0.0171875 0.0296875
0 0.33515625 0.2453125 0.01953125 0.03046875
0 0.35234375 0.24609375 0.01796875 0.03046875
0 0.35078125 0.215625 0.01953125 0.0328125
0 0.3328125 0.21328125 0.01953125 0.0328125
0 0.3140625 0.2125 0.02109375 0.0328125
0 0.29453125 0.209375 0.02109375 0.034375
0 0.315625 0.24453125 0.02109375 0.0328125
0 0.296875 0.2421875 0.02109375 0.03203125
0 0.27734375 0.240625 0.02265625 0.0328125
3 0.68046875 0.45546875 0.04140625 0.02109375