3 0.015625 0.809375 0.02578125 0.07109375
3 0.478125 0.6140625 0.05078125 0.05625
3 0.9578125 0.646875 0.08359375 0.10390625
3 0.87421875 0.61328125 0.11484375 0.1046875
3 0.36171875 0.48125 0.04140625 0.034375
3 0.44140625 0.5296875 0.05078125 0.04609375
3 0.4765625 0.54609375 0.053125 0.05078125
3 0.5125 0.56875 0.0546875 0.05859375
3 0.56484375 0.49140625 0.0609375 0.05546875
3 0.6109375 0.51015625 0.06875 0.0609375
3 0.67265625 0.53828125 0.07109375 0.0640625
3 0.65859375 0.74140625 0.06640625 0.09375
3 0.5125 0.6375 0.05390625 0.06171875
3 0.36953125 0.5390625 0.04296875 0.03828125
3 0.43515625 0.44296875 0.053125 0.03984375
3 0.46328125 0.4546875 0.0546875 0.04296875
3 0.5609375 0.67421875 0.0578125 0.071875
0 0.85078125 0.74375 0.07109375 0.1015625
0 0.3890625 0.49140625 0.025 0.03984375
3 0.7359375 0.79453125 0.07265625 0.11171875
3 0.8140625 0.846875 0.0875 0.1296875
3 0.90703125 0.91015625 0.109375 0.15390625
3 0.75625 0.69921875 0.07890625 0.09921875
0 0.67265625 0.64140625 0.03515625 0.07421875
0 0.64765625 0.6359375 0.03359375 0.05625
0 0.621875 0.61640625 0.02734375 0.06796875
0 0.65078125 0.59609375 0.034375 0.065625
0 0.5984375 0.56953125 0.0328125 0.059375
0 0.596875 0.60625 0.0328125 0.0546875
0 0.571875 0.60078125 0.0203125 0.04140625
0 0.55390625 0.58046875 0.01953125 0.059375
0 0.578125 0.559375 0.0296875 0.05625
0 0.409375 0.42109375 0.02890625 0.03984375
0 0.3953125 0.41640625 0.0234375 0.0390625
0 0.3796875 0.41640625 0.01171875 0.0296875
0 0.3859375 0.3859375 0.02890625 0.03671875
0 0.36875 0.4125 0.0109375 0.02890625
0 0.359375 0.40859375 0.0109375 0.028125
0 0.35 0.4046875 0.0109375 0.028125
0 0.340625 0.39921875 0.01015625 0.03046875
0 0.37421875 0.38203125 0.02578125 0.03515625
0 0.36484375 0.37890625 0.0265625 0.034375
0 0.35546875 0.37578125 0.02578125 0.03359375
0 0.40546875 0.3328125 0.03046875 0.03828125
0 0.38984375 0.33046875 0.021875 0.0359375
0 0.38125 0.328125 0.0265625 0.03515625
0 0.3703125 0.32578125 0.0265625 0.034375
0 0.36015625 0.3234375 0.02578125 0.03359375
0 0.35078125 0.32109375 0.025 0.03359375
0 0.34140625 0.31875 0.02578125 0.03203125
0 0.53046875 0.37421875 0.03359375 0.0484375
0 0.51171875 0.36953125 0.03203125 0.046875
0 0.47109375 0.365625 0.015625 0.03828125
0 0.4875 0.36953125 0.01640625 0.0390625
0 0.49453125 0.33046875 0.03203125 0.04453125
0 0.478125 0.328125 0.03125 0.04296875
0 0.46171875 0.325 0.03046875 0.040625
0 0.4484375 0.321875 0.03046875 0.040625
0 0.45546875 0.36171875 0.015625 0.03671875
0 0.44140625 0.35859375 0.01484375 0.03515625
0 0.42734375 0.353125 0.01328125 0.0390625