3 0.9 0.3671875 0.065625 0.0265625
3 0.921875 0.3875 0.07734375 0.03828125
3 0.98515625 0.475 0.0296875 0.046875
3 0.97265625 0.4421875 0.05390625 0.040625
3 0.96953125 0.79296875 0.0609375 0.109375
0 0.8828125 0.45546875 0.02890625 0.040625
0 0.88359375 0.4796875 0.015625 0.040625
0 0.9078125 0.49140625 0.05 0.0421875
0 0.91953125 0.5078125 0.0578125 0.05078125
0 0.9171875 0.4625 0.053125 0.05078125
0 0.98828125 0.57421875 0.0234375 0.06796875
0 0.97734375 0.61953125 0.0296875 0.065625
0 0.98984375 0.64609375 0.0203125 0.07265625
0 0.9984375 0.6796875 0.003125 0.00625
0 0.996875 0.60390625 0.00625 0.0265625
3 0.85078125 0.53125 0.02734375 0.03515625
3 0.8625 0.5609375 0.02421875 0.04140625
3 0.95 0.70234375 0.1 0.1
3 0.89921875 0.60234375 0.0703125 0.0625
3 0.45 0.70703125 0.06796875 0.09453125
3 0.58046875 0.33125 0.034375 0.0203125
3 0.571875 0.340625 0.0375 0.0234375
3 0.50234375 0.4078125 0.06484375 0.0421875
3 0.52109375 0.38671875 0.05546875 0.0328125
3 0.54296875 0.371875 0.0390625 0.03046875
3 0.38984375 0.52890625 0.11171875 0.096875
3 0.4328125 0.4859375 0.09453125 0.07578125
3 0.509375 0.59453125 0.05078125 0.0578125
0 0.5828125 0.39921875 0.01484375 0.03203125
0 0.32890625 0.759375 0.0359375 0.05
0 0.3140625 0.79921875 0.03828125 0.0578125
0 0.27890625 0.815625 0.04140625 0.07421875
0 0.21640625 0.93046875 0.05 0.0796875
0 0.246875 0.8625 0.04453125 0.0671875
3 0.559375 0.50078125 0.03203125 0.034375
3 0.53515625 0.54921875 0.040625 0.0421875
3 0.57578125 0.48046875 0.015625 0.02890625
3 0.584375 0.4625 0.015625 0.02578125
3 0.48203125 0.55546875 0.0703125 0.0671875
0 0.5765625 0.4140625 0.00390625 0.0296875
0 0.56328125 0.4203125 0.02265625 0.0296875
0 0.5578125 0.42578125 0.02421875 0.034375
0 0.56328125 0.39453125 0.02421875 0.03203125
0 0.528125 0.45078125 0.015625 0.04375
0 0.5328125 0.48359375 0.0078125 0.04140625
0 0.525 0.49609375 0.0078125 0.0421875
0 0.50390625 0.50234375 0.034375 0.05234375
0 0.5125 0.4609375 0.034375 0.04453125
0 0.49453125 0.29921875 0.02421875 0.053125
0 0.4875 0.30546875 0.0125 0.05546875
0 0.45859375 0.31796875 0.0171875 0.06171875
0 0.47421875 0.3125 0.01484375 0.05859375
0 0.46015625 0.25625 0.04140625 0.0578125
0 0.44609375 0.259375 0.040625 0.0625
0 0.42578125 0.2625 0.046875 0.06796875
0 0.39765625 0.26640625 0.06484375 0.0734375
0 0.43984375 0.32578125 0.0203125 0.06796875
0 0.41953125 0.334375 0.02421875 0.07265625
0 0.37421875 0.34140625 0.07109375 0.08515625
0 0.290625 0.33828125 0.09765625 0.10859375
0 0.23984375 0.35390625 0.1140625 0.1234375
0 0.1765625 0.37421875 0.1359375 0.14375
0 0.09453125 0.39921875 0.16796875 0.1703125
0 0.04375 0.42734375 0.0875 0.19375
0 0.3140625 0.57109375 0.084375 0.1203125
0 0.29140625 0.609375 0.06171875 0.1375
0 0.24765625 0.66953125 0.0671875 0.1296875
0 0.209375 0.57421875 0.11953125 0.15546875
0 0.184375 0.73046875 0.0890625 0.15234375
0 0.10078125 0.8125 0.12109375 0.184375
0 0.0375 0.89765625 0.07421875 0.17890625
0 0.140625 0.625 0.14375 0.1859375
0 0.06953125 0.6921875 0.13828125 0.2296875
0 0.0203125 0.76953125 0.040625 0.15078125
3 0.33671875 0.33046875 0.003125 0.009375
3 0.33984375 0.45546875 0.02890625 0.02734375
3 0.24609375 0.509375 0.03203125 0.02265625
3 0.2796875 0.49140625 0.04921875 0.0359375
3 0.3625 0.43984375 0.0375 0.0203125
3 0.38828125 0.42578125 0.01953125 0.0203125
3 0.40234375 0.41484375 0.02265625 0.01953125
0 0.00703125 0.27734375 0.0140625 0.04921875
0 0.2125 0.27265625 0.03515625 0.034375
0 0.1984375 0.2734375 0.02421875 0.0359375
0 0.15546875 0.28046875 0.0296875 0.0375
0 0.178125 0.27734375 0.0265625 0.0359375
0 0.17265625 0.2421875 0.02734375 0.0359375
0 0.1484375 0.24296875 0.03046875 0.0375
0 0.1171875 0.24453125 0.04453125 0.0390625
0 0.0890625 0.24609375 0.05 0.04140625
0 0.13046875 0.2828125 0.03203125 0.0390625
0 0.10390625 0.2859375 0.0359375 0.04140625
0 0.06875 0.2875 0.05234375 0.04609375
3 0.7296875 0.50078125 0.053125 0.034375
3 0.475 0.39375 0.0265625 0.01484375