3 0.40390625 0.72421875 0.06484375 0.07578125
3 0.70390625 0.446875 0.05390625 0.021875
3 0.675 0.4515625 0.05703125 0.02421875
3 0.06328125 0.728125 0.12578125 0.103125
3 0.3375 0.65 0.07109375 0.071875
3 0.40234375 0.62578125 0.06796875 0.06328125
3 0.46015625 0.61015625 0.06015625 0.059375
3 0.51171875 0.48125 0.059375 0.03515625
3 0.5515625 0.47421875 0.06171875 0.03125
3 0.59609375 0.46875 0.05546875 0.028125
3 0.5953125 0.64609375 0.05703125 0.05
3 0.45703125 0.70234375 0.0625 0.06796875
3 0.07890625 0.85703125 0.13515625 0.13125
3 0.32109375 0.51640625 0.06484375 0.053125
3 0.38046875 0.50625 0.0625 0.0484375
3 0.51796875 0.67890625 0.06015625 0.06015625
0 0.6765625 0.53359375 0.03203125 0.0359375
0 0.18046875 0.67890625 0.07109375 0.07578125
3 0.63671875 0.63359375 0.05546875 0.03671875
3 0.675 0.621875 0.03671875 0.0296875
3 0.7015625 0.6109375 0.0359375 0.0265625
3 0.63984375 0.55390625 0.05234375 0.02890625
0 0.60546875 0.55546875 0.015625 0.04453125
0 0.5828125 0.5609375 0.03125 0.04453125
0 0.571875 0.56328125 0.021875 0.04921875
0 0.58359375 0.5265625 0.03203125 0.04609375
0 0.5453125 0.53671875 0.03203125 0.04921875
0 0.55234375 0.5765625 0.0171875 0.03828125
0 0.528125 0.578125 0.03046875 0.0484375
0 0.51171875 0.58046875 0.02734375 0.0546875
0 0.528125 0.540625 0.03203125 0.05
0 0.2453125 0.5109375 0.04296875 0.06875
0 0.20703125 0.51640625 0.04609375 0.07109375
0 0.165625 0.52890625 0.04609375 0.06015625
0 0.16484375 0.46953125 0.059375 0.06875
0 0.12265625 0.5359375 0.05078125 0.06328125
0 0.0765625 0.54296875 0.05546875 0.065625
0 0.028125 0.55078125 0.05625 0.0671875
0 0.003125 0.5671875 0.00625 0.03828125
0 0.1203125 0.47421875 0.06171875 0.071875
0 0.075 0.47890625 0.0703125 0.07578125
0 0.0328125 0.48359375 0.065625 0.07890625
0 0.23515625 0.3515625 0.046875 0.05703125
0 0.1921875 0.35234375 0.046875 0.06015625
0 0.14921875 0.35234375 0.05 0.06171875
0 0.10390625 0.3515625 0.05546875 0.06484375
0 0.05390625 0.35234375 0.06015625 0.06796875
0 0.01640625 0.35234375 0.0328125 0.06953125
0 0.4765625 0.36953125 0.0234375 0.04453125
0 0.45390625 0.36953125 0.02421875 0.0453125
0 0.403125 0.37109375 0.028125 0.04609375
0 0.42890625 0.37109375 0.02578125 0.0453125
0 0.428125 0.32421875 0.02578125 0.04609375
0 0.4015625 0.3234375 0.028125 0.0484375
0 0.3734375 0.321875 0.0296875 0.05
0 0.34375 0.32109375 0.03359375 0.0515625
0 0.37578125 0.371875 0.02890625 0.0484375
0 0.346875 0.37265625 0.03203125 0.04921875
0 0.315625 0.3734375 0.034375 0.0515625
3 0.853125 0.62578125 0.06328125 0.05078125