2 0.1875 0.559375 0.08828125 0.1796875
3 0.4578125 0.59921875 0.05390625 0.04453125
3 0.95234375 0.49609375 0.09375 0.05859375
3 0.8609375 0.48359375 0.1203125 0.05859375
3 0.5421875 0.4375 0.0625 0.0296875
3 0.5875 0.44453125 0.0703125 0.034375
3 0.64921875 0.45546875 0.0734375 0.0375
3 0.353125 0.54453125 0.0421875 0.0296875
3 0.41640625 0.41953125 0.05390625 0.02265625
3 0.44296875 0.4234375 0.05625 0.0234375
3 0.5421875 0.64375 0.0625 0.059375
0 0.93671875 0.67421875 0.090625 0.1078125
0 0.40078125 0.49765625 0.0140625 0.0125
0 0.38828125 0.496875 0.0109375 0.0125
0 0.3875 0.48984375 0.01171875 0.015625
0 0.37109375 0.4890625 0.0125 0.01171875
0 0.3828125 0.4890625 0.0125 0.0125
3 0.73046875 0.740625 0.08203125 0.09921875
3 0.609375 0.68046875 0.06953125 0.0671875
3 0.82109375 0.78515625 0.10078125 0.11953125
3 0.93046875 0.840625 0.1375 0.146875
3 0.490625 0.534375 0.05859375 0.04140625
0 0.81953125 0.63046875 0.046875 0.0875
0 0.77890625 0.6171875 0.04140625 0.0828125
0 0.74296875 0.60546875 0.0390625 0.07734375
0 0.784375 0.5671875 0.0421875 0.07734375
0 0.57734375 0.5125 0.03515625 0.05390625
0 0.5765625 0.55234375 0.034375 0.05
0 0.55 0.54921875 0.01953125 0.0421875
0 0.53125 0.5375 0.01796875 0.05078125
0 0.55703125 0.50625 0.0328125 0.05078125
0 0.50625 0.321875 0.034375 0.0390625
0 0.48046875 0.32265625 0.0171875 0.0375
0 0.4578125 0.32421875 0.03046875 0.0359375
0 0.4671875 0.32421875 0.0203125 0.0375
0 0.47265625 0.28671875 0.0328125 0.0375
0 0.44921875 0.2875 0.01484375 0.0375
0 0.434375 0.290625 0.0140625 0.0359375
0 0.42109375 0.2921875 0.0125 0.03515625
0 0.4390625 0.32578125 0.0203125 0.034375
0 0.42265625 0.32578125 0.0125 0.0328125
0 0.409375 0.32578125 0.0125 0.0328125
0 0.390625 0.31484375 0.0296875 0.03203125
0 0.37109375 0.315625 0.0109375 0.03046875
0 0.36171875 0.3171875 0.0109375 0.0296875
0 0.35078125 0.3171875 0.0109375 0.02890625
0 0.3421875 0.31796875 0.009375 0.02734375
0 0.33359375 0.31953125 0.009375 0.02734375
0 0.325 0.31953125 0.009375 0.0265625
0 0.39296875 0.40546875 0.02890625 0.0328125
0 0.37890625 0.4046875 0.02109375 0.03046875
0 0.3640625 0.4046875 0.0109375 0.02890625
0 0.371875 0.37578125 0.02890625 0.02890625
0 0.35390625 0.403125 0.0109375 0.02734375
0 0.3453125 0.4015625 0.009375 0.0265625
0 0.3375 0.40078125 0.009375 0.0265625
0 0.32890625 0.3984375 0.00859375 0.0265625
0 0.36015625 0.37578125 0.02265625 0.02734375
0 0.34609375 0.375 0.0125 0.0265625
0 0.3421875 0.37421875 0.02265625 0.0265625
3 0.59765625 0.49609375 0.00625 0.0078125
3 0.8640625 0.409375 0.05625 0.01796875
3 0.8140625 0.40546875 0.04765625 0.01796875
3 0.64765625 0.396875 0.03203125 0.0125
3 0.67734375 0.3984375 0.0375 0.0140625
3 0.7140625 0.4015625 0.03828125 0.0140625
3 0.71640625 0.53046875 0.02265625 0.02421875
3 0.6109375 0.5046875 0.0328125 0.0203125
3 0.49921875 0.4765625 0.02734375 0.01484375
3 0.56015625 0.390625 0.02890625 0.0109375
3 0.58046875 0.39140625 0.03046875 0.0109375
3 0.64609375 0.5140625 0.03515625 0.02265625
0 0.809375 0.47265625 0.02890625 0.01796875
3 0.75078125 0.53984375 0.03203125 0.0265625
3 0.8125 0.55546875 0.01484375 0.02265625
3 0.84453125 0.56171875 0.05078125 0.034375
3 0.7640625 0.4734375 0.03828125 0.00859375
0 0.7171875 0.459375 0.01484375 0.01796875
0 0.69375 0.4578125 0.00234375 0.0109375
0 0.6890625 0.45546875 0.00625 0.01484375
0 0.69453125 0.440625 0.00234375 0.0234375
0 0.6703125 0.4328125 0.0171875 0.01953125
0 0.6578125 0.43125 0.0171875 0.01796875
0 0.5390625 0.38359375 0.01484375 0.01796875
0 0.52890625 0.3828125 0.01171875 0.01796875
0 0.51953125 0.3828125 0.00859375 0.0171875
0 0.5203125 0.36484375 0.0109375 0.0171875
0 0.5125 0.3828125 0.00390625 0.015625
0 0.50078125 0.38125 0.00390625 0.015625
0 0.4953125 0.38125 0.0078125 0.015625
0 0.4875 0.38046875 0.00625 0.01796875
0 0.5125 0.3640625 0.00390625 0.01796875
0 0.50546875 0.3640625 0.0125 0.0171875
0 0.49609375 0.3640625 0.00859375 0.0171875
0 0.540625 0.3265625 0.015625 0.01953125
0 0.52890625 0.32734375 0.00859375 0.01796875
0 0.52421875 0.32734375 0.00078125 0.01953125
0 0.62734375 0.33203125 0.0171875 0.01953125
0 0.6125 0.3328125 0.0125 0.01796875
0 0.590625 0.3328125 0.0109375 0.0171875
0 0.60078125 0.3328125 0.0109375 0.01796875
0 0.6046875 0.3125 0.015625 0.02109375
0 0.590625 0.31328125 0.01171875 0.0203125
0 0.58046875 0.3140625 0.0109375 0.0203125
0 0.5703125 0.3140625 0.0109375 0.0203125
0 0.5796875 0.3328125 0.0109375 0.0171875
0 0.56953125 0.33359375 0.009375 0.015625
0 0.559375 0.33359375 0.0109375 0.015625
3 0.96875 0.61875 0.0625 0.05