2 0.615625 0.71796875 0.146875 0.47890625
3 0.92421875 0.7171875 0.11953125 0.075
3 0.77890625 0.45234375 0.01953125 0.01015625
3 0.7890625 0.44921875 0.02578125 0.01171875
3 0.95546875 0.596875 0.0875 0.05
3 0.92890625 0.57578125 0.121875 0.03671875
3 0.8890625 0.56171875 0.0921875 0.0265625
3 0.84765625 0.43515625 0.06328125 0.021875
3 0.8390625 0.44140625 0.0640625 0.01796875
3 0.8046875 0.4453125 0.00546875 0.0109375
3 0.95078125 0.403125 0.08046875 0.040625
3 0.89453125 0.41640625 0.03203125 0.03046875
3 0.85625 0.65078125 0.06953125 0.04140625
0 0.7828125 0.51640625 0.0078125 0.021875
0 0.78515625 0.51953125 0.003125 0.025
0 0.78828125 0.52109375 0.003125 0.02578125
0 0.80546875 0.5234375 0.03046875 0.028125
0 0.8015625 0.4953125 0.02890625 0.02578125
0 0.82421875 0.50078125 0.00625 0.034375
0 0.8234375 0.534375 0.00625 0.0359375
0 0.8296875 0.53671875 0.00703125 0.03671875
0 0.8578125 0.53828125 0.0484375 0.03828125
0 0.85 0.5015625 0.0453125 0.03671875
0 0.85703125 0.30390625 0.01015625 0.04453125
0 0.8671875 0.29296875 0.0109375 0.046875
0 0.8921875 0.26796875 0.01484375 0.05546875
0 0.87890625 0.28125 0.0125 0.05078125
0 0.8796875 0.23828125 0.0125 0.0609375
0 0.89296875 0.2203125 0.01484375 0.06640625
0 0.90859375 0.20234375 0.01640625 0.0734375
0 0.9546875 0.171875 0.07734375 0.096875
0 0.9078125 0.25234375 0.01640625 0.06015625
0 0.925 0.234375 0.01875 0.06640625
0 0.96640625 0.2078125 0.065625 0.084375
0 0.996875 0.1296875 0.00546875 0.06640625
0 0.9953125 0.365625 0.0078125 0.075
3 0.77421875 0.58203125 0.00703125 0.015625
3 0.78125 0.590625 0.0078125 0.01796875
3 0.83359375 0.6234375 0.06171875 0.028125
3 0.79609375 0.6 0.0234375 0.0203125
3 0.46171875 0.6265625 0.05234375 0.03359375
3 0.5671875 0.4578125 0.01484375 0.00859375
3 0.55703125 0.45625 0.021875 0.009375
3 0.50390625 0.44921875 0.03984375 0.01328125
3 0.5296875 0.4515625 0.01015625 0.0109375
3 0.53984375 0.45390625 0.01015625 0.0109375
3 0.28046875 0.7453125 0.11640625 0.090625
3 0.44296875 0.43515625 0.04765625 0.0203125
3 0.475 0.4390625 0.0234375 0.01796875
3 0.50703125 0.5984375 0.040625 0.0234375
0 0.5625 0.50703125 0.009375 0.01328125
0 0.39140625 0.559375 0.02109375 0.01484375
0 0.38515625 0.56328125 0.02109375 0.01640625
0 0.36484375 0.5609375 0.02265625 0.0265625
0 0.33671875 0.575 0.02578125 0.01875
0 0.3484375 0.56875 0.02421875 0.01640625
3 0.5484375 0.57421875 0.025 0.01484375
3 0.5265625 0.5875 0.03359375 0.01796875
3 0.5578125 0.565625 0.00703125 0.00625
3 0.48984375 0.5359375 0.04453125 0.01796875
0 0.559375 0.51171875 0.00234375 0.01953125
0 0.55546875 0.5125 0.003125 0.01953125
0 0.54453125 0.51328125 0.01875 0.02109375
0 0.5484375 0.4921875 0.01796875 0.01953125
0 0.51796875 0.49453125 0.01640625 0.025
0 0.5234375 0.5203125 0.0046875 0.02578125
0 0.51796875 0.52109375 0.00546875 0.02578125
0 0.503125 0.521875 0.02421875 0.028125
0 0.50859375 0.49609375 0.02421875 0.025
0 0.5 0.36015625 0.00703125 0.0296875
0 0.4921875 0.35546875 0.00703125 0.03125
0 0.475 0.34375 0.00859375 0.034375
0 0.484375 0.35 0.0078125 0.03359375
0 0.484375 0.3203125 0.0078125 0.03671875
0 0.475 0.31328125 0.00859375 0.0390625
0 0.465625 0.30546875 0.009375 0.040625
0 0.44375 0.296875 0.03359375 0.04375
0 0.465625 0.33828125 0.009375 0.03515625
0 0.45546875 0.33125 0.01015625 0.03828125
0 0.43125 0.3234375 0.0359375 0.040625
0 0.4109375 0.284375 0.015625 0.0484375
0 0.39453125 0.271875 0.01796875 0.0515625
0 0.37578125 0.25859375 0.01953125 0.05703125
0 0.35390625 0.24296875 0.02265625 0.0609375
0 0.32890625 0.22421875 0.02578125 0.06796875
0 0.30078125 0.20390625 0.03046875 0.075
0 0.2515625 0.1796875 0.06796875 0.08359375
0 0.41015625 0.41640625 0.015625 0.0453125
0 0.39375 0.41171875 0.0171875 0.0484375
0 0.37421875 0.4078125 0.01953125 0.05078125
0 0.37421875 0.359375 0.01953125 0.0546875
0 0.353125 0.40234375 0.02265625 0.0546875
0 0.328125 0.39609375 0.02578125 0.059375
0 0.3 0.38984375 0.03046875 0.06484375
0 0.25078125 0.38125 0.0671875 0.07109375
0 0.35234375 0.3515625 0.02265625 0.059375
0 0.328125 0.34140625 0.0265625 0.06484375
0 0.284375 0.33046875 0.0609375 0.07109375
3 0.4140625 0.4625 0.0234375 0.00625
3 0.39921875 0.4609375 0.02734375 0.00703125
3 0.046875 0.546875 0.08359375 0.0234375
3 0.22734375 0.52890625 0.04140625 0.015625
3 0.26328125 0.525 0.0328125 0.01328125
3 0.2890625 0.521875 0.04140625 0.01171875
3 0.315625 0.45625 0.0359375 0.009375
3 0.33671875 0.45859375 0.03515625 0.009375
3 0.3640625 0.459375 0.0203125 0.00859375
3 0.3609375 0.55703125 0.028125 0.0046875
3 0.30234375 0.578125 0.01015625 0.01328125
3 0.05703125 0.6375 0.07265625 0.03828125
3 0.20234375 0.44921875 0.0265625 0.0109375
3 0.259375 0.4515625 0.021875 0.0109375
3 0.31875 0.57109375 0.034375 0.01484375
0 0.40625 0.50546875 0.00859375 0.01484375
0 0.12890625 0.5296875 0.03828125 0.03359375
3 0.4046875 0.5515625 0.01796875 0.009375
3 0.4125 0.54921875 0.01796875 0.00625
3 0.38359375 0.5125 0.02421875 0.00625
0 0.36796875 0.50859375 0.00703125 0.01796875
0 0.359375 0.509375 0.0078125 0.01796875
0 0.35 0.51015625 0.0109375 0.01875
0 0.3546875 0.49140625 0.01796875 0.01796875
0 0.33984375 0.4921875 0.00859375 0.01953125
0 0.33984375 0.51171875 0.00859375 0.01953125
0 0.33125 0.5125 0.00859375 0.01953125
0 0.315625 0.51328125 0.0203125 0.0203125
0 0.325 0.4921875 0.0203125 0.01953125
0 0.17734375 0.43828125 0.01953125 0.02890625
0 0.15703125 0.43671875 0.02109375 0.03046875
0 0.134375 0.43515625 0.02265625 0.03125
0 0.134375 0.40390625 0.02265625 0.03203125
0 0.1109375 0.4328125 0.025 0.03203125
0 0.08515625 0.43046875 0.02734375 0.03515625
0 0.05625 0.428125 0.0296875 0.0359375
0 0.02265625 0.425 0.03828125 0.0390625
0 0.11015625 0.40078125 0.025 0.03515625
0 0.084375 0.396875 0.02734375 0.03671875
0 0.05078125 0.39296875 0.03984375 0.03828125
0 0.17734375 0.3515625 0.01953125 0.03203125
0 0.15703125 0.34609375 0.02109375 0.03359375
0 0.13515625 0.340625 0.02265625 0.034375
0 0.1109375 0.334375 0.025 0.03671875
0 0.08515625 0.328125 0.0265625 0.0390625
0 0.05703125 0.3203125 0.0296875 0.040625
0 0.02109375 0.3125 0.04140625 0.04375
0 0.2234375 0.3453125 0.0140625 0.01640625
0 0.209375 0.37265625 0.0109375 0.0234375
3 0.68125 0.5625 0.03984375 0.0140625