2 0.34296875 0.47734375 0.03515625 0.10390625
3 0.1875 0.64453125 0.05859375 0.0578125
3 0.22890625 0.48046875 0.03828125 0.0265625
3 0.1859375 0.5375 0.05546875 0.03203125
3 0.1734375 0.56484375 0.0640625 0.040625
3 0.16015625 0.60078125 0.05625 0.04765625
3 0.10390625 0.5265625 0.10859375 0.04453125
3 0.0640625 0.565625 0.12734375 0.0671875
3 0.0328125 0.628125 0.065625 0.090625
3 0.2359375 0.53671875 0.0359375 0.03046875
3 0.1796875 0.44921875 0.0578125 0.0234375
3 0.1640625 0.4671875 0.065625 0.034375
3 0.140625 0.75078125 0.07265625 0.0796875
0 0.0890625 0.64140625 0.0703125 0.0765625
0 0.09609375 0.684375 0.07265625 0.07734375
0 0.134375 0.6546875 0.01796875 0.05859375
0 0.14453125 0.634375 0.01953125 0.05546875
0 0.11484375 0.6140625 0.04453125 0.05859375
0 0.10703125 0.3875 0.0625 0.05078125
0 0.12109375 0.38046875 0.05859375 0.04453125
0 0.1609375 0.37109375 0.0125 0.03828125
0 0.15078125 0.37578125 0.01484375 0.04140625
0 0.125 0.3390625 0.05625 0.04140625
0 0.1375 0.334375 0.05078125 0.0375
0 0.1484375 0.3328125 0.04375 0.0375
0 0.15703125 0.33046875 0.04140625 0.03515625
0 0.16953125 0.3671875 0.0125 0.0375
0 0.1765625 0.3640625 0.0109375 0.03515625
0 0.18359375 0.359375 0.01171875 0.034375
0 0.18828125 0.34140625 0.02578125 0.03203125
0 0.190625 0.340625 0.03046875 0.0296875
0 0.19453125 0.3375 0.034375 0.02890625
0 0.20078125 0.3359375 0.03046875 0.0265625
0 0.209375 0.334375 0.02109375 0.0265625
0 0.21171875 0.33203125 0.02578125 0.02578125
0 0.2140625 0.33046875 0.02734375 0.02578125
0 0.19453125 0.4265625 0.0359375 0.02734375
0 0.20078125 0.421875 0.0328125 0.03046875
0 0.21796875 0.41796875 0.00625 0.02734375
0 0.20234375 0.39296875 0.03046875 0.03046875
0 0.22265625 0.4125 0.00625 0.02734375
0 0.2265625 0.40859375 0.00625 0.02578125
0 0.2296875 0.4046875 0.00625 0.0265625
0 0.2328125 0.40078125 0.00625 0.0234375
0 0.2125 0.38828125 0.01953125 0.02734375
0 0.2140625 0.384375 0.02421875 0.0265625
0 0.2171875 0.38125 0.02734375 0.0265625
3 0.0859375 0.86484375 0.1140625 0.1359375
3 0.053125 0.99609375 0.01484375 0.00625
3 0.49140625 0.565625 0.0359375 0.03515625
3 0.75078125 0.68515625 0.15 0.146875
3 0.6734375 0.60625 0.1125 0.1
3 0.52578125 0.459375 0.053125 0.03203125
3 0.54296875 0.47890625 0.05234375 0.040625
3 0.5671875 0.5078125 0.0609375 0.05078125
3 0.45546875 0.49453125 0.02421875 0.02109375
3 0.47578125 0.415625 0.03828125 0.02109375
3 0.4859375 0.42421875 0.04140625 0.0234375
3 0.51796875 0.62734375 0.040625 0.05078125
0 0.7109375 0.82890625 0.0734375 0.12265625
0 0.47421875 0.46875 0.009375 0.00546875
0 0.46953125 0.4671875 0.00859375 0.009375
0 0.47109375 0.4609375 0.009375 0.0109375
0 0.46328125 0.45625 0.009375 0.00859375
0 0.46953125 0.459375 0.00859375 0.0078125
3 0.59140625 0.79140625 0.05546875 0.09609375
3 0.5484375 0.684375 0.05625 0.06171875
3 0.6421875 0.87734375 0.0890625 0.12578125
3 0.67265625 0.946875 0.05625 0.10390625
3 0.49609375 0.52421875 0.03515625 0.03515625
0 0.64921875 0.72734375 0.0578125 0.09140625
0 0.62890625 0.7046875 0.05234375 0.06953125
0 0.596875 0.67578125 0.01953125 0.0703125
0 0.63046875 0.6578125 0.05078125 0.07578125
0 0.5375 0.5328125 0.03203125 0.04453125
0 0.5375 0.56640625 0.03203125 0.04140625
0 0.5171875 0.55390625 0.0078125 0.0390625
0 0.5109375 0.54140625 0.00625 0.03828125
0 0.52265625 0.521875 0.0171875 0.04140625
0 0.51015625 0.359375 0.02890625 0.03515625
0 0.50234375 0.35546875 0.02578125 0.034375
0 0.48125 0.35078125 0.00546875 0.0296875
0 0.48671875 0.353125 0.00546875 0.0296875
0 0.49765625 0.3234375 0.0265625 0.0296875
0 0.4875 0.32265625 0.01484375 0.02890625
0 0.484375 0.32109375 0.0203125 0.02734375
0 0.48203125 0.31953125 0.0234375 0.0265625
0 0.47734375 0.34921875 0.00390625 0.02734375
0 0.47265625 0.34609375 0.00390625 0.0265625
0 0.46875 0.34453125 0.003125 0.0265625
0 0.4640625 0.33046875 0.0125 0.02421875
0 0.4625 0.32890625 0.01484375 0.0234375
0 0.4609375 0.32734375 0.0171875 0.0234375
0 0.4578125 0.32578125 0.0171875 0.02265625
0 0.45390625 0.325 0.0171875 0.02265625
0 0.45 0.3234375 0.0125 0.02109375
0 0.44765625 0.3234375 0.01484375 0.02109375
0 0.46953125 0.39609375 0.01953125 0.0203125
0 0.465625 0.3953125 0.01953125 0.02421875
0 0.4546875 0.39453125 0.003125 0.02265625
0 0.46171875 0.37265625 0.01953125 0.0234375
0 0.45078125 0.390625 0.00234375 0.02109375
0 0.4484375 0.3875 0.003125 0.02109375
0 0.44609375 0.38515625 0.00234375 0.02109375
0 0.44375 0.38125 0.00234375 0.0203125
0 0.45390625 0.36953125 0.009375 0.02265625
0 0.45234375 0.36640625 0.0125 0.02265625
0 0.4515625 0.365625 0.0140625 0.02265625
3 0.67578125 0.51640625 0.02109375 0.0203125
3 0.96328125 0.49140625 0.07109375 0.046875
3 0.6171875 0.41875 0.01171875 0.00546875
3 0.671875 0.44609375 0.0203125 0.0109375
3 0.6953125 0.4578125 0.02421875 0.0125
3 0.72109375 0.46953125 0.02421875 0.01171875
3 0.7546875 0.4203125 0.05 0.02109375
3 0.7875 0.43046875 0.0578125 0.0265625
3 0.82734375 0.446875 0.0578125 0.0296875
3 0.8125 0.60546875 0.06171875 0.0375
3 0.70078125 0.53203125 0.0265625 0.0234375
3 0.6046875 0.465625 0.01171875 0.01171875
3 0.6671875 0.39140625 0.0375 0.01484375
3 0.6859375 0.3984375 0.0390625 0.015625
3 0.73671875 0.55546875 0.0375 0.02890625
0 0.9609375 0.5953125 0.06171875 0.05625
0 0.63046875 0.42265625 0.01484375 0.01171875
3 0.87109375 0.64453125 0.0734375 0.053125
3 0.93046875 0.684375 0.0875 0.06796875
3 0.97578125 0.7234375 0.04765625 0.0640625
3 0.90234375 0.57578125 0.05390625 0.03203125
0 0.83671875 0.51953125 0.015625 0.0234375
0 0.80078125 0.5078125 0.01484375 0.0125
0 0.7875 0.4984375 0.0171875 0.015625
0 0.80390625 0.4890625 0.01953125 0.0359375
0 0.775 0.4734375 0.03046875 0.034375
0 0.77265625 0.490625 0.02890625 0.0140625
0 0.75234375 0.48359375 0.0125 0.01171875
0 0.7390625 0.47578125 0.0125 0.0140625
0 0.7609375 0.4671875 0.0296875 0.03203125
0 0.65078125 0.38046875 0.0203125 0.0203125
0 0.6421875 0.37734375 0.015625 0.02109375
0 0.63125 0.37578125 0.0078125 0.01796875
0 0.6375 0.3578125 0.01953125 0.0203125
0 0.625 0.3734375 0.00546875 0.0171875
0 0.615625 0.37109375 0.00078125 0.015625
0 0.6125 0.36953125 0.00625 0.01796875
0 0.60625 0.3671875 0.00625 0.0171875
0 0.63203125 0.35546875 0.01484375 0.0203125
0 0.62421875 0.35390625 0.015625 0.015625
0 0.61328125 0.35234375 0.0078125 0.01796875
0 0.6546875 0.32265625 0.0203125 0.0203125
0 0.6453125 0.32109375 0.015625 0.0203125
0 0.6375 0.31953125 0.0140625 0.0203125
0 0.63125 0.31953125 0.009375 0.01796875
0 0.62578125 0.31796875 0.015625 0.0171875
0 0.61484375 0.31796875 0.00625 0.0171875
0 0.6125 0.3171875 0.0125 0.0171875
0 0.7359375 0.34140625 0.02734375 0.02578125
0 0.72265625 0.340625 0.02265625 0.02578125
0 0.69609375 0.3375 0.01171875 0.0234375
0 0.70546875 0.3390625 0.01171875 0.02421875
0 0.71484375 0.315625 0.02578125 0.0234375
0 0.70078125 0.31484375 0.01796875 0.0234375
0 0.6890625 0.3140625 0.01484375 0.02265625
0 0.6828125 0.31328125 0.01953125 0.02265625
0 0.6859375 0.33671875 0.01171875 0.02265625
0 0.67578125 0.33515625 0.009375 0.02109375
0 0.6671875 0.3328125 0.009375 0.02109375
3 0.33984375 0.9765625 0.02265625 0.04453125