3 0.46171875 0.6546875 0.06328125 0.0703125
3 0.95546875 0.58203125 0.0875 0.09140625
3 0.30703125 0.5046875 0.053125 0.040625
3 0.41328125 0.55390625 0.06484375 0.05546875
3 0.46015625 0.56953125 0.06640625 0.0609375
3 0.5078125 0.59296875 0.06640625 0.071875
3 0.5765625 0.4859375 0.071875 0.06328125
3 0.6390625 0.503125 0.0828125 0.06875
3 0.73046875 0.52890625 0.09375 0.071875
3 0.70625 0.790625 0.08125 0.11796875
3 0.50703125 0.67890625 0.065625 0.078125
3 0.31875 0.57734375 0.05546875 0.046875
3 0.40390625 0.44375 0.0671875 0.04375
3 0.44140625 0.45390625 0.06875 0.04921875
3 0.57265625 0.71875 0.06953125 0.090625
0 0.96171875 0.76640625 0.075 0.12890625
0 0.34375 0.51328125 0.03359375 0.05
3 0.8171875 0.85 0.1046875 0.1390625
3 0.928125 0.9140625 0.1296875 0.15
3 0.9859375 0.94375 0.0265625 0.109375
3 0.84453125 0.725 0.11640625 0.11875
0 0.72421875 0.6625 0.040625 0.09140625
0 0.68984375 0.6484375 0.0375 0.0890625
0 0.659375 0.6359375 0.03671875 0.08515625
0 0.69453125 0.60390625 0.03828125 0.08671875
0 0.6234375 0.57890625 0.03671875 0.078125
0 0.62109375 0.62578125 0.0359375 0.0703125
0 0.590625 0.62265625 0.02734375 0.05078125
0 0.565625 0.6 0.02734375 0.07421875
0 0.596875 0.56875 0.03671875 0.075
0 0.36953125 0.42109375 0.0375 0.0484375
0 0.3515625 0.4171875 0.03203125 0.046875
0 0.3296875 0.41796875 0.01640625 0.0359375
0 0.3375 0.38046875 0.03828125 0.04375
0 0.31640625 0.4140625 0.01640625 0.0359375
0 0.303125 0.4109375 0.015625 0.03515625
0 0.290625 0.4078125 0.01484375 0.034375
0 0.27890625 0.403125 0.01484375 0.03671875
0 0.32265625 0.37734375 0.034375 0.04140625
0 0.309375 0.37421875 0.03515625 0.04140625
0 0.296875 0.371875 0.034375 0.040625
0 0.36328125 0.30859375 0.040625 0.04296875
0 0.34296875 0.30703125 0.03046875 0.04140625
0 0.32890625 0.30625 0.03203125 0.04140625
0 0.3171875 0.30546875 0.0359375 0.03984375
0 0.30078125 0.30390625 0.03125 0.0390625
0 0.2890625 0.303125 0.03203125 0.03828125
0 0.27734375 0.3015625 0.03359375 0.03671875
0 0.53046875 0.340625 0.0390625 0.05625
0 0.50546875 0.33828125 0.0390625 0.05546875
0 0.45234375 0.3359375 0.021875 0.046875
0 0.47421875 0.33828125 0.02265625 0.0484375
0 0.4828125 0.28984375 0.03984375 0.05
0 0.4515625 0.2890625 0.02265625 0.0484375
0 0.43046875 0.28828125 0.021875 0.04609375
0 0.41015625 0.2875 0.0203125 0.0453125
0 0.43125 0.33359375 0.02109375 0.0453125
0 0.41171875 0.33125 0.01953125 0.04453125
0 0.39375 0.328125 0.01953125 0.04609375