2 0.86015625 0.84375 0.2796875 0.309375
3 0.87265625 0.4234375 0.015625 0.0125
3 0.92109375 0.42265625 0.07734375 0.01484375
3 0.9875 0.42421875 0.0234375 0.02265625
3 0.9625 0.42421875 0.02890625 0.01953125
0 0.890625 0.51171875 0.02109375 0.034375
0 0.89609375 0.52109375 0.009375 0.0375
0 0.92109375 0.525 0.04140625 0.0390625
0 0.9375 0.53125 0.05625 0.04609375
0 0.92890625 0.490625 0.053125 0.040625
3 0.86875 0.5984375 0.01796875 0.0265625
3 0.8859375 0.61484375 0.0203125 0.03203125
3 0.971875 0.69765625 0.05625 0.0609375
3 0.92734375 0.640625 0.0671875 0.04453125
3 0.440625 0.6953125 0.08046875 0.0734375
3 0.5859375 0.42578125 0.0265625 0.009375
3 0.57421875 0.425 0.03515625 0.009375
3 0.50703125 0.42578125 0.05625 0.015625
3 0.5421875 0.42734375 0.0140625 0.0140625
3 0.55703125 0.4265625 0.0140625 0.0125
3 0.07890625 0.9765625 0.08046875 0.04453125
3 0.3953125 0.42109375 0.0921875 0.02734375
3 0.45078125 0.4234375 0.05078125 0.0234375
3 0.5109375 0.62734375 0.05546875 0.04375
0 0.58671875 0.490625 0.015625 0.02578125
0 0.3078125 0.63671875 0.0375 0.03515625
0 0.28828125 0.65390625 0.040625 0.04140625
0 0.24921875 0.65390625 0.04140625 0.059375
0 0.16796875 0.71328125 0.053125 0.05625
0 0.209375 0.68046875 0.046875 0.04765625
3 0.565625 0.57578125 0.03203125 0.02265625
3 0.5375 0.60234375 0.04453125 0.03046875
3 0.5828125 0.565625 0.015625 0.0203125
3 0.590625 0.55546875 0.01484375 0.0171875
3 0.48125 0.553125 0.07109375 0.03828125
0 0.5796875 0.49453125 0.00390625 0.02578125
0 0.5671875 0.4984375 0.0203125 0.0265625
0 0.56171875 0.4984375 0.0234375 0.02890625
0 0.5671875 0.471875 0.0234375 0.0265625
0 0.5234375 0.48515625 0.0296875 0.0359375
0 0.534375 0.51953125 0.0078125 0.0359375
0 0.5265625 0.52265625 0.00859375 0.0375
0 0.50546875 0.525 0.034375 0.04140625
0 0.5140625 0.4875 0.0328125 0.03828125
0 0.5 0.29921875 0.0109375 0.04609375
0 0.4875 0.29140625 0.01171875 0.04921875
0 0.459375 0.2734375 0.01484375 0.05546875
0 0.47421875 0.2828125 0.0125 0.05078125
0 0.475 0.2375 0.0140625 0.059375
0 0.459375 0.22421875 0.015625 0.0625
0 0.4421875 0.209375 0.01796875 0.0703125
0 0.4046875 0.1921875 0.05625 0.0765625
0 0.4421875 0.2625 0.01796875 0.059375
0 0.4234375 0.25 0.02109375 0.065625
0 0.3828125 0.234375 0.0609375 0.07421875
0 0.32578125 0.15390625 0.0390625 0.09921875
0 0.2828125 0.121875 0.04921875 0.1140625
0 0.22890625 0.08046875 0.0625 0.134375
0 0.16015625 0.05546875 0.08203125 0.1109375
0 0.07421875 0.0296875 0.09375 0.059375
0 0.32890625 0.3953125 0.0390625 0.0796875
0 0.2875 0.390625 0.04765625 0.090625
0 0.2359375 0.3875 0.06171875 0.1
0 0.2328125 0.290625 0.0625 0.1125
0 0.16953125 0.3796875 0.0796875 0.11484375
0 0.08046875 0.37109375 0.10859375 0.1359375
0 0.0171875 0.36640625 0.034375 0.1421875
0 0.1640625 0.26953125 0.0828125 0.13203125
0 0.07265625 0.240625 0.11171875 0.1609375
0 0.01328125 0.22734375 0.0265625 0.14921875
3 0.1953125 0.59609375 0.0625 0.0328125
3 0.1421875 0.52890625 0.06796875 0.0265625
3 0.19296875 0.51953125 0.06484375 0.0234375
3 0.240625 0.5109375 0.053125 0.0203125
3 0.35234375 0.42734375 0.003125 0.00625
3 0.34296875 0.5484375 0.0390625 0.0203125
3 0.2390625 0.5828125 0.05546875 0.02890625
3 0.2875 0.5671875 0.04765625 0.0234375
0 0.39296875 0.47890625 0.01796875 0.0203125
0 0.0109375 0.5390625 0.021875 0.046875
3 0.37109375 0.54140625 0.0359375 0.01484375
3 0.39609375 0.534375 0.02265625 0.0140625
3 0.4125 0.528125 0.02109375 0.01171875
3 0.3703125 0.4890625 0.034375 0.0109375
0 0.34765625 0.4875 0.0109375 0.0234375
0 0.33828125 0.4890625 0.00859375 0.02265625
0 0.31953125 0.490625 0.0078125 0.02578125
0 0.33046875 0.46953125 0.02109375 0.015625
0 0.309375 0.47265625 0.0125 0.01953125
0 0.3109375 0.49296875 0.0125 0.02421875
0 0.29921875 0.49453125 0.0125 0.02578125
0 0.27890625 0.496875 0.02578125 0.02734375
0 0.2921875 0.47421875 0.02421875 0.01796875
3 0.740625 0.5671875 0.05625 0.02421875
3 0.47890625 0.51171875 0.01796875 0.0109375