2 0.325 0.53515625 0.0375 0.09609375
3 0.18671875 0.62421875 0.03984375 0.025
3 0.06015625 0.13828125 0.08203125 0.215625
3 0.11796875 0.25859375 0.04296875 0.1140625
3 0.203125 0.5296875 0.0328125 0.0109375
3 0.1953125 0.5328125 0.01796875 0.01171875
3 0.19609375 0.53515625 0.01875 0.01484375
3 0.19453125 0.53828125 0.015625 0.01796875
3 0.2 0.41171875 0.01484375 0.028125
3 0.184375 0.39609375 0.02578125 0.0390625
3 0.20078125 0.5921875 0.0375 0.01796875
3 0.21015625 0.4421875 0.00234375 0.015625
3 0.20390625 0.43515625 0.009375 0.01875
3 0.18359375 0.65859375 0.01484375 0.03671875
0 0.025 0.56484375 0.02890625 0.14296875
0 0.071875 0.55234375 0.08671875 0.11015625
0 0.12109375 0.5453125 0.01484375 0.090625
0 0.13359375 0.54140625 0.01171875 0.08125
0 0.07109375 0.45078125 0.11640625 0.1
0 0.1546875 0.48046875 0.05078125 0.0515625
0 0.159375 0.53203125 0.03984375 0.05078125
0 0.18125 0.53046875 0.003125 0.0453125
0 0.18515625 0.52890625 0.003125 0.04375
0 0.18125 0.48359375 0.00390625 0.0453125
0 0.19140625 0.29140625 0.0046875 0.01875
0 0.2 0.321875 0.00078125 0.00625
0 0.18984375 0.28046875 0.009375 0.02890625
0 0.2 0.3015625 0.00078125 0.03515625
0 0.2015625 0.30859375 0.0015625 0.03671875
0 0.203125 0.31796875 0.0015625 0.03515625
0 0.2015625 0.328125 0.00078125 0.01015625
0 0.203125 0.3359375 0.0015625 0.01171875
0 0.20546875 0.34296875 0.00078125 0.01015625
0 0.20703125 0.34921875 0.00390625 0.02109375
0 0.2140625 0.36953125 0.00078125 0.00546875
0 0.215625 0.37421875 0.00078125 0.00546875
0 0.2078125 0.42890625 0.00078125 0.00546875
0 0.20703125 0.415625 0.00390625 0.02109375
0 0.2125 0.44453125 0.00078125 0.015625
0 0.2140625 0.446875 0.00078125 0.015625
0 0.21484375 0.4484375 0.00078125 0.0140625
0 0.2140625 0.43125 0.00078125 0.01484375
3 0.059375 0.93828125 0.046875 0.12109375
3 0.09609375 0.853125 0.0609375 0.14140625
3 0.1625 0.69140625 0.0328125 0.05078125
3 0.13515625 0.77109375 0.0328125 0.08984375
3 0.48125 0.58828125 0.03515625 0.01484375
3 0.73125 0.390625 0.07578125 0.03984375
3 0.67109375 0.40703125 0.06484375 0.03203125
3 0.5171875 0.4484375 0.03046875 0.01484375
3 0.540625 0.44296875 0.034375 0.01640625
3 0.57578125 0.43515625 0.05078125 0.0203125
3 0.43046875 0.571875 0.02734375 0.0109375
3 0.453125 0.46171875 0.01484375 0.0109375
3 0.47578125 0.45859375 0.03828125 0.01171875
3 0.5234375 0.603125 0.04296875 0.02109375
0 0.728125 0.53125 0.0578125 0.04921875
0 0.45390625 0.528125 0.00546875 0.00546875
0 0.4484375 0.5265625 0.0078125 0.00546875
0 0.43984375 0.5265625 0.00625 0.0046875
0 0.44453125 0.5265625 0.00234375 0.0046875
3 0.621875 0.63828125 0.05703125 0.03359375
3 0.56015625 0.615625 0.053125 0.02421875
3 0.6734375 0.65390625 0.07578125 0.03984375
3 0.72734375 0.67421875 0.07421875 0.0515625
3 0.49375 0.53046875 0.0328125 0.01171875
0 0.66796875 0.52890625 0.03984375 0.04296875
0 0.63828125 0.528125 0.01953125 0.03984375
0 0.61953125 0.52734375 0.0171875 0.03828125
0 0.64765625 0.4875 0.0375 0.03984375
0 0.5421875 0.49453125 0.02734375 0.02890625
0 0.5421875 0.52421875 0.02734375 0.0296875
0 0.5234375 0.52421875 0.00859375 0.028125
0 0.51484375 0.5234375 0.00859375 0.0265625
0 0.5234375 0.4953125 0.00859375 0.028125
0 0.50703125 0.378125 0.02421875 0.02578125
0 0.490625 0.38203125 0.00703125 0.025
0 0.4765625 0.3890625 0.00546875 0.0234375
0 0.48359375 0.3859375 0.00703125 0.02421875
0 0.48984375 0.36328125 0.01875 0.0265625
0 0.4765625 0.36796875 0.00546875 0.02578125
0 0.4703125 0.371875 0.00625 0.025
0 0.4640625 0.37578125 0.00546875 0.02421875
0 0.4703125 0.39296875 0.00625 0.0234375
0 0.4640625 0.39609375 0.00546875 0.021875
0 0.45859375 0.39921875 0.0046875 0.02109375
0 0.45078125 0.3984375 0.0140625 0.0203125
0 0.44140625 0.40078125 0.00390625 0.01875
0 0.43671875 0.40390625 0.00390625 0.01875
0 0.43203125 0.40625 0.00390625 0.01796875
0 0.428125 0.40859375 0.00390625 0.01796875
0 0.42421875 0.4109375 0.003125 0.01640625
0 0.4203125 0.41328125 0.003125 0.01640625
0 0.453125 0.459375 0.01796875 0.01953125
0 0.440625 0.4609375 0.0046875 0.01953125
0 0.4359375 0.46171875 0.00390625 0.01875
0 0.44296875 0.44296875 0.01796875 0.01953125
0 0.43203125 0.46328125 0.00390625 0.01796875
0 0.428125 0.4640625 0.00390625 0.01796875
0 0.4234375 0.465625 0.00390625 0.01640625
0 0.41953125 0.46640625 0.003125 0.01640625
0 0.43203125 0.4453125 0.00390625 0.01875
0 0.428125 0.44609375 0.00390625 0.01875
0 0.4234375 0.4484375 0.00390625 0.01875
3 0.6328125 0.56953125 0.0296875 0.01015625
3 0.87734375 0.44296875 0.05703125 0.01953125
3 0.8296875 0.44921875 0.053125 0.01640625
3 0.56484375 0.5234375 0.01640625 0.00546875
3 0.60390625 0.52421875 0.01328125 0.00546875
3 0.67421875 0.46640625 0.021875 0.009375
3 0.70078125 0.4640625 0.03046875 0.01015625
3 0.7359375 0.4609375 0.03828125 0.0109375
3 0.74140625 0.5859375 0.04375 0.01484375
3 0.65390625 0.5734375 0.03359375 0.0109375
3 0.5640625 0.559375 0.02421875 0.00859375
3 0.60859375 0.475 0.02734375 0.00703125
3 0.61953125 0.47265625 0.01796875 0.00859375
3 0.6828125 0.578125 0.03671875 0.01328125
0 0.834375 0.5234375 0.0359375 0.02578125
0 0.5796875 0.51875 0.01484375 0.0140625
3 0.7859375 0.59140625 0.0484375 0.01171875
3 0.83046875 0.59921875 0.05078125 0.0203125
3 0.875 0.60625 0.05546875 0.021875
3 0.7890625 0.53046875 0.04921875 0.01015625
0 0.72890625 0.49765625 0.02109375 0.01796875
0 0.70078125 0.50078125 0.01953125 0.01953125
0 0.696875 0.52109375 0.0109375 0.01953125
0 0.68984375 0.52109375 0.003125 0.01953125
0 0.6859375 0.50078125 0.01015625 0.01953125
0 0.59453125 0.471875 0.01484375 0.0140625
0 0.58359375 0.4734375 0.00625 0.01484375
0 0.57734375 0.4734375 0.00546875 0.0140625
0 0.58046875 0.46171875 0.0125 0.009375
0 0.57109375 0.47421875 0.00546875 0.0140625
0 0.565625 0.47578125 0.00546875 0.0140625
0 0.56015625 0.47578125 0.00546875 0.01328125
0 0.5546875 0.47578125 0.00546875 0.01328125
0 0.57109375 0.46328125 0.00546875 0.00859375
0 0.565625 0.4640625 0.00546875 0.00859375
0 0.56015625 0.46484375 0.00546875 0.00703125
0 0.59765625 0.42421875 0.00859375 0.015625
0 0.584375 0.42265625 0.00546875 0.00625
0 0.578125 0.4234375 0.00546875 0.00546875
0 0.571875 0.425 0.00546875 0.00546875
0 0.56640625 0.4265625 0.00546875 0.0046875
0 0.56015625 0.428125 0.00546875 0.0046875
0 0.6296875 0.4203125 0.0078125 0.01484375
0 0.63828125 0.41875 0.0078125 0.0140625
0 0.64296875 0.403125 0.01640625 0.01875
0 0.6296875 0.4046875 0.0078125 0.01875
0 0.621875 0.40703125 0.00703125 0.01796875
0 0.6109375 0.4109375 0.00078125 0.015625
0 0.621875 0.421875 0.00703125 0.01484375
0 0.6140625 0.425 0.00703125 0.01328125
0 0.60703125 0.4265625 0.00703125 0.0140625
3 0.45234375 0.6953125 0.11796875 0.071875
3 0.96484375 0.6109375 0.06875 0.03046875