3 0.10546875 0.72890625 0.075 0.04140625
3 0.1453125 0.40703125 0.02734375 0.0546875
3 0.1203125 0.3609375 0.04375 0.08671875
3 0.1453125 0.68671875 0.04609375 0.02109375
3 0.165625 0.48203125 0.00546875 0.02578125
3 0.15703125 0.46796875 0.01328125 0.03125
3 0.084375 0.7796875 0.04296875 0.06328125
0 0.14765625 0.60390625 0.01328125 0.01015625
0 0.153125 0.6015625 0.0171875 0.01796875
0 0.16328125 0.6046875 0.00390625 0.009375
3 0.03515625 0.8453125 0.0703125 0.10703125
3 0.12578125 0.59609375 0.03203125 0.02421875
0 0.053125 0.4828125 0.10546875 0.09921875
0 0.04921875 0.56015625 0.0984375 0.0859375
0 0.1 0.56953125 0.015625 0.07109375
0 0.10859375 0.57265625 0.01328125 0.065625
0 0.10703125 0.5015625 0.01484375 0.075
0 0.15 0.25703125 0.0046875 0.021875
0 0.1609375 0.31796875 0.003125 0.0203125
0 0.15859375 0.303125 0.00234375 0.01796875
0 0.1546875 0.27265625 0.0171875 0.065625
0 0.16328125 0.29375 0.00546875 0.05390625
0 0.165625 0.309375 0.00546875 0.05078125
0 0.16796875 0.32421875 0.0046875 0.0484375
0 0.16328125 0.33203125 0.00234375 0.01796875
0 0.165625 0.34453125 0.00234375 0.01796875
0 0.16796875 0.3578125 0.0015625 0.015625
0 0.171875 0.3734375 0.0046875 0.02578125
0 0.17890625 0.4015625 0.00078125 0.00703125
0 0.18046875 0.409375 0.00078125 0.00625
0 0.18125 0.41640625 0.00078125 0.00546875
0 0.1640625 0.46796875 0.00234375 0.00546875
0 0.15703125 0.453125 0.02109375 0.025
0 0.16953125 0.49140625 0.00234375 0.01875
0 0.17109375 0.49609375 0.00234375 0.01875
0 0.17265625 0.50078125 0.00234375 0.01875
0 0.17421875 0.5046875 0.0015625 0.01640625
0 0.171875 0.47421875 0.00234375 0.0234375
0 0.1734375 0.4765625 0.003125 0.02578125
0 0.17421875 0.47890625 0.003125 0.02890625
3 0.5015625 0.68046875 0.0453125 0.01953125
3 0.90390625 0.37578125 0.13671875 0.07578125
3 0.79296875 0.415625 0.10234375 0.05703125
3 0.425 0.60859375 0.0234375 0.00703125
3 0.47578125 0.60625 0.03984375 0.0109375
3 0.48828125 0.60546875 0.0203125 0.0109375
3 0.52109375 0.6046875 0.04453125 0.01328125
3 0.55234375 0.50234375 0.03984375 0.02109375
3 0.58203125 0.49140625 0.040625 0.025
3 0.6359375 0.47578125 0.06640625 0.03046875
3 0.64921875 0.715625 0.078125 0.0359375
3 0.5265625 0.6859375 0.05078125 0.021875
3 0.43046875 0.6640625 0.03359375 0.01328125
3 0.46640625 0.52890625 0.02421875 0.015625
3 0.4921875 0.5234375 0.04375 0.01640625
3 0.5640625 0.6953125 0.059375 0.02578125
0 0.81640625 0.5765625 0.07734375 0.06171875
0 0.44453125 0.60078125 0.01796875 0.021875
3 0.728125 0.734375 0.0953125 0.046875
3 0.81484375 0.75625 0.11875 0.06015625
3 0.9296875 0.78359375 0.1390625 0.0796875
3 0.728125 0.5984375 0.09453125 0.01953125
0 0.646875 0.58828125 0.03671875 0.04296875
0 0.61875 0.5890625 0.0203125 0.040625
0 0.60078125 0.590625 0.01796875 0.03984375
0 0.6265625 0.54921875 0.03828125 0.04296875
0 0.58671875 0.55546875 0.03359375 0.03671875
0 0.58125 0.59140625 0.021875 0.03671875
0 0.56328125 0.59296875 0.01484375 0.03515625
0 0.55 0.59375 0.01328125 0.03359375
0 0.5625 0.55859375 0.0140625 0.03515625
0 0.46171875 0.528125 0.021875 0.021875
0 0.446875 0.53046875 0.00546875 0.021875
0 0.440625 0.5328125 0.00546875 0.02109375
0 0.44765625 0.51171875 0.01796875 0.0234375
0 0.43515625 0.534375 0.00546875 0.02109375
0 0.4296875 0.53671875 0.00546875 0.01953125
0 0.42421875 0.53828125 0.00546875 0.01953125
0 0.41953125 0.540625 0.0046875 0.01953125
0 0.43515625 0.5140625 0.00546875 0.021875
0 0.43046875 0.51640625 0.00546875 0.021875
0 0.425 0.51875 0.0046875 0.02109375
0 0.459375 0.45859375 0.015625 0.021875
0 0.4484375 0.46171875 0.00625 0.021875
0 0.4421875 0.46640625 0.00546875 0.02109375
0 0.43671875 0.4703125 0.00546875 0.0203125
0 0.43125 0.4734375 0.00546875 0.0203125
0 0.42578125 0.4765625 0.0046875 0.01875
0 0.42109375 0.48046875 0.0046875 0.01953125
0 0.534375 0.42421875 0.02734375 0.0296875
0 0.51484375 0.43046875 0.01015625 0.0296875
0 0.49609375 0.4421875 0.00859375 0.0265625
0 0.5046875 0.43671875 0.00859375 0.02890625
0 0.51328125 0.4109375 0.02578125 0.03125
0 0.49609375 0.41796875 0.00859375 0.0296875
0 0.48671875 0.42421875 0.00859375 0.0296875
0 0.47890625 0.4296875 0.0078125 0.028125
0 0.48671875 0.446875 0.00859375 0.02578125
0 0.47890625 0.45234375 0.00703125 0.025
0 0.47109375 0.45703125 0.00703125 0.025