3 0.9828125 0.496875 0.00546875 0.02421875
3 0.9890625 0.4875 0.01015625 0.02890625
3 0.99609375 0.41640625 0.00625 0.05859375
3 0.40078125 0.73515625 0.07109375 0.04453125
3 0.63359375 0.534375 0.0265625 0.01171875
3 0.60859375 0.53203125 0.0421875 0.0140625
3 0.05703125 0.6546875 0.1140625 0.04296875
3 0.3515625 0.63203125 0.07265625 0.0265625
3 0.4046875 0.6265625 0.06953125 0.02421875
3 0.4546875 0.6234375 0.0609375 0.0203125
3 0.49453125 0.51640625 0.05234375 0.01796875
3 0.5234375 0.52109375 0.05078125 0.015625
3 0.55859375 0.525 0.03671875 0.01484375
3 0.5609375 0.69140625 0.05 0.02578125
3 0.4484375 0.721875 0.0640625 0.03828125
3 0.0546875 0.83125 0.109375 0.08828125
3 0.34453125 0.490625 0.0703125 0.028125
3 0.4015625 0.4984375 0.04921875 0.025
3 0.5 0.70859375 0.0578125 0.03203125
0 0.61484375 0.603125 0.025 0.025
0 0.19296875 0.62734375 0.071875 0.06015625
3 0.59140625 0.684375 0.04609375 0.01953125
3 0.61953125 0.678125 0.028125 0.01796875
3 0.63828125 0.6734375 0.02578125 0.015625
3 0.59140625 0.61328125 0.03671875 0.0109375
0 0.56796875 0.60546875 0.01015625 0.0296875
0 0.55625 0.60625 0.0109375 0.0296875
0 0.54296875 0.60703125 0.01640625 0.03046875
0 0.5484375 0.57578125 0.02734375 0.0296875
0 0.528125 0.57578125 0.01171875 0.03125
0 0.52890625 0.60859375 0.0125 0.03125
0 0.515625 0.609375 0.01328125 0.03359375
0 0.49296875 0.609375 0.03046875 0.03515625
0 0.50703125 0.57578125 0.0296875 0.03203125
0 0.28046875 0.46796875 0.03359375 0.0515625
0 0.246875 0.46171875 0.03671875 0.05546875
0 0.209375 0.45546875 0.04140625 0.05859375
0 0.21171875 0.403125 0.040625 0.0609375
0 0.16796875 0.4484375 0.04609375 0.0609375
0 0.12109375 0.440625 0.05234375 0.065625
0 0.06953125 0.43046875 0.059375 0.0703125
0 0.021875 0.42109375 0.04375 0.0734375
0 0.17109375 0.39296875 0.04609375 0.06484375
0 0.125 0.38203125 0.0515625 0.0703125
0 0.07421875 0.36875 0.05859375 0.075
0 0.2890625 0.32265625 0.0328125 0.053125
0 0.25625 0.309375 0.03515625 0.05625
0 0.2203125 0.2953125 0.0390625 0.059375
0 0.18125 0.2796875 0.04375 0.06484375
0 0.1375 0.26171875 0.04921875 0.06875
0 0.08828125 0.24296875 0.05546875 0.07421875
0 0.0328125 0.2203125 0.06328125 0.0796875
0 0.4734375 0.409375 0.01640625 0.0359375
0 0.45625 0.403125 0.0171875 0.03828125
0 0.41953125 0.38984375 0.01953125 0.040625
0 0.4390625 0.396875 0.01796875 0.0390625
0 0.4390625 0.3625 0.01796875 0.04140625
0 0.4203125 0.35390625 0.01953125 0.04375
0 0.4 0.3453125 0.02109375 0.04609375
0 0.37265625 0.3359375 0.034375 0.0484375
0 0.39921875 0.38203125 0.02109375 0.04296875
0 0.37734375 0.37421875 0.0234375 0.04453125
0 0.3484375 0.365625 0.0359375 0.046875
3 0.746875 0.65703125 0.04296875 0.01796875