3 0.97890625 0.9671875 0.04140625 0.0640625
3 0.87109375 0.5046875 0.0296875 0.01328125
3 0.87421875 0.503125 0.025 0.01484375
3 0.928125 0.49609375 0.07421875 0.028125
3 0.9125 0.5015625 0.0515625 0.02109375
3 0.90234375 0.50546875 0.03125 0.01328125
3 0.98125 0.48203125 0.0359375 0.046875
3 0.95546875 0.84296875 0.08828125 0.09921875
3 0.88515625 0.72109375 0.021875 0.0390625
3 0.93359375 0.778125 0.08203125 0.065625
3 0.871875 0.70078125 0.0078125 0.03046875
3 0.865625 0.684375 0.00703125 0.02578125
3 0.96328125 0.71640625 0.071875 0.06796875
0 0.87421875 0.60625 0.003125 0.02578125
0 0.88984375 0.6046875 0.02734375 0.03125
0 0.8953125 0.6109375 0.02578125 0.04375
0 0.896875 0.56953125 0.04375 0.03984375
0 0.94296875 0.58984375 0.071875 0.0515625
0 0.91171875 0.64375 0.00703125 0.05859375
0 0.91796875 0.6515625 0.00546875 0.05703125
0 0.965625 0.66171875 0.06796875 0.065625
0 0.95390625 0.60078125 0.08046875 0.06875
0 0.9390625 0.28515625 0.0109375 0.06328125
0 0.95078125 0.265625 0.01328125 0.06953125
0 0.98203125 0.21171875 0.01953125 0.0890625
0 0.96484375 0.24140625 0.01640625 0.078125
0 0.96328125 0.175 0.01640625 0.10703125
0 0.98046875 0.1390625 0.01953125 0.121875
0 0.99453125 0.10859375 0.01015625 0.1140625
0 0.9953125 0.1890625 0.00859375 0.078125
3 0.409375 0.72109375 0.0671875 0.04921875
3 0.58671875 0.509375 0.03125 0.009375
3 0.571875 0.50859375 0.03515625 0.009375
3 0.084375 0.709375 0.14765625 0.0859375
3 0.36640625 0.634375 0.07734375 0.03984375
3 0.41171875 0.62109375 0.0671875 0.03203125
3 0.453125 0.6109375 0.05859375 0.028125
3 0.484375 0.50703125 0.04921875 0.01328125
3 0.51484375 0.50859375 0.02890625 0.01171875
3 0.5359375 0.509375 0.02890625 0.0109375
3 0.53515625 0.65703125 0.04296875 0.0265625
3 0.44765625 0.7015625 0.059375 0.04140625
3 0.08828125 0.89140625 0.14609375 0.14453125
3 0.36015625 0.50234375 0.075 0.01953125
3 0.409375 0.50390625 0.05234375 0.01796875
3 0.4890625 0.68125 0.05234375 0.034375
0 0.578125 0.571875 0.01953125 0.0234375
0 0.228125 0.65390625 0.06328125 0.071875
3 0.5578125 0.646875 0.03828125 0.01953125
3 0.58046875 0.63828125 0.02109375 0.01796875
3 0.59375 0.63125 0.01953125 0.01640625
3 0.5609375 0.58359375 0.02734375 0.01171875
0 0.54296875 0.58046875 0.00703125 0.028125
0 0.53046875 0.58359375 0.015625 0.028125
0 0.52421875 0.584375 0.01171875 0.03046875
0 0.52578125 0.55546875 0.02578125 0.028125
0 0.50703125 0.55859375 0.021875 0.03046875
0 0.51328125 0.58828125 0.00859375 0.03046875
0 0.503125 0.590625 0.01015625 0.03125
0 0.48359375 0.59296875 0.02890625 0.03515625
0 0.49609375 0.56015625 0.02421875 0.03125
0 0.30703125 0.4859375 0.0296875 0.05078125
0 0.2765625 0.48359375 0.03203125 0.0546875
0 0.240625 0.48125 0.0390625 0.05703125
0 0.24296875 0.4265625 0.03671875 0.06015625
0 0.20234375 0.47890625 0.04296875 0.0609375
0 0.15703125 0.47578125 0.04921875 0.06640625
0 0.1046875 0.471875 0.05703125 0.071875
0 0.04296875 0.4671875 0.06796875 0.08046875
0 0.203125 0.41953125 0.0421875 0.06484375
0 0.1578125 0.41171875 0.0484375 0.0703125
0 0.103125 0.403125 0.06171875 0.0765625
0 0.3109375 0.3359375 0.02890625 0.05546875
0 0.28046875 0.32421875 0.03203125 0.05859375
0 0.246875 0.31171875 0.0359375 0.0640625
0 0.2078125 0.29765625 0.04140625 0.06953125
0 0.1640625 0.28046875 0.04765625 0.07578125
0 0.1125 0.26171875 0.05546875 0.084375
0 0.05234375 0.2390625 0.065625 0.09296875
0 0.46953125 0.40859375 0.0125 0.034375
0 0.45625 0.40390625 0.01328125 0.0359375
0 0.42578125 0.39375 0.01640625 0.03984375
0 0.44140625 0.39921875 0.01484375 0.03828125
0 0.44140625 0.36484375 0.01484375 0.040625
0 0.42578125 0.35859375 0.01640625 0.04296875
0 0.40859375 0.35078125 0.0171875 0.0453125
0 0.38046875 0.34296875 0.0375 0.0484375
0 0.40859375 0.38828125 0.0171875 0.04140625
0 0.38984375 0.38203125 0.01953125 0.04453125
0 0.36328125 0.37578125 0.03359375 0.046875
3 0.68046875 0.6140625 0.034375 0.015625