2 0.11328125 0.63046875 0.14765625 0.23515625
3 0.44609375 0.59609375 0.05390625 0.05234375
3 0.93515625 0.49453125 0.1296875 0.06796875
3 0.8421875 0.48046875 0.10859375 0.0609375
3 0.54375 0.43515625 0.0578125 0.0421875
3 0.59375 0.44296875 0.0640625 0.04375
3 0.66015625 0.45546875 0.0671875 0.04375
3 0.30703125 0.54765625 0.05234375 0.0390625
3 0.3921875 0.4125 0.05859375 0.034375
3 0.42578125 0.41796875 0.05859375 0.0359375
3 0.54375 0.6328125 0.0578125 0.06171875
0 0.89140625 0.62734375 0.065625 0.084375
0 0.36953125 0.49453125 0.015625 0.01484375
0 0.35625 0.49453125 0.01484375 0.0171875
0 0.35234375 0.4859375 0.01484375 0.0203125
0 0.3296875 0.48515625 0.01484375 0.01484375
0 0.34375 0.484375 0.01484375 0.01484375
3 0.728125 0.69765625 0.07109375 0.08203125
3 0.6125 0.6578125 0.0578125 0.06953125
3 0.80078125 0.72265625 0.08046875 0.08828125
3 0.8796875 0.75078125 0.09765625 0.096875
3 0.4875 0.5328125 0.05546875 0.053125
0 0.80703125 0.6015625 0.0390625 0.0734375
0 0.7734375 0.5921875 0.03828125 0.0734375
0 0.7421875 0.584375 0.0390625 0.07109375
0 0.77734375 0.55078125 0.04609375 0.07265625
0 0.5828125 0.5078125 0.02890625 0.0578125
0 0.58046875 0.54609375 0.02734375 0.05390625
0 0.55703125 0.546875 0.02265625 0.040625
0 0.5359375 0.53359375 0.02109375 0.05625
0 0.5609375 0.503125 0.02890625 0.05546875
0 0.503125 0.315625 0.03203125 0.04453125
0 0.48046875 0.31484375 0.02890625 0.04453125
0 0.4375 0.3140625 0.01953125 0.03828125
0 0.45546875 0.31484375 0.0203125 0.040625
0 0.46171875 0.27421875 0.034375 0.04140625
0 0.4359375 0.2734375 0.0203125 0.040625
0 0.41640625 0.2734375 0.0203125 0.040625
0 0.3984375 0.2734375 0.01796875 0.03828125
0 0.41796875 0.3125 0.01953125 0.03828125
0 0.4 0.31171875 0.01953125 0.03828125
0 0.38359375 0.309375 0.01796875 0.040625
0 0.353125 0.29453125 0.0359375 0.0375
0 0.33125 0.29375 0.02421875 0.0359375
0 0.3171875 0.2921875 0.02421875 0.0359375
0 0.30703125 0.2921875 0.0328125 0.03515625
0 0.28984375 0.29140625 0.0265625 0.034375
0 0.2734375 0.29140625 0.01953125 0.034375
0 0.2625 0.290625 0.0234375 0.034375
0 0.359375 0.3953125 0.0328125 0.04140625
0 0.3421875 0.39296875 0.03203125 0.0390625
0 0.321875 0.39453125 0.015625 0.034375
0 0.32734375 0.359375 0.034375 0.03828125
0 0.3078125 0.3921875 0.01484375 0.0328125
0 0.29453125 0.38984375 0.015625 0.03046875
0 0.28046875 0.3875 0.01484375 0.03046875
0 0.26875 0.384375 0.015625 0.03515625
0 0.3125 0.359375 0.03046875 0.0375
0 0.29765625 0.35703125 0.0296875 0.0375
0 0.2859375 0.35546875 0.03203125 0.0359375
3 0.4421875 0.390625 0.02890625 0.0140625
3 0.5125 0.4015625 0.0296875 0.015625
3 0.540625 0.4046875 0.02734375 0.015625
3 0.565625 0.409375 0.0265625 0.0203125
0 0.7390625 0.4265625 0.02578125 0.0296875
0 0.46796875 0.390625 0.0171875 0.02109375
3 0.69453125 0.425 0.02265625 0.01796875
0 0.66015625 0.4140625 0.0140625 0.0265625
0 0.64609375 0.415625 0.0140625 0.02109375
0 0.634375 0.4109375 0.0140625 0.0265625
0 0.6484375 0.3921875 0.0140625 0.0265625
0 0.61953125 0.3890625 0.0125 0.0265625
0 0.61796875 0.41015625 0.0125 0.02421875
0 0.60625 0.41015625 0.0125 0.0203125
0 0.59453125 0.40546875 0.01171875 0.02421875
0 0.6078125 0.3875 0.0140625 0.02578125
0 0.4875 0.278125 0.0125 0.0203125
0 0.4796875 0.278125 0.00234375 0.0203125
0 0.5765625 0.2890625 0.0125 0.02265625
0 0.565625 0.28828125 0.01171875 0.02109375
0 0.5421875 0.2875 0.0109375 0.0203125
0 0.55390625 0.28828125 0.01171875 0.02109375
0 0.55625 0.2671875 0.01484375 0.02109375
0 0.54296875 0.26640625 0.01171875 0.0203125
0 0.5328125 0.26640625 0.009375 0.0203125
0 0.51875 0.26640625 0.00546875 0.0203125
0 0.53203125 0.2875 0.00859375 0.0203125
0 0.51875 0.2875 0.00546875 0.01953125
0 0.51015625 0.284375 0.009375 0.015625
3 0.87421875 0.5421875 0.06953125 0.0375