2 0.18125 0.565625 0.07890625 0.18359375
3 0.46484375 0.67578125 0.06640625 0.053125
3 0.54140625 0.3734375 0.075 0.05
3 0.60625 0.340625 0.0953125 0.0703125
3 0.7515625 0.275 0.19609375 0.1203125
3 0.39140625 0.61171875 0.04296875 0.025
3 0.41328125 0.4265625 0.02421875 0.025
3 0.44921875 0.4171875 0.0625 0.02890625
3 0.56171875 0.7609375 0.11484375 0.1046875
0 0.41953125 0.54453125 0.0046875 0.01015625
0 0.41484375 0.54453125 0.00390625 0.009375
0 0.41640625 0.534375 0.00859375 0.0046875
0 0.40234375 0.540625 0.009375 0.01015625
3 0.97265625 0.99140625 0.03359375 0.015625
3 0.6828125 0.8765625 0.1765625 0.175
3 0.4875 0.56640625 0.071875 0.0359375
0 0.61015625 0.48984375 0.0734375 0.08125
0 0.6109375 0.57109375 0.07421875 0.08515625
0 0.56015625 0.565625 0.0265625 0.07578125
0 0.53515625 0.559375 0.02265625 0.07109375
0 0.56015625 0.49140625 0.0265625 0.075
0 0.51171875 0.221875 0.0453125 0.06328125
0 0.48125 0.240625 0.01484375 0.05703125
0 0.4546875 0.271875 0.0109375 0.04921875
0 0.4671875 0.25703125 0.01328125 0.05390625
0 0.47890625 0.21328125 0.0375 0.065625
0 0.4546875 0.23046875 0.0109375 0.059375
0 0.44375 0.24609375 0.01015625 0.05625
0 0.43359375 0.259375 0.00859375 0.053125
0 0.44375 0.28515625 0.01015625 0.04453125
0 0.43359375 0.29609375 0.00859375 0.04296875
0 0.425 0.30703125 0.0078125 0.03984375
0 0.4125 0.31328125 0.01640625 0.03359375
0 0.40078125 0.32109375 0.00625 0.03359375
0 0.39453125 0.32890625 0.0046875 0.03046875
0 0.3890625 0.3359375 0.00546875 0.0296875
0 0.384375 0.3421875 0.0046875 0.02890625
0 0.3796875 0.3484375 0.00390625 0.02578125
0 0.375 0.353125 0.00390625 0.025
0 0.4140625 0.42421875 0.021875 0.03515625
0 0.4 0.42734375 0.00625 0.034375
0 0.39375 0.43046875 0.0046875 0.03125
0 0.40703125 0.39921875 0.03046875 0.03515625
0 0.3890625 0.43359375 0.0046875 0.0296875
0 0.38359375 0.4359375 0.0046875 0.0296875
0 0.37890625 0.4390625 0.00390625 0.028125
0 0.375 0.44140625 0.00390625 0.0265625
0 0.3890625 0.40390625 0.0046875 0.03359375
0 0.38359375 0.4078125 0.0046875 0.03203125
0 0.37890625 0.41171875 0.00390625 0.03046875
3 0.71640625 0.60703125 0.053125 0.0234375
3 0.67734375 0.53359375 0.04765625 0.01328125
3 0.715625 0.53515625 0.053125 0.01484375
3 0.7578125 0.53828125 0.05703125 0.015625
3 0.81015625 0.43828125 0.05 0.01953125
3 0.87109375 0.43125 0.071875 0.021875
3 0.96953125 0.41953125 0.059375 0.02421875
3 0.9703125 0.665625 0.05859375 0.04296875
3 0.7578125 0.6171875 0.06015625 0.0265625
3 0.66875 0.45546875 0.0359375 0.0140625
3 0.703125 0.4515625 0.04921875 0.01484375
3 0.8234375 0.63203125 0.071875 0.03359375
0 0.975 0.540625 0.04453125 0.04609375
0 0.946875 0.5390625 0.01171875 0.04140625
0 0.9078125 0.53671875 0.00625 0.040625
0 0.95 0.496875 0.01796875 0.04140625
0 0.8578125 0.49765625 0.02265625 0.0359375
0 0.8578125 0.53515625 0.02265625 0.03671875
0 0.834375 0.53359375 0.025 0.0359375
0 0.81015625 0.53203125 0.02265625 0.03515625
0 0.83359375 0.4984375 0.025 0.03515625
0 0.646875 0.45078125 0.02265625 0.021875
0 0.6296875 0.44609375 0.01015625 0.009375
0 0.61953125 0.446875 0.009375 0.00625
0 0.625 0.4328125 0.02109375 0.0234375
0 0.609375 0.43515625 0.009375 0.021875
0 0.6 0.43671875 0.00859375 0.02109375
0 0.59140625 0.43828125 0.00859375 0.02109375