2 0.2765625 0.49921875 0.553125 0.9984375
3 0.91171875 0.4390625 0.01015625 0.021875
3 0.925 0.4265625 0.0203125 0.028125
3 0.98125 0.340625 0.03671875 0.05703125
3 0.9734375 0.36953125 0.040625 0.04609375
3 0.95234375 0.39375 0.00625 0.01171875
3 0.9984375 0.690625 0.00234375 0.025
0 0.9296875 0.53046875 0.00546875 0.03359375
0 0.934375 0.528125 0.00546875 0.03828125
0 0.93828125 0.52734375 0.00546875 0.03828125
0 0.96796875 0.525 0.03984375 0.04296875
0 0.959375 0.4859375 0.0515625 0.04453125
0 0.9890625 0.459375 0.01328125 0.0609375
0 0.9921875 0.515625 0.01328125 0.05703125
0 0.99765625 0.51484375 0.00390625 0.059375
0 0.99609375 0.45546875 0.00703125 0.059375
3 0.92421875 0.6296875 0.01015625 0.0203125
3 0.946875 0.6390625 0.03828125 0.02578125
3 0.9828125 0.67421875 0.0328125 0.03984375
3 0.95390625 0.64765625 0.03046875 0.02890625
3 0.61953125 0.4765625 0.01875 0.01328125
3 0.59921875 0.471875 0.03671875 0.0140625
3 0.515625 0.44453125 0.04453125 0.01796875
3 0.54375 0.45234375 0.02890625 0.01796875
3 0.5640625 0.459375 0.0296875 0.015625
3 0.1546875 0.68359375 0.0171875 0.0046875
3 0.3953125 0.3984375 0.0703125 0.0359375
3 0.4421875 0.41328125 0.04921875 0.03046875
0 0.61640625 0.5375 0.01640625 0.02109375
0 0.33359375 0.5359375 0.00703125 0.00859375
0 0.2390625 0.53125 0.009375 0.00703125
3 0.5859375 0.609375 0.03984375 0.01484375
3 0.56171875 0.61796875 0.025 0.01796875
3 0.61015625 0.60546875 0.01953125 0.01328125
3 0.621875 0.60234375 0.0203125 0.01171875
3 0.4890625 0.53984375 0.04765625 0.01484375
0 0.6046875 0.53671875 0.00546875 0.0234375
0 0.59921875 0.53671875 0.00546875 0.0234375
0 0.584375 0.5359375 0.0234375 0.02421875
0 0.590625 0.5125 0.02265625 0.0234375
0 0.5421875 0.503125 0.00859375 0.03046875
0 0.5421875 0.53359375 0.009375 0.0296875
0 0.5328125 0.53203125 0.00859375 0.03046875
0 0.503125 0.53046875 0.0109375 0.0296875
0 0.52265625 0.5015625 0.02890625 0.03046875
0 0.49921875 0.3375 0.01171875 0.0359375
0 0.4859375 0.32890625 0.01328125 0.03671875
0 0.45703125 0.315625 0.015625 0.03046875
0 0.471875 0.3203125 0.0140625 0.0390625
0 0.471875 0.290625 0.0140625 0.03671875
0 0.43984375 0.3046875 0.01640625 0.03125
0 0.31328125 0.1890625 0.01953125 0.040625
0 0.28671875 0.17734375 0.034375 0.06796875
0 0.25078125 0.15234375 0.0390625 0.0734375
0 0.209375 0.12578125 0.04453125 0.07578125
0 0.17421875 0.09921875 0.0265625 0.07109375
0 0.34296875 0.365625 0.02734375 0.05546875
0 0.31328125 0.35390625 0.03125 0.05703125
0 0.284375 0.346875 0.02734375 0.0546875
0 0.28203125 0.2890625 0.03359375 0.06953125
0 0.240625 0.3265625 0.03671875 0.065625
0 0.2 0.31171875 0.04765625 0.075
0 0.165625 0.29921875 0.02578125 0.06875
0 0.24453125 0.2671875 0.040625 0.065625
0 0.2015625 0.2515625 0.04609375 0.08125
0 0.16796875 0.24453125 0.025 0.05703125
3 0.4703125 0.49765625 0.009375 0.00859375
3 0.35625 0.48203125 0.0234375 0.0109375
3 0.3796875 0.4859375 0.02265625 0.01015625
3 0.39921875 0.48828125 0.01484375 0.00859375
3 0.24453125 0.46640625 0.03828125 0.01328125
0 0.1625 0.53125 0.03203125 0.025
0 0.37890625 0.51640625 0.00234375 0.01328125
0 0.3640625 0.5375 0.00859375 0.015625
0 0.3515625 0.5375 0.015625 0.015625
0 0.36015625 0.51875 0.01640625 0.01953125
0 0.2078125 0.453125 0.01953125 0.028125
0 0.18828125 0.44921875 0.0203125 0.02890625
0 0.16796875 0.44609375 0.021875 0.0296875
0 0.16875 0.41875 0.02109375 0.03046875
0 0.15234375 0.44453125 0.01015625 0.028125
0 0.153125 0.41640625 0.01015625 0.02890625
0 0.29609375 0.415625 0.01328125 0.00546875
0 0.30703125 0.41875 0.0078125 0.0046875
0 0.28203125 0.4125 0.0140625 0.00625
0 0.2671875 0.40859375 0.01484375 0.00625
0 0.2484375 0.40390625 0.02109375 0.00859375
3 0.76875 0.5984375 0.05703125 0.01640625