2 0.73828125 0.49921875 0.5203125 0.9984375
3 0.89140625 0.45234375 0.01953125 0.0234375
3 0.9078125 0.4390625 0.02109375 0.02734375
3 0.98828125 0.37734375 0.02109375 0.0390625
3 0.96953125 0.3984375 0.01953125 0.02421875
0 0.9125 0.5328125 0.01171875 0.015625
0 0.9203125 0.53046875 0.00625 0.02265625
0 0.98046875 0.53125 0.0296875 0.04140625
0 0.971875 0.49296875 0.015625 0.0375
3 0.99453125 0.67421875 0.0109375 0.02578125
3 0.4359375 0.66875 0.08046875 0.04140625
3 0.6046875 0.484375 0.01171875 0.0140625
3 0.58671875 0.47890625 0.02890625 0.01484375
3 0.51640625 0.43828125 0.0390625 0.02578125
3 0.54453125 0.4515625 0.01796875 0.0203125
3 0.56171875 0.4609375 0.0171875 0.01796875
3 0.05703125 0.80546875 0.1140625 0.12109375
3 0.39609375 0.36484375 0.07890625 0.053125
3 0.44296875 0.390625 0.05859375 0.04375
3 0.4875 0.64296875 0.00390625 0.015625
0 0.60234375 0.5421875 0.0109375 0.0125
0 0.3109375 0.53671875 0.01953125 0.0203125
0 0.2828125 0.534375 0.0359375 0.02265625
0 0.24765625 0.52578125 0.0359375 0.03515625
0 0.1703125 0.52734375 0.04453125 0.02421875
0 0.2109375 0.53046875 0.03828125 0.0234375
3 0.48359375 0.54453125 0.06484375 0.01953125
0 0.56953125 0.54453125 0.01953125 0.02578125
0 0.57109375 0.51953125 0.0125 0.02421875
0 0.53828125 0.50625 0.00859375 0.034375
0 0.53828125 0.5390625 0.00859375 0.03203125
0 0.5296875 0.53828125 0.00859375 0.034375
0 0.50859375 0.5375 0.034375 0.0359375
0 0.51796875 0.50390625 0.03203125 0.03515625
0 0.49921875 0.31484375 0.01171875 0.040625
0 0.4875 0.30234375 0.0125 0.0421875
0 0.459375 0.27265625 0.015625 0.05
0 0.47421875 0.2875 0.0140625 0.04609375
0 0.47421875 0.2515625 0.0140625 0.05390625
0 0.459375 0.234375 0.015625 0.05859375
0 0.4421875 0.2140625 0.0171875 0.0625
0 0.4109375 0.1921875 0.046875 0.06796875
0 0.4421875 0.25546875 0.0171875 0.053125
0 0.4234375 0.23515625 0.01953125 0.0578125
0 0.38828125 0.21328125 0.05078125 0.0625
0 0.33828125 0.12265625 0.034375 0.0796875
0 0.303125 0.08359375 0.03828125 0.090625
0 0.26171875 0.04453125 0.046875 0.0890625
0 0.21875 0.02109375 0.04140625 0.0421875
0 0.33125 0.31015625 0.03515625 0.07578125
0 0.29453125 0.28671875 0.04140625 0.0859375
0 0.25078125 0.259375 0.05 0.096875
0 0.25234375 0.1890625 0.05 0.1078125
0 0.19609375 0.22578125 0.0625 0.1109375
0 0.12890625 0.18359375 0.07890625 0.1265625
0 0.046875 0.1296875 0.09375 0.15078125
0 0.19921875 0.14765625 0.0625 0.1234375
0 0.13359375 0.09765625 0.07734375 0.14375
0 0.04921875 0.05859375 0.0984375 0.1171875
3 0.21875 0.6265625 0.05859375 0.01953125
3 0.4296875 0.50390625 0.02109375 0.009375
3 0.409375 0.50078125 0.03046875 0.009375
3 0.30390625 0.48125 0.04140625 0.0140625
3 0.334375 0.4875 0.0328125 0.0125
3 0.36328125 0.4921875 0.0265625 0.01171875
3 0.36171875 0.61015625 0.0359375 0.01171875
3 0.259375 0.62109375 0.05078125 0.0171875
3 0.17265625 0.4546875 0.059375 0.02265625
3 0.21953125 0.4625 0.04140625 0.01953125
3 0.30234375 0.6171875 0.03828125 0.01484375
0 0.05390625 0.52578125 0.04140625 0.01953125
3 0.3890625 0.60703125 0.0328125 0.009375
3 0.41171875 0.6046875 0.0234375 0.009375
3 0.42890625 0.60234375 0.02265625 0.00859375
0 0.3625 0.5421875 0.00078125 0.00625
0 0.35625 0.54296875 0.0109375 0.009375
0 0.3453125 0.5421875 0.0140625 0.009375
0 0.3515625 0.52734375 0.0203125 0.02109375
0 0.33671875 0.52578125 0.003125 0.02109375
0 0.3359375 0.54140625 0.003125 0.00859375
0 0.321875 0.540625 0.003125 0.009375
0 0.3140625 0.5234375 0.0203125 0.0234375
0 0.11875 0.434375 0.02890625 0.0375
0 0.090625 0.42890625 0.0296875 0.03828125
0 0.0609375 0.42265625 0.034375 0.040625
0 0.0625 0.3875 0.034375 0.0421875
0 0.02734375 0.415625 0.0375 0.04375
0 0.00546875 0.4109375 0.0109375 0.0390625
0 0.02890625 0.378125 0.0375 0.04609375
0 0.00625 0.371875 0.0125 0.04140625
0 0.12578125 0.33515625 0.0265625 0.03828125
0 0.09921875 0.325 0.0296875 0.04140625
0 0.06953125 0.31328125 0.03203125 0.04375
0 0.0375 0.3015625 0.0359375 0.04609375
0 0.0109375 0.290625 0.02109375 0.04375
0 0.2859375 0.4046875 0.0140625 0.0265625
0 0.27109375 0.39921875 0.01484375 0.02734375
0 0.2375 0.3875 0.01796875 0.0296875
0 0.2546875 0.39375 0.015625 0.0296875
0 0.25546875 0.37421875 0.015625 0.01953125
0 0.2390625 0.36796875 0.0171875 0.01953125
0 0.221875 0.3609375 0.01796875 0.0203125
0 0.1984375 0.3515625 0.02890625 0.0265625
0 0.2203125 0.38125 0.01953125 0.03046875
0 0.2015625 0.37421875 0.0203125 0.03203125
0 0.17578125 0.3671875 0.03046875 0.034375
3 0.49765625 0.5875 0.02265625 0.0078125