3 0.4171875 0.65078125 0.0609375 0.0640625
3 0.8328125 0.39609375 0.0875 0.0296875
3 0.784375 0.39765625 0.0875 0.0296875
3 0.54765625 0.4125 0.05546875 0.0375
3 0.59765625 0.409375 0.07265625 0.0328125
3 0.659375 0.4078125 0.0734375 0.03046875
3 0.14921875 0.684375 0.10625 0.07421875
3 0.32890625 0.425 0.07421875 0.04375
3 0.3875 0.42265625 0.0640625 0.0421875
3 0.55 0.6375 0.06171875 0.059375
0 0.8125 0.503125 0.05078125 0.04921875
0 0.2828125 0.55625 0.02109375 0.0234375
0 0.2609375 0.5625 0.0234375 0.02578125
0 0.246875 0.55234375 0.0234375 0.03515625
0 0.20078125 0.565625 0.0265625 0.02578125
0 0.22734375 0.5578125 0.0234375 0.02578125
3 0.71171875 0.6171875 0.07421875 0.04921875
3 0.61953125 0.6296875 0.06953125 0.05078125
3 0.76796875 0.61796875 0.0578125 0.034375
3 0.8125 0.61015625 0.059375 0.03515625
3 0.4796875 0.54765625 0.053125 0.0578125
0 0.771875 0.5078125 0.02421875 0.05
0 0.7421875 0.50859375 0.040625 0.05078125
0 0.7234375 0.509375 0.03828125 0.05390625
0 0.74453125 0.4703125 0.046875 0.05078125
0 0.5875 0.4828125 0.034375 0.05625
0 0.590625 0.53046875 0.0234375 0.04140625
0 0.565625 0.528125 0.02890625 0.05
0 0.540625 0.52578125 0.03046875 0.059375
0 0.5640625 0.484375 0.034375 0.05625
0 0.49765625 0.27578125 0.02890625 0.05234375
0 0.46953125 0.27578125 0.02890625 0.053125
0 0.4109375 0.27578125 0.03046875 0.053125
0 0.440625 0.27578125 0.0296875 0.05234375
0 0.4390625 0.221875 0.03046875 0.05390625
0 0.409375 0.22109375 0.03203125 0.05546875
0 0.37890625 0.22109375 0.034375 0.05625
0 0.346875 0.21953125 0.034375 0.05625
0 0.38125 0.27578125 0.0328125 0.053125
0 0.35078125 0.27578125 0.0328125 0.05390625
0 0.31953125 0.27578125 0.03515625 0.05546875
0 0.24609375 0.2515625 0.04921875 0.05859375
0 0.20703125 0.2515625 0.04140625 0.05859375
0 0.17265625 0.25078125 0.0421875 0.059375
0 0.1359375 0.25078125 0.04453125 0.0609375
0 0.1 0.25 0.046875 0.06171875
0 0.0625 0.24921875 0.04765625 0.0625
0 0.025 0.24921875 0.05 0.0625
0 0.26171875 0.41171875 0.046875 0.059375
0 0.23046875 0.4125 0.05 0.06171875
0 0.1921875 0.41953125 0.0390625 0.05078125
0 0.19609375 0.3640625 0.06171875 0.05859375
0 0.159375 0.4203125 0.040625 0.05078125
0 0.125 0.421875 0.04140625 0.05234375
0 0.090625 0.4234375 0.04375 0.053125
0 0.05546875 0.42109375 0.04609375 0.0625
0 0.1609375 0.36484375 0.059375 0.059375
0 0.12578125 0.365625 0.06171875 0.059375
0 0.08984375 0.3671875 0.0625 0.059375
3 0.4296875 0.46484375 0.02734375 0.01953125
3 0.6375 0.34140625 0.0328125 0.0109375
3 0.6109375 0.3421875 0.03515625 0.0109375
3 0.2984375 0.415625 0.009375 0.0109375
3 0.3953125 0.41484375 0.02421875 0.00859375
3 0.43046875 0.41171875 0.0234375 0.0125
3 0.459375 0.41015625 0.02421875 0.0140625
3 0.490625 0.346875 0.02578125 0.0125
3 0.515625 0.34609375 0.03046875 0.01171875
3 0.546875 0.34609375 0.03203125 0.01171875
3 0.54609375 0.45859375 0.02890625 0.01953125
3 0.45859375 0.4625 0.02734375 0.01953125
3 0.30546875 0.47265625 0.03828125 0.0203125
3 0.390625 0.34921875 0.02890625 0.0140625
3 0.4171875 0.34921875 0.02578125 0.0125
3 0.4921875 0.4625 0.02578125 0.01796875
0 0.61171875 0.3921875 0.0171875 0.0078125
0 0.3375 0.40546875 0.0234375 0.01484375
3 0.5796875 0.45234375 0.03203125 0.009375
3 0.6078125 0.45546875 0.02734375 0.01484375
3 0.63203125 0.45390625 0.0296875 0.015625
0 0.55078125 0.39609375 0.01171875 0.0125
0 0.5375 0.39375 0.0140625 0.00625
0 0.52734375 0.39765625 0.0125 0.0140625
0 0.5375 0.38125 0.0140625 0.02421875
0 0.509375 0.3828125 0.0078125 0.02421875
0 0.5125 0.4046875 0.00078125 0.01796875
0 0.5 0.40390625 0.0109375 0.02109375
0 0.4890625 0.403125 0.0125 0.0234375
0 0.49921875 0.3828125 0.01171875 0.0234375
0 0.36171875 0.34375 0.0171875 0.0234375
0 0.34765625 0.34375 0.015625 0.0234375
0 0.33359375 0.3453125 0.0140625 0.02265625
0 0.334375 0.32734375 0.01796875 0.0109375
0 0.31953125 0.3453125 0.0140625 0.02265625
0 0.309375 0.3453125 0.009375 0.02265625
0 0.2921875 0.3453125 0.009375 0.02265625
0 0.27421875 0.3453125 0.00625 0.02421875
0 0.31875 0.32734375 0.0140625 0.0109375
0 0.30859375 0.32734375 0.00625 0.0109375
0 0.290625 0.32734375 0.009375 0.0109375
0 0.30234375 0.2734375 0.00625 0.0234375
0 0.28515625 0.271875 0.0125 0.0203125
3 0.71015625 0.465625 0.02421875 0.0203125