2 0.07578125 0.81484375 0.1515625 0.2890625
3 0.43515625 0.59140625 0.05546875 0.0609375
3 0.90078125 0.459375 0.10859375 0.06796875
3 0.828125 0.453125 0.1 0.06484375
3 0.5453125 0.4265625 0.0515625 0.0640625
3 0.6015625 0.43125 0.06328125 0.06015625
3 0.66875 0.44140625 0.0734375 0.0515625
3 0.25234375 0.56328125 0.065625 0.05546875
3 0.359375 0.41328125 0.06640625 0.059375
3 0.40625 0.41796875 0.06328125 0.06015625
3 0.54453125 0.6125 0.05078125 0.065625
0 0.853125 0.565625 0.05859375 0.071875
0 0.33046875 0.49765625 0.01171875 0.0234375
0 0.31640625 0.5015625 0.01796875 0.0234375
0 0.309375 0.48828125 0.01796875 0.02890625
0 0.278125 0.49296875 0.01953125 0.021875
0 0.29609375 0.48828125 0.01796875 0.021875
3 0.715625 0.63828125 0.06953125 0.07109375
3 0.615625 0.62265625 0.05625 0.06796875
3 0.77734375 0.65625 0.06484375 0.0546875
3 0.83515625 0.6625 0.07109375 0.06171875
3 0.48203125 0.52890625 0.05078125 0.06953125
0 0.79140625 0.55390625 0.03515625 0.06640625
0 0.76328125 0.54921875 0.03828125 0.06796875
0 0.734375 0.54609375 0.04296875 0.06796875
0 0.76796875 0.51953125 0.0484375 0.06015625
0 0.58828125 0.4984375 0.02578125 0.05625
0 0.58515625 0.5421875 0.025 0.034375
0 0.5625 0.5390625 0.02421875 0.03515625
0 0.540625 0.52109375 0.0234375 0.06328125
0 0.56484375 0.4953125 0.025 0.05546875
0 0.49765625 0.3015625 0.02734375 0.0640625
0 0.4734375 0.29921875 0.03203125 0.0640625
0 0.41875 0.3046875 0.02734375 0.04609375
0 0.44609375 0.3015625 0.03125 0.05625
0 0.44609375 0.25234375 0.0359375 0.06171875
0 0.41953125 0.25078125 0.0359375 0.06171875
0 0.39375 0.24921875 0.0375 0.06171875
0 0.36875 0.2484375 0.0390625 0.0609375
0 0.39375 0.303125 0.02890625 0.04609375
0 0.36875 0.3015625 0.028125 0.0453125
0 0.34453125 0.29140625 0.02890625 0.0609375
0 0.29453125 0.27109375 0.04921875 0.06015625
0 0.26796875 0.26953125 0.04375 0.059375
0 0.24453125 0.26796875 0.04453125 0.059375
0 0.221875 0.26640625 0.04609375 0.05859375
0 0.2 0.265625 0.04765625 0.05859375
0 0.17734375 0.2640625 0.04765625 0.05703125
0 0.15625 0.2625 0.0484375 0.05625
0 0.31171875 0.39296875 0.04296875 0.059375
0 0.28828125 0.390625 0.03828125 0.059375
0 0.2609375 0.3984375 0.02734375 0.03828125
0 0.26328125 0.35234375 0.04765625 0.05859375
0 0.240625 0.396875 0.028125 0.03828125
0 0.21953125 0.39453125 0.02890625 0.03828125
0 0.19921875 0.39296875 0.02890625 0.03671875
0 0.17890625 0.384375 0.02890625 0.05
0 0.23828125 0.35 0.04140625 0.05703125
0 0.2171875 0.3484375 0.04296875 0.05703125
0 0.196875 0.346875 0.04453125 0.05625
3 0.4890625 0.36640625 0.02890625 0.0234375
3 0.725 0.2625 0.04140625 0.02109375
3 0.69140625 0.2609375 0.03984375 0.02109375
3 0.5515625 0.25546875 0.0265625 0.021875
3 0.5796875 0.25625 0.03046875 0.0203125
3 0.6140625 0.259375 0.03359375 0.01796875
3 0.60703125 0.37734375 0.03046875 0.025
3 0.515625 0.36875 0.028125 0.02421875
3 0.38203125 0.35625 0.03203125 0.021875
3 0.46640625 0.2515625 0.00546875 0.01875
3 0.47890625 0.253125 0.028125 0.02109375
3 0.55078125 0.37265625 0.02734375 0.0234375
0 0.6859375 0.31640625 0.021875 0.0140625
3 0.64375 0.38046875 0.03203125 0.02421875
3 0.67421875 0.3828125 0.03203125 0.025
3 0.70390625 0.3859375 0.03359375 0.025
3 0.64921875 0.31875 0.02890625 0.0046875
0 0.6140625 0.3109375 0.01328125 0.01484375
0 0.6015625 0.3109375 0.01328125 0.0140625
0 0.58828125 0.309375 0.01328125 0.01484375
0 0.60234375 0.29609375 0.01484375 0.0296875
0 0.5734375 0.29453125 0.01328125 0.02890625
0 0.5734375 0.3125 0.01171875 0.00625
0 0.5609375 0.31171875 0.01171875 0.00625
0 0.54921875 0.30703125 0.01171875 0.0140625
0 0.56171875 0.29375 0.0125 0.02890625
0 0.403125 0.2125 0.01796875 0.01171875
0 0.390625 0.21171875 0.01640625 0.01171875
0 0.3796875 0.21171875 0.0171875 0.01171875
0 0.36796875 0.2125 0.0171875 0.015625
0 0.425 0.1734375 0.0171875 0.028125
0 0.4125 0.1734375 0.0171875 0.028125
0 0.4 0.17265625 0.01640625 0.0265625
0 0.3875 0.171875 0.0171875 0.028125
0 0.37578125 0.171875 0.01796875 0.0265625
0 0.3640625 0.171875 0.0171875 0.0265625
0 0.35234375 0.17109375 0.01640625 0.0265625
0 0.53046875 0.1859375 0.01171875 0.028125
0 0.5109375 0.1859375 0.003125 0.02890625
0 0.48984375 0.18671875 0.0125 0.02421875
0 0.503125 0.18671875 0.0125 0.02421875
0 0.50390625 0.1609375 0.01484375 0.028125
0 0.490625 0.16015625 0.0140625 0.028125
0 0.478125 0.16015625 0.01484375 0.028125
0 0.465625 0.16015625 0.01484375 0.028125
0 0.47734375 0.18671875 0.0125 0.0234375
0 0.46484375 0.1859375 0.0125 0.02421875
0 0.45234375 0.18359375 0.0125 0.028125
3 0.778125 0.42421875 0.01015625 0.015625