3 0.41171875 0.6625 0.07265625 0.05625
3 0.93359375 0.40390625 0.12578125 0.02578125
3 0.86015625 0.40390625 0.11875 0.02578125
3 0.5546875 0.4078125 0.06015625 0.0265625
3 0.61640625 0.40703125 0.07890625 0.02578125
3 0.69140625 0.40859375 0.08828125 0.02421875
3 0.1578125 0.6578125 0.10234375 0.0546875
3 0.32578125 0.4078125 0.08515625 0.0265625
3 0.38359375 0.40859375 0.07578125 0.028125
3 0.55859375 0.66796875 0.06875 0.05859375
0 0.9078125 0.54296875 0.07265625 0.0640625
0 0.2796875 0.54453125 0.01796875 0.0203125
0 0.259375 0.546875 0.02421875 0.021875
0 0.25 0.5375 0.025 0.03046875
0 0.20703125 0.5453125 0.02734375 0.0203125
0 0.23359375 0.540625 0.025 0.0203125
3 0.76796875 0.671875 0.09765625 0.05859375
3 0.64609375 0.66953125 0.08046875 0.05859375
3 0.8453125 0.68125 0.08203125 0.04375
3 0.91171875 0.6796875 0.08984375 0.0484375
3 0.47578125 0.553125 0.05859375 0.04921875
0 0.8453125 0.540625 0.03359375 0.059375
0 0.8046875 0.5390625 0.0546875 0.06171875
0 0.7765625 0.5390625 0.05234375 0.06171875
0 0.80703125 0.49296875 0.06015625 0.059375
0 0.60390625 0.49140625 0.03515625 0.05859375
0 0.60546875 0.54453125 0.02890625 0.04609375
0 0.57578125 0.53671875 0.0328125 0.0609375
0 0.54921875 0.53671875 0.03046875 0.0609375
0 0.5765625 0.49140625 0.03359375 0.05859375
0 0.49765625 0.2515625 0.0296875 0.0546875
0 0.4671875 0.2515625 0.03046875 0.05390625
0 0.40703125 0.25234375 0.03046875 0.053125
0 0.43671875 0.2515625 0.03046875 0.05390625
0 0.43828125 0.196875 0.0359375 0.05625
0 0.40546875 0.196875 0.03046875 0.05546875
0 0.375 0.19765625 0.03203125 0.05625
0 0.3453125 0.19765625 0.03203125 0.05625
0 0.37734375 0.25234375 0.03125 0.053125
0 0.34765625 0.253125 0.03125 0.05390625
0 0.31796875 0.253125 0.03203125 0.05390625
0 0.25859375 0.234375 0.05546875 0.0609375
0 0.21796875 0.23125 0.03359375 0.053125
0 0.18828125 0.23125 0.03359375 0.053125
0 0.15859375 0.23125 0.03359375 0.053125
0 0.12890625 0.23203125 0.034375 0.053125
0 0.1 0.23203125 0.03359375 0.053125
0 0.07109375 0.23203125 0.034375 0.053125
0 0.26640625 0.39296875 0.0515625 0.05078125
0 0.228125 0.39296875 0.03203125 0.05078125
0 0.19921875 0.39375 0.03203125 0.05
0 0.20859375 0.3421875 0.059375 0.05078125
0 0.17109375 0.39296875 0.03203125 0.04921875
0 0.14296875 0.39296875 0.03203125 0.04921875
0 0.115625 0.39296875 0.03203125 0.04921875
0 0.08828125 0.39296875 0.03203125 0.05
0 0.16640625 0.3421875 0.03203125 0.05078125
0 0.13828125 0.3421875 0.0328125 0.05078125
0 0.11015625 0.3421875 0.0328125 0.05078125
3 0.4640625 0.50234375 0.0296875 0.015625
3 0.69453125 0.38203125 0.03125 0.009375
3 0.66015625 0.38203125 0.03828125 0.009375
3 0.3421875 0.44765625 0.0375 0.01171875
3 0.43359375 0.44921875 0.03203125 0.01328125
3 0.4640625 0.4484375 0.03046875 0.01328125
3 0.49375 0.44921875 0.02421875 0.01484375
3 0.53046875 0.384375 0.01796875 0.009375
3 0.55546875 0.384375 0.03046875 0.009375
3 0.5875 0.384375 0.03359375 0.009375
3 0.49296875 0.50234375 0.02890625 0.015625
3 0.34609375 0.50078125 0.03671875 0.015625
3 0.428125 0.384375 0.02734375 0.009375
3 0.4546875 0.384375 0.02734375 0.009375
3 0.5328125 0.503125 0.02421875 0.015625
0 0.6609375 0.446875 0.0203125 0.01640625
0 0.37734375 0.44609375 0.02265625 0.015625
3 0.63125 0.50625 0.02109375 0.0109375
3 0.65625 0.50390625 0.03203125 0.015625
3 0.68515625 0.50390625 0.03515625 0.015625
3 0.628125 0.44921875 0.0328125 0.01171875
0 0.59140625 0.446875 0.0125 0.015625
0 0.57890625 0.44609375 0.0125 0.01640625
0 0.565625 0.44609375 0.0140625 0.01640625
0 0.55078125 0.44609375 0.01171875 0.01640625
0 0.53828125 0.44609375 0.01171875 0.01640625
0 0.52734375 0.44609375 0.01015625 0.015625
0 0.4015625 0.37734375 0.01640625 0.02109375
0 0.3875 0.37734375 0.01328125 0.02109375
0 0.375 0.378125 0.0125 0.0203125
0 0.3765625 0.35625 0.01796875 0.02109375
0 0.3625 0.378125 0.0125 0.0203125
0 0.35078125 0.378125 0.0125 0.0203125
0 0.33828125 0.378125 0.0125 0.0203125
0 0.32578125 0.37734375 0.0125 0.02109375
0 0.36171875 0.35625 0.0125 0.02109375
0 0.34921875 0.35625 0.0125 0.02109375
0 0.3375 0.35625 0.0125 0.02109375
0 0.40078125 0.3140625 0.01640625 0.01328125
0 0.3859375 0.3140625 0.01328125 0.01328125
0 0.3734375 0.3140625 0.0125 0.01328125
0 0.3609375 0.3140625 0.01171875 0.01328125
0 0.34921875 0.3140625 0.0125 0.01328125
0 0.33671875 0.3140625 0.0125 0.01328125
0 0.32421875 0.3140625 0.0125 0.01328125
0 0.50390625 0.31875 0.0125 0.021875
0 0.49140625 0.31875 0.0125 0.021875
0 0.465625 0.31875 0.0125 0.021875
0 0.478125 0.31875 0.0125 0.021875
0 0.453125 0.31875 0.0125 0.02109375
0 0.440625 0.31875 0.0125 0.02109375
0 0.428125 0.31875 0.0125 0.021875