2 0.06875 0.8578125 0.1375 0.28203125
3 0.42578125 0.66484375 0.06953125 0.06328125
3 0.690625 0.41484375 0.04140625 0.01328125
3 0.6640625 0.415625 0.05078125 0.01328125
3 0.52578125 0.42578125 0.05859375 0.01953125
3 0.559375 0.4234375 0.06015625 0.01796875
3 0.5984375 0.421875 0.05078125 0.015625
3 0.08203125 0.79921875 0.14375 0.128125
3 0.3546875 0.4359375 0.06640625 0.028125
3 0.4078125 0.4328125 0.06796875 0.025
3 0.53125 0.62421875 0.06015625 0.046875
0 0.68359375 0.48984375 0.02890625 0.0296875
0 0.2828125 0.5890625 0.0171875 0.025
0 0.26015625 0.5984375 0.01796875 0.028125
0 0.23671875 0.59296875 0.01875 0.0390625
0 0.17578125 0.615625 0.025 0.03125
0 0.21015625 0.603125 0.02109375 0.028125
3 0.634375 0.58671875 0.05078125 0.0265625
3 0.5796875 0.609375 0.05625 0.03125
3 0.66796875 0.5765625 0.03203125 0.02421875
3 0.6890625 0.56796875 0.03046875 0.021875
3 0.4796875 0.5484375 0.06328125 0.04140625
0 0.665625 0.49609375 0.01015625 0.03046875
0 0.6484375 0.4984375 0.02421875 0.03125
0 0.63515625 0.5 0.03046875 0.03515625
0 0.64765625 0.46875 0.028125 0.03203125
0 0.55546875 0.484375 0.03125 0.040625
0 0.56328125 0.5203125 0.01484375 0.03671875
0 0.5484375 0.52421875 0.015625 0.03671875
0 0.52421875 0.52421875 0.03203125 0.04609375
0 0.53984375 0.48671875 0.03203125 0.04140625
0 0.4984375 0.30625 0.01953125 0.04375
0 0.478125 0.303125 0.0203125 0.0453125
0 0.4328125 0.29609375 0.02421875 0.0484375
0 0.45625 0.3 0.02265625 0.04609375
0 0.45546875 0.25546875 0.02265625 0.04921875
0 0.43203125 0.25 0.025 0.0515625
0 0.40625 0.24453125 0.0265625 0.05390625
0 0.375 0.23828125 0.03828125 0.05625
0 0.40703125 0.29296875 0.02578125 0.05
0 0.38046875 0.2890625 0.02890625 0.0515625
0 0.3484375 0.284375 0.03828125 0.05546875
0 0.27109375 0.24921875 0.03984375 0.06328125
0 0.23125 0.24140625 0.04375 0.06640625
0 0.18828125 0.234375 0.04921875 0.0703125
0 0.140625 0.22578125 0.0546875 0.07421875
0 0.0875 0.21640625 0.06171875 0.07890625
0 0.03125 0.20546875 0.0625 0.0828125
0 0.00078125 0.22890625 0.0015625 0.0203125
0 0.2765625 0.4234375 0.03828125 0.05625
0 0.2390625 0.42421875 0.0421875 0.05859375
0 0.19765625 0.4265625 0.04609375 0.06015625
0 0.1953125 0.3640625 0.05078125 0.06171875
0 0.15234375 0.428125 0.0515625 0.0640625
0 0.10234375 0.43046875 0.05859375 0.06796875
0 0.046875 0.43203125 0.06484375 0.07109375
0 0.0109375 0.43203125 0.021875 0.0734375
0 0.14765625 0.36328125 0.05234375 0.06484375
0 0.09609375 0.36171875 0.059375 0.06953125
0 0.03984375 0.359375 0.065625 0.0734375
3 0.34375 0.53515625 0.03515625 0.0203125
3 0.52890625 0.40703125 0.021875 0.00703125
3 0.50859375 0.4078125 0.025 0.00625
3 0.17578125 0.4984375 0.0515625 0.0203125
3 0.30859375 0.484375 0.0375 0.015625
3 0.3421875 0.48046875 0.0359375 0.015625
3 0.37421875 0.4765625 0.03125 0.01484375
3 0.403125 0.41171875 0.0296875 0.009375
3 0.42890625 0.41171875 0.02890625 0.00859375
3 0.45625 0.4109375 0.02578125 0.00859375
3 0.45859375 0.51484375 0.03046875 0.01640625
3 0.3734375 0.53046875 0.034375 0.01953125
3 0.1828125 0.5640625 0.04921875 0.02890625
3 0.3 0.4140625 0.01015625 0.01015625
3 0.33359375 0.4140625 0.02578125 0.0109375
3 0.4109375 0.52421875 0.0296875 0.01875
0 0.50625 0.4578125 0.00859375 0.015625
0 0.23203125 0.4859375 0.03046875 0.02578125
3 0.4859375 0.51171875 0.03046875 0.01171875
3 0.50234375 0.5078125 0.009375 0.01015625
3 0.48515625 0.46484375 0.03046875 0.009375
0 0.46171875 0.4625 0.009375 0.01796875
0 0.4515625 0.4640625 0.009375 0.01875
0 0.43984375 0.46484375 0.01328125 0.01875
0 0.428125 0.46640625 0.01015625 0.01953125
0 0.4171875 0.4671875 0.01015625 0.01953125
0 0.40390625 0.46796875 0.01640625 0.01953125
0 0.2578125 0.40859375 0.00078125 0.02421875
0 0.22890625 0.38203125 0.01953125 0.02421875
0 0.26171875 0.33125 0.0171875 0.02578125
0 0.24375 0.33046875 0.01796875 0.0265625
0 0.2265625 0.32890625 0.01953125 0.028125
0 0.2078125 0.3265625 0.01953125 0.028125
0 0.18828125 0.3234375 0.02109375 0.0234375
0 0.16875 0.321875 0.02109375 0.0234375
0 0.14765625 0.31953125 0.02265625 0.025
0 0.38125 0.34921875 0.01328125 0.02109375
0 0.36875 0.3484375 0.0125 0.02109375
0 0.3421875 0.346875 0.0140625 0.0234375
0 0.35625 0.3484375 0.01328125 0.021875
0 0.32890625 0.34609375 0.01484375 0.0234375
0 0.3203125 0.34609375 0.00390625 0.0234375
0 0.29609375 0.34375 0.0125 0.025
3 0.88828125 0.6375 0.0890625 0.06015625
3 0.59765625 0.496875 0.03046875 0.01171875