3 0.41953125 0.8203125 0.08359375 0.04296875
3 0.9734375 0.4890625 0.05234375 0.034375
3 0.9046875 0.49453125 0.13828125 0.03984375
3 0.1921875 0.68671875 0.08359375 0.01796875
3 0.35078125 0.684375 0.0671875 0.02109375
3 0.41875 0.684375 0.0703125 0.02109375
3 0.48828125 0.68359375 0.06796875 0.0234375
3 0.5609375 0.52578125 0.0578125 0.02578125
3 0.6265625 0.521875 0.0734375 0.025
3 0.70703125 0.515625 0.08828125 0.02578125
3 0.746875 0.84296875 0.11328125 0.05390625
3 0.48515625 0.82421875 0.078125 0.04375
3 0.18515625 0.80546875 0.09609375 0.034375
3 0.35078125 0.54140625 0.05390625 0.02578125
3 0.4078125 0.5375 0.06953125 0.0265625
3 0.5796875 0.83125 0.08046875 0.0484375
0 0.94375 0.66171875 0.09296875 0.06484375
0 0.25625 0.67265625 0.04921875 0.0453125
3 0.8640625 0.85 0.14453125 0.059375
3 0.95546875 0.85859375 0.08828125 0.05078125
3 0.8390625 0.68359375 0.12734375 0.021875
0 0.73515625 0.665625 0.040625 0.05703125
0 0.7 0.66640625 0.03828125 0.05625
0 0.66328125 0.66640625 0.04296875 0.05546875
0 0.69140625 0.6109375 0.04609375 0.0546875
0 0.62109375 0.61328125 0.0328125 0.053125
0 0.62421875 0.6671875 0.03359375 0.0546875
0 0.59296875 0.66796875 0.03203125 0.05390625
0 0.56328125 0.66796875 0.03046875 0.053125
0 0.59140625 0.61484375 0.03125 0.0515625
0 0.315625 0.53671875 0.04375 0.040625
0 0.284375 0.5390625 0.02421875 0.0390625
0 0.26328125 0.540625 0.02421875 0.0390625
0 0.278125 0.50234375 0.0453125 0.03984375
0 0.24296875 0.54296875 0.0234375 0.0390625
0 0.2234375 0.54453125 0.0234375 0.03671875
0 0.20390625 0.54609375 0.02265625 0.03671875
0 0.18515625 0.54765625 0.02265625 0.03828125
0 0.246875 0.5046875 0.0234375 0.0390625
0 0.22734375 0.50703125 0.0234375 0.03984375
0 0.20859375 0.509375 0.02265625 0.0390625
0 0.3265625 0.42109375 0.040625 0.0453125
0 0.296875 0.41875 0.02265625 0.034375
0 0.2765625 0.421875 0.02265625 0.034375
0 0.25703125 0.425 0.021875 0.03359375
0 0.23828125 0.428125 0.021875 0.03359375
0 0.21953125 0.43046875 0.02109375 0.03359375
0 0.2015625 0.43359375 0.02109375 0.03359375
0 0.5078125 0.403125 0.025 0.03984375
0 0.48203125 0.40703125 0.025 0.03828125
0 0.43359375 0.4140625 0.02421875 0.03671875
0 0.4578125 0.4109375 0.02421875 0.03828125
0 0.4625 0.3734375 0.03203125 0.04140625
0 0.43515625 0.37734375 0.0234375 0.04140625
0 0.4125 0.38125 0.0234375 0.040625
0 0.38984375 0.384375 0.02265625 0.03984375
0 0.4109375 0.41796875 0.02421875 0.03671875
0 0.38828125 0.42109375 0.0234375 0.0359375
0 0.36640625 0.4234375 0.02265625 0.0359375