2 0.1765625 0.5640625 0.07265625 0.17578125
3 0.459375 0.64609375 0.06171875 0.03203125
3 0.94453125 0.275 0.11015625 0.08359375
3 0.5375 0.409375 0.0578125 0.03125
3 0.5875 0.39296875 0.06796875 0.03828125
3 0.6703125 0.36875 0.0984375 0.046875
3 0.3640625 0.615625 0.04375 0.01953125
3 0.41328125 0.4453125 0.03671875 0.0203125
3 0.44609375 0.43828125 0.0578125 0.02421875
3 0.55 0.67578125 0.08046875 0.0484375
0 0.40859375 0.5484375 0.01171875 0.00859375
0 0.39765625 0.5484375 0.0140625 0.009375
0 0.3984375 0.540625 0.01484375 0.00625
0 0.38125 0.54765625 0.01171875 0.00859375
0 0.38828125 0.546875 0.00390625 0.00703125
3 0.82578125 0.76796875 0.14609375 0.11015625
3 0.634375 0.70625 0.09921875 0.059375
3 0.9484375 0.80390625 0.1015625 0.1140625
3 0.48984375 0.55078125 0.06484375 0.01875
0 0.95703125 0.5375 0.08515625 0.096875
0 0.88203125 0.5375 0.0703125 0.08828125
0 0.81875 0.5375 0.05859375 0.08046875
0 0.8796875 0.45078125 0.06953125 0.090625
0 0.58671875 0.48671875 0.04453125 0.053125
0 0.5875 0.53828125 0.04453125 0.0515625
0 0.55390625 0.53828125 0.021875 0.04921875
0 0.5328125 0.53828125 0.01953125 0.04609375
0 0.553125 0.4890625 0.02109375 0.05
0 0.50859375 0.3046875 0.0375 0.0515625
0 0.48203125 0.309375 0.01484375 0.04296875
0 0.453125 0.32734375 0.01328125 0.03828125
0 0.4671875 0.31875 0.0140625 0.03984375
0 0.478125 0.28359375 0.03515625 0.0453125
0 0.45390625 0.29375 0.0125 0.04296875
0 0.440625 0.303125 0.01171875 0.04140625
0 0.4296875 0.31171875 0.0109375 0.03984375
0 0.440625 0.334375 0.01171875 0.0359375
0 0.42890625 0.3421875 0.01015625 0.034375
0 0.41875 0.34921875 0.01015625 0.03359375
0 0.40234375 0.3515625 0.021875 0.03046875
0 0.38671875 0.35625 0.00859375 0.0296875
0 0.37890625 0.36171875 0.00703125 0.028125
0 0.37109375 0.36796875 0.00703125 0.028125
0 0.3640625 0.371875 0.00703125 0.02578125
0 0.35703125 0.37734375 0.00625 0.025
0 0.35078125 0.38125 0.00625 0.025
0 0.40390625 0.44453125 0.028125 0.0296875
0 0.38515625 0.446875 0.00859375 0.0296875
0 0.37734375 0.45 0.0078125 0.028125
0 0.3859375 0.42265625 0.025 0.03046875
0 0.36953125 0.45234375 0.00703125 0.0265625
0 0.3625 0.45546875 0.00703125 0.0265625
0 0.35546875 0.45703125 0.00625 0.02578125
0 0.34921875 0.459375 0.00625 0.02578125
0 0.36953125 0.42578125 0.00703125 0.0296875
0 0.3625 0.42890625 0.00703125 0.02890625
0 0.35546875 0.43203125 0.00625 0.028125
3 0.63046875 0.6015625 0.0375 0.0140625
3 0.97578125 0.43515625 0.04765625 0.02421875
3 0.93359375 0.440625 0.040625 0.02109375
3 0.6109375 0.54453125 0.00078125 0.00703125
3 0.62578125 0.54453125 0.03046875 0.00859375
3 0.66015625 0.5453125 0.03828125 0.009375
3 0.69375 0.4703125 0.03125 0.01328125
3 0.72734375 0.46640625 0.034375 0.01328125
3 0.78046875 0.4609375 0.04765625 0.015625
3 0.7890625 0.62109375 0.053125 0.021875
3 0.6609375 0.60546875 0.04140625 0.015625
3 0.534375 0.5890625 0.0296875 0.01015625
3 0.6234375 0.47890625 0.02890625 0.0109375
3 0.70390625 0.6109375 0.04453125 0.01796875
3 0.85625 0.63046875 0.06015625 0.025
3 0.92265625 0.6375 0.07109375 0.02890625
3 0.9765625 0.64453125 0.04609375 0.028125
0 0.784375 0.53828125 0.01328125 0.028125
0 0.76796875 0.53828125 0.01953125 0.0265625
0 0.75 0.53828125 0.01640625 0.0265625
0 0.76953125 0.51015625 0.02265625 0.028125
0 0.72265625 0.5125 0.0109375 0.025
0 0.72265625 0.53828125 0.01015625 0.025
0 0.71015625 0.53828125 0.015625 0.025
0 0.69453125 0.53828125 0.01484375 0.02421875
0 0.709375 0.5125 0.01484375 0.025
0 0.55859375 0.459375 0.01640625 0.01171875
0 0.53984375 0.48359375 0.00390625 0.01640625
0 0.52890625 0.48515625 0.0046875 0.01640625
0 0.52265625 0.4859375 0.00703125 0.015625
0 0.54609375 0.46484375 0.0078125 0.01875
0 0.53984375 0.46640625 0.00390625 0.01796875
0 0.52890625 0.46796875 0.00390625 0.01640625