3 0.42109375 0.64609375 0.05859375 0.0703125
3 0.8140625 0.38203125 0.08046875 0.034375
3 0.76875 0.38671875 0.08203125 0.03515625
3 0.54296875 0.41015625 0.0625 0.04609375
3 0.59453125 0.40546875 0.07109375 0.040625
3 0.65234375 0.4015625 0.07109375 0.0375
3 0.14921875 0.69921875 0.10390625 0.0875
3 0.32734375 0.43515625 0.07265625 0.0578125
3 0.3875 0.42890625 0.0609375 0.05390625
3 0.54765625 0.6234375 0.05859375 0.0640625
0 0.7921875 0.48359375 0.046875 0.04765625
0 0.2828125 0.56484375 0.0203125 0.02734375
0 0.26015625 0.57421875 0.02265625 0.0296875
0 0.24609375 0.5625 0.02265625 0.03828125
0 0.1984375 0.5796875 0.0265625 0.0296875
0 0.22578125 0.56875 0.0234375 0.02890625
3 0.69765625 0.59453125 0.06953125 0.04921875
3 0.6125 0.6125 0.065625 0.053125
3 0.74921875 0.59375 0.05234375 0.034375
3 0.7890625 0.58359375 0.053125 0.0328125
3 0.4796875 0.54453125 0.05546875 0.065625
0 0.7546875 0.490625 0.02265625 0.04765625
0 0.72734375 0.49140625 0.03828125 0.05078125
0 0.7078125 0.49375 0.0421875 0.05546875
0 0.73046875 0.45546875 0.04453125 0.05234375
0 0.584375 0.47578125 0.034375 0.05859375
0 0.5875 0.52265625 0.0234375 0.0390625
0 0.5609375 0.51953125 0.03046875 0.05546875
0 0.53828125 0.51953125 0.03203125 0.06171875
0 0.56171875 0.478125 0.034375 0.0609375
0 0.4953125 0.2796875 0.0328125 0.05546875
0 0.46953125 0.28046875 0.02890625 0.05546875
0 0.4109375 0.284375 0.03203125 0.053125
0 0.43984375 0.28359375 0.03046875 0.05390625
0 0.43828125 0.228125 0.03203125 0.05625
0 0.4078125 0.228125 0.0328125 0.05625
0 0.37578125 0.22890625 0.03515625 0.0578125
0 0.34453125 0.22890625 0.0375 0.059375
0 0.3796875 0.284375 0.034375 0.05390625
0 0.34765625 0.2859375 0.0359375 0.05546875
0 0.315625 0.284375 0.0375 0.0609375
0 0.2375 0.26484375 0.05390625 0.06171875
0 0.1953125 0.265625 0.04765625 0.0625
0 0.1578125 0.265625 0.05078125 0.0640625
0 0.12109375 0.26640625 0.05859375 0.06484375
0 0.084375 0.2671875 0.06796875 0.0671875
0 0.0453125 0.26796875 0.07734375 0.06796875
0 0.01171875 0.26953125 0.0234375 0.06796875
0 0.2578125 0.42421875 0.05 0.06953125
0 0.22421875 0.4265625 0.05 0.0703125
0 0.18515625 0.43828125 0.0421875 0.053125
0 0.1859375 0.3796875 0.06484375 0.06796875
0 0.15 0.44140625 0.04453125 0.053125
0 0.11328125 0.44609375 0.04765625 0.05546875
0 0.07734375 0.44921875 0.05 0.05546875
0 0.03828125 0.44453125 0.053125 0.07265625
0 0.14609375 0.38203125 0.0609375 0.0703125
0 0.109375 0.384375 0.065625 0.07109375
0 0.07265625 0.3875 0.0703125 0.07265625
3 0.2796875 0.3921875 0.03203125 0.01796875
3 0.384375 0.38671875 0.03203125 0.0203125
3 0.415625 0.38359375 0.03046875 0.01796875
3 0.446875 0.38125 0.02578125 0.0203125
0 0.5984375 0.3640625 0.01796875 0.02265625
0 0.32109375 0.384375 0.02578125 0.02578125
3 0.56875 0.371875 0.0328125 0.0140625
0 0.53828125 0.3671875 0.0109375 0.02578125
0 0.52734375 0.37109375 0.01171875 0.0203125
0 0.515625 0.36953125 0.01171875 0.02578125
0 0.52734375 0.3484375 0.01171875 0.02421875
0 0.49765625 0.35 0.0109375 0.02578125
0 0.49921875 0.37421875 0.0078125 0.0203125
0 0.4875 0.371875 0.0140625 0.02421875
0 0.4765625 0.37265625 0.0125 0.02578125
0 0.4875 0.35078125 0.0140625 0.02421875
0 0.28203125 0.31171875 0.00625 0.0109375
0 0.265625 0.3234375 0.00390625 0.01484375
0 0.2578125 0.32421875 0.015625 0.015625
0 0.29609375 0.29140625 0.009375 0.02578125
0 0.284375 0.2921875 0.01796875 0.0265625
0 0.27734375 0.2828125 0.00625 0.0078125
0 0.32265625 0.240625 0.0140625 0.0265625
0 0.30859375 0.240625 0.0171875 0.0265625
0 0.29453125 0.240625 0.015625 0.0265625
0 0.275 0.240625 0.009375 0.0265625
0 0.26328125 0.240625 0.01796875 0.0265625
0 0.24765625 0.23046875 0.01796875 0.00546875
0 0.45625 0.24453125 0.00390625 0.01484375
3 0.99375 0.8421875 0.0125 0.0578125
3 0.70234375 0.434375 0.04140625 0.0171875