3 0.39453125 0.7078125 0.08828125 0.0421875
3 0.95546875 0.39296875 0.0890625 0.02890625
3 0.87265625 0.39296875 0.12421875 0.02890625
3 0.55703125 0.39609375 0.0625 0.02421875
3 0.62578125 0.39765625 0.07421875 0.02109375
3 0.7046875 0.39765625 0.084375 0.02109375
3 0.08828125 0.70546875 0.134375 0.04140625
3 0.30625 0.3953125 0.0703125 0.02890625
3 0.37578125 0.3953125 0.07734375 0.02890625
3 0.57109375 0.71015625 0.084375 0.04375
0 0.94921875 0.54921875 0.084375 0.05546875
0 0.25 0.56953125 0.01953125 0.01484375
0 0.22734375 0.5671875 0.02890625 0.015625
0 0.21875 0.56328125 0.03046875 0.02421875
0 0.16796875 0.56953125 0.03203125 0.01484375
0 0.19453125 0.56796875 0.01953125 0.01484375
3 0.8171875 0.7109375 0.1234375 0.04375
3 0.67421875 0.7109375 0.10078125 0.04375
3 0.909375 0.715625 0.1078125 0.0375
3 0.965625 0.7140625 0.065625 0.0375
3 0.47265625 0.5640625 0.065625 0.0234375
0 0.88359375 0.5484375 0.03515625 0.05390625
0 0.85078125 0.5484375 0.034375 0.05390625
0 0.80859375 0.5484375 0.0578125 0.05390625
0 0.83203125 0.49375 0.065625 0.053125
0 0.6171875 0.49453125 0.03046875 0.053125
0 0.61953125 0.5484375 0.03203125 0.05390625
0 0.5875 0.5484375 0.03203125 0.05390625
0 0.5546875 0.5484375 0.03515625 0.05390625
0 0.58359375 0.49453125 0.0375 0.053125
0 0.49765625 0.2671875 0.0296875 0.07734375
0 0.4671875 0.25078125 0.03046875 0.04140625
0 0.40859375 0.25078125 0.0296875 0.0421875
0 0.4375 0.25078125 0.02890625 0.04140625
0 0.44140625 0.20546875 0.034375 0.046875
0 0.409375 0.20546875 0.0296875 0.04765625
0 0.3796875 0.20546875 0.0296875 0.04765625
0 0.35078125 0.20546875 0.0296875 0.04765625
0 0.37890625 0.2515625 0.0296875 0.04140625
0 0.35 0.2515625 0.0296875 0.04140625
0 0.32109375 0.2515625 0.0296875 0.04140625
0 0.2640625 0.2421875 0.053125 0.06171875
0 0.2234375 0.2328125 0.03203125 0.04140625
0 0.19453125 0.23359375 0.03046875 0.04140625
0 0.165625 0.23359375 0.03046875 0.04140625
0 0.1359375 0.23359375 0.03203125 0.04140625
0 0.10703125 0.23359375 0.03046875 0.04140625
0 0.07890625 0.23359375 0.03203125 0.04140625
0 0.25390625 0.3859375 0.05234375 0.04765625
0 0.21328125 0.3859375 0.0328125 0.04921875
0 0.1828125 0.38671875 0.03203125 0.04765625
0 0.2 0.3375 0.06171875 0.04921875
0 0.153125 0.38671875 0.03203125 0.04765625
0 0.1234375 0.3875 0.03203125 0.046875
0 0.09375 0.3875 0.03203125 0.046875
0 0.0640625 0.38671875 0.0328125 0.04765625
0 0.15625 0.3375 0.03203125 0.04921875
0 0.12734375 0.33828125 0.0328125 0.04921875
0 0.09765625 0.33828125 0.0328125 0.04921875
3 0.459375 0.6328125 0.0328125 0.01171875
3 0.69140625 0.5046875 0.0359375 0.01171875
3 0.65859375 0.5046875 0.03828125 0.01171875
3 0.3453125 0.57421875 0.01171875 0.00546875
3 0.425 0.5734375 0.02890625 0.00625
3 0.46328125 0.5734375 0.00546875 0.00625
3 0.4875 0.5734375 0.009375 0.00625
3 0.525 0.50546875 0.02421875 0.00859375
3 0.55078125 0.50625 0.02578125 0.00859375
3 0.59140625 0.6328125 0.0359375 0.0125
3 0.48984375 0.6328125 0.03046875 0.01171875
3 0.33125 0.63203125 0.0390625 0.0125
3 0.4234375 0.50546875 0.02578125 0.00859375
3 0.45078125 0.50546875 0.02734375 0.00859375
3 0.534375 0.6328125 0.02265625 0.0125
0 0.6640625 0.565625 0.02109375 0.01953125
3 0.6296875 0.6328125 0.03828125 0.0125
3 0.6640625 0.6328125 0.03515625 0.01171875
3 0.69453125 0.6328125 0.03828125 0.0125
3 0.640625 0.57421875 0.0140625 0.00546875
0 0.534375 0.565625 0.00546875 0.01953125
0 0.5265625 0.565625 0.00859375 0.01953125
0 0.5328125 0.54453125 0.00625 0.02109375
0 0.39765625 0.50078125 0.015625 0.0203125
0 0.3828125 0.50078125 0.0125 0.0203125
0 0.3703125 0.50078125 0.0125 0.0203125
0 0.3734375 0.47890625 0.0171875 0.0203125
0 0.35859375 0.50078125 0.0125 0.0203125
0 0.34609375 0.50078125 0.0125 0.0203125
0 0.3328125 0.50078125 0.0125 0.0203125
0 0.3203125 0.50078125 0.0125 0.0203125
0 0.35859375 0.47890625 0.0125 0.0203125
0 0.34609375 0.47890625 0.0125 0.0203125
0 0.334375 0.47890625 0.0125 0.0203125
0 0.50078125 0.45078125 0.01171875 0.00546875
0 0.48828125 0.45078125 0.0125 0.00546875
0 0.46328125 0.45078125 0.01171875 0.00546875
0 0.47578125 0.45078125 0.0125 0.00546875
0 0.45078125 0.45078125 0.01171875 0.00546875
0 0.4390625 0.45078125 0.01171875 0.00546875
0 0.42578125 0.45078125 0.01171875 0.00546875
3 0.81328125 0.62421875 0.05859375 0.015625