3 0.97578125 0.49921875 0.04765625 0.01953125
3 0.98203125 0.50390625 0.034375 0.0234375
0 0.9796875 0.6140625 0.01640625 0.0453125
3 0.9859375 0.7859375 0.015625 0.05
3 0.97109375 0.753125 0.01875 0.05
3 0.95703125 0.721875 0.01640625 0.040625
0 0.9828125 0.63125 0.00859375 0.05078125
0 0.98984375 0.63984375 0.00859375 0.05390625
0 0.996875 0.6546875 0.00546875 0.03671875
0 0.99296875 0.59140625 0.0125 0.0484375
3 0.390625 0.76953125 0.08203125 0.08046875
3 0.60703125 0.4859375 0.03671875 0.0109375
3 0.59296875 0.4875 0.03671875 0.01171875
3 0.003125 0.8015625 0.00546875 0.06328125
3 0.32890625 0.68359375 0.0984375 0.07421875
3 0.39140625 0.6515625 0.08203125 0.05703125
3 0.44453125 0.63046875 0.06953125 0.04609375
3 0.484375 0.5015625 0.05859375 0.01953125
3 0.51171875 0.49765625 0.05703125 0.01796875
3 0.54296875 0.49453125 0.04453125 0.015625
3 0.54609375 0.66328125 0.05 0.03828125
3 0.4390625 0.7359375 0.07109375 0.065625
3 0.0109375 0.98046875 0.021875 0.03671875
3 0.31796875 0.52109375 0.09375 0.0359375
3 0.37578125 0.5140625 0.08359375 0.03046875
3 0.490625 0.703125 0.0609375 0.0515625
0 0.5984375 0.55859375 0.01953125 0.0296875
0 0.1234375 0.74453125 0.10390625 0.11953125
3 0.57265625 0.64765625 0.04453125 0.0265625
3 0.59921875 0.63515625 0.02421875 0.02421875
3 0.6140625 0.6234375 0.02265625 0.02109375
3 0.5765625 0.57578125 0.03203125 0.01875
0 0.55546875 0.5765625 0.009375 0.03515625
0 0.53828125 0.58203125 0.02265625 0.034375
0 0.5328125 0.584375 0.01484375 0.0390625
0 0.5359375 0.54921875 0.0296875 0.0359375
0 0.509375 0.55703125 0.03125 0.03984375
0 0.51953125 0.59296875 0.0109375 0.03671875
0 0.50703125 0.59765625 0.0125 0.03984375
0 0.48359375 0.60078125 0.034375 0.04609375
0 0.4984375 0.5609375 0.03046875 0.04140625
0 0.23046875 0.5109375 0.05390625 0.06953125
0 0.18671875 0.51484375 0.05234375 0.07578125
0 0.13046875 0.5203125 0.0625 0.0796875
0 0.12890625 0.440625 0.0625 0.0796875
0 0.0640625 0.52578125 0.075 0.08828125
0 0.01484375 0.52890625 0.02890625 0.090625
0 0.0609375 0.43828125 0.07578125 0.08828125
0 0.01328125 0.43828125 0.02578125 0.090625
0 0.234375 0.30703125 0.04609375 0.075
0 0.18515625 0.29375 0.053125 0.08203125
0 0.128125 0.27890625 0.06328125 0.09140625
0 0.0609375 0.2609375 0.07578125 0.1015625
0 0.0125 0.24921875 0.025 0.0953125
0 0.4640625 0.384375 0.01640625 0.04296875
0 0.44609375 0.38046875 0.01796875 0.0453125
0 0.4046875 0.37109375 0.02265625 0.05
0 0.4265625 0.3765625 0.0203125 0.046875
0 0.4265625 0.33125 0.0203125 0.05
0 0.4046875 0.32421875 0.02265625 0.0546875
0 0.38046875 0.31640625 0.02578125 0.05703125
0 0.34375 0.3078125 0.04765625 0.06171875
0 0.38046875 0.36640625 0.025 0.053125
0 0.35390625 0.3609375 0.028125 0.05625
0 0.31484375 0.353125 0.05 0.06171875
3 0.715625 0.60625 0.04140625 0.0234375