3 0.940625 0.34609375 0.07265625 0.0484375
3 0.959375 0.38125 0.08046875 0.06171875
3 0.9953125 0.52578125 0.00859375 0.03828125
3 0.9859375 0.48046875 0.02734375 0.06015625
3 0.9578125 0.840625 0.08359375 0.14296875
0 0.91015625 0.4328125 0.03828125 0.046875
0 0.90625 0.4703125 0.021875 0.04453125
0 0.92890625 0.48828125 0.05703125 0.04609375
0 0.9359375 0.5140625 0.06015625 0.0640625
0 0.9375 0.4640625 0.04921875 0.0609375
0 0.98828125 0.63671875 0.02265625 0.06875
0 0.97265625 0.67265625 0.03125 0.06796875
0 0.98359375 0.709375 0.03125 0.071875
0 0.98984375 0.75390625 0.01875 0.075
0 0.99453125 0.67890625 0.01015625 0.04609375
3 0.87265625 0.50390625 0.03828125 0.04453125
3 0.87265625 0.54296875 0.02421875 0.05078125
3 0.93125 0.721875 0.0765625 0.11640625
3 0.89921875 0.60078125 0.05859375 0.08125
3 0.45546875 0.7 0.053125 0.09609375
3 0.59609375 0.2640625 0.0375 0.03125
3 0.584375 0.28046875 0.04140625 0.03515625
3 0.50859375 0.3984375 0.06015625 0.0640625
3 0.5265625 0.36171875 0.05625 0.05
3 0.55078125 0.3359375 0.04296875 0.04609375
3 0.3859375 0.59453125 0.1078125 0.1359375
3 0.42890625 0.52734375 0.09296875 0.10859375
3 0.51796875 0.56796875 0.0375 0.06640625
0 0.59375 0.33515625 0.01953125 0.03671875
0 0.33515625 0.79609375 0.03203125 0.05078125
0 0.32265625 0.840625 0.034375 0.05703125
0 0.29375 0.8640625 0.03515625 0.05859375
0 0.24453125 0.96796875 0.04140625 0.06328125
0 0.26796875 0.90625 0.03515625 0.059375
3 0.56875 0.45078125 0.02890625 0.03984375
3 0.5421875 0.51171875 0.03515625 0.0515625
3 0.58515625 0.4234375 0.01796875 0.0359375
3 0.59453125 0.40078125 0.01640625 0.03203125
3 0.4828125 0.55546875 0.06640625 0.08203125
0 0.58671875 0.3578125 0.00546875 0.03203125
0 0.57578125 0.36875 0.01796875 0.03203125
0 0.56640625 0.37578125 0.0265625 0.03828125
0 0.5765625 0.34296875 0.0203125 0.03515625
0 0.53515625 0.43046875 0.01171875 0.0453125
0 0.53515625 0.4609375 0.00859375 0.04296875
0 0.51953125 0.4765625 0.02421875 0.04453125
0 0.50625 0.4890625 0.034375 0.05390625
0 0.515625 0.4453125 0.034375 0.0484375
0 0.49140625 0.3078125 0.02890625 0.06953125
0 0.48515625 0.32578125 0.01484375 0.06953125
0 0.45234375 0.365625 0.02109375 0.071875
0 0.46953125 0.34609375 0.01796875 0.06796875
0 0.45 0.2875 0.05546875 0.08046875
0 0.43046875 0.30390625 0.06015625 0.08671875
0 0.4078125 0.3234375 0.06640625 0.09453125
0 0.38359375 0.34375 0.07265625 0.103125
0 0.43203125 0.38828125 0.0234375 0.0765625
0 0.409375 0.41328125 0.028125 0.08359375
0 0.3625 0.43125 0.07578125 0.1109375
0 0.2734375 0.48984375 0.10234375 0.14296875
0 0.2234375 0.53828125 0.11796875 0.16328125
0 0.16328125 0.59609375 0.13828125 0.18671875
0 0.0875 0.66953125 0.16640625 0.2203125
0 0.0453125 0.759375 0.090625 0.25390625
0 0.3125 0.66953125 0.08203125 0.13125
0 0.28125 0.72421875 0.07734375 0.14609375
0 0.2515625 0.81015625 0.06328125 0.11875
0 0.22421875 0.74921875 0.08828125 0.1453125
0 0.2 0.890625 0.0796875 0.13203125
0 0.14453125 0.92265625 0.08359375 0.153125
0 0.165625 0.828125 0.1078125 0.165625
0 0.09140625 0.91484375 0.13359375 0.16875
0 0.03046875 0.96875 0.06015625 0.06015625
3 0.39609375 0.2140625 0.03515625 0.02109375
3 0.3765625 0.22421875 0.03828125 0.0234375
3 0.14375 0.465625 0.07109375 0.0640625
3 0.190625 0.42734375 0.06484375 0.0546875
3 0.23515625 0.39765625 0.05546875 0.0453125
3 0.25546875 0.29140625 0.053125 0.03359375
3 0.28828125 0.2734375 0.04140625 0.03359375
3 0.31953125 0.2546875 0.0421875 0.021875
3 0.3375 0.378125 0.0328125 0.028125
3 0.1046875 0.37421875 0.07109375 0.05859375
3 0.15 0.3484375 0.0703125 0.05
3 0.29375 0.41953125 0.0390625 0.03046875
0 0.3859375 0.27890625 0.02109375 0.02109375
0 0.02109375 0.54140625 0.0421875 0.0703125
3 0.3515625 0.36171875 0.00234375 0.01015625
3 0.34765625 0.30703125 0.01015625 0.01171875
0 0.33828125 0.31875 0.01484375 0.03359375
0 0.31171875 0.33359375 0.01640625 0.03515625
0 0.31015625 0.303125 0.01015625 0.0296875
0 0.29296875 0.31953125 0.02421875 0.0359375
0 0.30234375 0.346875 0.0140625 0.03046875
0 0.28984375 0.35625 0.01484375 0.028125
0 0.265625 0.3625 0.01484375 0.03828125
0 0.28359375 0.32890625 0.01640625 0.03515625
0 0.02890625 0.39609375 0.0578125 0.0640625
0 0.01328125 0.4125 0.0265625 0.06171875
0 0.00546875 0.27734375 0.0109375 0.0328125
0 0.2109375 0.21640625 0.02578125 0.0390625
0 0.19140625 0.2234375 0.02734375 0.03984375
0 0.14765625 0.23828125 0.03359375 0.04375
0 0.1703125 0.23046875 0.03046875 0.04296875
0 0.15078125 0.1734375 0.03515625 0.01015625
0 0.125 0.18125 0.0390625 0.01484375
0 0.09921875 0.18828125 0.04140625 0.01640625
0 0.0734375 0.1953125 0.04140625 0.0203125
0 0.1234375 0.246875 0.0359375 0.0453125
0 0.09765625 0.25625 0.0390625 0.046875
0 0.0625 0.265625 0.05625 0.05078125
3 0.74140625 0.4640625 0.05390625 0.04375