3 0.02421875 0.9609375 0.03984375 0.07578125
3 0.0484375 0.7390625 0.02421875 0.0546875
3 0.00546875 0.58125 0.01015625 0.046875
0 0.0109375 0.71640625 0.02109375 0.0296875
0 0.00625 0.7015625 0.01171875 0.0140625
0 0.01640625 0.68671875 0.03203125 0.03359375
0 0.0078125 0.67421875 0.01484375 0.01875
0 0.0203125 0.67578125 0.034375 0.0203125
3 0.00546875 0.915625 0.01015625 0.10625
0 0.0015625 0.38359375 0.003125 0.028125
0 0.003125 0.375 0.00625 0.04296875
0 0.00859375 0.5359375 0.00546875 0.0265625
0 0.0015625 0.471875 0.003125 0.025
0 0.0109375 0.53203125 0.00546875 0.021875
0 0.01484375 0.5140625 0.0046875 0.04375
0 0.01640625 0.50703125 0.00703125 0.0453125
0 0.01875 0.5015625 0.0078125 0.04375
0 0.00390625 0.46640625 0.00703125 0.0359375
0 0.00546875 0.46484375 0.0109375 0.0390625
0 0.00703125 0.46484375 0.0140625 0.0453125
3 0.48828125 0.65078125 0.0515625 0.046875
3 0.9796875 0.60390625 0.0390625 0.06640625
3 0.90546875 0.5859375 0.13515625 0.08359375
3 0.3859375 0.52734375 0.03046875 0.0234375
3 0.45546875 0.5625 0.04921875 0.034375
3 0.4875 0.57578125 0.05234375 0.03828125
3 0.51953125 0.59375 0.05703125 0.04453125
3 0.56875 0.503125 0.06328125 0.0359375
3 0.61328125 0.51484375 0.07265625 0.040625
3 0.675 0.5328125 0.07890625 0.046875
3 0.66875 0.7796875 0.07421875 0.09453125
3 0.5203125 0.67265625 0.05546875 0.0546875
3 0.39375 0.5859375 0.0390625 0.0296875
3 0.45234375 0.475 0.05078125 0.02421875
3 0.47578125 0.48125 0.05390625 0.02578125
3 0.5671875 0.70859375 0.06328125 0.06640625
0 0.89375 0.759375 0.08984375 0.1140625
0 0.41171875 0.53203125 0.02265625 0.03359375
3 0.7625 0.84375 0.09375 0.1234375
3 0.8625 0.9109375 0.1171875 0.15703125
3 0.95703125 0.9484375 0.08515625 0.1015625
3 0.77734375 0.7203125 0.09609375 0.08671875
0 0.68046875 0.65546875 0.040625 0.071875
0 0.65390625 0.6484375 0.03828125 0.05703125
0 0.62421875 0.63203125 0.02421875 0.0640625
0 0.65625 0.6015625 0.03984375 0.06484375
0 0.60234375 0.58046875 0.0359375 0.05703125
0 0.6015625 0.62265625 0.0359375 0.05078125
0 0.575 0.615625 0.01953125 0.0453125
0 0.55625 0.60078125 0.01796875 0.05390625
0 0.5828125 0.5734375 0.034375 0.05390625
0 0.43125 0.46015625 0.02578125 0.03125
0 0.421875 0.4578125 0.02578125 0.03046875
0 0.4046875 0.45703125 0.00859375 0.0265625
0 0.4125 0.43046875 0.02578125 0.028125
0 0.39609375 0.45546875 0.00859375 0.0265625
0 0.3890625 0.453125 0.0078125 0.025
0 0.38125 0.4515625 0.00703125 0.025
0 0.37421875 0.44921875 0.00703125 0.02578125
0 0.40390625 0.42890625 0.02421875 0.0265625
0 0.39609375 0.428125 0.02421875 0.02578125
0 0.38828125 0.4265625 0.0234375 0.02578125
0 0.43046875 0.37578125 0.02734375 0.028125
0 0.4125 0.37578125 0.009375 0.028125
0 0.403125 0.3765625 0.00859375 0.0265625
0 0.39453125 0.37578125 0.00859375 0.02578125
0 0.38671875 0.3765625 0.00859375 0.025
0 0.3796875 0.3765625 0.0078125 0.025
0 0.37265625 0.37578125 0.00703125 0.02421875
0 0.53515625 0.390625 0.03359375 0.03828125
0 0.5109375 0.390625 0.01484375 0.0359375
0 0.48203125 0.3890625 0.01328125 0.03203125
0 0.49609375 0.38984375 0.01328125 0.03515625
0 0.5046875 0.3546875 0.03125 0.03515625
0 0.48203125 0.35546875 0.01328125 0.034375
0 0.46875 0.35625 0.01171875 0.03203125
0 0.45703125 0.35625 0.01171875 0.03125
0 0.46953125 0.3890625 0.0125 0.03125
0 0.45703125 0.3890625 0.01171875 0.03125
0 0.44609375 0.38828125 0.0109375 0.03046875