3 0.075 0.8796875 0.02265625 0.09296875
3 0.03515625 0.59609375 0.0703125 0.065625
3 0.02109375 0.6421875 0.0421875 0.1046875
3 0.09453125 0.7109375 0.01328125 0.040625
3 0.0390625 0.53359375 0.07734375 0.03203125
3 0.0359375 0.54609375 0.071875 0.0421875
0 0.06484375 0.6640625 0.02578125 0.0234375
0 0.05234375 0.6578125 0.03125 0.01796875
0 0.06953125 0.64296875 0.02890625 0.02109375
0 0.06484375 0.63984375 0.02265625 0.0203125
0 0.07578125 0.640625 0.0265625 0.015625
3 0.04296875 0.7859375 0.053125 0.0890625
0 0.00390625 0.81875 0.00703125 0.128125
0 0.00625 0.928125 0.0125 0.140625
0 0.015625 0.8859375 0.01640625 0.13671875
0 0.025 0.84375 0.01484375 0.12109375
0 0.009375 0.78984375 0.01875 0.13125
0 0.01171875 0.33046875 0.02265625 0.078125
0 0.03984375 0.35703125 0.0078125 0.05859375
0 0.03671875 0.35390625 0.00234375 0.04453125
0 0.01796875 0.2828125 0.03515625 0.0859375
0 0.03671875 0.2984375 0.00859375 0.071875
0 0.04296875 0.30859375 0.00703125 0.06640625
0 0.04765625 0.31640625 0.00703125 0.06328125
0 0.0453125 0.36328125 0.00703125 0.05390625
0 0.05 0.36796875 0.00625 0.04921875
0 0.05390625 0.37265625 0.00546875 0.046875
0 0.0578125 0.3640625 0.01328125 0.04921875
0 0.06328125 0.36796875 0.00234375 0.04140625
0 0.07265625 0.37421875 0.00234375 0.025
0 0.07421875 0.37890625 0.00234375 0.028125
0 0.07578125 0.38125 0.00234375 0.0265625
0 0.03828125 0.50390625 0.06484375 0.03671875
0 0.0421875 0.4984375 0.05703125 0.028125
0 0.0421875 0.46328125 0.05390625 0.04453125
0 0.078125 0.50078125 0.00234375 0.03359375
0 0.0796875 0.50234375 0.00234375 0.0265625
0 0.08203125 0.50078125 0.00234375 0.02421875
0 0.07578125 0.45859375 0.00078125 0.03203125
0 0.07734375 0.44921875 0.00234375 0.0140625
3 0.4921875 0.65859375 0.04921875 0.03828125
3 0.95703125 0.55078125 0.08515625 0.05
3 0.85703125 0.5390625 0.115625 0.046875
3 0.39921875 0.5515625 0.02890625 0.01796875
3 0.4625 0.57578125 0.04609375 0.02578125
3 0.49140625 0.584375 0.04921875 0.02890625
3 0.51953125 0.596875 0.05234375 0.03359375
3 0.5640625 0.50546875 0.06015625 0.021875
3 0.6046875 0.5109375 0.06796875 0.02578125
3 0.659375 0.51875 0.07265625 0.02890625
3 0.66171875 0.76015625 0.0765625 0.07578125
3 0.52109375 0.67578125 0.053125 0.04375
3 0.40546875 0.60859375 0.03671875 0.02421875
3 0.45859375 0.49296875 0.04453125 0.015625
3 0.48125 0.49609375 0.05 0.01796875
3 0.56484375 0.70390625 0.06015625 0.05390625
0 0.86171875 0.7078125 0.08359375 0.09375
0 0.42265625 0.553125 0.02109375 0.02890625
3 0.74765625 0.8109375 0.09140625 0.1
3 0.8390625 0.865625 0.109375 0.128125
3 0.946875 0.9265625 0.10546875 0.1453125
3 0.75625 0.6890625 0.0921875 0.05703125
0 0.6671875 0.6359375 0.03828125 0.0609375
0 0.64296875 0.63125 0.03671875 0.05
0 0.6140625 0.62109375 0.02109375 0.0546875
0 0.64375 0.58828125 0.03671875 0.05390625
0 0.5953125 0.57421875 0.03359375 0.046875
0 0.5953125 0.6140625 0.03359375 0.0453125
0 0.56953125 0.60859375 0.01640625 0.04140625
0 0.553125 0.59921875 0.015625 0.0453125
0 0.57734375 0.56953125 0.03125 0.0453125
0 0.44140625 0.48203125 0.02421875 0.0265625
0 0.4328125 0.48125 0.0234375 0.02578125
0 0.4171875 0.48125 0.00703125 0.02421875
0 0.425 0.45625 0.0234375 0.02421875
0 0.409375 0.48046875 0.00703125 0.0234375
0 0.40234375 0.4796875 0.00625 0.021875
0 0.39609375 0.47890625 0.00625 0.021875
0 0.38984375 0.478125 0.00625 0.021875
0 0.409375 0.45625 0.00703125 0.021875
0 0.40234375 0.45625 0.00703125 0.021875
0 0.39609375 0.45625 0.00625 0.021875
0 0.44140625 0.40390625 0.02421875 0.02578125
0 0.425 0.4046875 0.0078125 0.02578125
0 0.41640625 0.40625 0.00703125 0.025
0 0.409375 0.40703125 0.00703125 0.02421875
0 0.40234375 0.4078125 0.00703125 0.0234375
0 0.3953125 0.409375 0.00546875 0.021875
0 0.3890625 0.41015625 0.00546875 0.021875
0 0.534375 0.40390625 0.03046875 0.034375
0 0.51171875 0.40546875 0.01328125 0.03359375
0 0.48671875 0.4078125 0.01171875 0.03046875
0 0.4984375 0.40703125 0.01171875 0.03203125
0 0.50703125 0.37578125 0.02890625 0.03203125
0 0.48671875 0.378125 0.01171875 0.03125
0 0.475 0.38046875 0.01015625 0.03046875
0 0.4640625 0.38203125 0.01015625 0.0296875
0 0.475 0.409375 0.01015625 0.0296875
0 0.4640625 0.4109375 0.01015625 0.02890625
0 0.4546875 0.41171875 0.009375 0.02890625