3 0.41328125 0.6765625 0.06953125 0.07421875
3 0.7703125 0.3921875 0.0640625 0.0203125
3 0.734375 0.39453125 0.0703125 0.02109375
3 0.53828125 0.4109375 0.06796875 0.0296875
3 0.58671875 0.40703125 0.07109375 0.0265625
3 0.6375 0.40390625 0.0671875 0.02578125
3 0.0671875 0.77734375 0.134375 0.1171875
3 0.3140625 0.42734375 0.07578125 0.040625
3 0.38671875 0.42265625 0.06484375 0.0375
3 0.54453125 0.640625 0.06953125 0.0609375
0 0.7578125 0.4875 0.04140625 0.03828125
0 0.25234375 0.58828125 0.0234375 0.0296875
0 0.22421875 0.5984375 0.02578125 0.0328125
0 0.2046875 0.58984375 0.0265625 0.04375
0 0.14140625 0.61171875 0.034375 0.034375
0 0.178125 0.5984375 0.02890625 0.03046875
3 0.684375 0.60234375 0.065625 0.040625
3 0.60859375 0.62578125 0.06796875 0.04609375
3 0.7296875 0.59453125 0.04453125 0.03203125
3 0.7625 0.584375 0.04375 0.02734375
3 0.47734375 0.55390625 0.065625 0.0578125
0 0.7296875 0.49453125 0.0171875 0.04140625
0 0.7046875 0.496875 0.0375 0.04453125
0 0.68828125 0.49765625 0.03828125 0.046875
0 0.70546875 0.4609375 0.0390625 0.04375
0 0.57734375 0.47890625 0.0359375 0.05234375
0 0.584375 0.525 0.0203125 0.04375
0 0.55703125 0.5234375 0.03515625 0.053125
0 0.5375 0.5265625 0.03203125 0.0578125
0 0.55703125 0.48203125 0.0375 0.053125
0 0.49765625 0.26953125 0.02734375 0.053125
0 0.4703125 0.2671875 0.02734375 0.05546875
0 0.4109375 0.2625 0.0328125 0.0578125
0 0.44140625 0.26484375 0.0296875 0.05546875
0 0.440625 0.21015625 0.03046875 0.05859375
0 0.409375 0.20546875 0.034375 0.0609375
0 0.37734375 0.2015625 0.03515625 0.0625
0 0.3421875 0.1984375 0.03828125 0.06484375
0 0.37890625 0.2609375 0.03515625 0.05859375
0 0.3453125 0.259375 0.0375 0.0609375
0 0.309375 0.25546875 0.040625 0.0625
0 0.21953125 0.22265625 0.0609375 0.0703125
0 0.16875 0.21796875 0.05390625 0.07265625
0 0.1203125 0.21328125 0.0578125 0.07578125
0 0.06953125 0.209375 0.06171875 0.07890625
0 0.02421875 0.2046875 0.04765625 0.0796875
0 0.234375 0.41484375 0.05546875 0.065625
0 0.190625 0.4171875 0.0578125 0.0703125
0 0.14140625 0.42265625 0.053125 0.06484375
0 0.14453125 0.3578125 0.07421875 0.065625
0 0.09453125 0.42578125 0.0578125 0.06796875
0 0.04375 0.42734375 0.06171875 0.0703125
0 0.01171875 0.43046875 0.0234375 0.06953125
0 0.08515625 0.3578125 0.059375 0.06953125
0 0.0328125 0.359375 0.0640625 0.07109375
0 0.00546875 0.35859375 0.0109375 0.0703125
3 0.38203125 0.50078125 0.03203125 0.02109375
3 0.58046875 0.36953125 0.03203125 0.00859375
3 0.5578125 0.36953125 0.03203125 0.009375
3 0.44375 0.375 0.02578125 0.01171875
3 0.46953125 0.37421875 0.03203125 0.01171875
3 0.49765625 0.3734375 0.03203125 0.0109375
3 0.5 0.484375 0.02734375 0.01796875
3 0.41171875 0.49609375 0.03203125 0.0203125
3 0.234375 0.51953125 0.046875 0.02421875
3 0.3375 0.37890625 0.0296875 0.0125
3 0.3671875 0.37734375 0.02734375 0.01171875
3 0.44921875 0.4921875 0.03203125 0.0203125
3 0.53046875 0.4828125 0.015625 0.0140625
0 0.490625 0.4078125 0.0125 0.0203125
0 0.46484375 0.409375 0.01484375 0.0203125
0 0.45390625 0.409375 0.01484375 0.0203125
0 0.30390625 0.371875 0.01796875 0.02421875
0 0.2890625 0.37265625 0.0125 0.02578125
0 0.2734375 0.3734375 0.00234375 0.0234375
0 0.271875 0.34765625 0.003125 0.02578125
0 0.25390625 0.3734375 0.01796875 0.02578125
0 0.23671875 0.371875 0.01796875 0.0203125
0 0.21953125 0.37265625 0.01796875 0.0203125
0 0.20234375 0.37265625 0.01953125 0.02109375
0 0.2515625 0.3484375 0.01796875 0.0265625
0 0.23515625 0.3484375 0.01953125 0.0265625
0 0.21796875 0.3484375 0.01953125 0.0265625
0 0.2484375 0.29765625 0.015625 0.01953125
0 0.23203125 0.296875 0.01953125 0.01953125
0 0.2140625 0.29609375 0.01953125 0.0203125
0 0.19609375 0.2953125 0.01953125 0.0203125
0 0.41953125 0.3171875 0.0125 0.00546875
0 0.40546875 0.3171875 0.0125 0.00625
0 0.378125 0.3171875 0.0140625 0.00625
0 0.3921875 0.3171875 0.0125 0.00625
0 0.3640625 0.315625 0.0140625 0.00625
0 0.35078125 0.315625 0.0140625 0.00625
0 0.3359375 0.315625 0.0140625 0.00625
3 0.99375 0.7296875 0.0125 0.065625
3 0.65859375 0.47578125 0.034375 0.015625