3 0.00703125 0.790625 0.01328125 0.04296875
3 0.028125 0.309375 0.0515625 0.103125
3 0.0109375 0.2421875 0.021875 0.10625
3 0.02890625 0.72890625 0.05703125 0.03203125
3 0.0609375 0.45078125 0.00859375 0.0390625
3 0.04921875 0.425 0.01953125 0.05
0 0.02578125 0.61875 0.02578125 0.01484375
0 0.0359375 0.6140625 0.02890625 0.02421875
0 0.05234375 0.61953125 0.00703125 0.01328125
3 0.0078125 0.60546875 0.015625 0.0359375
0 0.0453125 0.10078125 0.00390625 0.0234375
0 0.06015625 0.21171875 0.003125 0.0265625
0 0.05703125 0.1890625 0.00234375 0.01875
0 0.05625 0.14921875 0.0203125 0.09453125
0 0.0640625 0.18359375 0.01015625 0.0796875
0 0.0671875 0.21015625 0.009375 0.071875
0 0.0703125 0.23359375 0.00859375 0.06640625
0 0.0640625 0.23671875 0.003125 0.0234375
0 0.0671875 0.259375 0.00234375 0.0203125
0 0.06953125 0.27890625 0.00234375 0.01796875
0 0.07421875 0.30625 0.00625 0.03046875
0 0.06015625 0.43203125 0.0015625 0.00546875
0 0.06640625 0.4625 0.00078125 0.01015625
0 0.0546875 0.4265625 0.03203125 0.05625
0 0.0671875 0.46796875 0.003125 0.0234375
0 0.06875 0.47578125 0.00390625 0.0234375
0 0.07109375 0.48125 0.00390625 0.021875
0 0.07265625 0.4875 0.003125 0.01953125
0 0.0703125 0.44453125 0.00625 0.0359375
0 0.07265625 0.4484375 0.00546875 0.040625
0 0.07421875 0.45546875 0.00546875 0.03984375
3 0.490625 0.70625 0.053125 0.02421875
3 0.9640625 0.38125 0.07109375 0.05703125
3 0.86953125 0.40859375 0.12265625 0.065625
3 0.39375 0.62421875 0.0296875 0.009375
3 0.4546875 0.621875 0.03828125 0.01328125
3 0.48359375 0.62109375 0.03828125 0.01328125
3 0.5203125 0.6203125 0.05546875 0.01484375
3 0.55390625 0.5046875 0.03671875 0.02421875
3 0.59921875 0.49296875 0.05390625 0.028125
3 0.66328125 0.47578125 0.07421875 0.034375
3 0.6796875 0.7484375 0.07890625 0.04609375
3 0.5234375 0.71328125 0.05859375 0.0265625
3 0.39765625 0.68671875 0.03984375 0.01484375
3 0.45546875 0.534375 0.04140625 0.01875
3 0.4796875 0.528125 0.04921875 0.01953125
3 0.57265625 0.72421875 0.06796875 0.03203125
0 0.89921875 0.590625 0.0953125 0.07109375
0 0.41796875 0.615625 0.021875 0.02578125
3 0.78671875 0.77109375 0.10703125 0.06015625
3 0.90625 0.7953125 0.14296875 0.078125
3 0.9828125 0.80859375 0.03359375 0.06171875
3 0.78203125 0.61484375 0.103125 0.021875
0 0.68046875 0.60234375 0.04296875 0.04921875
0 0.64765625 0.60390625 0.02734375 0.04609375
0 0.62265625 0.6046875 0.02421875 0.04453125
0 0.65234375 0.5578125 0.040625 0.046875
0 0.60078125 0.565625 0.03671875 0.04140625
0 0.59765625 0.60625 0.028125 0.04140625
0 0.575 0.6078125 0.01875 0.03984375
0 0.55703125 0.60859375 0.0171875 0.0390625
0 0.57421875 0.56796875 0.01875 0.03984375
0 0.43984375 0.53359375 0.025 0.02578125
0 0.4234375 0.5359375 0.00859375 0.02578125
0 0.415625 0.5390625 0.0078125 0.02421875
0 0.42421875 0.51484375 0.02421875 0.02578125
0 0.4078125 0.540625 0.00703125 0.02421875
0 0.40078125 0.54296875 0.00703125 0.0234375
0 0.39375 0.5453125 0.00625 0.021875
0 0.3875 0.546875 0.00625 0.021875
0 0.40859375 0.51796875 0.00703125 0.025
0 0.40078125 0.52109375 0.00703125 0.025
0 0.39453125 0.5234375 0.00703125 0.02421875
0 0.43984375 0.45546875 0.0203125 0.02578125
0 0.42578125 0.459375 0.00859375 0.025
0 0.4171875 0.4640625 0.0078125 0.02421875
0 0.41015625 0.46796875 0.00703125 0.0234375
0 0.403125 0.471875 0.00703125 0.021875
0 0.39609375 0.47578125 0.00625 0.021875
0 0.38984375 0.47890625 0.00625 0.02109375
0 0.53359375 0.41796875 0.03046875 0.03203125
0 0.51171875 0.42421875 0.01328125 0.03359375
0 0.48671875 0.4375 0.0109375 0.03046875
0 0.4984375 0.43125 0.01171875 0.03125
0 0.50703125 0.40390625 0.028125 0.03515625
0 0.48671875 0.4109375 0.0109375 0.034375
0 0.47578125 0.4171875 0.01015625 0.03203125
0 0.46484375 0.42421875 0.01015625 0.03125
0 0.475 0.44375 0.0109375 0.0296875
0 0.46484375 0.4484375 0.01015625 0.02890625
0 0.4546875 0.45390625 0.009375 0.0265625