2 0.334375 0.4953125 0.03984375 0.1015625
3 0.2359375 0.66640625 0.0171875 0.04453125
3 0.184375 0.9609375 0.04609375 0.07578125
3 0.1890625 0.86875 0.04609375 0.15859375
3 0.22890625 0.50859375 0.00859375 0.021875
3 0.228125 0.59609375 0.009375 0.034375
3 0.228125 0.63359375 0.01328125 0.040625
3 0.21484375 0.57109375 0.03046875 0.0484375
3 0.2125 0.60703125 0.02578125 0.06171875
3 0.1984375 0.6640625 0.01796875 0.07578125
3 0.23828125 0.56328125 0.00625 0.02578125
3 0.2171875 0.4875 0.01171875 0.025
3 0.2140625 0.50625 0.0171875 0.03359375
3 0.24140625 0.76328125 0.00625 0.0640625
0 0.2203125 0.97265625 0.01328125 0.053125
0 0.22109375 0.94375 0.01171875 0.09375
0 0.221875 0.89453125 0.0109375 0.084375
0 0.2171875 0.91328125 0.00390625 0.06640625
0 0.221875 0.67890625 0.00234375 0.03125
0 0.20703125 0.70546875 0.0421875 0.05703125
0 0.22578125 0.68203125 0.0046875 0.04921875
0 0.225 0.66328125 0.00625 0.046875
0 0.221875 0.659375 0.0015625 0.02578125
0 0.17734375 0.446875 0.04765625 0.053125
0 0.1796875 0.434375 0.04296875 0.03984375
0 0.20234375 0.42109375 0.00390625 0.03046875
0 0.175 0.396875 0.040625 0.04453125
0 0.18125 0.3734375 0.03046875 0.00859375
0 0.18125 0.371875 0.0328125 0.01171875
0 0.18203125 0.36953125 0.03515625 0.015625
0 0.203125 0.41875 0.0046875 0.02890625
0 0.2046875 0.415625 0.00390625 0.021875
0 0.2046875 0.40546875 0.00390625 0.03203125
0 0.203125 0.384375 0.00859375 0.03125
0 0.203125 0.3796875 0.00859375 0.0296875
0 0.19609375 0.36875 0.028125 0.02421875
0 0.196875 0.3671875 0.02734375 0.025
0 0.196875 0.36484375 0.0265625 0.02421875
0 0.2140625 0.46328125 0.0078125 0.0265625
0 0.215625 0.4578125 0.00546875 0.0265625
0 0.2109375 0.42890625 0.00625 0.02890625
0 0.2171875 0.4359375 0.00078125 0.00546875
0 0.21796875 0.43203125 0.0015625 0.01328125
0 0.21796875 0.4296875 0.003125 0.01875
0 0.215625 0.41796875 0.00234375 0.02109375
3 0.23828125 0.84453125 0.01875 0.08125
3 0.246875 0.97421875 0.0078125 0.05
3 0.4828125 0.5546875 0.03203125 0.03359375
3 0.71875 0.59609375 0.084375 0.07578125
3 0.665625 0.559375 0.07265625 0.06171875
3 0.52421875 0.465625 0.04453125 0.03046875
3 0.54609375 0.4796875 0.046875 0.03515625
3 0.57265625 0.50078125 0.0484375 0.0390625
3 0.4328125 0.49609375 0.0265625 0.021875
3 0.46328125 0.42734375 0.03515625 0.02109375
3 0.47578125 0.4359375 0.0375 0.02421875
3 0.521875 0.6015625 0.0390625 0.04375
0 0.69609375 0.69375 0.046875 0.07109375
0 0.45703125 0.47421875 0.009375 0.00859375
0 0.45078125 0.471875 0.009375 0.009375
0 0.4515625 0.465625 0.00859375 0.01015625
0 0.4421875 0.4625 0.00859375 0.00859375
0 0.44921875 0.46484375 0.00859375 0.00703125
3 0.60390625 0.70390625 0.04765625 0.0609375
3 0.553125 0.640625 0.04609375 0.0453125
3 0.64609375 0.7484375 0.06484375 0.071875
3 0.69140625 0.79609375 0.07421875 0.09921875
3 0.4984375 0.51953125 0.0390625 0.03203125
0 0.6484375 0.64609375 0.03671875 0.06015625
0 0.63125 0.6359375 0.03515625 0.04453125
0 0.6078125 0.61640625 0.01796875 0.053125
0 0.63359375 0.60078125 0.03515625 0.0515625
0 0.53984375 0.5234375 0.02578125 0.03671875
0 0.5390625 0.55078125 0.02578125 0.03203125
0 0.521875 0.5421875 0.00859375 0.03046875
0 0.5140625 0.53203125 0.0078125 0.03359375
0 0.528125 0.515625 0.01953125 0.0359375
0 0.50703125 0.3828125 0.02421875 0.03046875
0 0.4984375 0.3796875 0.02265625 0.0296875
0 0.4765625 0.37421875 0.00703125 0.025
0 0.4828125 0.378125 0.00703125 0.02578125
0 0.4890625 0.353125 0.01953125 0.028125
0 0.48359375 0.35078125 0.02109375 0.0265625
0 0.4765625 0.3484375 0.02109375 0.02578125
0 0.4703125 0.34609375 0.0203125 0.025
0 0.46953125 0.371875 0.00625 0.02421875
0 0.46328125 0.36953125 0.00625 0.02421875
0 0.4578125 0.365625 0.00546875 0.02421875
0 0.45078125 0.3515625 0.01796875 0.0234375
0 0.44453125 0.34921875 0.015625 0.0234375
0 0.44140625 0.3484375 0.01796875 0.021875
0 0.4359375 0.34609375 0.01640625 0.021875
0 0.43125 0.34453125 0.015625 0.02109375
0 0.428125 0.34296875 0.0171875 0.0203125
0 0.42265625 0.34140625 0.01484375 0.0203125
0 0.45234375 0.4109375 0.01875 0.021875
0 0.44765625 0.409375 0.01796875 0.02421875
0 0.4359375 0.40703125 0.0046875 0.0203125
0 0.4421875 0.3875 0.01796875 0.0234375
0 0.43125 0.40390625 0.0046875 0.01953125
0 0.42734375 0.4015625 0.00390625 0.01953125
0 0.42265625 0.3984375 0.00390625 0.01875
0 0.41953125 0.3953125 0.00390625 0.0203125
0 0.43671875 0.384375 0.01640625 0.0234375
0 0.4328125 0.38203125 0.01640625 0.02109375
0 0.428125 0.38046875 0.015625 0.02109375
3 0.6265625 0.48828125 0.02578125 0.02109375
3 0.86171875 0.47109375 0.05546875 0.03359375
3 0.81953125 0.45625 0.05 0.0296875
3 0.56484375 0.41328125 0.01171875 0.0046875
3 0.6140625 0.434375 0.015625 0.00625
3 0.6328125 0.44296875 0.01953125 0.009375
3 0.653125 0.4515625 0.01796875 0.00859375
3 0.678125 0.4125 0.03515625 0.01796875
3 0.7015625 0.4203125 0.03828125 0.0203125
3 0.73046875 0.43046875 0.0375 0.021875
3 0.721875 0.54453125 0.03984375 0.03125
3 0.64453125 0.49921875 0.03125 0.0234375
3 0.5609375 0.45234375 0.0234375 0.015625
3 0.60859375 0.39140625 0.02890625 0.0140625
3 0.62421875 0.39609375 0.03046875 0.01484375
3 0.67109375 0.515625 0.034375 0.025
0 0.81171875 0.525 0.03359375 0.03515625
0 0.578125 0.41640625 0.01328125 0.009375
3 0.76015625 0.565625 0.04453125 0.03359375
3 0.79765625 0.5859375 0.04375 0.0390625
3 0.8359375 0.60859375 0.05234375 0.0453125
3 0.78125 0.51640625 0.025 0.015625
0 0.73125 0.48125 0.0203125 0.01640625
0 0.71875 0.4765625 0.01953125 0.00703125
0 0.703125 0.46953125 0.01171875 0.01171875
0 0.7203125 0.46328125 0.021875 0.028125
0 0.69375 0.4515625 0.0203125 0.02578125
0 0.69296875 0.46640625 0.01875 0.00859375
0 0.678125 0.4609375 0.01015625 0.00703125
0 0.66875 0.45546875 0.01015625 0.01015625
0 0.68359375 0.4484375 0.01953125 0.02578125
0 0.59375 0.38046875 0.01484375 0.015625
0 0.584375 0.37890625 0.00859375 0.01875
0 0.57734375 0.37734375 0.00625 0.015625
0 0.58203125 0.36171875 0.01484375 0.01640625
0 0.57109375 0.37578125 0.00546875 0.015625
0 0.56484375 0.37421875 0.00546875 0.01484375
0 0.559375 0.371875 0.00546875 0.01484375
0 0.55390625 0.36953125 0.00546875 0.015625
0 0.57578125 0.36015625 0.01328125 0.01640625
0 0.56875 0.35859375 0.0125 0.015625
0 0.5640625 0.35703125 0.01328125 0.015625
0 0.596875 0.3328125 0.01484375 0.01796875
0 0.5859375 0.33203125 0.0078125 0.01796875
0 0.58203125 0.33046875 0.01171875 0.01640625
0 0.57578125 0.3296875 0.01171875 0.01640625
0 0.5703125 0.328125 0.01171875 0.015625
0 0.5640625 0.32734375 0.01171875 0.015625
0 0.55859375 0.3265625 0.0109375 0.015625
0 0.66328125 0.35234375 0.01875 0.02109375
0 0.65234375 0.35078125 0.01640625 0.02109375
0 0.63203125 0.3484375 0.00859375 0.01875
0 0.640625 0.35 0.00859375 0.01875
0 0.64609375 0.33125 0.01796875 0.01953125
0 0.63671875 0.3296875 0.01640625 0.01875
0 0.6296875 0.328125 0.01640625 0.01953125
0 0.62109375 0.3265625 0.015625 0.01796875
0 0.62421875 0.346875 0.0078125 0.01796875
0 0.6140625 0.34453125 0.00234375 0.01640625
0 0.60859375 0.34296875 0.0078125 0.01875
3 0.4671875 0.93671875 0.08671875 0.12421875
3 0.90234375 0.70078125 0.06484375 0.0734375