2 0.31953125 0.47265625 0.04375 0.11953125
3 0.11640625 0.68046875 0.084375 0.07890625
3 0.18671875 0.47578125 0.04609375 0.0296875
3 0.11953125 0.54921875 0.07890625 0.04453125
3 0.09453125 0.584375 0.09140625 0.05625
3 0.0609375 0.63515625 0.10234375 0.06796875
3 0.02578125 0.54453125 0.05078125 0.0640625
3 0.19609375 0.540625 0.046875 0.0375
3 0.10859375 0.440625 0.08046875 0.0296875
3 0.084375 0.46328125 0.08828125 0.04375
3 0.04453125 0.8390625 0.0890625 0.1265625
0 0.00234375 0.75234375 0.0046875 0.0296875
0 0.01484375 0.71640625 0.0296875 0.08203125
0 0.0328125 0.68515625 0.03828125 0.0765625
0 0.009375 0.6609375 0.01796875 0.0734375
0 0.0125 0.35625 0.025 0.0625
0 0.02421875 0.3515625 0.04609375 0.05859375
0 0.06875 0.3421875 0.02421875 0.04921875
0 0.05078125 0.346875 0.02734375 0.053125
0 0.02734375 0.2953125 0.0546875 0.053125
0 0.059375 0.29453125 0.02578125 0.04921875
0 0.07578125 0.29375 0.0234375 0.046875
0 0.08984375 0.2921875 0.0203125 0.04375
0 0.084375 0.3375 0.02265625 0.04609375
0 0.09765625 0.334375 0.01953125 0.04375
0 0.11015625 0.33125 0.01796875 0.04140625
0 0.11953125 0.3109375 0.0421875 0.03828125
0 0.125 0.309375 0.04765625 0.03515625
0 0.134375 0.3078125 0.04375 0.034375
0 0.14609375 0.30546875 0.0359375 0.0328125
0 0.15234375 0.30390625 0.0359375 0.0296875
0 0.1609375 0.303125 0.03046875 0.0296875
0 0.178125 0.30234375 0.009375 0.0296875
0 0.13359375 0.4125 0.04765625 0.0359375
0 0.14296875 0.40859375 0.04375 0.0359375
0 0.165625 0.40234375 0.0109375 0.034375
0 0.14609375 0.3734375 0.0421875 0.0359375
0 0.1734375 0.39765625 0.0109375 0.03203125
0 0.17890625 0.3921875 0.0109375 0.03203125
0 0.184375 0.38828125 0.009375 0.0296875
0 0.18984375 0.384375 0.009375 0.0296875
0 0.15703125 0.36796875 0.0328125 0.03203125
0 0.1609375 0.3640625 0.0375 0.03046875
0 0.1671875 0.36171875 0.0359375 0.0296875
3 0.0109375 0.94453125 0.02109375 0.065625
3 0.4890625 0.57421875 0.0390625 0.04375
3 0.8921875 0.84453125 0.2125 0.30859375
3 0.7671875 0.68046875 0.18515625 0.17734375
3 0.53125 0.45234375 0.06484375 0.04140625
3 0.55703125 0.4765625 0.07109375 0.053125
3 0.590625 0.51484375 0.08046875 0.0703125
3 0.4484375 0.4890625 0.0265625 0.02578125
3 0.47109375 0.4 0.04453125 0.0234375
3 0.48203125 0.4109375 0.04921875 0.02734375
3 0.52265625 0.65390625 0.05 0.06796875
0 0.82109375 0.96015625 0.10625 0.07734375
0 0.46953125 0.46171875 0.01171875 0.00859375
0 0.46328125 0.459375 0.009375 0.0109375
0 0.465625 0.4515625 0.01171875 0.01171875
0 0.4578125 0.446875 0.0109375 0.00859375
0 0.46328125 0.45 0.009375 0.00859375
3 0.62734375 0.89375 0.084375 0.15078125
3 0.5609375 0.73125 0.06953125 0.084375
3 0.6609375 0.9640625 0.046875 0.0703125
3 0.49609375 0.528125 0.04140625 0.04375
0 0.715625 0.834375 0.0859375 0.14140625
0 0.68125 0.79453125 0.07578125 0.10078125
0 0.6359375 0.74296875 0.0328125 0.10546875
0 0.68515625 0.73203125 0.07421875 0.1109375
0 0.54609375 0.5421875 0.0390625 0.05546875
0 0.54609375 0.5828125 0.0390625 0.053125
0 0.521875 0.5671875 0.009375 0.04921875
0 0.5125 0.55234375 0.00859375 0.04921875
0 0.528125 0.52890625 0.02265625 0.05078125
0 0.5125 0.32890625 0.03515625 0.04140625
0 0.50390625 0.3265625 0.0328125 0.040625
0 0.47734375 0.32265625 0.00625 0.034375
0 0.484375 0.32421875 0.00625 0.0359375
0 0.496875 0.28828125 0.03203125 0.0359375
0 0.47734375 0.2875 0.00546875 0.034375
0 0.471875 0.2875 0.00546875 0.034375
0 0.46640625 0.28671875 0.00546875 0.0328125
0 0.47265625 0.31953125 0.00625 0.0328125
0 0.4671875 0.3171875 0.00390625 0.03046875
0 0.4625 0.315625 0.00546875 0.03203125
0 0.45703125 0.3015625 0.0140625 0.02890625
0 0.45546875 0.3 0.0171875 0.02734375
0 0.44765625 0.29921875 0.0078125 0.02578125
0 0.44921875 0.2984375 0.01953125 0.0265625
0 0.4421875 0.29765625 0.009375 0.02578125
0 0.4359375 0.296875 0.003125 0.0234375
0 0.4390625 0.29609375 0.0171875 0.0234375
0 0.46328125 0.37890625 0.02265625 0.0234375
0 0.459375 0.3765625 0.02265625 0.02734375
0 0.44609375 0.37578125 0.003125 0.02578125
0 0.45546875 0.35078125 0.02109375 0.02578125
0 0.44296875 0.37265625 0.003125 0.0234375
0 0.43984375 0.36953125 0.003125 0.02421875
0 0.4375 0.365625 0.00234375 0.0234375
0 0.434375 0.3640625 0.003125 0.0234375
0 0.446875 0.3484375 0.0109375 0.0265625
0 0.44453125 0.34609375 0.0125 0.02578125
0 0.44296875 0.34375 0.015625 0.0234375
3 0.70546875 0.509375 0.04375 0.0296875
3 0.79453125 0.40390625 0.059375 0.02578125
3 0.83671875 0.415625 0.07109375 0.0296875
3 0.89375 0.43515625 0.07890625 0.0359375
3 0.8671875 0.61796875 0.0765625 0.0578125
3 0.734375 0.52890625 0.04921875 0.034375
3 0.6234375 0.45390625 0.02734375 0.01953125
3 0.6875 0.3734375 0.03828125 0.0171875
3 0.709375 0.3796875 0.04609375 0.01953125
3 0.77578125 0.5578125 0.0578125 0.040625
3 0.94609375 0.66953125 0.09453125 0.07578125
3 0.98515625 0.70390625 0.0296875 0.05078125
0 0.87109375 0.47578125 0.0390625 0.02578125
0 0.82109375 0.45703125 0.034375 0.02265625
0 0.803125 0.44765625 0.03203125 0.01484375
0 0.6671875 0.359375 0.02265625 0.02109375
0 0.6515625 0.3609375 0.009375 0.0171875
0 0.64375 0.35703125 0.00859375 0.0203125
0 0.65 0.3359375 0.01953125 0.02109375
0 0.6359375 0.3546875 0.00859375 0.0203125
0 0.62890625 0.35234375 0.00859375 0.01953125
0 0.621875 0.35078125 0.0078125 0.0203125
0 0.6171875 0.34765625 0.003125 0.01953125
0 0.64140625 0.33515625 0.0171875 0.02109375
0 0.6359375 0.3328125 0.01796875 0.0203125
0 0.62734375 0.33125 0.0171875 0.0203125
0 0.67265625 0.2953125 0.0234375 0.02265625
0 0.6578125 0.2953125 0.0109375 0.02265625
0 0.64921875 0.29453125 0.0109375 0.02109375
0 0.640625 0.29453125 0.00859375 0.0203125
0 0.6375 0.29296875 0.01484375 0.0203125
0 0.62734375 0.2921875 0.009375 0.0203125
0 0.6203125 0.29140625 0.00390625 0.01953125
0 0.77265625 0.3140625 0.0328125 0.0296875
0 0.7546875 0.31328125 0.02890625 0.02890625
0 0.72265625 0.31015625 0.01484375 0.0265625
0 0.7359375 0.3125 0.015625 0.0265625
0 0.74609375 0.284375 0.03046875 0.0265625
0 0.725 0.284375 0.0140625 0.02578125
0 0.7125 0.284375 0.0125 0.02578125
0 0.70078125 0.28359375 0.0125 0.02421875
0 0.71015625 0.309375 0.0140625 0.02421875
0 0.69921875 0.3078125 0.0125 0.02421875
0 0.68828125 0.30625 0.0125 0.0234375