2 0.490625 0.8640625 0.14609375 0.26953125
3 0.8328125 0.87265625 0.0765625 0.13203125
3 0.82109375 0.43203125 0.0234375 0.01953125
3 0.825 0.446875 0.0265625 0.02734375
3 0.84609375 0.84140625 0.0390625 0.11953125
3 0.84453125 0.753125 0.0609375 0.08515625
3 0.8265625 0.69453125 0.0359375 0.06484375
3 0.84375 0.53984375 0.0578125 0.05625
3 0.83828125 0.50546875 0.040625 0.0328125
3 0.83671875 0.490625 0.03046875 0.03828125
3 0.89140625 0.69453125 0.09765625 0.09453125
3 0.87890625 0.6375 0.0859375 0.07578125
3 0.803125 0.72265625 0.0125 0.06171875
0 0.809375 0.49765625 0.00390625 0.0125
0 0.80859375 0.509375 0.00234375 0.01171875
0 0.8140625 0.5375 0.0140625 0.0375
0 0.81484375 0.5109375 0.00390625 0.0171875
0 0.8203125 0.5734375 0.00625 0.040625
0 0.815625 0.60546875 0.00546875 0.04140625
0 0.815625 0.6125 0.00546875 0.0328125
0 0.82578125 0.6390625 0.0203125 0.05625
0 0.82421875 0.5890625 0.0109375 0.04453125
0 0.8640625 0.434375 0.01796875 0.05234375
0 0.86640625 0.44453125 0.0140625 0.05625
0 0.87578125 0.4671875 0.01484375 0.0640625
0 0.86953125 0.45546875 0.0140625 0.059375
0 0.91171875 0.403125 0.07890625 0.059375
0 0.91953125 0.4125 0.08515625 0.0640625
0 0.93125 0.42265625 0.09453125 0.06953125
0 0.94296875 0.4421875 0.10546875 0.09140625
0 0.88203125 0.48046875 0.0171875 0.06953125
0 0.8890625 0.49609375 0.01796875 0.0734375
0 0.93671875 0.5140625 0.10078125 0.0828125
0 0.95703125 0.53828125 0.0859375 0.1046875
0 0.9640625 0.56953125 0.07109375 0.1203125
0 0.971875 0.6078125 0.05625 0.1375
0 0.9828125 0.65546875 0.034375 0.1625
0 0.99609375 0.734375 0.0078125 0.040625
0 0.8984375 0.759375 0.05234375 0.10625
0 0.89765625 0.80859375 0.0359375 0.11953125
0 0.90546875 0.86875 0.0296875 0.13515625
0 0.9328125 0.79296875 0.053125 0.1375
0 0.92109375 0.93125 0.0375 0.13515625
0 0.9375 0.97109375 0.02734375 0.05546875
0 0.953125 0.8609375 0.0640625 0.159375
0 0.96953125 0.9265625 0.0609375 0.14453125
0 0.98828125 0.97421875 0.02109375 0.05
3 0.79453125 0.5640625 0.003125 0.0265625
3 0.7953125 0.58515625 0.003125 0.0296875
3 0.80078125 0.6671875 0.009375 0.046875
3 0.7984375 0.61015625 0.009375 0.0375
3 0.459375 0.62421875 0.04921875 0.053125
3 0.5859375 0.390625 0.0296875 0.015625
3 0.575 0.39765625 0.03046875 0.0171875
3 0.50859375 0.440625 0.040625 0.02734375
3 0.52421875 0.42890625 0.0390625 0.0234375
3 0.54375 0.41953125 0.03203125 0.02109375
3 0.3 0.8 0.0765625 0.10859375
3 0.42734375 0.49453125 0.053125 0.04453125
3 0.45078125 0.47734375 0.05546875 0.03828125
3 0.5109375 0.57109375 0.0390625 0.03828125
0 0.58515625 0.44375 0.0171875 0.0234375
0 0.3859375 0.6125 0.0171875 0.02109375
0 0.378125 0.62578125 0.01796875 0.0234375
0 0.3625 0.6265625 0.01796875 0.03203125
0 0.33515625 0.659375 0.01953125 0.0265625
0 0.34765625 0.640625 0.01953125 0.02421875
3 0.5609375 0.5203125 0.03046875 0.0234375
3 0.534375 0.54921875 0.03515625 0.02734375
3 0.578125 0.50703125 0.01796875 0.0203125
3 0.5890625 0.49453125 0.015625 0.01953125
3 0.4875 0.53515625 0.046875 0.03828125
0 0.57734375 0.45390625 0.00390625 0.02265625
0 0.56640625 0.459375 0.01796875 0.02265625
0 0.5609375 0.4609375 0.0203125 0.0265625
0 0.56640625 0.4375 0.01796875 0.02578125
0 0.52421875 0.471875 0.01953125 0.03046875
0 0.5296875 0.49765625 0.00625 0.0265625
0 0.52265625 0.503125 0.0078125 0.02734375
0 0.5078125 0.50703125 0.0234375 0.03515625
0 0.51484375 0.47734375 0.0234375 0.0328125
0 0.49453125 0.3703125 0.01953125 0.034375
0 0.48984375 0.3734375 0.009375 0.034375
0 0.46796875 0.3828125 0.0125 0.03515625
0 0.4796875 0.37890625 0.0109375 0.034375
0 0.46953125 0.34609375 0.02890625 0.03515625
0 0.45859375 0.34921875 0.0296875 0.0375
0 0.44609375 0.35234375 0.03046875 0.03828125
0 0.43203125 0.35546875 0.034375 0.040625
0 0.45625 0.3875 0.0125 0.0359375
0 0.4421875 0.3921875 0.0125 0.0375
0 0.41953125 0.39453125 0.03515625 0.04375
0 0.3796875 0.39140625 0.03828125 0.04921875
0 0.3609375 0.39765625 0.04140625 0.05234375
0 0.33984375 0.40390625 0.04375 0.05546875
0 0.315625 0.4109375 0.046875 0.05859375
0 0.28984375 0.41953125 0.05 0.06171875
0 0.2625 0.4265625 0.053125 0.065625
0 0.2328125 0.43671875 0.05078125 0.07109375
0 0.3859375 0.50390625 0.0375 0.053125
0 0.37578125 0.51484375 0.02109375 0.0578125
0 0.35703125 0.53203125 0.02265625 0.04921875
0 0.34453125 0.4890625 0.04140625 0.05859375
0 0.33515625 0.54453125 0.02578125 0.053125
0 0.3109375 0.559375 0.02890625 0.05546875
0 0.28515625 0.57578125 0.03203125 0.05859375
0 0.25078125 0.5859375 0.04609375 0.0796875
0 0.32265625 0.49921875 0.04453125 0.0625
0 0.29765625 0.5109375 0.046875 0.0671875
0 0.27109375 0.525 0.05234375 0.07109375
3 0.14609375 0.53515625 0.0578125 0.03828125
3 0.27265625 0.484375 0.04140625 0.02109375
3 0.30390625 0.4703125 0.03515625 0.01953125
3 0.33125 0.46015625 0.03046875 0.015625
3 0.40078125 0.38046875 0.003125 0.0109375
3 0.3984375 0.47265625 0.0265625 0.0203125
3 0.159375 0.596875 0.05546875 0.04453125
3 0.36640625 0.484375 0.00546875 0.00390625
0 0.19921875 0.50625 0.0234375 0.034375
3 0.42109375 0.4640625 0.0265625 0.01484375
3 0.4390625 0.45546875 0.01796875 0.0140625
3 0.45234375 0.44921875 0.0171875 0.0125
0 0.4015625 0.43125 0.0078125 0.01171875
0 0.39453125 0.43359375 0.00625 0.01171875
0 0.3828125 0.4375 0.00625 0.01171875
0 0.37578125 0.44140625 0.00859375 0.0125
0 0.3671875 0.44609375 0.00859375 0.0125
0 0.35390625 0.4484375 0.0171875 0.0140625
0 0.19453125 0.4328125 0.0109375 0.02578125
0 0.18984375 0.40546875 0.01171875 0.03203125
0 0.17421875 0.4390625 0.0140625 0.02734375
0 0.15859375 0.44296875 0.0234375 0.03046875
0 0.1375 0.44921875 0.02421875 0.03203125
0 0.11328125 0.4515625 0.0328125 0.0390625
0 0.1671875 0.41015625 0.02109375 0.0328125
0 0.15078125 0.41484375 0.0296875 0.034375
0 0.13046875 0.41953125 0.03046875 0.0359375
0 0.21796875 0.3484375 0.02578125 0.02890625
0 0.20546875 0.34921875 0.015625 0.02890625
0 0.1828125 0.35234375 0.01171875 0.0296875
0 0.15859375 0.3546875 0.02109375 0.03046875
0 0.14296875 0.3578125 0.03046875 0.034375
0 0.12265625 0.3609375 0.03203125 0.034375
0 0.09921875 0.3640625 0.034375 0.0359375
0 0.32734375 0.340625 0.0203125 0.02265625
0 0.3203125 0.3421875 0.0125 0.0234375
0 0.29765625 0.346875 0.0140625 0.0234375
0 0.309375 0.3453125 0.0125 0.02265625
0 0.303125 0.3234375 0.02109375 0.0234375
0 0.290625 0.32421875 0.02265625 0.02421875
0 0.27890625 0.32578125 0.02109375 0.02421875
0 0.2640625 0.32734375 0.02421875 0.02421875
0 0.284375 0.34921875 0.0140625 0.0234375
0 0.27265625 0.35078125 0.01484375 0.0234375
0 0.25390625 0.35234375 0.02421875 0.0265625
3 0.69609375 0.53046875 0.0375 0.02890625