3 0.4171875 0.63515625 0.0828125 0.0875
3 0.99609375 0.43046875 0.0078125 0.0296875
3 0.5703125 0.39609375 0.0875 0.0734375
3 0.6609375 0.4078125 0.10859375 0.0765625
3 0.7828125 0.42734375 0.14140625 0.07734375
3 0.215625 0.5625 0.0828125 0.0625
3 0.32265625 0.3640625 0.09921875 0.05390625
3 0.37734375 0.37265625 0.09765625 0.0609375
3 0.56484375 0.69453125 0.08046875 0.109375
0 0.30078125 0.4859375 0.02421875 0.0234375
0 0.278125 0.4875 0.02265625 0.0265625
0 0.27578125 0.47265625 0.02578125 0.03203125
0 0.24140625 0.4734375 0.02578125 0.02578125
0 0.26328125 0.47265625 0.02421875 0.0234375
3 0.865625 0.8 0.14765625 0.15546875
3 0.68046875 0.73359375 0.09375 0.1265625
3 0.96171875 0.8515625 0.0765625 0.10546875
3 0.4734375 0.54921875 0.0765625 0.0921875
0 0.996875 0.70546875 0.00625 0.0203125
0 0.95859375 0.64765625 0.0828125 0.13046875
0 0.90546875 0.634375 0.10078125 0.1265625
0 0.95859375 0.58046875 0.0828125 0.1265625
0 0.634375 0.51015625 0.04375 0.09921875
0 0.63046875 0.5828125 0.04140625 0.0640625
0 0.59375 0.5734375 0.03828125 0.06171875
0 0.56015625 0.54765625 0.0375 0.09375
0 0.59765625 0.50234375 0.040625 0.09453125
0 0.503125 0.18828125 0.053125 0.07890625
0 0.45859375 0.18828125 0.03828125 0.0765625
0 0.3890625 0.190625 0.0359375 0.07265625
0 0.42265625 0.18984375 0.0375 0.0734375
0 0.43046875 0.1125 0.059375 0.08046875
0 0.3859375 0.115625 0.0375 0.07890625
0 0.3515625 0.1171875 0.0375 0.0765625
0 0.32109375 0.11953125 0.0375 0.0734375
0 0.3578125 0.190625 0.0359375 0.0703125
0 0.32734375 0.190625 0.03515625 0.06796875
0 0.29921875 0.190625 0.03515625 0.06796875
0 0.2515625 0.165625 0.06953125 0.065625
0 0.209375 0.165625 0.034375 0.0640625
0 0.1859375 0.1671875 0.0328125 0.06171875
0 0.1625 0.1671875 0.03203125 0.0609375
0 0.14140625 0.16875 0.03203125 0.05859375
0 0.12109375 0.16953125 0.03046875 0.05859375
0 0.1015625 0.16953125 0.03046875 0.05625
0 0.27265625 0.3375 0.059375 0.06484375
0 0.24296875 0.3359375 0.04765625 0.0625
0 0.2125 0.3375 0.0296875 0.053125
0 0.22109375 0.2828125 0.06484375 0.059375
0 0.1921875 0.33515625 0.02890625 0.05078125
0 0.171875 0.3328125 0.02890625 0.05
0 0.15234375 0.3296875 0.02734375 0.04921875
0 0.134375 0.325 0.02734375 0.05234375
0 0.19609375 0.28125 0.05859375 0.05859375
0 0.17578125 0.2796875 0.0578125 0.0578125
0 0.15546875 0.278125 0.05625 0.05625
3 0.525 0.41171875 0.00078125 0.00859375
3 0.8359375 0.2875 0.05546875 0.02109375
3 0.7921875 0.2859375 0.05859375 0.0203125
3 0.41015625 0.334375 0.0375 0.01796875
3 0.49765625 0.3453125 0.0328125 0.0203125
3 0.53125 0.3484375 0.0375 0.0203125
3 0.56484375 0.35234375 0.03203125 0.0234375
3 0.6078125 0.27734375 0.034375 0.01953125
3 0.6421875 0.2796875 0.0390625 0.01953125
3 0.6859375 0.2828125 0.04453125 0.0171875
3 0.49453125 0.27265625 0.034375 0.0171875
3 0.5171875 0.275 0.0234375 0.015625
0 0.7828125 0.36875 0.03203125 0.0375
0 0.4421875 0.3328125 0.0234375 0.02734375
3 0.734375 0.36953125 0.046875 0.02421875
0 0.684375 0.35625 0.01953125 0.034375
0 0.6671875 0.35546875 0.01796875 0.03203125
0 0.6515625 0.353125 0.01796875 0.03203125
0 0.66953125 0.32890625 0.0203125 0.034375
0 0.6328125 0.32578125 0.0171875 0.03203125
0 0.63125 0.3546875 0.015625 0.0265625
0 0.615625 0.35234375 0.01484375 0.0265625
0 0.6015625 0.3484375 0.015625 0.03046875
0 0.61875 0.32421875 0.015625 0.03046875
0 0.465625 0.265625 0.0171875 0.0234375
0 0.45078125 0.26484375 0.0125 0.0234375
0 0.4390625 0.2640625 0.0125 0.02265625
0 0.42734375 0.26328125 0.01171875 0.02265625
0 0.415625 0.2625 0.0125 0.02109375
0 0.40390625 0.2625 0.0125 0.02265625
0 0.39296875 0.26171875 0.01171875 0.02109375
0 0.58125 0.19609375 0.015625 0.02890625
0 0.56640625 0.19609375 0.015625 0.02890625
0 0.53671875 0.19609375 0.0140625 0.0265625
0 0.55078125 0.196875 0.01484375 0.02734375
0 0.55390625 0.1671875 0.01796875 0.02890625
0 0.5375 0.1671875 0.01484375 0.02890625
3 0.9671875 0.525 0.0625 0.0265625