2 0.3328125 0.984375 0.04453125 0.0296875
3 0.98828125 0.46875 0.0234375 0.0375
3 0.98828125 0.49609375 0.02109375 0.04453125
3 0.9453125 0.95859375 0.05859375 0.08046875
3 0.9796875 0.715625 0.040625 0.10859375
3 0.9859375 0.640625 0.02734375 0.06796875
3 0.99375 0.5875 0.0125 0.05
3 0.9921875 0.96953125 0.0140625 0.059375
3 0.903125 0.94921875 0.02578125 0.1
0 0.9640625 0.5734375 0.0140625 0.034375
0 0.95859375 0.5984375 0.01484375 0.0328125
0 0.96328125 0.60703125 0.015625 0.0203125
0 0.9609375 0.6453125 0.02265625 0.05859375
0 0.9671875 0.5921875 0.0109375 0.05
0 0.9640625 0.76328125 0.0125 0.0375
0 0.95078125 0.7875 0.015625 0.06953125
0 0.95625 0.82109375 0.03203125 0.0734375
0 0.95625 0.87265625 0.034375 0.109375
0 0.978125 0.7890625 0.04140625 0.0765625
3 0.92734375 0.64921875 0.01171875 0.04375
3 0.921875 0.6875 0.009375 0.05
3 0.91015625 0.84765625 0.01796875 0.0921875
3 0.92109375 0.73671875 0.0125 0.0671875
3 0.44453125 0.64140625 0.05859375 0.07265625
3 0.6421875 0.35390625 0.0390625 0.02578125
3 0.62578125 0.3640625 0.0375 0.02734375
3 0.5171875 0.42421875 0.05234375 0.04375
3 0.54375 0.409375 0.05078125 0.0375
3 0.57421875 0.39453125 0.0421875 0.03203125
3 0.2140625 0.8453125 0.08828125 0.14140625
3 0.38515625 0.50234375 0.0703125 0.0703125
3 0.42734375 0.478125 0.06484375 0.0625
3 0.52109375 0.5765625 0.05 0.05546875
0 0.63671875 0.41953125 0.02421875 0.0296875
0 0.33671875 0.634375 0.01796875 0.03046875
0 0.321875 0.65234375 0.0203125 0.0328125
0 0.30234375 0.65234375 0.01953125 0.0421875
0 0.2609375 0.69296875 0.02109375 0.0375
0 0.28203125 0.6671875 0.01953125 0.03515625
3 0.596875 0.5140625 0.040625 0.03046875
3 0.55625 0.5515625 0.04453125 0.0375
3 0.62109375 0.49765625 0.02578125 0.02734375
3 0.6375 0.48203125 0.02421875 0.02578125
3 0.484375 0.53984375 0.05546875 0.05859375
0 0.62421875 0.434375 0.009375 0.0296875
0 0.61171875 0.44140625 0.0171875 0.02734375
0 0.6 0.44296875 0.02578125 0.0375
0 0.609375 0.41484375 0.02578125 0.034375
0 0.54296875 0.4625 0.02265625 0.04140625
0 0.54765625 0.4921875 0.01171875 0.0328125
0 0.52890625 0.49921875 0.02421875 0.0375
0 0.515625 0.503125 0.02890625 0.046875
0 0.52890625 0.4703125 0.02734375 0.0421875
0 0.490625 0.3390625 0.0328125 0.04921875
0 0.4828125 0.3453125 0.015625 0.05
0 0.44765625 0.36171875 0.0203125 0.04453125
0 0.465625 0.35546875 0.01796875 0.04453125
0 0.45546875 0.3125 0.0375 0.05
0 0.43671875 0.3171875 0.0375 0.053125
0 0.4171875 0.32265625 0.03828125 0.05546875
0 0.39453125 0.328125 0.04140625 0.05859375
0 0.4265625 0.36875 0.02109375 0.04765625
0 0.40546875 0.37578125 0.0234375 0.05
0 0.37421875 0.37890625 0.0421875 0.0625
0 0.31015625 0.38046875 0.04765625 0.0703125
0 0.27890625 0.390625 0.05 0.07421875
0 0.24453125 0.4015625 0.053125 0.0796875
0 0.20703125 0.41328125 0.05625 0.084375
0 0.16484375 0.42578125 0.059375 0.09140625
0 0.11796875 0.43984375 0.065625 0.09921875
0 0.0625 0.45546875 0.0765625 0.10546875
0 0.325 0.515625 0.04375 0.07421875
0 0.3 0.53046875 0.03828125 0.07890625
0 0.27109375 0.559375 0.03828125 0.0609375
0 0.259375 0.503125 0.05 0.0828125
0 0.23671875 0.57734375 0.04609375 0.0640625
0 0.2 0.59765625 0.04921875 0.06796875
0 0.15859375 0.61953125 0.05546875 0.07109375
0 0.1125 0.6296875 0.0625 0.10625
0 0.225 0.51953125 0.05234375 0.0875
0 0.1875 0.53671875 0.05546875 0.09453125
0 0.14453125 0.55546875 0.059375 0.10234375
3 0.32265625 0.46796875 0.034375 0.03203125
3 0.48828125 0.30234375 0.02734375 0.0125
3 0.47890625 0.30546875 0.01171875 0.0140625
3 0.34765625 0.39609375 0.015625 0.00390625
3 0.36640625 0.334375 0.0203125 0.0203125
3 0.42890625 0.42109375 0.03046875 0.0234375
3 0.35078125 0.45546875 0.0359375 0.02421875
3 0.26953125 0.35390625 0.0296875 0.0109375
3 0.29765625 0.34765625 0.0296875 0.01171875
3 0.38515625 0.440625 0.034375 0.0265625
3 0.45390625 0.4125 0.0296875 0.0171875
3 0.475 0.4046875 0.0203125 0.015625
3 0.4921875 0.39609375 0.0203125 0.0125
0 0.23125 0.35703125 0.02265625 0.0203125
0 0.215625 0.3609375 0.0203125 0.02109375
0 0.19765625 0.36953125 0.0203125 0.01484375
0 0.1921875 0.34609375 0.02578125 0.03515625
0 0.17734375 0.37421875 0.02265625 0.015625
0 0.1578125 0.378125 0.02265625 0.015625
0 0.1375 0.38359375 0.0234375 0.015625
0 0.11484375 0.384375 0.02578125 0.02421875
0 0.17421875 0.3515625 0.0265625 0.0375
0 0.153125 0.35546875 0.02734375 0.03828125
0 0.13203125 0.359375 0.02734375 0.0390625
0 0.2203125 0.284375 0.02578125 0.034375
0 0.20234375 0.2875 0.02578125 0.034375
0 0.18359375 0.28984375 0.0265625 0.03515625
0 0.1625 0.29296875 0.02734375 0.03515625
0 0.14140625 0.2953125 0.02734375 0.0375
0 0.11953125 0.2984375 0.0296875 0.0375
0 0.09609375 0.3015625 0.03203125 0.0390625
0 0.33203125 0.278125 0.00859375 0.0265625
0 0.3078125 0.284375 0.015625 0.02578125
0 0.321875 0.28125 0.015625 0.02421875
0 0.3171875 0.25625 0.02109375 0.02578125
0 0.303125 0.2578125 0.02109375 0.02890625
0 0.2875 0.26015625 0.02265625 0.02890625
0 0.2734375 0.2625 0.0234375 0.02890625
0 0.29453125 0.2859375 0.0171875 0.02578125
0 0.27890625 0.2890625 0.01796875 0.0265625
0 0.26171875 0.2890625 0.0234375 0.03046875
3 0.775 0.5671875 0.05234375 0.05546875
3 0.54921875 0.3875 0.0109375 0.00859375