3 0.41796875 0.6625 0.06171875 0.0578125
3 0.7828125 0.4125 0.06953125 0.015625
3 0.7421875 0.4125 0.07265625 0.015625
3 0.5390625 0.41953125 0.059375 0.0203125
3 0.5875 0.41953125 0.065625 0.01953125
3 0.64140625 0.4171875 0.06171875 0.01796875
3 0.11796875 0.7125 0.12109375 0.07734375
3 0.33359375 0.42421875 0.0671875 0.02578125
3 0.39453125 0.4234375 0.05859375 0.0234375
3 0.5484375 0.6421875 0.05859375 0.05078125
0 0.77265625 0.50859375 0.04140625 0.03828125
0 0.278125 0.565625 0.0203125 0.02265625
0 0.25390625 0.5703125 0.0234375 0.0234375
0 0.23828125 0.5625 0.0234375 0.0328125
0 0.1875 0.57578125 0.02734375 0.0234375
0 0.2171875 0.56796875 0.0234375 0.0234375
3 0.6921875 0.61875 0.06796875 0.0375
3 0.61171875 0.63359375 0.065625 0.04140625
3 0.7421875 0.615625 0.04921875 0.02890625
3 0.77890625 0.609375 0.05 0.0265625
3 0.4796875 0.54921875 0.0578125 0.04375
0 0.73984375 0.5125 0.01796875 0.04140625
0 0.7140625 0.51328125 0.0359375 0.04140625
0 0.69609375 0.5140625 0.03828125 0.04375
0 0.7140625 0.47734375 0.0390625 0.040625
0 0.578125 0.4875 0.0328125 0.046875
0 0.584375 0.5296875 0.02109375 0.040625
0 0.5625 0.5328125 0.02109375 0.04140625
0 0.5359375 0.5296875 0.03203125 0.05078125
0 0.5578125 0.48828125 0.0328125 0.046875
0 0.49765625 0.2875 0.02578125 0.046875
0 0.47265625 0.28515625 0.02578125 0.04921875
0 0.41875 0.28125 0.02890625 0.04765625
0 0.44609375 0.28359375 0.0265625 0.04765625
0 0.4453125 0.2359375 0.0265625 0.05078125
0 0.41875 0.2328125 0.02890625 0.05234375
0 0.3890625 0.2296875 0.0296875 0.053125
0 0.36015625 0.2265625 0.03046875 0.053125
0 0.390625 0.28046875 0.0296875 0.05
0 0.3625 0.27734375 0.03046875 0.05078125
0 0.33203125 0.275 0.03203125 0.05234375
0 0.2609375 0.2484375 0.046875 0.05625
0 0.2203125 0.24453125 0.03828125 0.0578125
0 0.184375 0.240625 0.0390625 0.05859375
0 0.14609375 0.2375 0.04140625 0.05859375
0 0.1078125 0.234375 0.04453125 0.0609375
0 0.06640625 0.23046875 0.04609375 0.06171875
0 0.02421875 0.228125 0.0484375 0.0625
0 0.2671875 0.41015625 0.04453125 0.05234375
0 0.228125 0.41015625 0.0375 0.05234375
0 0.19296875 0.4109375 0.0375 0.053125
0 0.1984375 0.35703125 0.05625 0.05390625
0 0.15703125 0.4109375 0.0390625 0.05390625
0 0.11953125 0.41171875 0.04140625 0.05546875
0 0.08125 0.4125 0.04375 0.05546875
0 0.040625 0.41328125 0.046875 0.05859375
0 0.153125 0.35546875 0.040625 0.05390625
0 0.11484375 0.35546875 0.0421875 0.05625
0 0.07578125 0.35546875 0.04453125 0.0578125
3 0.4078125 0.521875 0.02890625 0.01796875
3 0.6078125 0.40234375 0.0234375 0.0078125
3 0.5796875 0.40234375 0.03203125 0.0078125
3 0.271875 0.4765625 0.04140625 0.01484375
3 0.37578125 0.47109375 0.03046875 0.0140625
3 0.4078125 0.4703125 0.0296875 0.0125
3 0.4375 0.46875 0.02578125 0.0140625
3 0.46875 0.40625 0.02421875 0.00859375
3 0.490625 0.40625 0.0203125 0.00859375
3 0.52109375 0.40546875 0.02734375 0.00859375
3 0.5140625 0.51328125 0.0125 0.0140625
3 0.43671875 0.51953125 0.02890625 0.015625
3 0.27734375 0.5328125 0.0390625 0.01796875
3 0.3703125 0.40625 0.02734375 0.00859375
3 0.396875 0.40625 0.02578125 0.00859375
3 0.47265625 0.5171875 0.0296875 0.015625
0 0.58203125 0.45546875 0.0171875 0.01953125
0 0.3140625 0.4671875 0.02265625 0.02421875
3 0.60546875 0.509375 0.02109375 0.009375
3 0.5546875 0.4609375 0.03046875 0.0078125
0 0.5265625 0.45859375 0.0109375 0.02109375
0 0.5140625 0.459375 0.01171875 0.0203125
0 0.50234375 0.459375 0.0140625 0.02109375
0 0.490625 0.4609375 0.0109375 0.01953125
0 0.4796875 0.4609375 0.0109375 0.01953125
0 0.4671875 0.46015625 0.0125 0.02265625
0 0.47734375 0.4484375 0.0125 0.00546875
0 0.340625 0.40078125 0.01484375 0.02109375
0 0.32578125 0.40078125 0.0140625 0.02109375
0 0.31484375 0.40078125 0.00859375 0.02109375
0 0.315625 0.378125 0.01171875 0.02265625
0 0.30078125 0.40078125 0.00390625 0.02109375
0 0.2890625 0.4015625 0.00234375 0.02265625
0 0.3 0.378125 0.00390625 0.02265625
0 0.28203125 0.378125 0.01484375 0.02265625
0 0.26796875 0.37421875 0.01484375 0.0171875
0 0.3390625 0.334375 0.015625 0.015625
0 0.325 0.334375 0.0140625 0.015625
0 0.31328125 0.334375 0.0078125 0.015625
0 0.29765625 0.3390625 0.00234375 0.00390625
0 0.28046875 0.3296875 0.0140625 0.0234375
0 0.265625 0.32890625 0.01484375 0.0234375
0 0.25078125 0.32890625 0.01484375 0.0234375
0 0.4453125 0.34453125 0.01171875 0.02109375
0 0.4328125 0.34453125 0.01171875 0.02109375
0 0.40859375 0.34375 0.0125 0.02109375
0 0.42109375 0.34453125 0.01171875 0.0203125
0 0.39609375 0.34375 0.0125 0.02109375
0 0.3828125 0.3421875 0.0125 0.02109375
0 0.3703125 0.3421875 0.0125 0.02265625
3 0.6703125 0.50625 0.0125 0.0125