3 0.39921875 0.70234375 0.08046875 0.10859375
3 0.81953125 0.34375 0.08359375 0.03203125
3 0.7796875 0.34921875 0.0875 0.034375
3 0.54765625 0.3859375 0.084375 0.053125
3 0.6046875 0.3765625 0.08984375 0.0453125
3 0.66796875 0.36953125 0.08203125 0.03984375
3 0.03515625 0.840625 0.06953125 0.13203125
3 0.25859375 0.43125 0.109375 0.08046875
3 0.35234375 0.41796875 0.08828125 0.0734375
3 0.55078125 0.64765625 0.08046875 0.0859375
0 0.8 0.45546875 0.05078125 0.046875
0 0.196875 0.621875 0.0328125 0.04453125
0 0.16015625 0.640625 0.03828125 0.0484375
0 0.13671875 0.628125 0.03828125 0.0609375
0 0.0546875 0.6640625 0.05 0.053125
0 0.103125 0.640625 0.0421875 0.046875
3 0.709375 0.590625 0.07734375 0.0546875
3 0.6234375 0.62578125 0.07890625 0.06171875
3 0.76171875 0.57890625 0.05078125 0.04140625
3 0.7953125 0.56484375 0.05390625 0.03671875
3 0.4734375 0.56171875 0.07890625 0.0890625
0 0.76875 0.46796875 0.02265625 0.05
0 0.740625 0.47109375 0.04375 0.0546875
0 0.7203125 0.47421875 0.04921875 0.059375
0 0.74375 0.42890625 0.04921875 0.05703125
0 0.59375 0.46328125 0.04453125 0.0703125
0 0.60078125 0.51875 0.02578125 0.0515625
0 0.5671875 0.5171875 0.04296875 0.06953125
0 0.54453125 0.52109375 0.0390625 0.0765625
0 0.56875 0.46875 0.04609375 0.071875
0 0.496875 0.209375 0.0359375 0.071875
0 0.46015625 0.20859375 0.03828125 0.07421875
0 0.38046875 0.20703125 0.046875 0.07890625
0 0.421875 0.2078125 0.0421875 0.0765625
0 0.41875 0.12890625 0.04375 0.084375
0 0.37578125 0.125 0.04921875 0.08671875
0 0.32890625 0.12109375 0.05390625 0.09140625
0 0.27890625 0.11640625 0.06015625 0.0953125
0 0.3359375 0.20546875 0.0515625 0.08125
0 0.28828125 0.2046875 0.05703125 0.08515625
0 0.2375 0.20234375 0.0640625 0.08984375
0 0.1 0.15859375 0.10234375 0.1046875
0 0.03515625 0.15625 0.0703125 0.10703125
0 0.14765625 0.41953125 0.08671875 0.1015625
0 0.08671875 0.4265625 0.09296875 0.10625
0 0.0296875 0.44453125 0.059375 0.08984375
0 0.03984375 0.35234375 0.0796875 0.1015625
3 0.58984375 0.29296875 0.03671875 0.01328125
3 0.56484375 0.29375 0.03671875 0.01328125
3 0.2078125 0.40234375 0.0140625 0.02109375
3 0.328125 0.38828125 0.03828125 0.0203125
3 0.36640625 0.38125 0.0359375 0.015625
3 0.403125 0.38046875 0.03125 0.021875
3 0.43671875 0.303125 0.02890625 0.015625
3 0.46484375 0.3015625 0.03671875 0.0140625
3 0.4984375 0.3 0.0359375 0.01328125
3 0.315625 0.31015625 0.0359375 0.01875
3 0.35 0.30859375 0.0328125 0.01796875
0 0.56640625 0.35078125 0.01953125 0.01640625
0 0.2484375 0.38828125 0.03359375 0.0265625
3 0.5390625 0.36171875 0.02265625 0.0046875
0 0.5078125 0.3609375 0.00546875 0.02578125
0 0.490625 0.3640625 0.0109375 0.02421875
0 0.47890625 0.3640625 0.01640625 0.028125
0 0.4890625 0.340625 0.0140625 0.0265625
0 0.46171875 0.34296875 0.01640625 0.028125
0 0.46484375 0.36796875 0.0125 0.0234375
0 0.4515625 0.36953125 0.01328125 0.02421875
0 0.43671875 0.36875 0.01640625 0.0296875
0 0.44921875 0.34375 0.0171875 0.02890625
0 0.2765625 0.30390625 0.02265625 0.03125
0 0.25703125 0.3046875 0.021875 0.03125
0 0.23828125 0.30703125 0.021875 0.02890625
0 0.2375 0.284375 0.02578125 0.01484375
0 0.221875 0.3078125 0.0171875 0.02890625
0 0.19375 0.309375 0.01328125 0.0296875
0 0.17890625 0.309375 0.025 0.03046875
0 0.15859375 0.309375 0.02578125 0.034375
0 0.21953125 0.28515625 0.01484375 0.01484375
0 0.19140625 0.2859375 0.01328125 0.01484375
0 0.175 0.2859375 0.02265625 0.01796875
0 0.20625 0.2125 0.01640625 0.03203125
0 0.17890625 0.20546875 0.0125 0.0203125
0 0.171875 0.20546875 0.00703125 0.01953125
3 0.6765625 0.4171875 0.04140625 0.02109375