2 0.225 0.56328125 0.0609375 0.15625
3 0.0234375 0.553125 0.046875 0.0171875
3 0.021875 0.6578125 0.04375 0.03203125
0 0.00546875 0.27578125 0.0109375 0.04453125
0 0.0171875 0.28828125 0.0125 0.04453125
0 0.02890625 0.30078125 0.0125 0.04140625
0 0.03984375 0.3109375 0.01171875 0.0390625
0 0.00390625 0.409375 0.0078125 0.04140625
0 0.01328125 0.4140625 0.0140625 0.0421875
0 0.02578125 0.41953125 0.0125 0.0390625
0 0.03671875 0.425 0.01171875 0.0390625
0 0.00390625 0.36640625 0.0078125 0.0484375
0 0.015625 0.375 0.0140625 0.04609375
0 0.0265625 0.3828125 0.0125 0.04453125
3 0.47109375 0.65390625 0.05625 0.0359375
3 0.98671875 0.146875 0.0265625 0.0875
3 0.52421875 0.39765625 0.04140625 0.040625
3 0.5765625 0.37265625 0.0640625 0.05078125
3 0.665625 0.3296875 0.11484375 0.0765625
3 0.40078125 0.6140625 0.0359375 0.0203125
3 0.43203125 0.4453125 0.03203125 0.02265625
3 0.45546875 0.4359375 0.04921875 0.02421875
3 0.5484375 0.7015625 0.090625 0.0625
0 0.43125 0.55 0.00546875 0.00859375
0 0.42578125 0.54921875 0.0140625 0.00859375
0 0.42890625 0.540625 0.00859375 0.00546875
0 0.4140625 0.5484375 0.009375 0.0078125
3 0.87734375 0.89609375 0.2421875 0.20625
3 0.6328125 0.75625 0.12578125 0.0890625
3 0.99375 0.965625 0.0125 0.065625
3 0.4890625 0.55546875 0.0578125 0.02265625
0 0.95078125 0.559375 0.09765625 0.14609375
0 0.86015625 0.55546875 0.090625 0.12578125
0 0.94921875 0.41640625 0.10078125 0.15
0 0.584375 0.48359375 0.05625 0.0625
0 0.584375 0.5453125 0.05625 0.0625
0 0.546875 0.54453125 0.01953125 0.05625
0 0.52734375 0.54296875 0.0171875 0.05234375
0 0.54609375 0.48671875 0.01953125 0.05859375
0 0.51015625 0.27890625 0.0375 0.04921875
0 0.484375 0.29140625 0.01171875 0.046875
0 0.46328125 0.315625 0.009375 0.040625
0 0.4734375 0.30546875 0.0109375 0.0421875
0 0.48359375 0.26875 0.03046875 0.05234375
0 0.46328125 0.28203125 0.009375 0.046875
0 0.453125 0.29375 0.00859375 0.04453125
0 0.44453125 0.30546875 0.00859375 0.0421875
0 0.45234375 0.3265625 0.009375 0.03828125
0 0.44453125 0.3359375 0.00859375 0.03515625
0 0.43671875 0.34453125 0.0078125 0.034375
0 0.42578125 0.3484375 0.01484375 0.02890625
0 0.4140625 0.35546875 0.00546875 0.02890625
0 0.409375 0.36328125 0.00546875 0.0265625
0 0.403125 0.36875 0.00390625 0.0265625
0 0.39921875 0.3734375 0.00390625 0.02578125
0 0.39453125 0.37890625 0.00390625 0.0234375
0 0.38984375 0.384375 0.003125 0.02265625
0 0.42578125 0.44375 0.01796875 0.0296875
0 0.41328125 0.44765625 0.00546875 0.0296875
0 0.4078125 0.45 0.00546875 0.02734375
0 0.41953125 0.4234375 0.0265625 0.03203125
0 0.403125 0.45390625 0.00390625 0.0265625
0 0.39765625 0.45546875 0.00390625 0.02421875
0 0.39375 0.459375 0.00390625 0.02421875
0 0.3890625 0.4609375 0.00390625 0.0234375
0 0.40234375 0.42734375 0.00546875 0.02890625
0 0.39765625 0.43125 0.00390625 0.02890625
0 0.39375 0.434375 0.00390625 0.02734375
3 0.65859375 0.54453125 0.034375 0.0109375
3 0.69453125 0.54609375 0.04375 0.0109375
3 0.7328125 0.546875 0.05 0.0125
3 0.77421875 0.45546875 0.04140625 0.0171875
3 0.82578125 0.44921875 0.0625 0.0203125
3 0.87890625 0.440625 0.04375 0.0203125
3 0.65390625 0.47421875 0.03203125 0.0125
3 0.684375 0.4703125 0.04375 0.0125
0 0.61875 0.5375 0.01171875 0.01953125
0 0.87890625 0.4890625 0.0359375 0.00859375
0 0.82109375 0.50703125 0.03203125 0.0328125
0 0.8109375 0.53984375 0.009375 0.03046875
0 0.79765625 0.5390625 0.01484375 0.0296875
0 0.76953125 0.5390625 0.0078125 0.02890625
0 0.79765625 0.5078125 0.01484375 0.03046875
0 0.6359375 0.47265625 0.0203125 0.02109375
0 0.62109375 0.4734375 0.009375 0.02109375
0 0.61328125 0.47421875 0.003125 0.01953125
0 0.615625 0.4546875 0.01953125 0.0203125
0 0.6015625 0.45234375 0.0078125 0.00859375
0 0.59375 0.4515625 0.00859375 0.00546875
0 0.6359375 0.4140625 0.0203125 0.00859375
0 0.62109375 0.41875 0.009375 0.00546875
0 0.61171875 0.421875 0.00859375 0.00546875
0 0.60234375 0.42421875 0.00859375 0.00390625
0 0.59453125 0.42734375 0.0078125 0.00546875
0 0.75078125 0.3828125 0.0140625 0.0171875
0 0.71953125 0.3921875 0.01171875 0.0171875
0 0.6921875 0.40078125 0.0125 0.0171875
0 0.70703125 0.39609375 0.0140625 0.015625
0 0.6796875 0.4046875 0.0125 0.015625
0 0.6671875 0.40859375 0.0125 0.01484375
0 0.65546875 0.4125 0.0109375 0.01484375