2 0.31796875 0.528125 0.0375 0.10390625
3 0.14453125 0.6578125 0.0703125 0.046875
3 0.184375 0.52578125 0.04296875 0.01640625
3 0.1515625 0.54453125 0.0546875 0.01640625
3 0.15390625 0.55859375 0.04140625 0.028125
3 0.14921875 0.57109375 0.03046875 0.03046875
3 0.14296875 0.43984375 0.02578125 0.021875
3 0.10546875 0.43515625 0.0546875 0.028125
3 0.0390625 0.42734375 0.078125 0.0359375
3 0.18671875 0.5921875 0.0421875 0.025
3 0.16953125 0.44609375 0.028125 0.0140625
3 0.165625 0.44453125 0.02109375 0.015625
3 0.11484375 0.721875 0.06171875 0.0609375
0 0.08046875 0.53828125 0.06796875 0.06484375
0 0.08359375 0.59609375 0.06484375 0.07109375
0 0.1203125 0.5828125 0.01171875 0.05859375
0 0.1296875 0.57421875 0.01015625 0.0546875
0 0.0890625 0.53046875 0.07109375 0.05546875
0 0.11171875 0.2984375 0.04609375 0.046875
0 0.14453125 0.315625 0.00390625 0.03671875
0 0.15546875 0.328125 0.00546875 0.03515625
0 0.15 0.32109375 0.00703125 0.0390625
0 0.12578125 0.28046875 0.05234375 0.05625
0 0.1546875 0.29296875 0.00546875 0.04375
0 0.159375 0.30078125 0.00546875 0.04296875
0 0.16484375 0.3078125 0.00546875 0.03984375
0 0.1609375 0.334375 0.00546875 0.03359375
0 0.165625 0.33984375 0.0046875 0.03125
0 0.16953125 0.34453125 0.00390625 0.0296875
0 0.17265625 0.34296875 0.01015625 0.03125
0 0.1828125 0.346875 0.00078125 0.01953125
0 0.18515625 0.35078125 0.003125 0.02421875
0 0.18828125 0.3546875 0.003125 0.02421875
0 0.190625 0.3578125 0.003125 0.0234375
0 0.19296875 0.36171875 0.00234375 0.02109375
0 0.1953125 0.3640625 0.00234375 0.0203125
0 0.1640625 0.43046875 0.0328125 0.01796875
0 0.1859375 0.4390625 0.0015625 0.028125
0 0.1875 0.4390625 0.003125 0.0265625
0 0.171875 0.4109375 0.0328125 0.03046875
0 0.190625 0.440625 0.00234375 0.0265625
0 0.19296875 0.440625 0.00234375 0.02578125
0 0.1953125 0.44140625 0.00234375 0.02421875
0 0.19765625 0.44140625 0.00234375 0.02421875
0 0.18984375 0.41328125 0.00234375 0.0265625
0 0.1921875 0.41484375 0.00234375 0.02578125
0 0.19453125 0.41640625 0.00234375 0.025
3 0.0578125 0.80234375 0.115625 0.1109375
3 0.0203125 0.94453125 0.040625 0.10859375
3 0.48125 0.5890625 0.03515625 0.0234375
3 0.77890625 0.42734375 0.10546875 0.03203125
3 0.70625 0.4328125 0.09921875 0.0265625
3 0.5234375 0.446875 0.04375 0.01171875
3 0.54375 0.4453125 0.03828125 0.01484375
3 0.58359375 0.44375 0.059375 0.01640625
3 0.43125 0.55703125 0.02890625 0.01484375
3 0.45 0.44921875 0.0140625 0.01015625
3 0.47578125 0.4484375 0.04140625 0.01015625
3 0.52421875 0.61796875 0.04609375 0.03203125
0 0.7671875 0.59921875 0.07578125 0.075
0 0.45390625 0.51640625 0.0046875 0.00546875
0 0.44921875 0.51484375 0.00859375 0.00703125
0 0.4515625 0.50859375 0.01015625 0.0046875
0 0.440625 0.51171875 0.00703125 0.00546875
0 0.4453125 0.51171875 0.00234375 0.00546875
3 0.6328125 0.690625 0.0671875 0.05546875
3 0.5640625 0.64375 0.05859375 0.03671875
3 0.69453125 0.728125 0.09296875 0.071875
3 0.7625 0.77578125 0.09765625 0.1046875
3 0.49296875 0.53125 0.034375 0.01953125
0 0.68984375 0.575 0.04921875 0.0609375
0 0.65390625 0.5703125 0.0234375 0.0515625
0 0.63203125 0.56171875 0.02109375 0.0515625
0 0.665625 0.521875 0.04609375 0.0515625
0 0.5453125 0.503125 0.03046875 0.034375
0 0.5453125 0.5359375 0.03046875 0.03515625
0 0.525 0.5328125 0.01015625 0.03203125
0 0.51484375 0.5296875 0.009375 0.03359375
0 0.534375 0.50078125 0.0296875 0.03359375
0 0.5078125 0.36328125 0.0265625 0.0296875
0 0.490625 0.36640625 0.0078125 0.02890625
0 0.47578125 0.37265625 0.00703125 0.025
0 0.4828125 0.36953125 0.00703125 0.0265625
0 0.49140625 0.34375 0.025 0.0296875
0 0.47578125 0.34765625 0.00625 0.02890625
0 0.46875 0.3515625 0.00546875 0.0265625
0 0.46328125 0.3546875 0.00546875 0.02578125
0 0.46953125 0.37578125 0.00625 0.025
0 0.46328125 0.378125 0.00546875 0.02421875
0 0.45703125 0.38046875 0.00546875 0.0234375
0 0.4515625 0.3765625 0.0171875 0.02109375
0 0.43984375 0.37890625 0.00390625 0.0203125
0 0.43515625 0.38046875 0.00390625 0.0203125
0 0.43125 0.3828125 0.00390625 0.01953125
0 0.42734375 0.384375 0.00390625 0.01953125
0 0.4234375 0.3859375 0.003125 0.01875
0 0.41953125 0.38828125 0.003125 0.01875
0 0.453125 0.44375 0.0203125 0.02109375
0 0.43984375 0.44375 0.00390625 0.02109375
0 0.4359375 0.44453125 0.00390625 0.0203125
0 0.44296875 0.42421875 0.01953125 0.0203125
0 0.43125 0.44453125 0.00390625 0.01953125
0 0.42734375 0.4453125 0.00390625 0.01875
0 0.4234375 0.44609375 0.003125 0.01796875
0 0.41953125 0.44609375 0.003125 0.01796875
0 0.43125 0.425 0.00390625 0.0203125
0 0.42734375 0.42578125 0.00390625 0.01953125
0 0.4234375 0.4265625 0.003125 0.01875
3 0.94296875 0.4421875 0.07421875 0.015625
3 0.88125 0.44375 0.04921875 0.0140625
3 0.5734375 0.4984375 0.02265625 0.00703125
3 0.625 0.50546875 0.03046875 0.01015625
3 0.6375 0.50703125 0.0109375 0.009375
3 0.6890625 0.5109375 0.00078125 0.00703125
3 0.575 0.53671875 0.02578125 0.0109375
3 0.71953125 0.571875 0.01015625 0.01328125
0 0.8875 0.53046875 0.03671875 0.034375
0 0.58984375 0.49609375 0.01015625 0.01640625
3 0.8265625 0.6 0.0484375 0.02421875
3 0.8734375 0.61484375 0.0640625 0.03125
3 0.93125 0.63125 0.0703125 0.03828125
3 0.82734375 0.53203125 0.05546875 0.01640625
0 0.7734375 0.5171875 0.025 0.0265625
0 0.753125 0.515625 0.01484375 0.025
0 0.7390625 0.51328125 0.0140625 0.025
0 0.75859375 0.49140625 0.02421875 0.025
0 0.72578125 0.4890625 0.02265625 0.0234375
0 0.72578125 0.51171875 0.021875 0.0234375
0 0.70859375 0.51015625 0.01171875 0.021875
0 0.696875 0.50859375 0.0109375 0.021875
0 0.709375 0.48828125 0.01328125 0.021875
0 0.61484375 0.44453125 0.003125 0.01171875
0 0.59140625 0.4296875 0.00859375 0.0109375
0 0.58359375 0.43046875 0.00546875 0.01015625
0 0.57734375 0.43046875 0.00546875 0.01015625
0 0.57109375 0.43125 0.00546875 0.01015625
0 0.61015625 0.3953125 0.0140625 0.01640625
0 0.59453125 0.3984375 0.00078125 0.01484375
0 0.590625 0.3984375 0.00625 0.015625
0 0.584375 0.39921875 0.00625 0.015625
0 0.578125 0.40078125 0.00546875 0.01484375
0 0.571875 0.4015625 0.00546875 0.01484375
0 0.56640625 0.403125 0.0046875 0.01484375
0 0.6828125 0.390625 0.0203125 0.0203125
0 0.6671875 0.39296875 0.01015625 0.0203125
0 0.6484375 0.39609375 0.00859375 0.01953125
0 0.65703125 0.39375 0.009375 0.01953125
0 0.6625 0.375 0.01875 0.0203125
0 0.6484375 0.3765625 0.00859375 0.0203125
0 0.6390625 0.37890625 0.00859375 0.01953125
0 0.63359375 0.38046875 0.00234375 0.01796875
0 0.6390625 0.396875 0.00859375 0.01875
0 0.63359375 0.3984375 0.00234375 0.01640625
0 0.621875 0.39921875 0.00625 0.01796875
3 0.40703125 0.88359375 0.15546875 0.16796875