2 0.25078125 0.47734375 0.0671875 0.15625
3 0.02265625 0.83671875 0.0453125 0.1171875
3 0.04921875 0.51484375 0.0765625 0.0578125
3 0.0109375 0.64765625 0.021875 0.0671875
3 0.00078125 0.69375 0.0015625 0.009375
3 0.07578125 0.596875 0.06484375 0.06796875
0 0.00078125 0.296875 0.00078125 0.00390625
0 0.00546875 0.27734375 0.0109375 0.04140625
0 0.009375 0.2703125 0.01875 0.04375
0 0.00546875 0.4421875 0.0109375 0.04765625
0 0.01015625 0.4265625 0.0203125 0.05078125
0 0.00390625 0.390625 0.0078125 0.034375
0 0.01875 0.415625 0.0203125 0.04921875
0 0.02734375 0.40546875 0.01953125 0.046875
0 0.0359375 0.39609375 0.0171875 0.04375
0 0.04296875 0.3875 0.01796875 0.0421875
0 0.009375 0.37421875 0.01796875 0.04921875
0 0.0125 0.36484375 0.025 0.0484375
0 0.0171875 0.35859375 0.034375 0.04453125
3 0.47421875 0.57109375 0.04765625 0.05625
3 0.91171875 0.7671875 0.1765625 0.25390625
3 0.54375 0.44921875 0.07890625 0.0625
3 0.5859375 0.48359375 0.0890625 0.0796875
3 0.64140625 0.5390625 0.09375 0.10234375
3 0.40625 0.4671875 0.0359375 0.0328125
3 0.4421875 0.37421875 0.05546875 0.0359375
3 0.46171875 0.390625 0.059375 0.04140625
3 0.5375 0.6671875 0.06796875 0.0890625
0 0.4375 0.440625 0.0125 0.01171875
0 0.428125 0.4375 0.0140625 0.0125
0 0.4328125 0.4265625 0.009375 0.01484375
0 0.41640625 0.42109375 0.01171875 0.0125
0 0.4265625 0.4234375 0.0125 0.0109375
3 0.71328125 0.915625 0.1203125 0.165625
3 0.59375 0.759375 0.0828125 0.1078125
3 0.76953125 0.97265625 0.0359375 0.05234375
3 0.49765625 0.528125 0.06484375 0.0625
0 0.840625 0.90625 0.096875 0.1765625
0 0.7875 0.865625 0.08515625 0.1109375
0 0.7375 0.79296875 0.0640625 0.1375
0 0.79765625 0.8015625 0.0828125 0.13515625
0 0.57109375 0.55546875 0.04609375 0.06953125
0 0.56953125 0.6015625 0.04609375 0.05859375
0 0.5390625 0.58125 0.015625 0.05625
0 0.52421875 0.5578125 0.01484375 0.0625
0 0.54765625 0.5375 0.03046875 0.06484375
0 0.5125 0.30078125 0.04375 0.05546875
0 0.49765625 0.29609375 0.040625 0.05234375
0 0.46015625 0.2890625 0.01171875 0.04375
0 0.471875 0.29296875 0.01171875 0.04609375
0 0.48203125 0.24921875 0.034375 0.04921875
0 0.47109375 0.24609375 0.0359375 0.04453125
0 0.459375 0.24453125 0.03203125 0.04375
0 0.45078125 0.240625 0.034375 0.04140625
0 0.45 0.284375 0.0109375 0.04140625
0 0.440625 0.28046875 0.0109375 0.0390625
0 0.4328125 0.27578125 0.009375 0.0390625
0 0.421875 0.2546875 0.0265625 0.0375
0 0.415625 0.25234375 0.0265625 0.0359375
0 0.409375 0.25078125 0.0265625 0.034375
0 0.4 0.2484375 0.01953125 0.0328125
0 0.39609375 0.246875 0.02265625 0.03203125
0 0.39140625 0.24453125 0.0234375 0.0296875
0 0.3875 0.24296875 0.02421875 0.03046875
0 0.428125 0.34765625 0.02890625 0.034375
0 0.42109375 0.3453125 0.02734375 0.0375
0 0.40390625 0.34140625 0.00625 0.03203125
0 0.41328125 0.31171875 0.02890625 0.034375
0 0.39921875 0.3375 0.00625 0.0296875
0 0.39375 0.33359375 0.00625 0.02890625
0 0.38828125 0.328125 0.00625 0.02890625
0 0.3828125 0.32421875 0.00625 0.02890625
0 0.40390625 0.30859375 0.02109375 0.034375
0 0.40078125 0.30390625 0.02421875 0.03203125
0 0.3953125 0.30078125 0.02421875 0.03203125
3 0.66875 0.45546875 0.0390625 0.0296875
3 0.99453125 0.41875 0.0109375 0.02890625
3 0.76328125 0.35 0.05390625 0.02734375
3 0.80390625 0.36171875 0.0625 0.03203125
3 0.859375 0.38046875 0.06796875 0.0375
3 0.8265625 0.54921875 0.06171875 0.05234375
3 0.69921875 0.4671875 0.04453125 0.0265625
3 0.578125 0.40078125 0.03046875 0.0203125
3 0.65 0.3171875 0.040625 0.0203125
3 0.67421875 0.32421875 0.0421875 0.02109375
3 0.74140625 0.49921875 0.05078125 0.0375
0 0.9953125 0.51015625 0.009375 0.0046875
0 0.60546875 0.35 0.0125 0.00625
3 0.89765625 0.590625 0.07421875 0.06484375
3 0.96171875 0.63203125 0.0765625 0.0765625
0 0.85390625 0.45078125 0.02734375 0.015625
0 0.8421875 0.44453125 0.00546875 0.00390625
0 0.8078125 0.43125 0.01796875 0.01171875
0 0.834375 0.4265625 0.0359375 0.0421875
0 0.7875 0.4078125 0.03203125 0.0375
0 0.7953125 0.4265625 0.00546875 0.00625
0 0.7703125 0.4015625 0.02734375 0.03515625
0 0.628125 0.30390625 0.02265625 0.0265625
0 0.61875 0.30078125 0.0203125 0.02421875
0 0.60390625 0.29921875 0.009375 0.02265625
0 0.6109375 0.2765625 0.02109375 0.0234375
0 0.5953125 0.296875 0.009375 0.02109375
0 0.58671875 0.29453125 0.009375 0.02109375
0 0.57890625 0.2921875 0.00859375 0.02109375
0 0.571875 0.2890625 0.0078125 0.02265625
0 0.60078125 0.275 0.01953125 0.02421875
0 0.59375 0.27421875 0.01953125 0.02265625
0 0.584375 0.271875 0.01796875 0.02265625
0 0.634375 0.234375 0.02265625 0.02421875
0 0.621875 0.23359375 0.01796875 0.02421875
0 0.61171875 0.2328125 0.01484375 0.02421875
0 0.60234375 0.23046875 0.015625 0.0234375
0 0.59609375 0.23046875 0.01953125 0.02265625
0 0.5875 0.23046875 0.0171875 0.02265625
0 0.57734375 0.22890625 0.0140625 0.02265625
0 0.74765625 0.25859375 0.0171875 0.03203125
0 0.71796875 0.25546875 0.01484375 0.03046875
0 0.690625 0.25390625 0.015625 0.02734375
0 0.70546875 0.25546875 0.0171875 0.02890625
0 0.7140625 0.2265625 0.02890625 0.0296875
0 0.69609375 0.22578125 0.02109375 0.02890625
0 0.684375 0.22578125 0.02421875 0.02734375
0 0.671875 0.22421875 0.02265625 0.0265625
0 0.67734375 0.2515625 0.01484375 0.0265625
0 0.665625 0.25 0.0140625 0.02578125
0 0.653125 0.2484375 0.0125 0.0265625