3 0.4 0.72265625 0.09140625 0.11171875
3 0.74375 0.36171875 0.06171875 0.02109375
3 0.715625 0.365625 0.06640625 0.0234375
3 0.53671875 0.39296875 0.08125 0.03828125
3 0.58359375 0.3859375 0.08046875 0.03203125
3 0.63359375 0.38046875 0.06796875 0.02890625
3 0.00078125 0.8984375 0.0015625 0.009375
3 0.271875 0.43359375 0.10703125 0.06875
3 0.3640625 0.41953125 0.09609375 0.05859375
3 0.54140625 0.64921875 0.078125 0.0796875
0 0.73359375 0.45703125 0.03828125 0.03984375
0 0.18203125 0.65546875 0.03203125 0.04921875
0 0.140625 0.67890625 0.0390625 0.05546875
0 0.1078125 0.66875 0.0421875 0.07109375
0 0.015625 0.71875 0.03125 0.05625
0 0.0640625 0.6890625 0.0484375 0.05703125
3 0.6703125 0.5828125 0.065625 0.04140625
3 0.603125 0.621875 0.07265625 0.05
3 0.71171875 0.5671875 0.0390625 0.0359375
3 0.7375 0.553125 0.03671875 0.03125
3 0.4734375 0.565625 0.084375 0.07890625
0 0.71328125 0.46796875 0.01484375 0.04140625
0 0.69375 0.4734375 0.03046875 0.04296875
0 0.67578125 0.47421875 0.040625 0.04921875
0 0.69453125 0.434375 0.03515625 0.0453125
0 0.57578125 0.46640625 0.04296875 0.06015625
0 0.5859375 0.515625 0.0203125 0.05
0 0.565625 0.5234375 0.02109375 0.0515625
0 0.53359375 0.5234375 0.04375 0.06875
0 0.55546875 0.47109375 0.04453125 0.06328125
0 0.49765625 0.2234375 0.03046875 0.06796875
0 0.46640625 0.21953125 0.0328125 0.0703125
0 0.39453125 0.2109375 0.04140625 0.0765625
0 0.43203125 0.215625 0.03671875 0.0734375
0 0.43046875 0.14375 0.03828125 0.08125
0 0.3921875 0.134375 0.04296875 0.0859375
0 0.34921875 0.125 0.04921875 0.09296875
0 0.30078125 0.1140625 0.05703125 0.0984375
0 0.353125 0.20546875 0.046875 0.08125
0 0.3078125 0.19921875 0.05390625 0.08828125
0 0.25625 0.1921875 0.06171875 0.0953125
0 0.10625 0.13046875 0.10390625 0.11875
0 0.03515625 0.11953125 0.0703125 0.1203125
0 0.1421875 0.42265625 0.08828125 0.103125
0 0.06875 0.43046875 0.09921875 0.11015625
0 0.01875 0.44140625 0.03671875 0.1
0 0.0265625 0.34140625 0.053125 0.103125
3 0.325 0.49453125 0.040625 0.02890625
3 0.53984375 0.33828125 0.028125 0.01015625
3 0.51484375 0.340625 0.034375 0.01015625
3 0.39296875 0.3484375 0.034375 0.01328125
3 0.421875 0.346875 0.0359375 0.01171875
3 0.45390625 0.34453125 0.034375 0.01171875
3 0.459375 0.465625 0.03515625 0.02109375
3 0.36015625 0.48671875 0.0390625 0.02578125
3 0.1328125 0.5375 0.06484375 0.03984375
3 0.26640625 0.3546875 0.03828125 0.01640625
3 0.30390625 0.353125 0.03671875 0.015625
3 0.40390625 0.47890625 0.03515625 0.02421875
0 0.1921875 0.43359375 0.01484375 0.01640625
3 0.490625 0.4609375 0.03359375 0.015625
3 0.51796875 0.45546875 0.02578125 0.01484375
3 0.5296875 0.45078125 0.00703125 0.01328125
0 0.46171875 0.3984375 0.0109375 0.01328125
0 0.44765625 0.40078125 0.01640625 0.01171875
0 0.4359375 0.4015625 0.01640625 0.0140625
0 0.446875 0.38359375 0.01796875 0.025
0 0.41953125 0.38671875 0.0171875 0.02578125
0 0.421875 0.4046875 0.01171875 0.0109375
0 0.4109375 0.40625 0.0109375 0.01015625
0 0.40625 0.38828125 0.01875 0.0265625
0 0.2234375 0.3484375 0.01953125 0.03125
0 0.18828125 0.35 0.00390625 0.03125
0 0.1765625 0.35078125 0.02578125 0.03125
0 0.1734375 0.31875 0.02734375 0.03125
0 0.153125 0.3515625 0.02734375 0.03125
0 0.12890625 0.353125 0.02890625 0.03359375
0 0.10390625 0.35390625 0.03046875 0.034375
0 0.07734375 0.35390625 0.03203125 0.0359375
0 0.14921875 0.31875 0.028125 0.03203125
0 0.12421875 0.31953125 0.0296875 0.03359375
0 0.0984375 0.31953125 0.03046875 0.034375
0 0.165625 0.25234375 0.02578125 0.03046875
0 0.14140625 0.25078125 0.02890625 0.03125
0 0.11640625 0.24921875 0.03046875 0.03203125
0 0.0890625 0.2484375 0.03203125 0.03359375
0 0.0609375 0.24609375 0.03359375 0.034375
0 0.3640625 0.28203125 0.015625 0.00859375
0 0.3484375 0.28125 0.015625 0.009375
0 0.315625 0.28046875 0.0171875 0.009375
0 0.33203125 0.28046875 0.01640625 0.009375
0 0.2984375 0.2796875 0.01796875 0.009375
0 0.28046875 0.27890625 0.01875 0.01015625
0 0.26171875 0.278125 0.01953125 0.01015625
3 0.98359375 0.68515625 0.03203125 0.0703125
3 0.61796875 0.44609375 0.03125 0.01640625