3 0.071875 0.98515625 0.01328125 0.028125
3 0.02890625 0.91015625 0.0578125 0.1671875
3 0.02421875 0.97890625 0.0484375 0.03984375
3 0.04453125 0.765625 0.015625 0.05703125
3 0.0046875 0.6453125 0.00859375 0.059375
3 0.00625 0.69375 0.01171875 0.0796875
0 0.02109375 0.759375 0.00625 0.02109375
0 0.01875 0.734375 0.00546875 0.0234375
0 0.0234375 0.71640625 0.0140625 0.01875
3 0.48203125 0.6296875 0.05 0.05
3 0.95390625 0.6234375 0.090625 0.08984375
3 0.865625 0.59453125 0.11015625 0.08671875
3 0.37421875 0.50546875 0.03515625 0.028125
3 0.4484375 0.5453125 0.04921875 0.0390625
3 0.48125 0.559375 0.05078125 0.04375
3 0.5140625 0.57890625 0.05390625 0.04921875
3 0.5640625 0.49765625 0.06015625 0.04375
3 0.6078125 0.51171875 0.0671875 0.0484375
3 0.66640625 0.534375 0.0703125 0.053125
3 0.6578125 0.74921875 0.06796875 0.08828125
3 0.51484375 0.65078125 0.053125 0.05546875
3 0.38125 0.56328125 0.03984375 0.03359375
3 0.44375 0.4609375 0.05 0.03046875
3 0.46953125 0.46953125 0.05234375 0.03359375
3 0.56171875 0.68515625 0.0578125 0.06640625
0 0.85 0.7359375 0.071875 0.09921875
0 0.40078125 0.5125 0.02421875 0.0359375
3 0.7375 0.80234375 0.0765625 0.10859375
3 0.81875 0.8546875 0.0921875 0.1296875
3 0.91875 0.91953125 0.1203125 0.159375
3 0.753125 0.696875 0.0796875 0.08984375
0 0.66953125 0.6421875 0.03515625 0.06953125
0 0.64453125 0.6359375 0.034375 0.0546875
0 0.61875 0.61953125 0.02421875 0.06328125
0 0.64765625 0.59375 0.03515625 0.0640625
0 0.596875 0.571875 0.0328125 0.05625
0 0.5953125 0.61015625 0.03203125 0.05
0 0.5703125 0.60390625 0.01953125 0.04140625
0 0.553125 0.58828125 0.01796875 0.05390625
0 0.578125 0.56328125 0.03203125 0.0546875
0 0.42109375 0.44296875 0.02734375 0.034375
0 0.4078125 0.43984375 0.02109375 0.03359375
0 0.39296875 0.4390625 0.01015625 0.028125
0 0.4 0.4109375 0.0265625 0.03125
0 0.38359375 0.4359375 0.01015625 0.028125
0 0.375 0.43359375 0.009375 0.02578125
0 0.36640625 0.43046875 0.00859375 0.02578125
0 0.35859375 0.4265625 0.00859375 0.028125
0 0.38984375 0.40859375 0.02421875 0.03046875
0 0.38046875 0.40625 0.0234375 0.0296875
0 0.371875 0.4046875 0.02265625 0.0296875
0 0.41875 0.359375 0.02734375 0.03125
0 0.4046875 0.3578125 0.01953125 0.03046875
0 0.396875 0.35703125 0.02421875 0.03046875
0 0.38828125 0.35625 0.025 0.02890625
0 0.37890625 0.3546875 0.02421875 0.028125
0 0.36875 0.35390625 0.02109375 0.028125
0 0.36015625 0.35234375 0.01953125 0.0265625
0 0.53125 0.38671875 0.03203125 0.040625
0 0.5140625 0.384375 0.03046875 0.03984375
0 0.4765625 0.38203125 0.0140625 0.034375
0 0.49140625 0.384375 0.01484375 0.03515625
0 0.4984375 0.34921875 0.03046875 0.03671875
0 0.4828125 0.3484375 0.02734375 0.03515625
0 0.46953125 0.346875 0.02890625 0.034375
0 0.453125 0.3453125 0.02109375 0.03359375
0 0.4625 0.3796875 0.01328125 0.03359375
0 0.44921875 0.378125 0.0125 0.03125
0 0.4375 0.375 0.01171875 0.03359375