2 0.27109375 0.54921875 0.04453125 0.1265625
3 0.0234375 0.69296875 0.046875 0.05
3 0.09453125 0.54140625 0.059375 0.01484375
3 0.0328125 0.546875 0.06484375 0.01953125
3 0.0234375 0.55078125 0.046875 0.02421875
3 0.00546875 0.55234375 0.0109375 0.02578125
3 0.0890625 0.62734375 0.0671875 0.02734375
3 0.06875 0.409375 0.0203125 0.0296875
3 0.02890625 0.38984375 0.0578125 0.0421875
0 0.0015625 0.18671875 0.003125 0.04765625
0 0.02578125 0.22265625 0.0140625 0.0578125
0 0.0109375 0.20078125 0.0171875 0.0640625
0 0.0109375 0.15078125 0.02109375 0.08203125
0 0.02734375 0.17734375 0.01484375 0.0734375
0 0.040625 0.1984375 0.0125 0.0671875
0 0.05234375 0.21796875 0.01171875 0.06171875
0 0.0390625 0.240625 0.0125 0.05234375
0 0.0515625 0.25859375 0.01171875 0.04921875
0 0.06171875 0.27265625 0.0109375 0.04609375
0 0.07734375 0.2828125 0.0203125 0.040625
0 0.08984375 0.29765625 0.0078125 0.03515625
0 0.09765625 0.30859375 0.0078125 0.034375
0 0.103125 0.3171875 0.00625 0.03046875
0 0.109375 0.3265625 0.00546875 0.0296875
0 0.1140625 0.334375 0.00546875 0.02890625
0 0.11953125 0.340625 0.00390625 0.0265625
0 0.06640625 0.40625 0.0375 0.04453125
0 0.0875 0.4140625 0.0078125 0.0375
0 0.0953125 0.41953125 0.0078125 0.03515625
0 0.07421875 0.3828125 0.05 0.04765625
0 0.10078125 0.42421875 0.00625 0.0328125
0 0.10703125 0.428125 0.00546875 0.0328125
0 0.1125 0.4328125 0.00546875 0.0296875
0 0.1171875 0.4359375 0.00390625 0.02890625
0 0.10234375 0.3921875 0.00625 0.0375
0 0.1078125 0.39765625 0.00625 0.0359375
0 0.11328125 0.40234375 0.00546875 0.034375
3 0.475 0.62109375 0.04765625 0.02421875
3 0.9421875 0.2609375 0.115625 0.090625
3 0.82109375 0.309375 0.14765625 0.0875
3 0.525 0.42578125 0.04375 0.02578125
3 0.55546875 0.4125 0.0421875 0.0296875
3 0.61796875 0.39453125 0.08046875 0.0375
3 0.4125 0.59453125 0.03515625 0.01484375
3 0.4375 0.45390625 0.01953125 0.015625
3 0.465625 0.4484375 0.046875 0.01796875
3 0.5359375 0.64609375 0.06484375 0.0375
0 0.946875 0.540625 0.10625 0.10546875
0 0.43984375 0.5390625 0.0078125 0.0078125
0 0.434375 0.53828125 0.0109375 0.00859375
0 0.4359375 0.53203125 0.0125 0.00390625
0 0.4234375 0.53828125 0.00859375 0.00625
0 0.42890625 0.5375 0.00234375 0.00625
3 0.71484375 0.7234375 0.1171875 0.0765625
3 0.59296875 0.67109375 0.08203125 0.04453125
3 0.82578125 0.77109375 0.159375 0.1109375
3 0.9421875 0.81953125 0.1125 0.1265625
3 0.49140625 0.5421875 0.04453125 0.015625
0 0.80234375 0.5375 0.07265625 0.07890625
0 0.74453125 0.5359375 0.04453125 0.07109375
0 0.7046875 0.5359375 0.0375 0.065625
0 0.7546875 0.465625 0.06484375 0.0734375
0 0.5625 0.490625 0.0390625 0.0421875
0 0.5625 0.5328125 0.0390625 0.0421875
0 0.534375 0.5328125 0.0140625 0.04140625
0 0.52109375 0.53203125 0.0125 0.03828125
0 0.534375 0.49140625 0.0140625 0.040625
0 0.509375 0.33125 0.03203125 0.0375
0 0.4875 0.33984375 0.009375 0.03515625
0 0.46953125 0.35390625 0.00859375 0.03203125
0 0.47734375 0.34765625 0.00859375 0.0328125
0 0.4859375 0.31796875 0.02578125 0.03828125
0 0.46953125 0.3265625 0.00859375 0.0359375
0 0.4609375 0.334375 0.0078125 0.034375
0 0.45234375 0.340625 0.0078125 0.03203125
0 0.4609375 0.3609375 0.0078125 0.0296875
0 0.45234375 0.36640625 0.0078125 0.02890625
0 0.44609375 0.371875 0.00625 0.02890625
0 0.434375 0.3734375 0.0140625 0.0234375
0 0.425 0.37734375 0.00546875 0.0234375
0 0.41953125 0.38203125 0.00390625 0.0234375
0 0.4140625 0.38671875 0.00390625 0.02265625
0 0.409375 0.390625 0.00546875 0.02265625
0 0.40546875 0.39453125 0.00390625 0.02109375
0 0.4 0.39765625 0.00390625 0.01953125
0 0.4390625 0.4515625 0.0234375 0.02421875
0 0.42421875 0.45390625 0.00546875 0.02421875
0 0.41875 0.45625 0.00546875 0.0234375
0 0.42734375 0.4328125 0.02265625 0.02578125
0 0.41328125 0.459375 0.00546875 0.02265625
0 0.40859375 0.46015625 0.00390625 0.02265625
0 0.40390625 0.4625 0.003125 0.0203125
0 0.4 0.4640625 0.00390625 0.02109375
0 0.41328125 0.4359375 0.00546875 0.0234375
0 0.40859375 0.43828125 0.00390625 0.0234375
0 0.40390625 0.44140625 0.003125 0.0234375
3 0.659375 0.590625 0.03515625 0.0140625
3 0.99375 0.42421875 0.0125 0.0203125
3 0.95078125 0.4296875 0.0796875 0.02734375
3 0.58359375 0.534375 0.003125 0.00546875
3 0.62890625 0.5359375 0.02890625 0.00859375
3 0.6578125 0.5359375 0.034375 0.00859375
3 0.67734375 0.5375 0.01796875 0.00859375
3 0.7125 0.46328125 0.01953125 0.01171875
3 0.81015625 0.4515625 0.04609375 0.015625
3 0.81171875 0.615625 0.05546875 0.0234375
3 0.6890625 0.59609375 0.04140625 0.0140625
3 0.57421875 0.57734375 0.02890625 0.00859375
3 0.62578125 0.47578125 0.0265625 0.0109375
3 0.65078125 0.47265625 0.0375 0.009375
3 0.73046875 0.60234375 0.04765625 0.0171875
0 0.5921875 0.5296875 0.0171875 0.0171875
3 0.88359375 0.62734375 0.06953125 0.0265625
3 0.95234375 0.6375 0.08046875 0.03203125
3 0.9953125 0.64375 0.009375 0.0234375
3 0.87578125 0.54140625 0.04921875 0.0125
0 0.79765625 0.49296875 0.01953125 0.009375
0 0.6109375 0.4734375 0.01796875 0.01953125
0 0.5984375 0.47421875 0.0078125 0.01796875
0 0.58984375 0.47578125 0.0078125 0.0171875
0 0.59453125 0.4578125 0.0171875 0.01796875
0 0.5828125 0.4765625 0.0078125 0.0171875
0 0.5828125 0.459375 0.0078125 0.0171875
0 0.575 0.4609375 0.0078125 0.015625
0 0.56953125 0.46171875 0.00625 0.01484375
0 0.66875 0.37890625 0.01171875 0.009375
0 0.6578125 0.38203125 0.009375 0.00859375
3 0.52890625 0.9671875 0.065625 0.0625