2 0.27109375 0.54921875 0.0453125 0.1265625
3 0.0234375 0.69296875 0.046875 0.05
3 0.09453125 0.54140625 0.059375 0.01484375
3 0.03203125 0.54609375 0.0640625 0.0203125
3 0.0234375 0.55078125 0.04609375 0.025
3 0.00546875 0.55234375 0.01015625 0.025
3 0.0890625 0.628125 0.06796875 0.028125
3 0.06875 0.409375 0.01953125 0.03046875
3 0.0296875 0.39140625 0.05859375 0.040625
0 0.0015625 0.18671875 0.003125 0.046875
0 0.02578125 0.221875 0.01484375 0.05703125
0 0.0109375 0.20078125 0.0171875 0.0640625
0 0.01015625 0.15 0.0203125 0.08125
0 0.02734375 0.1765625 0.01484375 0.0734375
0 0.040625 0.1984375 0.01328125 0.06796875
0 0.05234375 0.21796875 0.01171875 0.06171875
0 0.03984375 0.24140625 0.01328125 0.053125
0 0.0515625 0.25859375 0.01171875 0.0484375
0 0.06171875 0.27265625 0.01015625 0.0453125
0 0.0765625 0.2828125 0.0203125 0.03984375
0 0.08984375 0.296875 0.00703125 0.03515625
0 0.096875 0.3078125 0.00703125 0.034375
0 0.103125 0.31796875 0.00546875 0.03125
0 0.10859375 0.32578125 0.00546875 0.0296875
0 0.1140625 0.33359375 0.0046875 0.02890625
0 0.11875 0.34140625 0.0046875 0.0265625
0 0.065625 0.40625 0.03671875 0.04453125
0 0.08828125 0.4140625 0.00703125 0.03828125
0 0.0953125 0.41953125 0.00703125 0.03515625
0 0.07421875 0.38203125 0.05 0.0484375
0 0.10078125 0.42421875 0.00625 0.03359375
0 0.10703125 0.428125 0.00546875 0.03203125
0 0.1125 0.43203125 0.0046875 0.0296875
0 0.1171875 0.4359375 0.0046875 0.02890625
0 0.10234375 0.3921875 0.00625 0.03828125
0 0.1078125 0.39765625 0.00546875 0.0359375
0 0.11328125 0.40234375 0.00546875 0.034375
3 0.475 0.62109375 0.04765625 0.025
3 0.94140625 0.2609375 0.11640625 0.090625
3 0.8203125 0.309375 0.14765625 0.08671875
3 0.525 0.42578125 0.04453125 0.025
3 0.55546875 0.41328125 0.04296875 0.0296875
3 0.6171875 0.39375 0.08046875 0.03828125
3 0.41171875 0.59453125 0.034375 0.01484375
3 0.4375 0.45390625 0.01875 0.01640625
3 0.465625 0.4484375 0.046875 0.01875
3 0.5359375 0.64609375 0.06484375 0.03671875
0 0.946875 0.540625 0.10546875 0.10546875
0 0.43984375 0.5390625 0.00703125 0.00703125
0 0.43359375 0.53828125 0.01015625 0.00859375
0 0.4359375 0.53203125 0.01171875 0.0046875
0 0.4234375 0.53828125 0.0078125 0.00625
0 0.42890625 0.5375 0.00234375 0.00625
3 0.7140625 0.7234375 0.1171875 0.0765625
3 0.5921875 0.67109375 0.08203125 0.04453125
3 0.82578125 0.77109375 0.16015625 0.1109375
3 0.94296875 0.81953125 0.11328125 0.1265625
3 0.49140625 0.5421875 0.0453125 0.015625
0 0.80234375 0.53671875 0.07265625 0.07890625
0 0.74453125 0.5359375 0.04453125 0.07109375
0 0.7046875 0.5359375 0.03671875 0.065625
0 0.7546875 0.465625 0.06484375 0.0734375
0 0.56171875 0.48984375 0.03984375 0.04296875
0 0.56171875 0.53203125 0.03984375 0.04296875
0 0.534375 0.53203125 0.0140625 0.040625
0 0.52109375 0.53203125 0.0125 0.03828125
0 0.534375 0.49140625 0.01328125 0.040625
0 0.509375 0.33125 0.03203125 0.03671875
0 0.4875 0.33984375 0.01015625 0.03515625
0 0.46875 0.35390625 0.00859375 0.03203125
0 0.478125 0.346875 0.00859375 0.03359375
0 0.4859375 0.31796875 0.02578125 0.03828125
0 0.46875 0.3265625 0.00859375 0.0359375
0 0.46015625 0.33359375 0.00703125 0.034375
0 0.453125 0.340625 0.00703125 0.03203125
0 0.46015625 0.36015625 0.00703125 0.0296875
0 0.45234375 0.36640625 0.00703125 0.02890625
0 0.4453125 0.371875 0.00703125 0.02890625
0 0.434375 0.3734375 0.0140625 0.02421875
0 0.42421875 0.378125 0.00546875 0.02421875
0 0.41875 0.38203125 0.0046875 0.0234375
0 0.4140625 0.3859375 0.00390625 0.021875
0 0.409375 0.390625 0.0046875 0.021875
0 0.4046875 0.39375 0.00390625 0.02109375
0 0.4 0.39765625 0.00390625 0.01953125
0 0.4390625 0.4515625 0.0234375 0.025
0 0.42421875 0.45390625 0.00546875 0.02421875
0 0.41875 0.45625 0.0046875 0.0234375
0 0.42734375 0.4328125 0.02265625 0.025
0 0.41328125 0.45859375 0.0046875 0.021875
0 0.40859375 0.46015625 0.00390625 0.021875
0 0.40390625 0.46171875 0.00390625 0.0203125
0 0.4 0.46328125 0.00390625 0.02109375
0 0.41328125 0.4359375 0.0046875 0.02421875
0 0.40859375 0.43828125 0.0046875 0.0234375
0 0.40390625 0.44140625 0.00390625 0.0234375
3 0.65859375 0.59140625 0.03515625 0.0140625
3 0.99375 0.42421875 0.01171875 0.0203125
3 0.95078125 0.4296875 0.0796875 0.028125
3 0.58359375 0.534375 0.00234375 0.00546875
3 0.62890625 0.5359375 0.028125 0.00859375
3 0.6578125 0.5359375 0.03359375 0.009375
3 0.67734375 0.53671875 0.01875 0.00859375
3 0.7125 0.46328125 0.01875 0.01171875
3 0.81015625 0.4515625 0.0453125 0.015625
3 0.81171875 0.615625 0.0546875 0.0234375
3 0.6890625 0.59609375 0.0421875 0.0140625
3 0.5734375 0.578125 0.02890625 0.009375
3 0.62578125 0.47578125 0.02578125 0.01015625
3 0.65078125 0.47265625 0.03671875 0.01015625
3 0.7296875 0.60234375 0.04765625 0.01796875
0 0.59296875 0.5296875 0.01796875 0.01640625
3 0.88359375 0.6265625 0.06953125 0.0265625
3 0.95234375 0.63671875 0.08046875 0.03125
3 0.99453125 0.64296875 0.009375 0.0234375
3 0.87578125 0.54140625 0.04921875 0.01328125
0 0.79765625 0.49296875 0.01953125 0.01015625
0 0.6109375 0.4734375 0.01796875 0.01875
0 0.5984375 0.47421875 0.0078125 0.01875
0 0.58984375 0.47578125 0.00703125 0.01796875
0 0.59453125 0.4578125 0.01640625 0.01796875
0 0.5828125 0.4765625 0.00703125 0.01640625
0 0.5828125 0.459375 0.00703125 0.01796875
0 0.575 0.4609375 0.00703125 0.01640625
0 0.56875 0.4609375 0.00625 0.01484375
0 0.66875 0.37890625 0.01171875 0.01015625
0 0.65703125 0.38203125 0.009375 0.00859375
3 0.52890625 0.96796875 0.065625 0.06328125