3 0.42109375 0.68671875 0.07734375 0.09453125
3 0.69453125 0.3546875 0.05234375 0.02421875
3 0.67265625 0.3609375 0.053125 0.0265625
3 0.52734375 0.40546875 0.06796875 0.04375
3 0.56328125 0.39453125 0.0671875 0.0375
3 0.6046875 0.384375 0.05625 0.03203125
3 0.0578125 0.91953125 0.11484375 0.15859375
3 0.32890625 0.47109375 0.0875 0.07734375
3 0.39375 0.45 0.08515625 0.065625
3 0.53125 0.6140625 0.06484375 0.06953125
0 0.6859375 0.4359375 0.03203125 0.0359375
0 0.25390625 0.65390625 0.02265625 0.04140625
0 0.22578125 0.67578125 0.02421875 0.046875
0 0.1984375 0.67109375 0.02421875 0.0609375
0 0.12265625 0.72265625 0.034375 0.053125
0 0.16484375 0.690625 0.02734375 0.04921875
3 0.634375 0.5484375 0.053125 0.03515625
3 0.58046875 0.5875 0.059375 0.04453125
3 0.6671875 0.53046875 0.03046875 0.03203125
3 0.6875 0.51640625 0.03046875 0.02890625
3 0.47734375 0.5546875 0.07265625 0.07109375
0 0.66953125 0.44921875 0.01171875 0.0359375
0 0.65390625 0.4546875 0.0234375 0.03515625
0 0.6390625 0.45625 0.0328125 0.04453125
0 0.6515625 0.421875 0.0328125 0.04140625
0 0.559375 0.4609375 0.03515625 0.05390625
0 0.5671875 0.50390625 0.015625 0.0421875
0 0.5421875 0.509375 0.03515625 0.05
0 0.525 0.5125 0.0375 0.059375
0 0.5421875 0.46875 0.0375 0.05625
0 0.49921875 0.278125 0.0234375 0.05234375
0 0.47421875 0.2796875 0.02421875 0.05546875
0 0.41953125 0.2828125 0.03203125 0.059375
0 0.44765625 0.28203125 0.02734375 0.0578125
0 0.44609375 0.221875 0.02890625 0.0609375
0 0.41640625 0.22109375 0.0328125 0.0625
0 0.384375 0.21875 0.0375 0.0671875
0 0.3421875 0.2171875 0.053125 0.0703125
0 0.3875 0.284375 0.0359375 0.0625
0 0.353125 0.2859375 0.040625 0.065625
0 0.3109375 0.2875 0.05546875 0.0703125
0 0.20078125 0.26015625 0.06484375 0.084375
0 0.14140625 0.26015625 0.0765625 0.090625
0 0.07421875 0.2609375 0.0890625 0.09765625
0 0.025 0.2625 0.05 0.10078125
0 0.22890625 0.4734375 0.05625 0.09609375
0 0.17734375 0.4875 0.0640625 0.10390625
0 0.12109375 0.5125 0.07421875 0.0890625
0 0.10859375 0.43046875 0.08515625 0.10546875
0 0.05546875 0.53125 0.0859375 0.09453125
0 0.015625 0.54375 0.03125 0.090625
0 0.04140625 0.4421875 0.0828125 0.11484375
0 0.0078125 0.44921875 0.01484375 0.10859375
3 0.27421875 0.42890625 0.04375 0.02734375
3 0.3125 0.41875 0.04140625 0.0265625
3 0.34921875 0.4109375 0.0359375 0.02421875
3 0.38203125 0.33984375 0.02734375 0.00546875
3 0.409375 0.33671875 0.02734375 0.00546875
3 0.4375 0.3328125 0.02890625 0.00546875
3 0.259375 0.3515625 0.0390625 0.0203125
3 0.29609375 0.35234375 0.03515625 0.00859375
0 0.49921875 0.3734375 0.0109375 0.02109375
0 0.18359375 0.43125 0.0375 0.0203125
3 0.46953125 0.384375 0.0328125 0.0125
0 0.44453125 0.38359375 0.01171875 0.0265625
0 0.43046875 0.3875 0.0171875 0.0234375
0 0.42109375 0.3875 0.01484375 0.0265625
0 0.42890625 0.365625 0.01796875 0.02421875
0 0.40390625 0.36953125 0.01796875 0.0265625
0 0.4078125 0.39375 0.0125 0.0234375
0 0.39453125 0.3953125 0.015625 0.02421875
0 0.38046875 0.39609375 0.01953125 0.02890625
0 0.39140625 0.371875 0.01953125 0.0265625
0 0.21484375 0.34609375 0.0234375 0.034375
0 0.19296875 0.3484375 0.02421875 0.03515625
0 0.171875 0.35234375 0.0265625 0.03046875
0 0.1703125 0.33515625 0.0234375 0.00625
0 0.15 0.35546875 0.02734375 0.034375
0 0.12578125 0.35859375 0.0296875 0.034375
0 0.10078125 0.3609375 0.03046875 0.03515625
0 0.07421875 0.36171875 0.0328125 0.040625
0 0.146875 0.3375 0.0234375 0.0078125
0 0.121875 0.3390625 0.02421875 0.00625
0 0.09765625 0.3421875 0.0265625 0.0078125
0 0.3140625 0.2375 0.01171875 0.0265625
0 0.30078125 0.2375 0.01953125 0.0265625
0 0.284375 0.2375 0.01953125 0.02890625
0 0.2671875 0.2375 0.01796875 0.0296875
0 0.28125 0.2671875 0.009375 0.02734375
0 0.27109375 0.2671875 0.015625 0.02734375
0 0.2421875 0.2671875 0.00859375 0.0296875
3 0.89921875 0.63203125 0.09375 0.08046875
3 0.59296875 0.41953125 0.02421875 0.0125