2 0.3140625 0.5390625 0.040625 0.10078125
3 0.17734375 0.628125 0.02578125 0.02421875
3 0.09375 0.0703125 0.0421875 0.140625
3 0.128125 0.17265625 0.0328125 0.159375
3 0.19453125 0.53125 0.0109375 0.009375
3 0.18125 0.5328125 0.015625 0.0140625
3 0.18046875 0.53359375 0.0140625 0.015625
3 0.18984375 0.39375 0.0140625 0.034375
3 0.17890625 0.37265625 0.01953125 0.046875
3 0.1796875 0.5984375 0.040625 0.01796875
3 0.19453125 0.434375 0.00234375 0.0171875
3 0.190625 0.425 0.00546875 0.0203125
3 0.1703125 0.6609375 0.0125 0.03828125
0 0.03125 0.49921875 0.01796875 0.16796875
0 0.06953125 0.50546875 0.0890625 0.12890625
0 0.11875 0.509375 0.0140625 0.10390625
0 0.12890625 0.51171875 0.01171875 0.09375
0 0.078125 0.40390625 0.10078125 0.11953125
0 0.14765625 0.4625 0.04140625 0.059375
0 0.15078125 0.51796875 0.034375 0.05546875
0 0.16953125 0.51953125 0.00390625 0.05
0 0.171875 0.51953125 0.003125 0.04765625
0 0.16953125 0.4859375 0.003125 0.01796875
0 0.1828125 0.25234375 0.00234375 0.015625
0 0.190625 0.4125 0.00390625 0.00390625
3 0.0625 0.94609375 0.040625 0.10625
3 0.09453125 0.86640625 0.05859375 0.1625
3 0.15234375 0.6921875 0.02890625 0.05078125
3 0.1296875 0.775 0.0296875 0.09921875
3 0.7515625 0.37734375 0.08203125 0.04375
3 0.6859375 0.39609375 0.06796875 0.03515625
3 0.51953125 0.44609375 0.0328125 0.015625
3 0.540625 0.43984375 0.0296875 0.01796875
3 0.5828125 0.43046875 0.053125 0.02109375
3 0.42265625 0.57734375 0.0296875 0.0109375
3 0.44921875 0.46328125 0.015625 0.01171875
3 0.47265625 0.46015625 0.0390625 0.0140625
3 0.5375 0.60546875 0.02578125 0.02109375
0 0.74765625 0.51953125 0.059375 0.05
0 0.44921875 0.53125 0.0078125 0.00546875
0 0.4421875 0.53046875 0.00859375 0.00625
0 0.4328125 0.53046875 0.00625 0.00390625
0 0.4375 0.53046875 0.00234375 0.00390625
3 0.63515625 0.634375 0.06171875 0.03203125
3 0.565625 0.615625 0.05546875 0.0234375
3 0.690625 0.6484375 0.08046875 0.0375
3 0.75078125 0.665625 0.08203125 0.05
3 0.49453125 0.53046875 0.03515625 0.0109375
0 0.68203125 0.5203125 0.040625 0.0421875
0 0.65078125 0.5203125 0.02109375 0.040625
0 0.63125 0.52109375 0.01796875 0.03828125
0 0.66015625 0.48046875 0.0375 0.04140625
0 0.54609375 0.4921875 0.02734375 0.0296875
0 0.54609375 0.52265625 0.02734375 0.0296875
0 0.52578125 0.52265625 0.009375 0.02890625
0 0.51640625 0.5234375 0.009375 0.02734375
0 0.52578125 0.49453125 0.009375 0.02890625
0 0.50703125 0.375 0.02421875 0.0265625
0 0.490625 0.3796875 0.00859375 0.02578125
0 0.475 0.3875 0.0078125 0.02421875
0 0.48203125 0.384375 0.00625 0.0234375
0 0.4890625 0.36171875 0.0203125 0.02734375
0 0.475 0.36640625 0.0078125 0.0265625
0 0.4671875 0.3703125 0.0078125 0.02578125
0 0.46171875 0.37421875 0.00625 0.02578125
0 0.4671875 0.3921875 0.0078125 0.0234375
0 0.4609375 0.39609375 0.00625 0.02265625
0 0.45390625 0.39921875 0.00625 0.02265625
0 0.44609375 0.3984375 0.0140625 0.0203125
0 0.4359375 0.4015625 0.00546875 0.0203125
0 0.43046875 0.40390625 0.00546875 0.01953125
0 0.42578125 0.4078125 0.00390625 0.01953125
0 0.42109375 0.41015625 0.00390625 0.01796875
0 0.41640625 0.4125 0.003125 0.0171875
0 0.4125 0.415625 0.003125 0.01796875
0 0.44765625 0.4609375 0.01953125 0.0203125
0 0.4359375 0.4625 0.00546875 0.01953125
0 0.4296875 0.4640625 0.00390625 0.0203125
0 0.43671875 0.4453125 0.01796875 0.0203125
0 0.42578125 0.465625 0.00390625 0.01953125
0 0.4203125 0.4671875 0.00390625 0.0171875
0 0.415625 0.46875 0.00390625 0.015625
0 0.41171875 0.46953125 0.00390625 0.01796875
0 0.42578125 0.44765625 0.00390625 0.01953125
0 0.4203125 0.44921875 0.00390625 0.0203125
0 0.415625 0.45078125 0.00390625 0.01953125
3 0.62578125 0.575 0.02734375 0.009375
3 0.8703125 0.4453125 0.05546875 0.0203125
3 0.82734375 0.45078125 0.04140625 0.01796875
3 0.56328125 0.53046875 0.00546875 0.00546875
3 0.60234375 0.53046875 0.02421875 0.00625
3 0.61484375 0.53046875 0.00859375 0.00625
3 0.67890625 0.47109375 0.00078125 0.0078125
3 0.69609375 0.46875 0.03046875 0.01171875
3 0.7296875 0.4640625 0.03828125 0.01171875
3 0.7359375 0.5875 0.0421875 0.0140625
3 0.6484375 0.57734375 0.0328125 0.009375
3 0.55546875 0.56640625 0.02421875 0.0078125
3 0.60234375 0.48046875 0.02734375 0.00859375
3 0.61796875 0.47890625 0.0296875 0.00859375
3 0.67734375 0.58046875 0.0359375 0.01171875
0 0.828125 0.5234375 0.03515625 0.02578125
0 0.571875 0.52578125 0.0140625 0.0140625
3 0.77734375 0.59375 0.0390625 0.0171875
3 0.82265625 0.59921875 0.05234375 0.015625
3 0.8703125 0.60390625 0.05546875 0.0203125
3 0.7859375 0.53046875 0.01953125 0.00859375
0 0.7171875 0.52421875 0.0078125 0.0203125
0 0.7078125 0.52421875 0.01171875 0.0203125
0 0.7234375 0.50234375 0.01953125 0.02109375
0 0.69609375 0.50390625 0.01953125 0.01796875
0 0.58671875 0.47734375 0.0140625 0.01484375
0 0.5765625 0.47890625 0.00625 0.01484375
0 0.56953125 0.4796875 0.00546875 0.01484375
0 0.5734375 0.46484375 0.0125 0.01484375
0 0.56328125 0.48046875 0.00546875 0.01484375
0 0.5578125 0.48125 0.00625 0.0140625
0 0.56328125 0.46640625 0.00546875 0.0140625
0 0.5578125 0.4671875 0.00546875 0.0140625
0 0.5515625 0.46875 0.00546875 0.0140625
0 0.65390625 0.41484375 0.015625 0.00625
0 0.640625 0.41640625 0.009375 0.0078125
0 0.6265625 0.42109375 0.00234375 0.00546875
0 0.63203125 0.41953125 0.00859375 0.00625
0 0.6359375 0.4078125 0.015625 0.0203125
0 0.6265625 0.409375 0.00234375 0.015625
0 0.61484375 0.4125 0.00859375 0.0171875
0 0.6078125 0.41484375 0.0078125 0.0171875
0 0.615625 0.42421875 0.0078125 0.00546875
0 0.61015625 0.42421875 0.003125 0.00390625
3 0.4828125 0.684375 0.12265625 0.07265625
3 0.9640625 0.60234375 0.06953125 0.0265625