3 0.4078125 0.76796875 0.07734375 0.065625
3 0.93984375 0.49609375 0.11953125 0.028125
3 0.87109375 0.49609375 0.1234375 0.028125
3 0.12734375 0.6421875 0.109375 0.0453125
3 0.33515625 0.64921875 0.08984375 0.05
3 0.40703125 0.646875 0.07890625 0.04921875
3 0.47578125 0.65078125 0.06171875 0.05625
3 0.55703125 0.5 0.0609375 0.0296875
3 0.62109375 0.5 0.08125 0.028125
3 0.69765625 0.50078125 0.09140625 0.0265625
3 0.7015625 0.77890625 0.09453125 0.06875
3 0.4734375 0.76953125 0.06953125 0.065625
3 0.1390625 0.7609375 0.11015625 0.06328125
3 0.32421875 0.5 0.0859375 0.0296875
3 0.3828125 0.50078125 0.07734375 0.03046875
3 0.5640625 0.77578125 0.0734375 0.06796875
0 0.875 0.640625 0.071875 0.06953125
0 0.20859375 0.63203125 0.06171875 0.065625
3 0.78828125 0.78125 0.10703125 0.06953125
3 0.8734375 0.7921875 0.09140625 0.05078125
3 0.9453125 0.79140625 0.09921875 0.05625
3 0.790625 0.65078125 0.10703125 0.046875
0 0.71171875 0.63515625 0.03125 0.06640625
0 0.67421875 0.63515625 0.04375 0.06640625
0 0.646875 0.634375 0.03984375 0.06640625
0 0.675 0.5859375 0.0453125 0.06328125
0 0.60859375 0.5859375 0.03671875 0.06171875
0 0.6125 0.64296875 0.0296875 0.05
0 0.58046875 0.634375 0.03359375 0.06484375
0 0.55234375 0.63359375 0.03203125 0.06640625
0 0.58046875 0.5859375 0.03515625 0.06171875
0 0.265625 0.484375 0.0515625 0.0515625
0 0.23671875 0.484375 0.053125 0.0515625
0 0.196875 0.48515625 0.0296875 0.05
0 0.209375 0.434375 0.0578125 0.05078125
0 0.16875 0.48515625 0.02890625 0.05
0 0.140625 0.48515625 0.03046875 0.05
0 0.1125 0.4859375 0.0296875 0.04921875
0 0.08515625 0.484375 0.0296875 0.05078125
0 0.1671875 0.434375 0.0296875 0.04921875
0 0.13828125 0.43515625 0.0296875 0.05
0 0.11015625 0.43515625 0.0296875 0.05
0 0.26328125 0.33046875 0.053125 0.05703125
0 0.22265625 0.32734375 0.03046875 0.05078125
0 0.19375 0.32734375 0.0296875 0.05078125
0 0.16484375 0.328125 0.0296875 0.05
0 0.1359375 0.328125 0.03046875 0.05
0 0.1078125 0.328125 0.0296875 0.05078125
0 0.0796875 0.32890625 0.0296875 0.05
0 0.49921875 0.346875 0.0296875 0.053125
0 0.46875 0.346875 0.03046875 0.053125
0 0.409375 0.34765625 0.0296875 0.05078125
0 0.4390625 0.346875 0.0296875 0.0515625
0 0.44140625 0.29453125 0.03515625 0.053125
0 0.40859375 0.29453125 0.0296875 0.053125
0 0.37890625 0.2953125 0.03046875 0.0515625
0 0.34921875 0.29609375 0.0296875 0.053125
0 0.3796875 0.34765625 0.0296875 0.05078125
0 0.35 0.34765625 0.02890625 0.05078125
0 0.32109375 0.34765625 0.0296875 0.05078125