3 0.97578125 0.9609375 0.04765625 0.0765625
3 0.875 0.3921875 0.0515625 0.0234375
3 0.89375 0.4109375 0.06640625 0.0359375
3 0.99765625 0.81953125 0.003125 0.01484375
3 0.975 0.75859375 0.0484375 0.1
3 0.96875 0.53203125 0.06171875 0.065625
3 0.95859375 0.49140625 0.08203125 0.046875
3 0.946875 0.4609375 0.0859375 0.0390625
3 0.93984375 0.78515625 0.09765625 0.1203125
0 0.86015625 0.4734375 0.0203125 0.0359375
0 0.86015625 0.49609375 0.01171875 0.03671875
0 0.88125 0.50625 0.04453125 0.0390625
0 0.8890625 0.521875 0.0484375 0.05
0 0.88671875 0.48046875 0.04375 0.046875
0 0.9453125 0.57578125 0.04765625 0.05859375
0 0.921875 0.615625 0.0203125 0.05859375
0 0.9328125 0.63671875 0.02265625 0.0609375
0 0.96640625 0.671875 0.06640625 0.08828125
0 0.965625 0.60390625 0.0671875 0.08046875
3 0.834375 0.54609375 0.01796875 0.03203125
3 0.83984375 0.571875 0.01328125 0.03671875
3 0.9015625 0.69140625 0.06953125 0.0796875
3 0.87109375 0.6109375 0.05703125 0.059375
3 0.4515625 0.67421875 0.06328125 0.07890625
3 0.5859375 0.35390625 0.02734375 0.01953125
3 0.5734375 0.36328125 0.03515625 0.0203125
3 0.50390625 0.41953125 0.05703125 0.03671875
3 0.52265625 0.403125 0.04921875 0.0296875
3 0.54375 0.390625 0.03671875 0.0265625
3 0.24140625 0.97109375 0.0765625 0.05546875
3 0.40546875 0.51171875 0.08671875 0.0734375
3 0.43984375 0.48046875 0.078125 0.059375
3 0.51015625 0.58671875 0.04765625 0.0515625
0 0.584375 0.41640625 0.01640625 0.02890625
0 0.3515625 0.69375 0.028125 0.03671875
0 0.340625 0.72109375 0.0296875 0.04140625
0 0.31328125 0.72890625 0.03125 0.05390625
0 0.26796875 0.80078125 0.03515625 0.053125
0 0.2890625 0.75859375 0.0328125 0.04609375
3 0.559375 0.509375 0.034375 0.0296875
3 0.53359375 0.55078125 0.04140625 0.03828125
3 0.578125 0.49140625 0.01640625 0.02578125
3 0.58671875 0.47578125 0.015625 0.02421875
3 0.48359375 0.54765625 0.0609375 0.05625
0 0.57734375 0.4296875 0.0046875 0.028125
0 0.56484375 0.4359375 0.02109375 0.028125
0 0.559375 0.4390625 0.02265625 0.03203125
0 0.56484375 0.41171875 0.02265625 0.02890625
0 0.5265625 0.459375 0.01796875 0.0390625
0 0.53203125 0.4890625 0.00703125 0.0359375
0 0.52421875 0.49921875 0.00703125 0.03671875
0 0.50546875 0.50546875 0.03046875 0.046875
0 0.5140625 0.46796875 0.0296875 0.040625
0 0.49375 0.3265625 0.02265625 0.0453125
0 0.48828125 0.33125 0.01171875 0.046875
0 0.46171875 0.34296875 0.01484375 0.05078125
0 0.47578125 0.33671875 0.01328125 0.0484375
0 0.4609375 0.29140625 0.04140625 0.0484375
0 0.44765625 0.29453125 0.04140625 0.0515625
0 0.43125 0.2984375 0.0453125 0.05546875
0 0.4109375 0.3015625 0.0515625 0.059375
0 0.44609375 0.34921875 0.0171875 0.05390625
0 0.42890625 0.35546875 0.01953125 0.05703125
0 0.39296875 0.3609375 0.05546875 0.06640625
0 0.33125 0.3578125 0.06953125 0.08046875
0 0.296875 0.36875 0.07734375 0.0890625
0 0.25703125 0.38046875 0.08515625 0.0984375
0 0.209375 0.39609375 0.0984375 0.11015625
0 0.15 0.4140625 0.1140625 0.125
0 0.0765625 0.4375 0.13515625 0.1453125
0 0.03203125 0.459375 0.0640625 0.15546875
0 0.34453125 0.53671875 0.06171875 0.0890625
0 0.32890625 0.56015625 0.03984375 0.0984375
0 0.296875 0.596875 0.04296875 0.08984375
0 0.27265625 0.52578125 0.0796875 0.10625
0 0.25703125 0.63046875 0.053125 0.1
0 0.2078125 0.67109375 0.06484375 0.1140625
0 0.1484375 0.72109375 0.08203125 0.1296875
0 0.06328125 0.7625 0.1265625 0.19140625
0 0.2296875 0.553125 0.08984375 0.11953125
0 0.178125 0.58671875 0.10234375 0.13671875
0 0.11484375 0.62734375 0.11953125 0.15859375
3 0.01015625 0.5890625 0.0203125 0.0140625
3 0.190625 0.5015625 0.04921875 0.028125
3 0.234375 0.47890625 0.03984375 0.02109375
3 0.2734375 0.4609375 0.0328125 0.01796875
3 0.3578125 0.4625 0.0359375 0.025
3 0.02421875 0.66953125 0.0484375 0.06328125
3 0.315625 0.49140625 0.03046875 0.0296875
0 0.0796875 0.553125 0.02578125 0.01171875
3 0.3828125 0.45 0.0328125 0.01875
3 0.40546875 0.43828125 0.01953125 0.01796875
3 0.4203125 0.42890625 0.0203125 0.01640625
0 0.3265625 0.4328125 0.01015625 0.0046875
0 0.315625 0.43828125 0.01015625 0.0046875
0 0.30390625 0.44375 0.01015625 0.0046875
0 0.03046875 0.3734375 0.03984375 0.009375
0 0.00859375 0.37734375 0.0171875 0.0078125
0 0.08203125 0.30546875 0.04453125 0.04296875
0 0.0515625 0.30859375 0.04765625 0.04375
0 0.02265625 0.31171875 0.04453125 0.04609375
0 0.00546875 0.315625 0.0109375 0.04375
0 0.25625 0.2984375 0.02890625 0.0296875
0 0.2453125 0.30078125 0.01953125 0.03046875
0 0.2109375 0.30546875 0.02265625 0.03125
0 0.2296875 0.303125 0.0203125 0.03046875
0 0.221875 0.2734375 0.02890625 0.03046875
0 0.20546875 0.27421875 0.02578125 0.03203125
0 0.1859375 0.27578125 0.02734375 0.03359375
0 0.16015625 0.278125 0.03828125 0.03515625
0 0.1921875 0.30859375 0.02421875 0.03359375
0 0.171875 0.3109375 0.02578125 0.034375
0 0.14375 0.3125 0.03984375 0.03828125
3 0.71953125 0.51328125 0.04921875 0.03125
3 0.475 0.41328125 0.00078125 0.00703125