3 0.046875 0.909375 0.08984375 0.13046875
3 0.0125 0.690625 0.025 0.0734375
3 0.10390625 0.6953125 0.03515625 0.05390625
3 0.0359375 0.55546875 0.071875 0.03984375
3 0.0296875 0.584375 0.059375 0.05703125
0 0.0671875 0.67109375 0.02734375 0.02578125
0 0.06171875 0.6640625 0.03125 0.028125
0 0.0796875 0.64453125 0.02890625 0.02578125
0 0.078125 0.63359375 0.0265625 0.0234375
0 0.08515625 0.6359375 0.02734375 0.01640625
3 0.02890625 0.84765625 0.0578125 0.11796875
0 0.00234375 0.94375 0.0046875 0.05
0 0.00625 0.4109375 0.0125 0.06875
0 0.00234375 0.359375 0.00390625 0.03203125
0 0.0078125 0.34375 0.01484375 0.0640625
0 0.015625 0.3453125 0.0171875 0.0609375
0 0.0140625 0.40859375 0.01796875 0.0640625
0 0.0234375 0.40625 0.01640625 0.059375
0 0.03203125 0.403125 0.01484375 0.05625
0 0.03515625 0.3796875 0.02578125 0.05
0 0.0546875 0.37890625 0.00703125 0.0453125
0 0.05859375 0.37890625 0.01015625 0.04453125
0 0.06328125 0.37890625 0.009375 0.04296875
0 0.06796875 0.37890625 0.00859375 0.040625
0 0.07265625 0.378125 0.0078125 0.03828125
0 0.0765625 0.378125 0.0078125 0.03671875
0 0.03125 0.5203125 0.0625 0.05
0 0.04140625 0.5125 0.065625 0.04140625
0 0.075 0.5171875 0.00703125 0.025
0 0.04296875 0.46953125 0.05859375 0.05078125
0 0.078125 0.50078125 0.0078125 0.04296875
0 0.08203125 0.49609375 0.00703125 0.040625
0 0.0859375 0.490625 0.00703125 0.0390625
0 0.0890625 0.4859375 0.00703125 0.03828125
0 0.0703125 0.46171875 0.01640625 0.04296875
0 0.071875 0.45859375 0.01953125 0.040625
0 0.07421875 0.4546875 0.02265625 0.0390625
3 0.496875 0.6453125 0.04921875 0.04609375
3 0.984375 0.6390625 0.03046875 0.0765625
3 0.8984375 0.6140625 0.14453125 0.1
3 0.4078125 0.51953125 0.02734375 0.0234375
3 0.46796875 0.55703125 0.046875 0.03359375
3 0.49609375 0.571875 0.05078125 0.0390625
3 0.5234375 0.59140625 0.05546875 0.04453125
3 0.5703125 0.50546875 0.06484375 0.03671875
3 0.61171875 0.51953125 0.07421875 0.04375
3 0.66875 0.54140625 0.08046875 0.0515625
3 0.66484375 0.79296875 0.0828125 0.1
3 0.525 0.66953125 0.0546875 0.05390625
3 0.41484375 0.5765625 0.03671875 0.028125
3 0.46484375 0.47265625 0.04921875 0.0234375
3 0.4859375 0.4796875 0.05234375 0.02578125
3 0.56796875 0.70859375 0.06328125 0.06796875
0 0.890625 0.7984375 0.09921875 0.1265625
0 0.4296875 0.52578125 0.0203125 0.03125
3 0.7546875 0.86953125 0.10234375 0.1359375
3 0.853125 0.93203125 0.12578125 0.134375
3 0.93046875 0.97421875 0.03359375 0.04921875
3 0.77109375 0.74921875 0.10703125 0.0890625
0 0.67421875 0.66640625 0.04453125 0.075
0 0.64921875 0.6578125 0.0421875 0.05859375
0 0.61875 0.63828125 0.0234375 0.065625
0 0.65078125 0.609375 0.04296875 0.06796875
0 0.60078125 0.584375 0.03828125 0.05859375
0 0.6 0.62734375 0.0375 0.05078125
0 0.57265625 0.61796875 0.0171875 0.04609375
0 0.55625 0.603125 0.01640625 0.053125
0 0.5828125 0.57578125 0.0359375 0.05390625
0 0.446875 0.45625 0.02578125 0.0296875
0 0.43828125 0.4546875 0.021875 0.0296875
0 0.4234375 0.45390625 0.00703125 0.02578125
0 0.43046875 0.428125 0.02265625 0.028125
0 0.41640625 0.4515625 0.00703125 0.025
0 0.409375 0.44921875 0.00703125 0.02421875
0 0.403125 0.446875 0.00546875 0.02421875
0 0.39765625 0.44453125 0.00546875 0.02421875
0 0.42421875 0.4265625 0.02265625 0.0265625
0 0.415625 0.425 0.0203125 0.02578125
0 0.409375 0.4234375 0.01796875 0.025
0 0.446875 0.3765625 0.02578125 0.0265625
0 0.4296875 0.3765625 0.0078125 0.0265625
0 0.42265625 0.37578125 0.00703125 0.02578125
0 0.41484375 0.37578125 0.00703125 0.025
0 0.40859375 0.37578125 0.00625 0.02421875
0 0.40234375 0.37578125 0.00625 0.0234375
0 0.39609375 0.37578125 0.00546875 0.0234375
0 0.5390625 0.39296875 0.03359375 0.03671875
0 0.515625 0.39140625 0.01328125 0.03515625
0 0.48984375 0.390625 0.01171875 0.03203125
0 0.50234375 0.39140625 0.01171875 0.03359375
0 0.51171875 0.35703125 0.03125 0.034375
0 0.48984375 0.35703125 0.01171875 0.03359375
0 0.47890625 0.3578125 0.01015625 0.03203125
0 0.46796875 0.3578125 0.01015625 0.03046875
0 0.47890625 0.38984375 0.0109375 0.03125
0 0.46875 0.3890625 0.01015625 0.03046875
0 0.45859375 0.3890625 0.009375 0.0296875