2 0.00546875 0.96328125 0.0109375 0.0703125
3 0.42265625 0.65546875 0.059375 0.05625
3 0.7625 0.41328125 0.0625 0.015625
3 0.72578125 0.4140625 0.065625 0.0171875
3 0.53671875 0.4234375 0.05859375 0.02109375
3 0.58125 0.421875 0.0625 0.0203125
3 0.63203125 0.41953125 0.0578125 0.0203125
3 0.1296875 0.7125 0.11484375 0.07890625
3 0.34140625 0.42890625 0.06171875 0.0265625
3 0.4 0.42734375 0.05546875 0.02578125
3 0.5421875 0.634375 0.0625 0.04921875
0 0.753125 0.503125 0.03828125 0.0359375
0 0.2859375 0.56640625 0.01953125 0.02265625
0 0.26328125 0.57265625 0.0203125 0.0234375
0 0.24765625 0.5640625 0.0203125 0.034375
0 0.19765625 0.57734375 0.02578125 0.0234375
0 0.2265625 0.5703125 0.02109375 0.0234375
3 0.67890625 0.609375 0.0625 0.03515625
3 0.60390625 0.62421875 0.0625 0.0390625
3 0.725 0.6046875 0.04609375 0.0265625
3 0.759375 0.59765625 0.04609375 0.02421875
3 0.48046875 0.54765625 0.05625 0.0421875
0 0.72265625 0.5078125 0.0171875 0.03828125
0 0.69921875 0.509375 0.034375 0.0390625
0 0.68203125 0.5109375 0.0359375 0.0421875
0 0.69921875 0.47578125 0.0359375 0.040625
0 0.57265625 0.48671875 0.0328125 0.04609375
0 0.57890625 0.5265625 0.01953125 0.03828125
0 0.559375 0.5296875 0.0203125 0.03828125
0 0.53359375 0.52734375 0.03046875 0.04921875
0 0.55390625 0.4875 0.0328125 0.04609375
0 0.49921875 0.29765625 0.0234375 0.04453125
0 0.47421875 0.29609375 0.02421875 0.04453125
0 0.42421875 0.2921875 0.0265625 0.04765625
0 0.44921875 0.29453125 0.02578125 0.046875
0 0.44921875 0.2484375 0.02578125 0.04765625
0 0.42265625 0.2453125 0.02734375 0.05
0 0.39453125 0.24296875 0.02734375 0.05
0 0.3671875 0.23984375 0.0296875 0.05234375
0 0.396875 0.290625 0.02734375 0.04765625
0 0.36875 0.2890625 0.02890625 0.04765625
0 0.33984375 0.2875 0.03046875 0.05078125
0 0.26953125 0.2609375 0.04375 0.05546875
0 0.23125 0.2578125 0.0375 0.05546875
0 0.19609375 0.2546875 0.0390625 0.05625
0 0.159375 0.2515625 0.04140625 0.05859375
0 0.1203125 0.2484375 0.04453125 0.05859375
0 0.0796875 0.24453125 0.046875 0.06171875
0 0.0375 0.2421875 0.05 0.0625
0 0.27578125 0.41640625 0.04140625 0.05
0 0.23984375 0.4171875 0.0375 0.05234375
0 0.2046875 0.41953125 0.0375 0.05078125
0 0.20859375 0.365625 0.053125 0.053125
0 0.16953125 0.41953125 0.0390625 0.05234375
0 0.13359375 0.4203125 0.04140625 0.053125
0 0.09453125 0.421875 0.04375 0.05390625
0 0.05390625 0.42109375 0.046875 0.0578125
0 0.165625 0.365625 0.0390625 0.053125
0 0.12734375 0.365625 0.0421875 0.05546875
0 0.08828125 0.365625 0.04453125 0.05625
3 0.40234375 0.51875 0.0296875 0.015625
3 0.59453125 0.40078125 0.0234375 0.0078125
3 0.56953125 0.40078125 0.03046875 0.0078125
3 0.265625 0.475 0.04140625 0.015625
3 0.37109375 0.46953125 0.03046875 0.0140625
3 0.40078125 0.46640625 0.0296875 0.0140625
3 0.43046875 0.465625 0.02578125 0.0140625
3 0.4609375 0.40390625 0.0234375 0.009375
3 0.484375 0.403125 0.02890625 0.00859375
3 0.5125 0.403125 0.02890625 0.00859375
3 0.51640625 0.5078125 0.0203125 0.015625
3 0.4296875 0.515625 0.0296875 0.0171875
3 0.27109375 0.53046875 0.0390625 0.01953125
3 0.3640625 0.40546875 0.0265625 0.0109375
3 0.39140625 0.4046875 0.02578125 0.009375
3 0.465625 0.5125 0.02890625 0.0171875
0 0.57109375 0.45234375 0.0171875 0.015625
0 0.30390625 0.46796875 0.0171875 0.01953125
3 0.596875 0.50234375 0.01484375 0.0109375
3 0.54453125 0.45859375 0.0296875 0.00859375
0 0.52109375 0.45546875 0.003125 0.0171875
0 0.50859375 0.45625 0.00625 0.0171875
0 0.49375 0.4578125 0.0109375 0.0171875
0 0.4828125 0.4578125 0.009375 0.01796875
0 0.47265625 0.459375 0.0109375 0.01796875
0 0.459375 0.459375 0.0125 0.01796875
0 0.334375 0.39921875 0.015625 0.02265625
0 0.32265625 0.39921875 0.0109375 0.02265625
0 0.30390625 0.4 0.01171875 0.02109375
0 0.30234375 0.37734375 0.01171875 0.02265625
0 0.29140625 0.4 0.01484375 0.02109375
0 0.290625 0.37734375 0.01484375 0.02265625
0 0.27578125 0.37734375 0.01484375 0.02265625
0 0.2609375 0.37734375 0.015625 0.02265625
0 0.3328125 0.3375 0.01484375 0.0078125
0 0.32109375 0.3375 0.009375 0.0078125
0 0.2890625 0.3296875 0.01484375 0.0234375
0 0.27421875 0.32890625 0.015625 0.0234375
0 0.259375 0.32734375 0.01484375 0.0234375
0 0.24453125 0.32734375 0.015625 0.0234375
0 0.4375 0.34609375 0.01171875 0.015625
0 0.42578125 0.34609375 0.01171875 0.01484375
0 0.40234375 0.3453125 0.0125 0.015625
0 0.4140625 0.3453125 0.0125 0.015625
0 0.3890625 0.34453125 0.0125 0.015625
0 0.3765625 0.34453125 0.0125 0.015625
0 0.3640625 0.34375 0.0125 0.0171875
3 0.9765625 0.72421875 0.046875 0.07421875
3 0.65703125 0.5 0.0140625 0.0125