2 0.153125 0.628125 0.1375 0.20703125
3 0.45078125 0.571875 0.05078125 0.05625
3 0.9046875 0.54921875 0.1125 0.09296875
3 0.81875 0.52421875 0.09453125 0.08359375
3 0.54140625 0.44375 0.05625 0.059375
3 0.58828125 0.45703125 0.0625 0.0609375
3 0.65 0.47890625 0.0625 0.05859375
3 0.31953125 0.5109375 0.04921875 0.04453125
3 0.39609375 0.40390625 0.05625 0.046875
3 0.4296875 0.4140625 0.05703125 0.05078125
3 0.53984375 0.61640625 0.05234375 0.06796875
0 0.85234375 0.65390625 0.059375 0.0859375
0 0.37734375 0.47109375 0.0140625 0.01640625
0 0.36484375 0.47109375 0.01484375 0.01796875
0 0.3609375 0.459375 0.01484375 0.02109375
0 0.3390625 0.4578125 0.0140625 0.01796875
0 0.35234375 0.4578125 0.0140625 0.01796875
3 0.70390625 0.69140625 0.06015625 0.0859375
3 0.60234375 0.64453125 0.05390625 0.075
3 0.76640625 0.71953125 0.06796875 0.09140625
3 0.83359375 0.75078125 0.078125 0.09921875
3 0.4875 0.52421875 0.0515625 0.06171875
0 0.778125 0.621875 0.03671875 0.0734375
0 0.74921875 0.609375 0.034375 0.07421875
0 0.721875 0.59921875 0.03359375 0.071875
0 0.75546875 0.57890625 0.03984375 0.06796875
0 0.5765625 0.51640625 0.02734375 0.05546875
0 0.57578125 0.54765625 0.02734375 0.0546875
0 0.55234375 0.5484375 0.02109375 0.03671875
0 0.53359375 0.52890625 0.0203125 0.05859375
0 0.55625 0.509375 0.02578125 0.05390625
0 0.503125 0.328125 0.03203125 0.0546875
0 0.4828125 0.32421875 0.03203125 0.05390625
0 0.43828125 0.321875 0.01953125 0.040625
0 0.45703125 0.32578125 0.01953125 0.040625
0 0.4625 0.28203125 0.03359375 0.0515625
0 0.44296875 0.2796875 0.0328125 0.05
0 0.42421875 0.2765625 0.03359375 0.04921875
0 0.40625 0.2734375 0.03203125 0.04921875
0 0.4203125 0.31875 0.01953125 0.0390625
0 0.40234375 0.31484375 0.01953125 0.0390625
0 0.3859375 0.30703125 0.01953125 0.046875
0 0.35546875 0.2859375 0.0359375 0.0453125
0 0.33671875 0.28203125 0.0296875 0.04453125
0 0.3234375 0.2796875 0.0328125 0.04453125
0 0.309375 0.2765625 0.03203125 0.04296875
0 0.2953125 0.27421875 0.03203125 0.04296875
0 0.2828125 0.271875 0.0328125 0.04140625
0 0.26953125 0.26953125 0.03203125 0.040625
0 0.3640625 0.38203125 0.0328125 0.04609375
0 0.3484375 0.378125 0.0296875 0.04609375
0 0.328125 0.38046875 0.0171875 0.03203125
0 0.3328125 0.34453125 0.03515625 0.04453125
0 0.31484375 0.3765625 0.01640625 0.03203125
0 0.3015625 0.371875 0.01640625 0.03125
0 0.2890625 0.36875 0.01640625 0.03125
0 0.2765625 0.36171875 0.01640625 0.03671875
0 0.3171875 0.34140625 0.03125 0.04375
0 0.30390625 0.33828125 0.03046875 0.04296875
0 0.29140625 0.334375 0.03046875 0.04140625
3 0.54140625 0.39453125 0.02890625 0.02421875
3 0.7890625 0.32578125 0.04453125 0.0265625
3 0.75078125 0.31953125 0.03828125 0.025
3 0.52421875 0.34453125 0.01640625 0.01875
3 0.5453125 0.34140625 0.0265625 0.009375
3 0.57109375 0.346875 0.02265625 0.00859375
3 0.6046875 0.2984375 0.0296875 0.021875
3 0.63125 0.303125 0.03359375 0.021875
3 0.665625 0.30859375 0.03359375 0.02109375
3 0.6546875 0.42421875 0.03046875 0.02890625
3 0.565625 0.40078125 0.02890625 0.025
3 0.44921875 0.3703125 0.02890625 0.0203125
3 0.51484375 0.2859375 0.02890625 0.01875
3 0.53984375 0.2890625 0.02265625 0.0203125
3 0.59921875 0.409375 0.03046875 0.0265625
0 0.7421875 0.37734375 0.02578125 0.01953125
3 0.6875 0.43203125 0.0203125 0.028125
3 0.72734375 0.44453125 0.03359375 0.0265625
3 0.7609375 0.45078125 0.03828125 0.03359375
3 0.68828125 0.3703125 0.00390625 0.00546875
0 0.6640625 0.3609375 0.01328125 0.01796875
0 0.65078125 0.36171875 0.01328125 0.009375
0 0.6390625 0.35546875 0.0140625 0.01796875
0 0.653125 0.34375 0.01484375 0.0296875
0 0.62421875 0.33828125 0.01484375 0.02890625
0 0.62265625 0.35390625 0.0140625 0.0140625
0 0.61015625 0.35390625 0.01171875 0.009375
0 0.5984375 0.346875 0.01171875 0.01640625
0 0.6125 0.3359375 0.01484375 0.028125
0 0.49140625 0.27578125 0.01328125 0.025
0 0.484375 0.2734375 0.0109375 0.025
0 0.47265625 0.2515625 0.015625 0.0203125
0 0.46328125 0.2484375 0.01484375 0.015625
0 0.45390625 0.246875 0.01484375 0.015625
0 0.44453125 0.24609375 0.015625 0.015625
0 0.49140625 0.2140625 0.0125 0.025
0 0.4828125 0.21328125 0.015625 0.02421875
0 0.47265625 0.2125 0.01640625 0.0234375
0 0.4625 0.21171875 0.01484375 0.0234375
0 0.45234375 0.2109375 0.01484375 0.0234375
0 0.44296875 0.209375 0.01484375 0.0234375
0 0.434375 0.20859375 0.01484375 0.0234375
0 0.58359375 0.23203125 0.01328125 0.0265625
0 0.5734375 0.23125 0.01640625 0.0265625
0 0.54765625 0.23046875 0.01171875 0.021875
0 0.559375 0.23125 0.01171875 0.021875
0 0.56171875 0.21796875 0.01484375 0.0046875
0 0.5484375 0.2171875 0.01171875 0.0046875
0 0.53671875 0.215625 0.0109375 0.00546875
0 0.52578125 0.21484375 0.0109375 0.00546875
0 0.53671875 0.22890625 0.0109375 0.02109375
0 0.52578125 0.228125 0.01015625 0.02109375
0 0.51796875 0.22578125 0.00546875 0.025