2 0.14453125 0.9859375 0.07734375 0.02578125
3 0.4359375 0.62890625 0.05625 0.07265625
3 0.715625 0.35625 0.053125 0.034375
3 0.68671875 0.36640625 0.05625 0.0375
3 0.528125 0.41953125 0.05625 0.05234375
3 0.565625 0.40625 0.059375 0.046875
3 0.60859375 0.3953125 0.053125 0.04140625
3 0.19765625 0.74765625 0.08046875 0.10625
3 0.3625 0.48125 0.05859375 0.0734375
3 0.41171875 0.46484375 0.059375 0.06796875
3 0.53203125 0.58359375 0.053125 0.0609375
0 0.70234375 0.43203125 0.03203125 0.0359375
0 0.31640625 0.596875 0.0140625 0.0296875
0 0.29921875 0.6109375 0.0140625 0.03203125
0 0.28203125 0.60390625 0.01484375 0.0390625
0 0.240625 0.63125 0.0171875 0.0328125
0 0.2625 0.6140625 0.01484375 0.03203125
3 0.6390625 0.5328125 0.05 0.0390625
3 0.5796875 0.5640625 0.05078125 0.04375
3 0.67421875 0.5203125 0.034375 0.03203125
3 0.7 0.50703125 0.0359375 0.02890625
3 0.48203125 0.5375 0.053125 0.06796875
0 0.67890625 0.44609375 0.01484375 0.03828125
0 0.6609375 0.45078125 0.02734375 0.0390625
0 0.64609375 0.453125 0.03203125 0.04453125
0 0.66171875 0.42421875 0.03203125 0.04140625
0 0.5609375 0.465625 0.02421875 0.04765625
0 0.5640625 0.50078125 0.0171875 0.034375
0 0.5421875 0.50078125 0.02890625 0.04765625
0 0.528125 0.50390625 0.02421875 0.05546875
0 0.54375 0.47109375 0.0296875 0.04921875
0 0.49296875 0.32578125 0.0328125 0.0578125
0 0.47578125 0.3296875 0.02265625 0.0578125
0 0.4296875 0.346875 0.02578125 0.046875
0 0.45390625 0.34140625 0.02421875 0.046875
0 0.44765625 0.29296875 0.03515625 0.05859375
0 0.4234375 0.296875 0.0359375 0.059375
0 0.39921875 0.3015625 0.0359375 0.0625
0 0.37265625 0.30703125 0.0359375 0.06484375
0 0.4046875 0.35234375 0.02890625 0.04765625
0 0.37890625 0.359375 0.0296875 0.04921875
0 0.35 0.35625 0.0359375 0.065625
0 0.27734375 0.353125 0.040625 0.07265625
0 0.24296875 0.359375 0.04375 0.07421875
0 0.20703125 0.36640625 0.04765625 0.07734375
0 0.16953125 0.3734375 0.05078125 0.08046875
0 0.12890625 0.3828125 0.05625 0.084375
0 0.0859375 0.390625 0.06171875 0.0875
0 0.0421875 0.39921875 0.06953125 0.09140625
0 0.2984375 0.48515625 0.03515625 0.07421875
0 0.2671875 0.49453125 0.0375 0.0765625
0 0.2359375 0.51796875 0.040625 0.05078125
0 0.228125 0.46328125 0.04609375 0.07734375
0 0.20234375 0.52890625 0.04375 0.05234375
0 0.16796875 0.540625 0.046875 0.05390625
0 0.13046875 0.553125 0.05078125 0.05546875
0 0.0921875 0.55234375 0.05546875 0.084375
0 0.1921875 0.47265625 0.04609375 0.08046875
0 0.15546875 0.48359375 0.05 0.084375
0 0.11640625 0.49296875 0.05390625 0.08828125
3 0.37734375 0.41484375 0.03046875 0.02734375
3 0.55859375 0.26640625 0.0296875 0.015625
3 0.5375 0.2703125 0.03203125 0.0171875
3 0.33046875 0.36640625 0.0109375 0.00546875
3 0.46640625 0.2859375 0.00546875 0.0140625
3 0.4796875 0.28203125 0.02734375 0.0171875
3 0.4859375 0.38515625 0.0296875 0.0234375
3 0.40390625 0.40703125 0.03203125 0.0265625
3 0.25546875 0.4484375 0.0171875 0.0265625
3 0.33046875 0.309375 0.0296875 0.02421875
3 0.35 0.3046875 0.0125 0.02265625
3 0.4390625 0.3984375 0.02890625 0.02421875
0 0.5390625 0.3171875 0.015625 0.0125
3 0.5140625 0.38125 0.0265625 0.015625
3 0.5375 0.37421875 0.0234375 0.015625
3 0.55625 0.36875 0.0234375 0.015625
0 0.29453125 0.30625 0.0140625 0.03203125
0 0.28046875 0.30546875 0.0171875 0.02578125
0 0.265625 0.31171875 0.01796875 0.01953125
0 0.26328125 0.29453125 0.01796875 0.0171875
0 0.25 0.3140625 0.01953125 0.01953125
0 0.234375 0.31640625 0.01953125 0.01796875
0 0.2171875 0.31953125 0.01953125 0.0203125
0 0.20078125 0.31953125 0.0203125 0.02734375
0 0.246875 0.29765625 0.01953125 0.0171875
0 0.23046875 0.29921875 0.01953125 0.01796875
0 0.21328125 0.30234375 0.0203125 0.0171875
0 0.284375 0.23203125 0.0125 0.02734375
0 0.27109375 0.2328125 0.01953125 0.0296875
0 0.25390625 0.234375 0.01953125 0.0296875
0 0.2375 0.23671875 0.0203125 0.0328125
0 0.2203125 0.2390625 0.02109375 0.0328125
0 0.203125 0.240625 0.02109375 0.0328125
0 0.184375 0.2421875 0.02265625 0.034375
0 0.40234375 0.2296875 0.015625 0.02734375
0 0.390625 0.23203125 0.0140625 0.02734375
0 0.3640625 0.23203125 0.0140625 0.01484375
0 0.378125 0.234375 0.0140625 0.0234375
0 0.37578125 0.209375 0.0171875 0.02734375
0 0.36171875 0.2109375 0.0171875 0.02734375
0 0.34765625 0.2125 0.0171875 0.02890625
0 0.334375 0.21328125 0.0171875 0.02890625
0 0.35078125 0.23359375 0.01484375 0.015625
0 0.3375 0.234375 0.01484375 0.01484375
0 0.32265625 0.23125 0.015625 0.015625
3 0.85546875 0.6765625 0.07734375 0.09765625
3 0.62734375 0.37265625 0.03203125 0.0140625