3 0.478125 0.746875 0.06484375 0.03515625
3 0.953125 0.41953125 0.0921875 0.059375
3 0.3546875 0.64140625 0.03828125 0.01171875
3 0.4359375 0.64453125 0.053125 0.01640625
3 0.47890625 0.64609375 0.06328125 0.01796875
3 0.51953125 0.646875 0.06796875 0.0203125
3 0.565625 0.50859375 0.04921875 0.028125
3 0.62734375 0.49609375 0.07421875 0.03359375
3 0.70859375 0.478125 0.08984375 0.03984375
3 0.7390625 0.81953125 0.10546875 0.0765625
3 0.52109375 0.75859375 0.07109375 0.04140625
3 0.35859375 0.715625 0.04921875 0.021875
3 0.43515625 0.53828125 0.05234375 0.0203125
3 0.46640625 0.53125 0.06015625 0.021875
3 0.58671875 0.778125 0.08203125 0.05078125
0 0.98984375 0.64140625 0.01953125 0.08203125
0 0.38515625 0.6328125 0.02734375 0.03046875
3 0.896875 0.8609375 0.15546875 0.10546875
3 0.978125 0.88046875 0.04296875 0.08359375
3 0.88046875 0.6640625 0.13984375 0.03515625
0 0.7328125 0.6375 0.04765625 0.06171875
0 0.6921875 0.6375 0.03828125 0.05859375
0 0.65859375 0.63671875 0.03359375 0.05546875
0 0.69375 0.5796875 0.04453125 0.05703125
0 0.62421875 0.584375 0.04140625 0.05078125
0 0.62421875 0.6359375 0.03828125 0.0515625
0 0.59296875 0.6359375 0.02578125 0.04921875
0 0.56875 0.6359375 0.0234375 0.046875
0 0.59140625 0.58671875 0.025 0.0484375
0 0.41328125 0.53515625 0.03046875 0.03125
0 0.39296875 0.53828125 0.0109375 0.0296875
0 0.3828125 0.540625 0.01015625 0.0296875
0 0.39296875 0.5125 0.02890625 0.03046875
0 0.3734375 0.54296875 0.01015625 0.02890625
0 0.3640625 0.54453125 0.009375 0.0265625
0 0.35546875 0.546875 0.00859375 0.02578125
0 0.346875 0.54921875 0.00859375 0.02578125
0 0.37421875 0.515625 0.01015625 0.0296875
0 0.36484375 0.51796875 0.009375 0.02890625
0 0.35625 0.52109375 0.00859375 0.028125
0 0.41484375 0.44375 0.0265625 0.03125
0 0.396875 0.44765625 0.0109375 0.02890625
0 0.3859375 0.453125 0.01015625 0.028125
0 0.3765625 0.45703125 0.01015625 0.0265625
0 0.36796875 0.46171875 0.009375 0.0265625
0 0.359375 0.465625 0.00859375 0.02578125
0 0.35078125 0.46875 0.00859375 0.025
0 0.53515625 0.40703125 0.03515625 0.04921875
0 0.50859375 0.409375 0.01796875 0.03984375
0 0.47578125 0.42421875 0.01484375 0.0359375
0 0.49140625 0.4171875 0.015625 0.03828125
0 0.5 0.38359375 0.03359375 0.04140625
0 0.47578125 0.3921875 0.01484375 0.03984375
0 0.4609375 0.39921875 0.0140625 0.03828125
0 0.44765625 0.40625 0.01328125 0.03671875
0 0.4609375 0.43046875 0.0140625 0.03515625
0 0.446875 0.43671875 0.01328125 0.03359375
0 0.434375 0.4421875 0.0125 0.03203125