2 0.5390625 0.875 0.13515625 0.24765625
3 0.85390625 0.85546875 0.0875 0.1234375
3 0.81640625 0.41953125 0.0390625 0.0203125
3 0.8234375 0.4359375 0.04453125 0.0296875
3 0.896875 0.84453125 0.0875 0.14375
3 0.86953125 0.74921875 0.07734375 0.1
3 0.85078125 0.684375 0.0625 0.0703125
3 0.859375 0.52890625 0.07890625 0.0578125
3 0.84921875 0.49609375 0.0640625 0.03515625
3 0.8421875 0.47578125 0.05078125 0.03203125
3 0.93671875 0.68671875 0.1265625 0.0984375
3 0.9171875 0.63046875 0.11953125 0.0828125
3 0.8140625 0.7109375 0.0296875 0.06796875
0 0.8 0.48828125 0.00859375 0.02734375
0 0.79921875 0.50546875 0.00625 0.0296875
0 0.8078125 0.5140625 0.01953125 0.03203125
0 0.8125 0.52578125 0.02421875 0.03828125
0 0.809375 0.490625 0.0171875 0.03515625
0 0.825 0.559375 0.01171875 0.0421875
0 0.8171875 0.59140625 0.0078125 0.0421875
0 0.81953125 0.60546875 0.00625 0.04453125
0 0.840625 0.62890625 0.04375 0.06171875
0 0.834375 0.57578125 0.02421875 0.053125
0 0.87890625 0.425 0.0265625 0.05390625
0 0.8828125 0.43515625 0.01796875 0.0578125
0 0.9 0.459375 0.02109375 0.06484375
0 0.88984375 0.44609375 0.01796875 0.059375
0 0.93203125 0.39453125 0.0828125 0.059375
0 0.9375 0.40390625 0.07578125 0.06484375
0 0.95546875 0.4140625 0.08828125 0.06953125
0 0.96171875 0.43125 0.0765625 0.0859375
0 0.9109375 0.47265625 0.02265625 0.06796875
0 0.92421875 0.4875 0.0265625 0.07578125
0 0.96171875 0.5078125 0.0765625 0.0875
0 0.9859375 0.53515625 0.02734375 0.10859375
0 0.99921875 0.5890625 0.00078125 0.0078125
0 0.96171875 0.7578125 0.0765625 0.10859375
0 0.9671875 0.81015625 0.05234375 0.12421875
0 0.98125 0.875 0.0375 0.14140625
0 0.990625 0.79296875 0.015625 0.09453125
0 0.99375 0.94453125 0.0125 0.0640625
3 0.78359375 0.54921875 0.00546875 0.0265625
3 0.78671875 0.56953125 0.00546875 0.02890625
3 0.803125 0.6515625 0.02109375 0.04765625
3 0.79609375 0.59453125 0.01953125 0.0359375
3 0.46171875 0.63203125 0.04921875 0.05546875
3 0.5765625 0.384375 0.02734375 0.0171875
3 0.56640625 0.390625 0.03046875 0.01796875
3 0.5078125 0.4375 0.040625 0.02890625
3 0.52109375 0.425 0.0390625 0.02421875
3 0.5390625 0.415625 0.03046875 0.02265625
3 0.30625 0.83828125 0.07890625 0.12578125
3 0.43125 0.49921875 0.05625 0.04765625
3 0.453125 0.48046875 0.0578125 0.04140625
3 0.51015625 0.571875 0.0390625 0.0390625
0 0.5765625 0.4375 0.01484375 0.0234375
0 0.3890625 0.62578125 0.01953125 0.02265625
0 0.3828125 0.640625 0.01953125 0.02421875
0 0.365625 0.64453125 0.0203125 0.034375
0 0.33828125 0.6828125 0.02109375 0.02890625
0 0.35 0.6609375 0.02109375 0.0265625
3 0.55390625 0.515625 0.0296875 0.0234375
3 0.53046875 0.54765625 0.03515625 0.02890625
3 0.5703125 0.50234375 0.0171875 0.02109375
3 0.5796875 0.4890625 0.01484375 0.0203125
3 0.4875 0.5375 0.04765625 0.040625
0 0.5703125 0.4484375 0.00390625 0.02265625
0 0.56015625 0.453125 0.015625 0.0234375
0 0.55390625 0.45546875 0.01953125 0.0265625
0 0.559375 0.4328125 0.01953125 0.02578125
0 0.52265625 0.46953125 0.015625 0.03046875
0 0.52734375 0.49453125 0.00625 0.02734375
0 0.52109375 0.5015625 0.00625 0.02890625
0 0.50546875 0.50625 0.02421875 0.0359375
0 0.5125 0.47578125 0.0234375 0.0328125
0 0.4953125 0.36640625 0.01796875 0.03515625
0 0.490625 0.37109375 0.00859375 0.03515625
0 0.4703125 0.38046875 0.0109375 0.0359375
0 0.48046875 0.37578125 0.009375 0.03515625
0 0.47109375 0.3421875 0.02734375 0.0359375
0 0.46015625 0.3453125 0.03046875 0.0390625
0 0.4484375 0.34921875 0.0328125 0.040625
0 0.43515625 0.353125 0.034375 0.0421875
0 0.45859375 0.384375 0.0125 0.0375
0 0.44609375 0.390625 0.0140625 0.040625
0 0.421875 0.39375 0.0375 0.046875
0 0.3828125 0.3921875 0.0421875 0.05078125
0 0.36328125 0.39921875 0.04609375 0.05625
0 0.3421875 0.4078125 0.04921875 0.059375
0 0.31875 0.415625 0.05234375 0.0640625
0 0.2921875 0.42578125 0.05625 0.0703125
0 0.26171875 0.43671875 0.06171875 0.07578125
0 0.2328125 0.44921875 0.05625 0.08046875
0 0.3890625 0.5125 0.03828125 0.0578125
0 0.38046875 0.52578125 0.02109375 0.059375
0 0.3625 0.54453125 0.02265625 0.053125
0 0.34765625 0.4984375 0.046875 0.0625
0 0.33984375 0.5609375 0.0265625 0.05859375
0 0.315625 0.57890625 0.0296875 0.06171875
0 0.28828125 0.59921875 0.034375 0.065625
0 0.24609375 0.6125 0.0625 0.0890625
0 0.325 0.51171875 0.05 0.06796875
0 0.29921875 0.5265625 0.05390625 0.07421875
0 0.271875 0.54453125 0.05859375 0.0796875
3 0.4078125 0.365625 0.009375 0.009375
3 0.11015625 0.55546875 0.0671875 0.04765625
3 0.3203125 0.47109375 0.01953125 0.00859375
3 0.384375 0.47421875 0.0296875 0.0203125
3 0.1265625 0.62265625 0.0640625 0.05234375
0 0.16953125 0.52109375 0.0234375 0.0375
3 0.40546875 0.46328125 0.02109375 0.015625
3 0.42421875 0.45390625 0.01796875 0.0140625
3 0.4375 0.44609375 0.0171875 0.0140625
0 0.1859375 0.4328125 0.01796875 0.03515625
0 0.1609375 0.4421875 0.0140625 0.02890625
0 0.15234375 0.41171875 0.02265625 0.0359375
0 0.14609375 0.44765625 0.02578125 0.0328125
0 0.12421875 0.45390625 0.0265625 0.03515625
0 0.10078125 0.4609375 0.02890625 0.0359375
0 0.071875 0.465625 0.0390625 0.04453125
0 0.13671875 0.41640625 0.03515625 0.0375
0 0.1140625 0.42265625 0.0359375 0.03828125
0 0.090625 0.428125 0.03828125 0.04140625
0 0.1890625 0.346875 0.02890625 0.0296875
0 0.17265625 0.34921875 0.01953125 0.03203125
0 0.14375 0.35234375 0.02109375 0.0328125
0 0.12734375 0.35625 0.03515625 0.0359375
0 0.1046875 0.359375 0.0375 0.0375
0 0.07890625 0.3625 0.0390625 0.03828125
0 0.05234375 0.3671875 0.04140625 0.04140625
0 0.30859375 0.3375 0.02109375 0.02578125
0 0.30078125 0.3390625 0.0140625 0.02578125
0 0.2765625 0.34453125 0.01484375 0.02578125
0 0.2890625 0.3421875 0.0140625 0.0234375
0 0.2828125 0.31953125 0.02265625 0.02578125
0 0.26953125 0.3203125 0.02421875 0.02578125
0 0.25703125 0.32265625 0.02265625 0.02578125
0 0.240625 0.32421875 0.02734375 0.02734375
0 0.2625 0.34765625 0.01484375 0.0265625
0 0.2484375 0.34921875 0.015625 0.0265625
0 0.22890625 0.35078125 0.02734375 0.0296875
3 0.6890625 0.5203125 0.03828125 0.02578125