3 0.38671875 0.74375 0.1015625 0.159375
3 0.81640625 0.253125 0.08359375 0.04453125
3 0.78125 0.2640625 0.09140625 0.04921875
3 0.55078125 0.35 0.1078125 0.090625
3 0.61171875 0.32578125 0.1078125 0.07421875
3 0.67734375 0.3078125 0.090625 0.06171875
3 0.1671875 0.49921875 0.17109375 0.19296875
3 0.31328125 0.44921875 0.12734375 0.15546875
3 0.54921875 0.63046875 0.08984375 0.11640625
0 0.78984375 0.371875 0.05078125 0.0546875
0 0.10859375 0.74375 0.04765625 0.078125
0 0.05625 0.7890625 0.05859375 0.08984375
0 0.025 0.7765625 0.04921875 0.10390625
3 0.7 0.52890625 0.07734375 0.0609375
3 0.62109375 0.58984375 0.08359375 0.07421875
3 0.74921875 0.50546875 0.04609375 0.04921875
3 0.7796875 0.48203125 0.04296875 0.04375
3 0.46796875 0.5734375 0.1015625 0.13984375
0 0.7640625 0.39453125 0.02265625 0.05390625
0 0.73671875 0.40078125 0.046875 0.0609375
0 0.7171875 0.40625 0.0546875 0.07109375
0 0.74140625 0.3578125 0.05703125 0.06171875
0 0.603125 0.4296875 0.0453125 0.08359375
0 0.60625 0.48984375 0.028125 0.0609375
0 0.56953125 0.49375 0.05234375 0.08203125
0 0.54296875 0.50234375 0.05390625 0.09921875
0 0.571875 0.44296875 0.05703125 0.08671875
0 0.49609375 0.1359375 0.04765625 0.10546875
0 0.446875 0.1390625 0.05390625 0.11171875
0 0.33046875 0.14765625 0.07890625 0.125
0 0.39296875 0.14375 0.06484375 0.11640625
0 0.3859375 0.0421875 0.0671875 0.084375
0 0.31953125 0.0421875 0.08046875 0.084375
0 0.24375 0.04296875 0.09453125 0.08515625
0 0.15546875 0.04296875 0.1125 0.08515625
0 0.26015625 0.15234375 0.09453125 0.13203125
0 0.17890625 0.15703125 0.115625 0.14453125
0 0.084375 0.16171875 0.14453125 0.15703125
0 0.02734375 0.50703125 0.0546875 0.1734375
3 0.3109375 0.37578125 0.04453125 0.034375
3 0.06875 0.35625 0.08359375 0.0484375
3 0.253125 0.31796875 0.0515625 0.03828125
3 0.3015625 0.30625 0.04765625 0.034375
3 0.34609375 0.296875 0.040625 0.03359375
3 0.46171875 0.334375 0.03984375 0.0296875
3 0.35078125 0.3640625 0.04375 0.03125
3 0.10078125 0.4390625 0.0734375 0.05390625
3 0.39921875 0.353125 0.040625 0.034375
0 0.53046875 0.24921875 0.021875 0.028125
0 0.1453125 0.33046875 0.05078125 0.0453125
3 0.48046875 0.321875 0.00390625 0.01171875
3 0.55078125 0.30625 0.02578125 0.00625
3 0.49765625 0.26328125 0.03984375 0.01640625
0 0.4640625 0.26171875 0.01328125 0.03359375
0 0.446875 0.26640625 0.02109375 0.03203125
0 0.434375 0.26796875 0.01953125 0.03515625
0 0.44609375 0.24296875 0.02109375 0.025
0 0.41640625 0.24921875 0.01484375 0.0265625
0 0.41796875 0.275 0.015625 0.0296875
0 0.40234375 0.278125 0.01875 0.03046875
0 0.3859375 0.278125 0.02265625 0.03828125
0 0.39921875 0.25234375 0.021875 0.0265625
0 0.046875 0.2125 0.01328125 0.00859375
0 0.01015625 0.2265625 0.01171875 0.025
0 0.00703125 0.23125 0.01328125 0.03359375
0 0.0375 0.184375 0.02578125 0.04921875
0 0.10546875 0.0734375 0.02734375 0.01796875
0 0.07734375 0.0734375 0.03515625 0.01796875
0 0.0453125 0.0734375 0.0375 0.01875
0 0.015625 0.08828125 0.03125 0.05078125