2 0.1796875 0.55234375 0.10625 0.19375
3 0.4578125 0.56796875 0.05390625 0.06171875
3 0.96875 0.6515625 0.0625 0.1203125
3 0.8875 0.61171875 0.1296875 0.13828125
3 0.5453125 0.44609375 0.06953125 0.0671875
3 0.5953125 0.4703125 0.07734375 0.07421875
3 0.6609375 0.5078125 0.08046875 0.0796875
3 0.35078125 0.48203125 0.04453125 0.0421875
3 0.41015625 0.384375 0.05859375 0.04609375
3 0.4390625 0.39921875 0.0609375 0.05
3 0.54140625 0.6375 0.06171875 0.08203125
0 0.934375 0.803125 0.096875 0.134375
0 0.39921875 0.45078125 0.0109375 0.0171875
0 0.384375 0.44921875 0.0109375 0.0171875
0 0.38203125 0.43671875 0.0109375 0.01796875
0 0.365625 0.4328125 0.0140625 0.01484375
0 0.37734375 0.434375 0.0140625 0.015625
3 0.71953125 0.784375 0.07734375 0.1296875
3 0.60703125 0.69453125 0.06953125 0.0921875
3 0.8 0.846875 0.09375 0.15078125
3 0.9 0.915625 0.11484375 0.165625
3 0.490625 0.52578125 0.0609375 0.06796875
0 0.8203125 0.72421875 0.053125 0.10390625
0 0.78046875 0.69765625 0.046875 0.103125
0 0.746875 0.675 0.046875 0.09921875
0 0.7921875 0.66328125 0.05 0.0921875
0 0.58046875 0.5359375 0.0375 0.0640625
0 0.57890625 0.57265625 0.0359375 0.059375
0 0.55078125 0.56484375 0.02109375 0.046875
0 0.5328125 0.54140625 0.0203125 0.065625
0 0.5578125 0.5234375 0.03203125 0.06171875
0 0.5078125 0.3125 0.03828125 0.05546875
0 0.48671875 0.30703125 0.03515625 0.05625
0 0.44296875 0.30078125 0.01796875 0.04453125
0 0.46015625 0.30546875 0.01796875 0.04609375
0 0.46953125 0.2609375 0.03828125 0.05234375
0 0.4515625 0.2578125 0.0375 0.05078125
0 0.43515625 0.253125 0.0359375 0.04921875
0 0.41953125 0.25 0.03515625 0.04921875
0 0.42734375 0.296875 0.0171875 0.0421875
0 0.4125 0.29140625 0.015625 0.040625
0 0.3984375 0.284375 0.015625 0.04609375
0 0.37734375 0.2609375 0.03515625 0.04375
0 0.3640625 0.2578125 0.03203125 0.0421875
0 0.3515625 0.2546875 0.03046875 0.04140625
0 0.34140625 0.2515625 0.03203125 0.0390625
0 0.33046875 0.2484375 0.0296875 0.0390625
0 0.32109375 0.24609375 0.0296875 0.03828125
0 0.31171875 0.24453125 0.02734375 0.0375
0 0.384375 0.35859375 0.0328125 0.04453125
0 0.371875 0.35390625 0.03046875 0.04453125
0 0.353125 0.35234375 0.0125 0.0328125
0 0.36015625 0.31953125 0.0328125 0.04140625
0 0.3421875 0.3484375 0.0125 0.0328125
0 0.3328125 0.34375 0.0125 0.03203125
0 0.32421875 0.33828125 0.01171875 0.0296875
0 0.3140625 0.3328125 0.01171875 0.0328125
0 0.34765625 0.31484375 0.02890625 0.040625
0 0.3375 0.3109375 0.0296875 0.040625
0 0.328125 0.30703125 0.02890625 0.0375
3 0.590625 0.40625 0.0328125 0.02734375
3 0.903125 0.3609375 0.06171875 0.03828125
3 0.84765625 0.3484375 0.05390625 0.03515625
3 0.5734375 0.3421875 0.0234375 0.0078125
3 0.59921875 0.34921875 0.0265625 0.00859375
3 0.62578125 0.3578125 0.02109375 0.00859375
3 0.6640625 0.309375 0.0375 0.02421875
3 0.69609375 0.315625 0.0421875 0.02578125
3 0.73046875 0.325 0.03203125 0.02421875
3 0.71875 0.459375 0.0390625 0.0375
3 0.6171875 0.4171875 0.03515625 0.0296875
3 0.50078125 0.3703125 0.02890625 0.02109375
3 0.5671875 0.2875 0.0328125 0.0203125
3 0.590625 0.29296875 0.034375 0.02265625
3 0.65390625 0.4328125 0.0375 0.03203125
0 0.834375 0.41640625 0.0359375 0.02265625
0 0.52734375 0.32265625 0.00234375 0.009375
3 0.765625 0.47734375 0.0421875 0.040625
3 0.8078125 0.49453125 0.04609375 0.04453125
3 0.85546875 0.5140625 0.05078125 0.04921875
3 0.7828125 0.40546875 0.040625 0.01484375
0 0.7296875 0.38359375 0.0125 0.015625
0 0.7171875 0.38203125 0.01953125 0.0125
0 0.7015625 0.375 0.015625 0.015625
0 0.71953125 0.365625 0.02265625 0.03515625
0 0.6859375 0.35546875 0.0203125 0.034375
0 0.68359375 0.37109375 0.01796875 0.0125
0 0.6671875 0.36953125 0.0140625 0.00859375
0 0.6546875 0.36171875 0.0140625 0.01484375
0 0.67109375 0.3515625 0.01953125 0.0328125
0 0.54609375 0.275 0.0171875 0.0265625
0 0.5359375 0.27265625 0.0171875 0.02265625
0 0.52265625 0.27421875 0.009375 0.0203125
0 0.525 0.25078125 0.01171875 0.0234375
0 0.515625 0.27109375 0.00546875 0.0203125
0 0.50234375 0.26796875 0.003125 0.01953125
0 0.496875 0.26640625 0.00859375 0.0203125
0 0.490625 0.2640625 0.00390625 0.0234375
0 0.51953125 0.25 0.0125 0.0234375
0 0.509375 0.24765625 0.015625 0.02109375
0 0.4984375 0.24609375 0.01171875 0.0234375
0 0.515625 0.215625 0.00625 0.00625
0 0.50390625 0.2078125 0.003125 0.02109375
0 0.49921875 0.20546875 0.0125 0.0234375
0 0.4921875 0.2046875 0.0171875 0.02265625
0 0.64453125 0.240625 0.01953125 0.0140625
0 0.628125 0.2390625 0.0140625 0.0140625
0 0.603125 0.234375 0.0125 0.0140625
0 0.615625 0.23671875 0.0125 0.0140625
0 0.59140625 0.234375 0.0125 0.0125
0 0.58046875 0.23203125 0.01171875 0.0125
0 0.56953125 0.2296875 0.0109375 0.0125
3 0.95703125 0.59609375 0.015625 0.01171875