2 0.1796875 0.5515625 0.10546875 0.19375
3 0.4578125 0.56796875 0.05390625 0.06171875
3 0.96796875 0.6515625 0.0625 0.11953125
3 0.8875 0.61171875 0.13046875 0.13828125
3 0.5453125 0.44609375 0.06875 0.06640625
3 0.59453125 0.4703125 0.07734375 0.07421875
3 0.66015625 0.50703125 0.08125 0.0796875
3 0.35078125 0.48125 0.04453125 0.04296875
3 0.41015625 0.384375 0.05859375 0.0453125
3 0.4390625 0.39921875 0.0609375 0.05
3 0.54140625 0.63828125 0.06171875 0.08125
0 0.934375 0.803125 0.09765625 0.134375
0 0.39921875 0.45078125 0.01015625 0.01640625
0 0.38359375 0.44921875 0.01015625 0.01640625
0 0.38203125 0.43671875 0.01015625 0.01796875
0 0.365625 0.43203125 0.0140625 0.01484375
0 0.37734375 0.434375 0.0140625 0.015625
3 0.71953125 0.78359375 0.07734375 0.1296875
3 0.60703125 0.69375 0.06875 0.09296875
3 0.8 0.846875 0.09296875 0.15078125
3 0.9 0.91640625 0.11484375 0.165625
3 0.490625 0.52578125 0.06015625 0.06796875
0 0.8203125 0.72421875 0.05234375 0.1046875
0 0.78046875 0.696875 0.046875 0.10390625
0 0.746875 0.675 0.04609375 0.0984375
0 0.7921875 0.66328125 0.04921875 0.09296875
0 0.58046875 0.5359375 0.03671875 0.0640625
0 0.57890625 0.571875 0.03671875 0.059375
0 0.55078125 0.56484375 0.02109375 0.04609375
0 0.5328125 0.54140625 0.0203125 0.065625
0 0.55703125 0.5234375 0.03125 0.0609375
0 0.50703125 0.31328125 0.03828125 0.05546875
0 0.48671875 0.30703125 0.03515625 0.05625
0 0.44296875 0.30078125 0.01796875 0.04453125
0 0.46015625 0.30625 0.01796875 0.0453125
0 0.46875 0.2609375 0.03828125 0.0515625
0 0.4515625 0.25703125 0.03671875 0.05078125
0 0.43515625 0.253125 0.03671875 0.04921875
0 0.41953125 0.25 0.03515625 0.0484375
0 0.42734375 0.29609375 0.0171875 0.04296875
0 0.4125 0.29140625 0.01640625 0.040625
0 0.3984375 0.284375 0.015625 0.0453125
0 0.3765625 0.2609375 0.03515625 0.04375
0 0.36328125 0.25703125 0.03203125 0.04296875
0 0.3515625 0.25390625 0.03046875 0.04140625
0 0.34140625 0.2515625 0.03125 0.03984375
0 0.33125 0.2484375 0.0296875 0.0390625
0 0.32109375 0.24609375 0.03046875 0.03828125
0 0.31171875 0.24375 0.028125 0.03671875
0 0.384375 0.35859375 0.0328125 0.04453125
0 0.371875 0.35390625 0.03046875 0.04453125
0 0.353125 0.353125 0.01328125 0.03359375
0 0.359375 0.31875 0.0328125 0.04140625
0 0.34296875 0.3484375 0.0125 0.03359375
0 0.3328125 0.34375 0.0125 0.03125
0 0.3234375 0.33828125 0.01171875 0.03046875
0 0.31484375 0.33203125 0.01171875 0.03359375
0 0.34765625 0.31484375 0.02890625 0.040625
0 0.3375 0.3109375 0.02890625 0.03984375
0 0.328125 0.30703125 0.028125 0.03828125
3 0.59140625 0.40625 0.03359375 0.028125
3 0.90234375 0.3609375 0.06171875 0.03828125
3 0.846875 0.3484375 0.05390625 0.03515625
3 0.57265625 0.34140625 0.0234375 0.00703125
3 0.5984375 0.34921875 0.0265625 0.009375
3 0.62578125 0.35703125 0.02109375 0.00859375
3 0.6640625 0.30859375 0.03671875 0.025
3 0.69609375 0.315625 0.04296875 0.02578125
3 0.73046875 0.325 0.03203125 0.02421875
3 0.71875 0.45859375 0.03984375 0.03828125
3 0.6171875 0.41640625 0.03515625 0.0296875
3 0.5 0.36953125 0.02890625 0.02109375
3 0.56796875 0.28671875 0.03359375 0.0203125
3 0.58984375 0.29296875 0.03359375 0.021875
3 0.653125 0.4328125 0.03671875 0.03203125
0 0.83359375 0.41640625 0.03515625 0.021875
0 0.52734375 0.32265625 0.00234375 0.01015625
3 0.765625 0.478125 0.04296875 0.040625
3 0.8078125 0.49453125 0.04609375 0.0453125
3 0.85546875 0.51328125 0.0515625 0.04921875
3 0.78203125 0.40546875 0.040625 0.01484375
0 0.7296875 0.38359375 0.01328125 0.01640625
0 0.7171875 0.38203125 0.01875 0.01171875
0 0.7015625 0.375 0.01640625 0.01640625
0 0.71953125 0.36484375 0.021875 0.03515625
0 0.68515625 0.35546875 0.0203125 0.03359375
0 0.68359375 0.37109375 0.01796875 0.01328125
0 0.66796875 0.36875 0.01328125 0.00859375
0 0.6546875 0.3609375 0.0140625 0.01484375
0 0.67109375 0.3515625 0.01953125 0.03203125
0 0.54609375 0.275 0.01796875 0.02578125
0 0.5359375 0.271875 0.01640625 0.021875
0 0.52265625 0.2734375 0.00859375 0.0203125
0 0.52421875 0.25078125 0.01171875 0.02421875
0 0.51484375 0.27109375 0.00546875 0.01953125
0 0.50234375 0.26796875 0.003125 0.01953125
0 0.496875 0.26640625 0.0078125 0.0203125
0 0.490625 0.26328125 0.00390625 0.0234375
0 0.51875 0.24921875 0.01328125 0.0234375
0 0.509375 0.24765625 0.01640625 0.02109375
0 0.4984375 0.24609375 0.01171875 0.0234375
0 0.51640625 0.21640625 0.00625 0.00625
0 0.503125 0.20703125 0.003125 0.02109375
0 0.4984375 0.20546875 0.01171875 0.0234375
0 0.49296875 0.2046875 0.01640625 0.021875
0 0.64453125 0.240625 0.01953125 0.0140625
0 0.628125 0.23828125 0.0140625 0.0140625
0 0.603125 0.234375 0.0125 0.0140625
0 0.615625 0.23671875 0.01328125 0.0140625
0 0.59140625 0.23359375 0.01171875 0.01328125
0 0.5796875 0.23125 0.01171875 0.01328125
0 0.56875 0.2296875 0.01015625 0.01328125
3 0.95625 0.59609375 0.01640625 0.0109375