2 0.0421875 0.653125 0.084375 0.65625
3 0.42265625 0.65703125 0.06796875 0.03828125
3 0.70703125 0.45546875 0.03515625 0.01484375
3 0.67421875 0.4515625 0.05234375 0.01640625
3 0.52734375 0.43203125 0.05625 0.0203125
3 0.56875 0.43828125 0.04765625 0.01796875
3 0.6109375 0.44375 0.03671875 0.01640625
3 0.11875 0.703125 0.07265625 0.0546875
3 0.3578125 0.40546875 0.0609375 0.03046875
3 0.41328125 0.41328125 0.053125 0.028125
3 0.53515625 0.640625 0.06171875 0.03046875
0 0.7 0.53359375 0.03046875 0.0265625
0 0.28515625 0.5515625 0.015625 0.0140625
0 0.2625 0.5515625 0.01796875 0.01640625
0 0.24296875 0.54609375 0.01875 0.02578125
0 0.1859375 0.55390625 0.02421875 0.01640625
0 0.21796875 0.5515625 0.02109375 0.01484375
3 0.64921875 0.62421875 0.05546875 0.0203125
3 0.58828125 0.63359375 0.05859375 0.0234375
3 0.67890625 0.61953125 0.04921875 0.01875
3 0.7046875 0.615625 0.04609375 0.01640625
3 0.48046875 0.546875 0.06015625 0.01796875
0 0.6796875 0.53359375 0.0109375 0.02890625
0 0.66796875 0.53359375 0.01171875 0.02890625
0 0.646875 0.53359375 0.03046875 0.03046875
0 0.65859375 0.50390625 0.03046875 0.0296875
0 0.5671875 0.49921875 0.01484375 0.03515625
0 0.5671875 0.534375 0.015625 0.03515625
0 0.55078125 0.534375 0.01640625 0.03515625
0 0.5296875 0.534375 0.02421875 0.03671875
0 0.54296875 0.4984375 0.03125 0.03515625
0 0.4984375 0.31640625 0.01953125 0.0390625
0 0.47890625 0.31015625 0.01953125 0.040625
0 0.43515625 0.2984375 0.02265625 0.04296875
0 0.4578125 0.3046875 0.02109375 0.040625
0 0.4578125 0.2671875 0.02109375 0.0453125
0 0.4359375 0.259375 0.02265625 0.04609375
0 0.4125 0.2515625 0.0234375 0.0484375
0 0.38515625 0.24375 0.03046875 0.05
0 0.4125 0.29140625 0.0234375 0.04375
0 0.3875 0.28359375 0.025 0.0453125
0 0.359375 0.27578125 0.03046875 0.0484375
0 0.29296875 0.2359375 0.03203125 0.0515625
0 0.26015625 0.22578125 0.034375 0.05390625
0 0.22421875 0.215625 0.03671875 0.05625
0 0.18671875 0.203125 0.03984375 0.05859375
0 0.14609375 0.190625 0.04296875 0.06171875
0 0.10234375 0.1765625 0.04609375 0.06484375
0 0.05546875 0.16171875 0.05 0.06796875
0 0.28828125 0.38359375 0.03203125 0.05078125
0 0.2546875 0.37890625 0.03515625 0.05390625
0 0.21875 0.3734375 0.0375 0.05546875
0 0.22265625 0.32265625 0.04296875 0.05859375
0 0.18046875 0.3671875 0.040625 0.05625
0 0.1390625 0.3609375 0.04453125 0.06015625
0 0.09375 0.35390625 0.04765625 0.06328125
0 0.0453125 0.34609375 0.0515625 0.065625
0 0.18125 0.3140625 0.03984375 0.06015625
0 0.13984375 0.30625 0.04375 0.0640625
0 0.0953125 0.296875 0.04765625 0.065625
3 0.3625 0.59453125 0.0328125 0.01328125
3 0.52265625 0.484375 0.02421875 0.00859375
3 0.21015625 0.54140625 0.04609375 0.01015625
3 0.32890625 0.53984375 0.0296875 0.009375
3 0.37890625 0.5390625 0.00078125 0.00859375
3 0.39453125 0.5390625 0.028125 0.00859375
3 0.4234375 0.47890625 0.02734375 0.009375
3 0.45 0.48125 0.02421875 0.00859375
3 0.475 0.48203125 0.02578125 0.00859375
3 0.47578125 0.5859375 0.03046875 0.0109375
3 0.39140625 0.59296875 0.03203125 0.01328125
3 0.21171875 0.60546875 0.04609375 0.01796875
3 0.328125 0.471875 0.02890625 0.0109375
3 0.35546875 0.47421875 0.02734375 0.0109375
3 0.428125 0.590625 0.02890625 0.01171875
0 0.26171875 0.53359375 0.028125 0.02421875
3 0.5046875 0.58515625 0.02890625 0.009375
3 0.52890625 0.58359375 0.02109375 0.009375
3 0.546875 0.58203125 0.0234375 0.00859375
0 0.47890625 0.53046875 0.009375 0.01328125
0 0.46953125 0.53046875 0.009375 0.01328125
0 0.4578125 0.53046875 0.0125 0.01328125
0 0.46640625 0.5140625 0.01484375 0.01796875
0 0.44609375 0.5140625 0.009375 0.01875
0 0.44609375 0.53359375 0.01015625 0.01875
0 0.4359375 0.52890625 0.01015625 0.01015625
0 0.42265625 0.52890625 0.01484375 0.0109375
0 0.43359375 0.5140625 0.01484375 0.01875
0 0.29453125 0.4640625 0.01484375 0.021875
0 0.2796875 0.4625 0.015625 0.0234375
0 0.2640625 0.46171875 0.015625 0.0234375
0 0.26484375 0.44296875 0.01640625 0.01640625
0 0.2484375 0.4609375 0.01640625 0.0234375
0 0.23203125 0.459375 0.01640625 0.02421875
0 0.21484375 0.45859375 0.0171875 0.02421875
0 0.19765625 0.45703125 0.01796875 0.025
0 0.2484375 0.440625 0.01640625 0.01640625
0 0.23203125 0.4390625 0.01640625 0.01796875
0 0.215625 0.4375 0.0171875 0.01796875
0 0.3703125 0.41015625 0.00546875 0.009375
0 0.38125 0.3921875 0.01171875 0.0140625
0 0.36875 0.390625 0.0125 0.01484375
0 0.35625 0.3890625 0.0125 0.01484375
0 0.3421875 0.38671875 0.0140625 0.015625
0 0.328125 0.403125 0.0015625 0.00859375
3 0.9296875 0.63828125 0.10234375 0.040625
3 0.61875 0.57109375 0.03203125 0.009375