2 0.34140625 0.48671875 0.0359375 0.1046875
3 0.16953125 0.64453125 0.06640625 0.0546875
3 0.22734375 0.4859375 0.03515625 0.0234375
3 0.17421875 0.534375 0.06015625 0.028125
3 0.15703125 0.559375 0.0703125 0.03828125
3 0.13828125 0.5921875 0.06640625 0.0453125
3 0.07578125 0.50390625 0.12109375 0.04375
3 0.04921875 0.534375 0.0984375 0.059375
3 0.01015625 0.56328125 0.0203125 0.0390625
3 0.2328125 0.54375 0.03515625 0.028125
3 0.1703125 0.44296875 0.0609375 0.02109375
3 0.15 0.45703125 0.07265625 0.03046875
3 0.10625 0.7484375 0.08984375 0.08203125
0 0.05 0.61875 0.08359375 0.078125
0 0.0578125 0.66640625 0.08125 0.0796875
0 0.103125 0.63828125 0.02265625 0.06171875
0 0.11796875 0.61953125 0.021875 0.05703125
0 0.0734375 0.59453125 0.06953125 0.0609375
0 0.0875 0.3609375 0.0671875 0.046875
0 0.109375 0.3578125 0.05 0.04375
0 0.14921875 0.35546875 0.01484375 0.03828125
0 0.1375 0.35625 0.01640625 0.03984375
0 0.11171875 0.315625 0.05859375 0.04140625
0 0.14453125 0.31640625 0.01484375 0.03828125
0 0.1546875 0.31640625 0.01328125 0.03671875
0 0.1640625 0.3171875 0.01171875 0.034375
0 0.159375 0.353125 0.01328125 0.0359375
0 0.16875 0.35234375 0.01171875 0.034375
0 0.1765625 0.35078125 0.01171875 0.03359375
0 0.1828125 0.33671875 0.02734375 0.03046875
0 0.1984375 0.3359375 0.00859375 0.02890625
0 0.2046875 0.3359375 0.0078125 0.0265625
0 0.21015625 0.3359375 0.00703125 0.0265625
0 0.215625 0.33515625 0.00703125 0.02578125
0 0.2203125 0.334375 0.00625 0.025
0 0.22421875 0.334375 0.00625 0.02421875
0 0.18828125 0.4234375 0.03671875 0.02890625
0 0.19609375 0.4203125 0.03359375 0.0296875
0 0.21328125 0.41796875 0.00703125 0.028125
0 0.19765625 0.3921875 0.03359375 0.02890625
0 0.21875 0.4140625 0.00703125 0.0265625
0 0.2234375 0.4109375 0.00625 0.02578125
0 0.228125 0.40859375 0.00546875 0.025
0 0.23203125 0.40625 0.00546875 0.025
0 0.20390625 0.3890625 0.03203125 0.0265625
0 0.2109375 0.38671875 0.02734375 0.02578125
0 0.21484375 0.384375 0.028125 0.025
3 0.05234375 0.85703125 0.10390625 0.1296875
3 0.4921875 0.57421875 0.03828125 0.03515625
3 0.78203125 0.6515625 0.184375 0.146875
3 0.68671875 0.5765625 0.128125 0.0953125
3 0.52578125 0.45390625 0.05546875 0.02890625
3 0.5421875 0.46875 0.0515625 0.0359375
3 0.56953125 0.4921875 0.06484375 0.0453125
3 0.4578125 0.50859375 0.0265625 0.0203125
3 0.475 0.41953125 0.03671875 0.01875
3 0.4859375 0.4265625 0.04296875 0.0203125
3 0.51875 0.634375 0.04296875 0.053125
0 0.73359375 0.83203125 0.0890625 0.140625
0 0.46953125 0.4765625 0.009375 0.00703125
0 0.47265625 0.4703125 0.01015625 0.009375
0 0.46484375 0.46796875 0.00859375 0.00703125
3 0.59609375 0.80390625 0.0609375 0.10390625
3 0.55 0.690625 0.06015625 0.06328125
3 0.65546875 0.89921875 0.10546875 0.14296875
3 0.68203125 0.95859375 0.0515625 0.08125
3 0.49609375 0.528125 0.03515625 0.03359375
0 0.66015625 0.7234375 0.06484375 0.1
0 0.63671875 0.6984375 0.05859375 0.0765625
0 0.60078125 0.66875 0.01953125 0.07578125
0 0.6390625 0.64375 0.05859375 0.08203125
0 0.53828125 0.528125 0.034375 0.04609375
0 0.5375 0.5640625 0.03359375 0.04453125
0 0.5171875 0.553125 0.00703125 0.040625
0 0.51015625 0.54140625 0.00703125 0.040625
0 0.52421875 0.51875 0.021875 0.04296875
0 0.5109375 0.35078125 0.0296875 0.03359375
0 0.50234375 0.34921875 0.02421875 0.03203125
0 0.48203125 0.34765625 0.00390625 0.02890625
0 0.4875 0.34921875 0.0046875 0.0296875
0 0.4984375 0.31796875 0.02734375 0.03046875
0 0.48203125 0.31875 0.0046875 0.0296875
0 0.47734375 0.31875 0.00390625 0.02890625
0 0.4734375 0.31875 0.00390625 0.0265625
0 0.47734375 0.346875 0.00390625 0.028125
0 0.4734375 0.346875 0.00390625 0.0265625
0 0.46953125 0.3453125 0.00390625 0.02578125
0 0.46484375 0.334375 0.01171875 0.02421875
0 0.4578125 0.33359375 0.003125 0.0234375
0 0.4546875 0.334375 0.00234375 0.021875
0 0.45234375 0.33359375 0.00234375 0.02109375
0 0.44921875 0.33359375 0.00234375 0.02109375
0 0.446875 0.33359375 0.00234375 0.0203125
0 0.44453125 0.33359375 0.00234375 0.0203125
0 0.4703125 0.40234375 0.0203125 0.01953125
0 0.46640625 0.4015625 0.01875 0.02109375
0 0.45625 0.4015625 0.00234375 0.02109375
0 0.4640625 0.3796875 0.01953125 0.021875
0 0.453125 0.39921875 0.00234375 0.021875
0 0.45078125 0.396875 0.00234375 0.0203125
0 0.44765625 0.3953125 0.00234375 0.0203125
0 0.44609375 0.39375 0.00234375 0.0203125
0 0.45859375 0.378125 0.0140625 0.021875
0 0.4546875 0.3765625 0.01171875 0.02109375
0 0.453125 0.37578125 0.01328125 0.02109375
3 0.69609375 0.528125 0.040625 0.025
3 0.9828125 0.47578125 0.03359375 0.0296875
3 0.61875 0.440625 0.02421875 0.01171875
3 0.67421875 0.46484375 0.0375 0.01875
3 0.69921875 0.47421875 0.04140625 0.02109375
3 0.725 0.48671875 0.0453125 0.021875
3 0.7703125 0.4203125 0.05390625 0.0109375
3 0.80625 0.4296875 0.06171875 0.01484375
3 0.8515625 0.4421875 0.06171875 0.01953125
3 0.8375 0.61484375 0.06796875 0.04609375
3 0.72109375 0.54375 0.0453125 0.028125
3 0.6203125 0.48359375 0.02890625 0.01484375
3 0.6765625 0.39921875 0.03828125 0.00546875
3 0.69609375 0.40625 0.04140625 0.01171875
3 0.75859375 0.56640625 0.05234375 0.03359375
0 0.9859375 0.59453125 0.02734375 0.053125
0 0.6390625 0.44375 0.0171875 0.0203125
3 0.90546875 0.65703125 0.08359375 0.06015625
3 0.96171875 0.7 0.075 0.071875
3 0.92578125 0.57578125 0.08828125 0.04296875
0 0.865625 0.53203125 0.0109375 0.03359375
0 0.82265625 0.52421875 0.02109375 0.0359375
0 0.8046875 0.51640625 0.0203125 0.034375
0 0.82421875 0.50859375 0.01796875 0.00859375
0 0.784375 0.49296875 0.0171875 0.00625
0 0.78671875 0.50703125 0.02578125 0.03125
0 0.76796875 0.50078125 0.01640625 0.03046875
0 0.75390625 0.49453125 0.015625 0.0296875
0 0.76875 0.48671875 0.0140625 0.00546875
0 0.659375 0.38984375 0.01953125 0.01484375
0 0.65 0.38828125 0.01640625 0.01484375
0 0.63828125 0.38671875 0.00703125 0.01328125
0 0.6453125 0.37109375 0.01953125 0.01953125
0 0.63203125 0.38515625 0.00625 0.01328125
0 0.62734375 0.384375 0.00234375 0.01171875
0 0.6171875 0.38203125 0.0015625 0.0109375
0 0.61328125 0.38125 0.00546875 0.01328125
0 0.63828125 0.3703125 0.01796875 0.01875
0 0.63359375 0.36875 0.01328125 0.01796875
0 0.625 0.36796875 0.01640625 0.01640625
0 0.66328125 0.3328125 0.02109375 0.01953125
0 0.64921875 0.3328125 0.0078125 0.01953125
0 0.64140625 0.33203125 0.00703125 0.01875
0 0.63515625 0.33203125 0.00703125 0.01875
0 0.6296875 0.33203125 0.00390625 0.01875
0 0.61953125 0.33203125 0.0015625 0.01640625
0 0.615625 0.33203125 0.00546875 0.01640625
0 0.7484375 0.3453125 0.02890625 0.02578125
0 0.72890625 0.34453125 0.0140625 0.025
0 0.70546875 0.34375 0.01171875 0.0234375
0 0.71640625 0.34453125 0.0125 0.02421875
0 0.72578125 0.31953125 0.02734375 0.0234375
0 0.7078125 0.31953125 0.01171875 0.0234375
0 0.696875 0.3203125 0.01171875 0.021875
0 0.68671875 0.3203125 0.01015625 0.021875
0 0.6953125 0.34375 0.01171875 0.021875
0 0.68515625 0.34296875 0.01015625 0.02109375
0 0.6765625 0.3421875 0.01015625 0.02109375
3 0.29453125 0.98359375 0.02109375 0.03125