3 0.45 0.68046875 0.05859375 0.053125
3 0.94453125 0.5234375 0.109375 0.046875
3 0.86796875 0.5171875 0.11796875 0.0453125
3 0.28125 0.5625 0.05703125 0.03203125
3 0.4015625 0.58671875 0.06171875 0.040625
3 0.44921875 0.59296875 0.06015625 0.04375
3 0.4953125 0.60390625 0.05234375 0.05
3 0.5578125 0.49453125 0.05546875 0.03515625
3 0.6109375 0.4984375 0.0625 0.0359375
3 0.6828125 0.50625 0.0734375 0.034375
3 0.68046875 0.74140625 0.06953125 0.0734375
3 0.49375 0.6921875 0.05390625 0.05625
3 0.28984375 0.6390625 0.059375 0.040625
3 0.39375 0.48125 0.0609375 0.02890625
3 0.43203125 0.484375 0.06015625 0.03046875
3 0.56015625 0.7109375 0.05859375 0.06328125
0 0.86328125 0.65546875 0.06328125 0.0765625
0 0.325 0.56171875 0.03515625 0.04453125
3 0.76875 0.76328125 0.08046875 0.07890625
3 0.84765625 0.7859375 0.0921875 0.0796875
3 0.93203125 0.80625 0.11015625 0.09140625
3 0.77734375 0.64921875 0.084375 0.06015625
0 0.68828125 0.621875 0.03046875 0.0640625
0 0.66015625 0.61796875 0.028125 0.0609375
0 0.63359375 0.6125 0.0265625 0.06171875
0 0.6609375 0.5765625 0.03046875 0.06015625
0 0.6015625 0.56796875 0.02578125 0.05625
0 0.6 0.609375 0.02578125 0.0546875
0 0.57578125 0.6109375 0.02421875 0.04296875
0 0.553125 0.59921875 0.02265625 0.05625
0 0.578125 0.56484375 0.0265625 0.05546875
0 0.35703125 0.46640625 0.03359375 0.03984375
0 0.3390625 0.46484375 0.03203125 0.0390625
0 0.31640625 0.46640625 0.01640625 0.034375
0 0.3234375 0.43125 0.03515625 0.0359375
0 0.30078125 0.46484375 0.01640625 0.03359375
0 0.28515625 0.46328125 0.01640625 0.03203125
0 0.27109375 0.4625 0.015625 0.03203125
0 0.25625 0.459375 0.01484375 0.034375
0 0.30546875 0.43046875 0.0296875 0.0359375
0 0.29296875 0.4296875 0.034375 0.03515625
0 0.27578125 0.42890625 0.0296875 0.03515625
0 0.3546875 0.359375 0.03515625 0.03671875
0 0.32890625 0.359375 0.01796875 0.0359375
0 0.3125 0.36015625 0.0171875 0.03515625
0 0.29609375 0.36015625 0.01640625 0.03515625
0 0.28046875 0.3609375 0.01640625 0.034375
0 0.265625 0.3609375 0.01640625 0.03359375
0 0.2515625 0.3609375 0.01640625 0.03359375
0 0.515625 0.3734375 0.0296875 0.04140625
0 0.4890625 0.3734375 0.02265625 0.04140625
0 0.446875 0.37421875 0.0203125 0.0390625
0 0.4671875 0.3734375 0.02109375 0.03984375
0 0.47265625 0.3328125 0.03125 0.04140625
0 0.44609375 0.33359375 0.0203125 0.03984375
0 0.42578125 0.334375 0.0203125 0.03984375
0 0.40625 0.33515625 0.01953125 0.0390625
0 0.4265625 0.37421875 0.01953125 0.0390625
0 0.40703125 0.37421875 0.01953125 0.03828125
0 0.38828125 0.37421875 0.01875 0.03671875