3 0.41484375 0.675 0.08515625 0.06875
3 0.984375 0.38125 0.03046875 0.03359375
3 0.5609375 0.39140625 0.075 0.028125
3 0.6484375 0.390625 0.1 0.0296875
3 0.7640625 0.3890625 0.13125 0.03203125
3 0.21640625 0.621875 0.08203125 0.0484375
3 0.3375 0.39375 0.0890625 0.021875
3 0.38828125 0.39296875 0.08984375 0.0234375
3 0.56875 0.71953125 0.08671875 0.090625
0 0.30703125 0.53125 0.02421875 0.01796875
0 0.2875 0.53125 0.02421875 0.0203125
0 0.28359375 0.521875 0.02421875 0.02578125
0 0.2515625 0.525 0.02421875 0.01640625
0 0.271875 0.52421875 0.021875 0.01640625
3 0.90703125 0.80703125 0.17890625 0.13828125
3 0.6953125 0.7515625 0.10390625 0.10625
3 0.9859375 0.8359375 0.02734375 0.084375
3 0.4734375 0.56171875 0.075 0.05703125
0 0.9609375 0.60234375 0.07734375 0.10625
0 0.915625 0.596875 0.09921875 0.1046875
0 0.9609375 0.5265625 0.07734375 0.09453125
0 0.63125 0.5015625 0.0390625 0.0734375
0 0.6296875 0.56875 0.0390625 0.06640625
0 0.59296875 0.56328125 0.03671875 0.0640625
0 0.5578125 0.553125 0.03359375 0.07578125
0 0.59453125 0.4984375 0.03828125 0.07109375
0 0.503125 0.209375 0.0453125 0.06484375
0 0.46484375 0.21484375 0.03203125 0.06328125
0 0.40546875 0.225 0.028125 0.059375
0 0.434375 0.21953125 0.02890625 0.06015625
0 0.44296875 0.1609375 0.04765625 0.06640625
0 0.4046875 0.16796875 0.02890625 0.0640625
0 0.37734375 0.17421875 0.02734375 0.06328125
0 0.3515625 0.18046875 0.02578125 0.0609375
0 0.37890625 0.23046875 0.02734375 0.05625
0 0.353125 0.234375 0.02578125 0.05546875
0 0.32890625 0.23828125 0.02421875 0.0546875
0 0.28984375 0.23125 0.05234375 0.0609375
0 0.25390625 0.23046875 0.02265625 0.05
0 0.23359375 0.234375 0.02109375 0.04921875
0 0.21484375 0.23828125 0.0203125 0.046875
0 0.19609375 0.24140625 0.01953125 0.04609375
0 0.17890625 0.2453125 0.01953125 0.04453125
0 0.1625 0.2484375 0.01796875 0.04375
0 0.29453125 0.38046875 0.05 0.0484375
0 0.259375 0.38125 0.02265625 0.046875
0 0.23984375 0.38203125 0.02109375 0.0453125
0 0.253125 0.3359375 0.05234375 0.046875
0 0.22109375 0.38203125 0.01953125 0.04453125
0 0.203125 0.3828125 0.01953125 0.04375
0 0.18671875 0.38359375 0.01875 0.04296875
0 0.1703125 0.38359375 0.01796875 0.04296875
0 0.21875 0.33671875 0.0203125 0.04609375
0 0.20078125 0.33828125 0.01953125 0.0453125
0 0.18359375 0.33984375 0.01875 0.04453125
3 0.534375 0.52578125 0.02578125 0.01796875
3 0.84296875 0.39609375 0.021875 0.0109375
3 0.7796875 0.39609375 0.0078125 0.01015625
3 0.41953125 0.4625 0.034375 0.01171875
3 0.4984375 0.46796875 0.025 0.01328125
3 0.53671875 0.46875 0.03046875 0.0140625
3 0.565625 0.47109375 0.0296875 0.01484375
3 0.6171875 0.3984375 0.0015625 0.00546875
3 0.63671875 0.3984375 0.0359375 0.00546875
3 0.67734375 0.39921875 0.040625 0.01015625
3 0.67734375 0.54140625 0.03984375 0.021875
3 0.421875 0.5140625 0.03359375 0.015625
3 0.49609375 0.40078125 0.025 0.00859375
3 0.51640625 0.40078125 0.0140625 0.00859375
0 0.77734375 0.47421875 0.0296875 0.03046875
0 0.45078125 0.45859375 0.021875 0.021875
3 0.7265625 0.546875 0.04453125 0.0234375
3 0.7703125 0.55078125 0.04765625 0.02421875
3 0.8140625 0.55546875 0.05390625 0.02578125
3 0.73046875 0.47890625 0.04609375 0.015625
0 0.68125 0.46953125 0.01640625 0.028125
0 0.66484375 0.46875 0.01640625 0.028125
0 0.65 0.46796875 0.015625 0.028125
0 0.665625 0.44375 0.0171875 0.0265625
0 0.63046875 0.44296875 0.01484375 0.02578125
0 0.63046875 0.46015625 0.01484375 0.009375
0 0.615625 0.459375 0.0140625 0.00859375
0 0.6015625 0.45859375 0.01328125 0.0109375
0 0.61640625 0.4421875 0.01484375 0.025
0 0.4734375 0.39375 0.01484375 0.02109375
0 0.46015625 0.39375 0.0109375 0.02109375
0 0.4484375 0.39453125 0.0109375 0.0203125
0 0.45234375 0.3734375 0.01796875 0.0203125
0 0.43828125 0.39453125 0.01015625 0.0203125
0 0.41953125 0.396875 0.00078125 0.009375
0 0.4375 0.3734375 0.01015625 0.0203125
0 0.42734375 0.37421875 0.01015625 0.0203125
0 0.41640625 0.3734375 0.01015625 0.01953125
0 0.4734375 0.32578125 0.01484375 0.021875
0 0.46015625 0.32734375 0.0109375 0.02109375
0 0.44921875 0.328125 0.01015625 0.021875
0 0.43828125 0.32890625 0.01015625 0.02109375
0 0.42734375 0.32890625 0.01015625 0.02109375
0 0.41640625 0.33046875 0.01015625 0.02109375
0 0.40625 0.33125 0.01015625 0.02109375
0 0.578125 0.32890625 0.0140625 0.02421875
0 0.5640625 0.3296875 0.01328125 0.02421875
0 0.53984375 0.33125 0.00703125 0.0234375
0 0.55 0.33046875 0.01328125 0.02421875
0 0.55234375 0.30625 0.01640625 0.02421875
0 0.540625 0.30703125 0.00703125 0.02421875
0 0.525 0.30859375 0.00546875 0.0234375
0 0.50859375 0.31015625 0.00546875 0.021875
0 0.525 0.33203125 0.00546875 0.021875
0 0.50859375 0.33359375 0.00546875 0.021875
0 0.5 0.33359375 0.01171875 0.0234375