3 0.37734375 0.7421875 0.1 0.15859375
3 0.88671875 0.26875 0.10546875 0.04609375
3 0.8453125 0.27890625 0.10546875 0.05078125
3 0.5625 0.34453125 0.11484375 0.0875
3 0.63515625 0.3265625 0.11953125 0.07265625
3 0.7125 0.31328125 0.10625 0.0625
3 0.14140625 0.45 0.19609375 0.1640625
3 0.28671875 0.41640625 0.1375 0.1390625
3 0.559375 0.65390625 0.096875 0.1203125
0 0.85 0.40234375 0.0640625 0.05859375
0 0.090625 0.69453125 0.04375 0.065625
0 0.040625 0.72734375 0.0625 0.08046875
0 0.02109375 0.70625 0.0421875 0.09140625
3 0.73828125 0.565625 0.09140625 0.0703125
3 0.64375 0.61953125 0.09375 0.0828125
3 0.7984375 0.5484375 0.05625 0.05234375
3 0.83671875 0.52734375 0.05390625 0.04765625
3 0.4671875 0.57578125 0.10234375 0.14140625
0 0.81640625 0.4234375 0.02890625 0.059375
0 0.784375 0.42734375 0.05625 0.06953125
0 0.7609375 0.43125 0.0640625 0.07734375
0 0.790625 0.37890625 0.06796875 0.07265625
0 0.61953125 0.4375 0.05546875 0.09375
0 0.6234375 0.50625 0.034375 0.0640625
0 0.584375 0.50546875 0.05546875 0.090625
0 0.55703125 0.5125 0.04765625 0.10546875
0 0.5859375 0.446875 0.06171875 0.09765625
0 0.49609375 0.0953125 0.05390625 0.115625
0 0.43984375 0.0953125 0.0609375 0.12265625
0 0.3125 0.09296875 0.08515625 0.13515625
0 0.37890625 0.09375 0.07109375 0.12734375
0 0.37578125 0.0171875 0.06796875 0.034375
0 0.30390625 0.0140625 0.0765625 0.028125
0 0.22578125 0.0125 0.0859375 0.025
0 0.1375 0.009375 0.09609375 0.01796875
0 0.2375 0.09140625 0.10078125 0.1421875
0 0.153125 0.0890625 0.11953125 0.15234375
0 0.06484375 0.08671875 0.1296875 0.16484375
0 0.03046875 0.43203125 0.0609375 0.1609375
3 0.3453125 0.371875 0.0390625 0.02265625
3 0.59921875 0.190625 0.034375 0.0140625
3 0.565625 0.19375 0.0421875 0.01484375
3 0.13046875 0.3375 0.06953125 0.0375
3 0.2921875 0.31484375 0.04765625 0.03203125
3 0.3375 0.30625 0.04375 0.0296875
3 0.38046875 0.30078125 0.0375 0.0296875
3 0.4171875 0.20703125 0.03515625 0.0203125
3 0.45078125 0.203125 0.04140625 0.01953125
3 0.48984375 0.2015625 0.04140625 0.015625
3 0.49140625 0.34140625 0.034375 0.0171875
3 0.3828125 0.3640625 0.040625 0.02109375
3 0.1546875 0.409375 0.0078125 0.0125
3 0.27109375 0.21875 0.04609375 0.0265625
3 0.3125 0.215625 0.040625 0.02421875
3 0.4296875 0.3546875 0.03828125 0.01796875
0 0.5671875 0.26484375 0.02109375 0.02734375
0 0.1953125 0.31953125 0.04375 0.040625
3 0.5328125 0.278125 0.040625 0.01796875
0 0.49921875 0.27421875 0.0125 0.03203125
0 0.48125 0.27734375 0.0203125 0.0328125
0 0.46796875 0.27890625 0.01953125 0.034375
0 0.48125 0.25 0.0203125 0.034375
0 0.44765625 0.25390625 0.01953125 0.034375
0 0.45078125 0.284375 0.01484375 0.02734375
0 0.4359375 0.2859375 0.01796875 0.03046875
0 0.41953125 0.2859375 0.0203125 0.03515625
0 0.43359375 0.25546875 0.0203125 0.03515625
0 0.2234375 0.22109375 0.0296875 0.02265625
0 0.1984375 0.22265625 0.0265625 0.02265625
0 0.17421875 0.22421875 0.02734375 0.02265625
0 0.15078125 0.22578125 0.02890625 0.0234375
0 0.125 0.22734375 0.03046875 0.0234375
0 0.09921875 0.2296875 0.03046875 0.0234375
0 0.0765625 0.23125 0.02578125 0.02421875