2 0.284375 0.55390625 0.046875 0.1265625
3 0.02109375 0.6890625 0.04140625 0.04375
3 0.12109375 0.54453125 0.0640625 0.0125
3 0.040625 0.5484375 0.0640625 0.0203125
3 0.02109375 0.55234375 0.0421875 0.0234375
3 0.11875 0.6265625 0.06484375 0.02578125
3 0.07265625 0.415625 0.0296875 0.0296875
3 0.02890625 0.3984375 0.0578125 0.0390625
0 0.015625 0.234375 0.02265625 0.0625
0 0.00234375 0.2203125 0.0046875 0.05
0 0.00390625 0.17109375 0.0078125 0.059375
0 0.0171875 0.1890625 0.02109375 0.07265625
0 0.0375 0.2109375 0.01953125 0.0671875
0 0.05390625 0.23046875 0.015625 0.059375
0 0.03515625 0.25546875 0.01953125 0.05546875
0 0.05234375 0.27109375 0.0171875 0.05078125
0 0.0671875 0.2875 0.01484375 0.04921875
0 0.0890625 0.2984375 0.02890625 0.04609375
0 0.1078125 0.3125 0.0109375 0.0390625
0 0.1171875 0.3234375 0.009375 0.0359375
0 0.12578125 0.33203125 0.00859375 0.034375
0 0.13359375 0.340625 0.0078125 0.03046875
0 0.140625 0.34921875 0.0078125 0.0296875
0 0.14765625 0.35546875 0.00625 0.02890625
0 0.07265625 0.41484375 0.05390625 0.04453125
0 0.1046875 0.42265625 0.01171875 0.0375
0 0.11484375 0.42890625 0.0109375 0.03515625
0 0.09609375 0.39296875 0.04765625 0.04375
0 0.12421875 0.43359375 0.009375 0.0328125
0 0.13125 0.4375 0.0078125 0.03203125
0 0.1390625 0.440625 0.0078125 0.03046875
0 0.14609375 0.4453125 0.00625 0.02890625
0 0.12421875 0.4015625 0.00859375 0.0375
0 0.1328125 0.4078125 0.0078125 0.03515625
0 0.13984375 0.4125 0.0078125 0.034375
3 0.484375 0.6328125 0.05078125 0.02734375
3 0.9875 0.12421875 0.02265625 0.0859375
3 0.87421875 0.1921875 0.22109375 0.1796875
3 0.5140625 0.415625 0.02890625 0.03046875
3 0.55703125 0.39609375 0.05390625 0.0390625
3 0.61171875 0.365625 0.08515625 0.05546875
3 0.43125 0.6015625 0.0328125 0.015625
3 0.44609375 0.45234375 0.0171875 0.01796875
3 0.46875 0.4453125 0.0390625 0.0203125
3 0.53203125 0.66640625 0.0640625 0.04375
0 0.45078125 0.54453125 0.00234375 0.0078125
0 0.44765625 0.54453125 0.00390625 0.0078125
0 0.4390625 0.54375 0.00546875 0.00625
3 0.7296875 0.79453125 0.15546875 0.1234375
3 0.59140625 0.70234375 0.09609375 0.05859375
3 0.88203125 0.89453125 0.2359375 0.2078125
3 0.99375 0.96875 0.0125 0.059375
3 0.490625 0.54765625 0.0421875 0.015625
0 0.85234375 0.53828125 0.11796875 0.1171875
0 0.765625 0.5375 0.0609375 0.10078125
0 0.71328125 0.5375 0.04609375 0.0890625
0 0.78359375 0.4390625 0.09921875 0.10390625
0 0.5609375 0.4859375 0.046875 0.05078125
0 0.56171875 0.5359375 0.046875 0.05078125
0 0.53046875 0.5359375 0.0125 0.04765625
0 0.51875 0.53515625 0.01171875 0.04453125
0 0.53046875 0.4890625 0.0125 0.04765625
0 0.509375 0.3125 0.03046875 0.04140625
0 0.4890625 0.32421875 0.00859375 0.0375
0 0.4734375 0.3421875 0.00625 0.034375
0 0.48125 0.33359375 0.0078125 0.03515625
0 0.49296875 0.303125 0.0328125 0.0421875
0 0.4734375 0.3125 0.00625 0.040625
0 0.46640625 0.32265625 0.00546875 0.0375
0 0.46015625 0.33046875 0.00546875 0.0359375
0 0.465625 0.35078125 0.00625 0.03203125
0 0.46015625 0.3578125 0.00546875 0.03046875
0 0.4546875 0.36484375 0.00546875 0.02734375
0 0.44609375 0.36796875 0.01171875 0.02578125
0 0.43828125 0.37421875 0.00390625 0.02421875
0 0.43359375 0.38046875 0.003125 0.02265625
0 0.43046875 0.38515625 0.003125 0.02109375
0 0.42578125 0.3890625 0.003125 0.02109375
0 0.42265625 0.39453125 0.003125 0.0203125
0 0.41953125 0.39765625 0.003125 0.01953125
0 0.44609375 0.45078125 0.0140625 0.02578125
0 0.4375 0.45390625 0.00390625 0.02578125
0 0.4328125 0.45625 0.00390625 0.0234375
0 0.4421875 0.43359375 0.0234375 0.0265625
0 0.42890625 0.459375 0.003125 0.02265625
0 0.42578125 0.4625 0.003125 0.02265625
0 0.421875 0.46484375 0.003125 0.02109375
0 0.41953125 0.46640625 0.00234375 0.0203125
0 0.42890625 0.43671875 0.003125 0.02421875
0 0.42578125 0.43984375 0.003125 0.02421875
0 0.42265625 0.4421875 0.00234375 0.0234375
3 0.69921875 0.609375 0.0296875 0.0078125
3 0.6078125 0.53984375 0.02890625 0.0078125
3 0.66875 0.54140625 0.02890625 0.00859375
3 0.6859375 0.54140625 0.00625 0.00859375
3 0.8421875 0.4453125 0.01796875 0.0140625
3 0.8890625 0.4375 0.0765625 0.0234375
3 0.8984375 0.6484375 0.07578125 0.015625
3 0.7328125 0.615625 0.03828125 0.00859375
3 0.6046875 0.590625 0.0203125 0.00390625
3 0.665625 0.4734375 0.0296875 0.0125
3 0.69453125 0.4703125 0.04375 0.0125
3 0.78671875 0.62578125 0.05234375 0.01171875
0 0.62890625 0.534375 0.01796875 0.01953125
3 0.975 0.6640625 0.04765625 0.01484375
3 0.97578125 0.5484375 0.04609375 0.015625
0 0.915625 0.5359375 0.0125 0.0375
0 0.65546875 0.46953125 0.009375 0.015625
0 0.63515625 0.4734375 0.00625 0.01953125
0 0.6265625 0.47578125 0.00859375 0.01953125
0 0.63046875 0.45546875 0.0140625 0.0203125
0 0.61875 0.4765625 0.0078125 0.01953125
0 0.6109375 0.47734375 0.0078125 0.01953125
0 0.60390625 0.47890625 0.00625 0.01796875
0 0.59765625 0.48046875 0.00625 0.01796875
0 0.61875 0.4578125 0.0078125 0.0203125
0 0.6109375 0.459375 0.0078125 0.01953125
0 0.60390625 0.4625 0.0078125 0.01796875
0 0.6546875 0.4125 0.009375 0.0125
0 0.634375 0.41875 0.00625 0.009375
0 0.6265625 0.42109375 0.00859375 0.009375
0 0.61875 0.42421875 0.0078125 0.009375
0 0.6125 0.4265625 0.0078125 0.00859375
0 0.60390625 0.4296875 0.00625 0.00859375
0 0.59765625 0.43125 0.00625 0.009375
0 0.74921875 0.384375 0.02734375 0.02734375
0 0.72734375 0.390625 0.01484375 0.02578125
0 0.70390625 0.3984375 0.00546875 0.0203125
0 0.7140625 0.39453125 0.0125 0.0234375
0 0.68515625 0.40390625 0.00234375 0.015625
0 0.67734375 0.4078125 0.0109375 0.02109375
0 0.6671875 0.4109375 0.0109375 0.0203125