3 0.9765625 0.50546875 0.04609375 0.025
3 0.978125 0.52109375 0.0421875 0.0359375
3 0.984375 0.628125 0.03046875 0.07109375
3 0.98359375 0.58046875 0.02109375 0.0296875
3 0.98984375 0.55703125 0.01953125 0.0234375
3 0.96328125 0.97421875 0.02265625 0.05
3 0.94921875 0.7921875 0.01640625 0.065625
3 0.95625 0.896875 0.0203125 0.09609375
3 0.94140625 0.74921875 0.00546875 0.0484375
3 0.9390625 0.71640625 0.00546875 0.040625
3 0.98671875 0.946875 0.02578125 0.10390625
0 0.975 0.66875 0.0296875 0.06484375
0 0.96875 0.61640625 0.0046875 0.03671875
0 0.98828125 0.71640625 0.01015625 0.08125
0 0.9828125 0.778125 0.00859375 0.084375
0 0.98359375 0.79140625 0.00703125 0.0609375
0 0.99453125 0.84609375 0.01015625 0.0984375
0 0.9890625 0.74453125 0.003125 0.02890625
3 0.41015625 0.71640625 0.06484375 0.06640625
3 0.61953125 0.45859375 0.03828125 0.01484375
3 0.6015625 0.4625 0.04140625 0.015625
3 0.075 0.7765625 0.134375 0.1265625
3 0.3625 0.6515625 0.06640625 0.0640625
3 0.409375 0.62421875 0.06640625 0.05390625
3 0.45546875 0.6046875 0.05859375 0.04609375
3 0.4921875 0.48984375 0.05234375 0.02578125
3 0.51953125 0.4828125 0.05078125 0.0234375
3 0.55078125 0.4765625 0.0421875 0.0203125
3 0.55234375 0.62734375 0.04609375 0.03828125
3 0.4515625 0.68984375 0.05859375 0.05703125
3 0.0984375 0.91640625 0.12421875 0.15859375
3 0.346875 0.5265625 0.071875 0.04375
3 0.39453125 0.515625 0.06640625 0.03828125
3 0.49765625 0.6625 0.053125 0.04921875
0 0.60625 0.52890625 0.0203125 0.0296875
0 0.21484375 0.6984375 0.06484375 0.08203125
3 0.5796875 0.61328125 0.0421875 0.02578125
3 0.60703125 0.6 0.02421875 0.02421875
3 0.6234375 0.58828125 0.02421875 0.02109375
3 0.58359375 0.54765625 0.034375 0.01953125
0 0.5609375 0.55 0.01015625 0.03359375
0 0.54296875 0.55546875 0.025 0.03359375
0 0.53828125 0.55859375 0.01484375 0.03828125
0 0.54296875 0.5265625 0.0265625 0.0359375
0 0.51640625 0.5359375 0.028125 0.0390625
0 0.525 0.56875 0.01171875 0.03359375
0 0.5125 0.5734375 0.01171875 0.034375
0 0.49140625 0.57578125 0.02890625 0.04453125
0 0.5046875 0.540625 0.02890625 0.03984375
0 0.2796875 0.52578125 0.0421875 0.06171875
0 0.24921875 0.53203125 0.03828125 0.06640625
0 0.2125 0.54453125 0.0421875 0.06171875
0 0.20703125 0.48828125 0.04609375 0.06484375
0 0.17109375 0.55390625 0.04765625 0.065625
0 0.1234375 0.56015625 0.05390625 0.078125
0 0.0703125 0.57578125 0.06171875 0.07578125
0 0.0234375 0.58046875 0.04609375 0.09140625
0 0.16640625 0.49296875 0.04921875 0.06953125
0 0.11796875 0.49921875 0.05546875 0.075
0 0.0640625 0.50703125 0.06328125 0.08046875
0 0.278125 0.37421875 0.0359375 0.05390625
0 0.24296875 0.37265625 0.03984375 0.05625
0 0.20390625 0.371875 0.04453125 0.06015625
0 0.16015625 0.37109375 0.05 0.0640625
0 0.11015625 0.36875 0.0578125 0.06796875
0 0.05390625 0.3671875 0.06640625 0.0734375
0 0.0140625 0.3671875 0.028125 0.075
0 0.47109375 0.39453125 0.01640625 0.03671875
0 0.4546875 0.39375 0.0171875 0.03828125
0 0.4171875 0.39453125 0.0203125 0.03984375
0 0.43671875 0.39453125 0.01875 0.0390625
0 0.4359375 0.35546875 0.01875 0.03984375
0 0.41640625 0.353125 0.02109375 0.04140625
0 0.39453125 0.3515625 0.02265625 0.04453125
0 0.36484375 0.35 0.03828125 0.04609375
0 0.39609375 0.39453125 0.021875 0.04140625
0 0.3734375 0.3953125 0.02421875 0.04453125
0 0.3421875 0.39453125 0.03984375 0.046875
3 0.7234375 0.578125 0.03828125 0.02578125