2 0.29609375 0.53125 0.040625 0.11796875
3 0.05546875 0.696875 0.10703125 0.06796875
3 0.1390625 0.52890625 0.05546875 0.01953125
3 0.0703125 0.5546875 0.0921875 0.02421875
3 0.05390625 0.57109375 0.0953125 0.034375
3 0.040625 0.59296875 0.0671875 0.04375
3 0.0203125 0.4203125 0.040625 0.03125
3 0.1421875 0.6046875 0.0546875 0.0296875
3 0.0953125 0.434375 0.05234375 0.01796875
3 0.06953125 0.43125 0.06953125 0.021875
3 0.01484375 0.784375 0.0296875 0.06328125
0 0.00390625 0.596875 0.0078125 0.06875
0 0.01484375 0.24609375 0.0296875 0.06875
0 0.0375 0.2625 0.01875 0.06015625
0 0.0671875 0.28671875 0.01328125 0.05078125
0 0.053125 0.27578125 0.01640625 0.05546875
0 0.0296875 0.221875 0.059375 0.075
0 0.065625 0.24140625 0.0140625 0.059375
0 0.07734375 0.25390625 0.0125 0.0546875
0 0.08828125 0.265625 0.01171875 0.053125
0 0.07890625 0.296875 0.0125 0.046875
0 0.090625 0.30546875 0.0109375 0.04453125
0 0.1 0.31328125 0.01015625 0.04140625
0 0.109375 0.3125 0.0265625 0.03984375
0 0.12578125 0.31953125 0.00703125 0.034375
0 0.13203125 0.3265625 0.00703125 0.03203125
0 0.1375 0.33125 0.00546875 0.03046875
0 0.14296875 0.3359375 0.00546875 0.0296875
0 0.1484375 0.340625 0.00546875 0.02890625
0 0.153125 0.34453125 0.0046875 0.0265625
0 0.10234375 0.42421875 0.0484375 0.03828125
0 0.1296875 0.42734375 0.00703125 0.034375
0 0.1359375 0.42890625 0.00625 0.03203125
0 0.11640625 0.39453125 0.04296875 0.0359375
0 0.14140625 0.43046875 0.00546875 0.03046875
0 0.146875 0.43046875 0.00546875 0.0296875
0 0.1515625 0.43203125 0.00546875 0.02890625
0 0.15625 0.43203125 0.0046875 0.028125
0 0.140625 0.3984375 0.00546875 0.03203125
0 0.1453125 0.40078125 0.00546875 0.03125
0 0.15078125 0.403125 0.00546875 0.0296875
3 0.48125 0.60390625 0.0453125 0.0296875
3 0.91328125 0.39140625 0.171875 0.06328125
3 0.7859375 0.40625 0.14921875 0.04609375
3 0.528125 0.4359375 0.053125 0.01640625
3 0.55234375 0.43359375 0.04765625 0.01875
3 0.60390625 0.42890625 0.0765625 0.0234375
3 0.42578125 0.56328125 0.03046875 0.01796875
3 0.4453125 0.44140625 0.0171875 0.0109375
3 0.47265625 0.440625 0.04765625 0.01328125
3 0.5296875 0.6421875 0.05546875 0.04375
0 0.89609375 0.65625 0.13359375 0.12578125
0 0.44921875 0.51875 0.00390625 0.00546875
0 0.4453125 0.51640625 0.0109375 0.00859375
0 0.4484375 0.509375 0.00859375 0.00546875
0 0.4359375 0.5125 0.00859375 0.00625
0 0.43984375 0.51328125 0.0015625 0.00546875
3 0.67421875 0.75625 0.09765625 0.09296875
3 0.578125 0.68046875 0.07421875 0.053125
3 0.76796875 0.825 0.14296875 0.13125
3 0.9015625 0.90859375 0.1953125 0.18125
3 0.4921875 0.53671875 0.03984375 0.0234375
0 0.7578125 0.60859375 0.0703125 0.0890625
0 0.7171875 0.59921875 0.06171875 0.07421875
0 0.671875 0.58515625 0.03046875 0.07421875
0 0.7203125 0.53359375 0.0640625 0.0734375
0 0.5546875 0.5046875 0.03828125 0.04296875
0 0.5546875 0.54453125 0.03828125 0.04375
0 0.5296875 0.540625 0.01171875 0.040625
0 0.51796875 0.5359375 0.01015625 0.03984375
0 0.540625 0.5015625 0.034375 0.040625
0 0.509375 0.33671875 0.03203125 0.0359375
0 0.4890625 0.3421875 0.00859375 0.034375
0 0.47265625 0.35078125 0.00703125 0.03046875
0 0.48046875 0.346875 0.0078125 0.03203125
0 0.49140625 0.31640625 0.02890625 0.0359375
0 0.47265625 0.321875 0.00703125 0.034375
0 0.46484375 0.32734375 0.00625 0.03203125
0 0.45859375 0.33125 0.00625 0.03125
0 0.465625 0.35546875 0.00703125 0.02890625
0 0.45859375 0.35859375 0.00546875 0.028125
0 0.45234375 0.36171875 0.00546875 0.0265625
0 0.4453125 0.35859375 0.0171875 0.025
0 0.434375 0.36171875 0.0046875 0.02421875
0 0.42890625 0.3640625 0.00390625 0.0234375
0 0.425 0.36796875 0.00390625 0.021875
0 0.4203125 0.36953125 0.00390625 0.02109375
0 0.41640625 0.371875 0.003125 0.0203125
0 0.41328125 0.37421875 0.003125 0.0203125
0 0.4484375 0.4359375 0.02265625 0.025
0 0.434375 0.4359375 0.0046875 0.02421875
0 0.42890625 0.43671875 0.00390625 0.021875
0 0.4375 0.41328125 0.02109375 0.0234375
0 0.425 0.4375 0.00390625 0.02109375
0 0.4203125 0.43828125 0.00390625 0.0203125
0 0.4171875 0.4390625 0.00390625 0.0203125
0 0.41328125 0.4390625 0.003125 0.0203125
0 0.425 0.41484375 0.00390625 0.021875
0 0.4203125 0.41640625 0.00390625 0.02109375
0 0.41640625 0.4171875 0.003125 0.02109375
3 0.65234375 0.5609375 0.00625 0.01015625
3 0.58515625 0.496875 0.02265625 0.009375
3 0.64296875 0.50546875 0.02578125 0.0109375
3 0.66875 0.50859375 0.0390625 0.01171875
3 0.68203125 0.51171875 0.01328125 0.0109375
3 0.81328125 0.60390625 0.04140625 0.0296875
3 0.58671875 0.5390625 0.02578125 0.01171875
0 0.96953125 0.53828125 0.06015625 0.04140625
0 0.60390625 0.49453125 0.01640625 0.01796875
3 0.9796875 0.64921875 0.03359375 0.028125
3 0.99453125 0.653125 0.01015625 0.0296875
3 0.89375 0.53984375 0.0734375 0.0203125
0 0.821875 0.51953125 0.03046875 0.03203125
0 0.79765625 0.51875 0.01953125 0.0296875
0 0.77890625 0.515625 0.01796875 0.0296875
0 0.803125 0.490625 0.02890625 0.02890625
0 0.7625 0.4875 0.0265625 0.0265625
0 0.76328125 0.51328125 0.02265625 0.0265625
0 0.74296875 0.48671875 0.01796875 0.025
0 0.62421875 0.384375 0.01796875 0.01875
0 0.6109375 0.38515625 0.00703125 0.01875
0 0.603125 0.38671875 0.00703125 0.01875
0 0.59609375 0.38828125 0.00703125 0.01796875
0 0.5890625 0.390625 0.00703125 0.01796875
0 0.58203125 0.39140625 0.00625 0.01640625
0 0.57578125 0.39296875 0.00546875 0.015625
0 0.709375 0.375 0.0234375 0.02421875
0 0.6921875 0.37734375 0.01171875 0.0234375
0 0.67109375 0.38203125 0.00703125 0.02109375
0 0.6796875 0.3796875 0.0109375 0.021875
0 0.6859375 0.3578125 0.02109375 0.0234375
0 0.67109375 0.36015625 0.00703125 0.021875
0 0.65625 0.3640625 0.0046875 0.0203125
0 0.64921875 0.36640625 0.009375 0.02109375
0 0.65546875 0.384375 0.00390625 0.0203125
0 0.6484375 0.38515625 0.009375 0.01875
0 0.6390625 0.38671875 0.00859375 0.0203125