2 0.29609375 0.53046875 0.040625 0.1171875
3 0.05546875 0.696875 0.10625 0.06796875
3 0.1390625 0.52890625 0.05546875 0.0203125
3 0.07109375 0.5546875 0.0921875 0.02421875
3 0.05390625 0.57109375 0.09453125 0.034375
3 0.040625 0.59296875 0.0671875 0.04375
3 0.0203125 0.4203125 0.040625 0.03203125
3 0.1421875 0.60546875 0.05390625 0.0296875
3 0.0953125 0.434375 0.05234375 0.01796875
3 0.06953125 0.43125 0.06953125 0.02265625
3 0.01484375 0.784375 0.0296875 0.0625
0 0.00390625 0.596875 0.0078125 0.06875
0 0.01484375 0.24609375 0.0296875 0.06953125
0 0.0375 0.2625 0.01953125 0.059375
0 0.0671875 0.2875 0.0125 0.05078125
0 0.05390625 0.2765625 0.015625 0.05546875
0 0.0296875 0.221875 0.059375 0.07578125
0 0.065625 0.24140625 0.0140625 0.059375
0 0.07734375 0.25390625 0.0125 0.05546875
0 0.0890625 0.265625 0.01171875 0.05234375
0 0.0796875 0.296875 0.0125 0.046875
0 0.090625 0.30546875 0.0109375 0.04453125
0 0.1 0.31328125 0.0109375 0.04140625
0 0.109375 0.3125 0.0265625 0.040625
0 0.12578125 0.3203125 0.0078125 0.034375
0 0.13203125 0.3265625 0.00625 0.03203125
0 0.1375 0.33046875 0.00546875 0.0296875
0 0.14296875 0.3359375 0.00546875 0.0296875
0 0.1484375 0.340625 0.00546875 0.02890625
0 0.15234375 0.3453125 0.00546875 0.0265625
0 0.10234375 0.42421875 0.04921875 0.03828125
0 0.13046875 0.42734375 0.0078125 0.034375
0 0.1359375 0.42890625 0.00625 0.0328125
0 0.11640625 0.39453125 0.04375 0.0359375
0 0.14140625 0.43046875 0.00625 0.03046875
0 0.146875 0.43046875 0.00625 0.0296875
0 0.1515625 0.4328125 0.00546875 0.02890625
0 0.15546875 0.4328125 0.00546875 0.02734375
0 0.140625 0.3984375 0.00625 0.0328125
0 0.14609375 0.40078125 0.00625 0.03203125
0 0.15078125 0.403125 0.00546875 0.0296875
3 0.48125 0.60390625 0.04609375 0.0296875
3 0.91328125 0.3921875 0.17109375 0.0625
3 0.7859375 0.40625 0.15 0.046875
3 0.52890625 0.4359375 0.053125 0.0171875
3 0.55234375 0.43359375 0.04765625 0.01796875
3 0.60390625 0.4296875 0.0765625 0.0234375
3 0.42578125 0.56328125 0.0296875 0.01796875
3 0.44609375 0.44140625 0.0171875 0.0109375
3 0.47265625 0.44140625 0.04765625 0.0125
3 0.52890625 0.6421875 0.05625 0.04375
0 0.896875 0.65625 0.134375 0.12578125
0 0.44921875 0.51875 0.00390625 0.00546875
0 0.4453125 0.515625 0.01171875 0.00859375
0 0.44921875 0.509375 0.00859375 0.00546875
0 0.4359375 0.5125 0.00859375 0.00625
0 0.43984375 0.51328125 0.00078125 0.00546875
3 0.67421875 0.75703125 0.09765625 0.0921875
3 0.57890625 0.68046875 0.07421875 0.05234375
3 0.76796875 0.825 0.1421875 0.13046875
3 0.9015625 0.90859375 0.19453125 0.18046875
3 0.4921875 0.5375 0.0390625 0.0234375
0 0.7578125 0.60859375 0.0703125 0.0890625
0 0.7171875 0.59921875 0.0625 0.07421875
0 0.67265625 0.58515625 0.03046875 0.07421875
0 0.7203125 0.534375 0.0640625 0.0734375
0 0.55390625 0.50546875 0.03828125 0.0421875
0 0.55390625 0.5453125 0.03828125 0.04375
0 0.52890625 0.540625 0.01171875 0.04140625
0 0.51796875 0.5359375 0.0109375 0.0390625
0 0.540625 0.5015625 0.034375 0.04140625
0 0.509375 0.3375 0.03203125 0.0359375
0 0.4890625 0.3421875 0.00859375 0.034375
0 0.47265625 0.35078125 0.0078125 0.03046875
0 0.48046875 0.346875 0.0078125 0.03203125
0 0.490625 0.315625 0.02890625 0.0359375
0 0.47265625 0.32265625 0.0078125 0.034375
0 0.46484375 0.32734375 0.00625 0.0328125
0 0.45859375 0.33125 0.00625 0.03046875
0 0.465625 0.35546875 0.0078125 0.02890625
0 0.45859375 0.35859375 0.00625 0.02734375
0 0.45234375 0.3625 0.00625 0.0265625
0 0.44609375 0.359375 0.0171875 0.02421875
0 0.434375 0.3625 0.00390625 0.02421875
0 0.4296875 0.36484375 0.00390625 0.0234375
0 0.425 0.3671875 0.003125 0.02265625
0 0.42109375 0.3703125 0.003125 0.02109375
0 0.41640625 0.37265625 0.003125 0.0203125
0 0.41328125 0.37421875 0.003125 0.0203125
0 0.4484375 0.4359375 0.02265625 0.02421875
0 0.434375 0.4359375 0.00390625 0.0234375
0 0.4296875 0.4375 0.00390625 0.02265625
0 0.43828125 0.4140625 0.02109375 0.0234375
0 0.42578125 0.4375 0.00390625 0.02109375
0 0.42109375 0.4375 0.003125 0.0203125
0 0.4171875 0.4390625 0.00390625 0.0203125
0 0.41328125 0.4390625 0.003125 0.0203125
0 0.425 0.415625 0.003125 0.02265625
0 0.42109375 0.415625 0.003125 0.02109375
0 0.41640625 0.4171875 0.003125 0.02109375
3 0.65234375 0.5609375 0.00625 0.0109375
3 0.5859375 0.49765625 0.02265625 0.009375
3 0.6421875 0.50546875 0.02578125 0.0109375
3 0.66953125 0.509375 0.03828125 0.01171875
3 0.68203125 0.5125 0.0125 0.01171875
3 0.81328125 0.60390625 0.04140625 0.0296875
3 0.5875 0.5390625 0.02578125 0.0125
0 0.96953125 0.5390625 0.0609375 0.04140625
0 0.60390625 0.49453125 0.0171875 0.0171875
3 0.9796875 0.64921875 0.034375 0.02734375
3 0.99453125 0.653125 0.0109375 0.0296875
3 0.89453125 0.53984375 0.0734375 0.0203125
0 0.821875 0.51953125 0.03046875 0.0328125
0 0.79765625 0.51953125 0.0203125 0.0296875
0 0.77890625 0.515625 0.01796875 0.0296875
0 0.803125 0.490625 0.0296875 0.02890625
0 0.7625 0.4875 0.0265625 0.0265625
0 0.76328125 0.51328125 0.02265625 0.0265625
0 0.74296875 0.48671875 0.01796875 0.02421875
0 0.62421875 0.384375 0.01796875 0.01953125
0 0.6109375 0.38515625 0.0078125 0.01953125
0 0.60390625 0.3875 0.0078125 0.01953125
0 0.59609375 0.38828125 0.0078125 0.0171875
0 0.5890625 0.390625 0.0078125 0.0171875
0 0.5828125 0.39140625 0.00625 0.0171875
0 0.57578125 0.39296875 0.00625 0.015625
0 0.709375 0.375 0.0234375 0.02421875
0 0.6921875 0.37734375 0.01171875 0.0234375
0 0.67109375 0.38203125 0.00625 0.02109375
0 0.6796875 0.38046875 0.0109375 0.02265625
0 0.6859375 0.35859375 0.02109375 0.0234375
0 0.67109375 0.36015625 0.00625 0.02265625
0 0.65546875 0.3640625 0.00546875 0.0203125
0 0.64921875 0.365625 0.009375 0.02109375
0 0.65625 0.384375 0.00390625 0.0203125
0 0.6484375 0.38515625 0.009375 0.01953125
0 0.6390625 0.3875 0.00859375 0.0203125