2 0.14453125 0.50390625 0.2890625 0.84921875
3 0.43046875 0.64453125 0.06796875 0.03046875
3 0.659375 0.471875 0.03515625 0.01484375
3 0.63671875 0.4671875 0.04375 0.015625
3 0.52265625 0.440625 0.04921875 0.0203125
3 0.55546875 0.4484375 0.03984375 0.01796875
3 0.58515625 0.45546875 0.0375 0.01640625
3 0.37578125 0.40078125 0.065625 0.03359375
3 0.4296875 0.41328125 0.04765625 0.0296875
3 0.52734375 0.63125 0.05703125 0.02421875
0 0.659375 0.540625 0.0234375 0.02421875
0 0.30546875 0.53828125 0.01796875 0.0140625
0 0.28515625 0.53671875 0.01796875 0.01484375
0 0.26328125 0.52890625 0.01796875 0.01484375
0 0.21484375 0.5359375 0.00703125 0.0140625
0 0.23828125 0.53359375 0.01796875 0.01015625
3 0.61875 0.61875 0.046875 0.01484375
3 0.5703125 0.62578125 0.05234375 0.01875
3 0.64375 0.615625 0.0390625 0.0140625
3 0.66796875 0.61171875 0.02734375 0.01328125
3 0.48125 0.540625 0.06015625 0.01640625
0 0.64296875 0.5390625 0.00859375 0.025
0 0.634375 0.5390625 0.00859375 0.02578125
0 0.61640625 0.53828125 0.0265625 0.0265625
0 0.6265625 0.5125 0.02265625 0.0265625
0 0.5546875 0.503125 0.0125 0.03125
0 0.55546875 0.534375 0.0125 0.03125
0 0.5421875 0.53359375 0.01328125 0.03203125
0 0.51953125 0.5328125 0.03046875 0.034375
0 0.53359375 0.50078125 0.0296875 0.03359375
0 0.49921875 0.3328125 0.015625 0.0359375
0 0.48203125 0.325 0.01640625 0.03671875
0 0.44609375 0.309375 0.01953125 0.040625
0 0.46484375 0.31796875 0.01796875 0.0390625
0 0.46484375 0.284375 0.01796875 0.04296875
0 0.44609375 0.27421875 0.01875 0.0453125
0 0.4265625 0.2640625 0.0203125 0.046875
0 0.4 0.25390625 0.0328125 0.04921875
0 0.4265625 0.30078125 0.0203125 0.04140625
0 0.4046875 0.29140625 0.021875 0.04375
0 0.3765625 0.28046875 0.03359375 0.04609375
0 0.3203125 0.23515625 0.0296875 0.0515625
0 0.28984375 0.22109375 0.03203125 0.0546875
0 0.2578125 0.20546875 0.03515625 0.05703125
0 0.221875 0.1890625 0.0375 0.0609375
0 0.1828125 0.16015625 0.04140625 0.04453125
0 0.13984375 0.13515625 0.04609375 0.0390625
0 0.09140625 0.1109375 0.05078125 0.040625
0 0.31484375 0.37421875 0.03046875 0.05078125
0 0.28359375 0.36640625 0.0328125 0.05390625
0 0.25 0.3578125 0.0359375 0.05625
0 0.2515625 0.30859375 0.0359375 0.06015625
0 0.2125 0.3484375 0.03984375 0.059375
0 0.171875 0.33671875 0.04453125 0.06328125
0 0.1265625 0.325 0.04921875 0.06640625
0 0.0765625 0.31171875 0.05546875 0.07109375
0 0.21484375 0.30078125 0.03984375 0.05546875
0 0.17265625 0.303125 0.04296875 0.034375
0 0.128125 0.28828125 0.04765625 0.03203125
3 0.33203125 0.60625 0.03671875 0.01171875
3 0.509375 0.50234375 0.0171875 0.00859375
3 0.490625 0.5 0.02734375 0.009375
3 0.39453125 0.490625 0.02890625 0.01015625
3 0.42109375 0.49375 0.02265625 0.009375
3 0.4453125 0.49609375 0.0234375 0.00859375
3 0.4453125 0.5984375 0.03046875 0.009375
3 0.3640625 0.60390625 0.03046875 0.0109375
3 0.29921875 0.47890625 0.03046875 0.01328125
3 0.32734375 0.48203125 0.02578125 0.01171875
3 0.39765625 0.6015625 0.03359375 0.01015625
0 0.49453125 0.54375 0.0140625 0.00703125
0 0.2234375 0.53359375 0.0234375 0.01171875
3 0.471875 0.596875 0.02734375 0.00859375
3 0.49375 0.5953125 0.021875 0.00703125
3 0.51171875 0.59453125 0.021875 0.00703125
0 0.44765625 0.54296875 0.00703125 0.0109375
0 0.43671875 0.5234375 0.01484375 0.0109375
0 0.4171875 0.52578125 0.009375 0.01875
0 0.41640625 0.54140625 0.00859375 0.0109375
0 0.3953125 0.540625 0.0125 0.01328125
0 0.40390625 0.525 0.015625 0.01875
0 0.2640625 0.46875 0.01640625 0.02421875
0 0.24765625 0.46640625 0.01640625 0.02421875
0 0.23125 0.46484375 0.0171875 0.02421875
0 0.23203125 0.440625 0.01796875 0.02578125
0 0.2171875 0.46328125 0.01015625 0.02421875
0 0.18984375 0.459375 0.00859375 0.025
0 0.17890625 0.45859375 0.01328125 0.025
0 0.21796875 0.4390625 0.0109375 0.02578125
0 0.190625 0.434375 0.00859375 0.025
0 0.17734375 0.43203125 0.01953125 0.028125
0 0.3421875 0.39765625 0.00390625 0.01015625
0 0.33125 0.3953125 0.003125 0.0109375
3 0.840625 0.6109375 0.07421875 0.021875
3 0.57578125 0.58125 0.02421875 0.00703125