3 0.48046875 0.72578125 0.0625 0.04140625
3 0.95546875 0.46640625 0.08828125 0.04921875
3 0.36171875 0.609375 0.0359375 0.015625
3 0.44296875 0.6234375 0.05703125 0.0234375
3 0.48046875 0.62890625 0.06171875 0.02578125
3 0.51953125 0.6359375 0.06640625 0.0296875
3 0.565625 0.5078125 0.0484375 0.0234375
3 0.6265625 0.503125 0.07421875 0.02578125
3 0.70859375 0.49453125 0.090625 0.03046875
3 0.72734375 0.82578125 0.10078125 0.09140625
3 0.52109375 0.740625 0.06875 0.0484375
3 0.3671875 0.68125 0.04609375 0.025
3 0.4296875 0.5203125 0.0359375 0.01640625
3 0.46796875 0.51796875 0.06015625 0.01796875
3 0.58359375 0.76796875 0.07890625 0.0609375
0 0.984375 0.68828125 0.03046875 0.0890625
0 0.39140625 0.60625 0.02578125 0.03203125
3 0.8734375 0.88125 0.14140625 0.128125
3 0.965625 0.915625 0.0671875 0.11015625
3 0.86953125 0.69296875 0.13515625 0.0640625
0 0.7265625 0.65234375 0.0453125 0.06953125
0 0.68984375 0.64921875 0.04140625 0.0609375
0 0.6546875 0.64296875 0.03125 0.0609375
0 0.690625 0.59375 0.04375 0.05703125
0 0.621875 0.58984375 0.03984375 0.05
0 0.62265625 0.63828125 0.03984375 0.0546875
0 0.590625 0.6359375 0.02421875 0.05
0 0.5671875 0.63125 0.02265625 0.05078125
0 0.58984375 0.58828125 0.02421875 0.0484375
0 0.4171875 0.5140625 0.0296875 0.03046875
0 0.396875 0.515625 0.01015625 0.0296875
0 0.38671875 0.5171875 0.01015625 0.02890625
0 0.39609375 0.48828125 0.028125 0.0296875
0 0.37734375 0.51796875 0.00859375 0.028125
0 0.36875 0.51875 0.00859375 0.0265625
0 0.36015625 0.5203125 0.0078125 0.02578125
0 0.35234375 0.5203125 0.0078125 0.02578125
0 0.378125 0.490625 0.00859375 0.02890625
0 0.36875 0.49140625 0.00859375 0.028125
0 0.3609375 0.49375 0.0078125 0.0265625
0 0.41640625 0.421875 0.02578125 0.03203125
0 0.3984375 0.425 0.01015625 0.0296875
0 0.38828125 0.428125 0.009375 0.02890625
0 0.3796875 0.43125 0.00859375 0.028125
0 0.3703125 0.43515625 0.00859375 0.028125
0 0.3625 0.43828125 0.0078125 0.02578125
0 0.35390625 0.44140625 0.00703125 0.025
0 0.5359375 0.39375 0.03515625 0.040625
0 0.509375 0.39921875 0.0171875 0.040625
0 0.4765625 0.41015625 0.01484375 0.03671875
0 0.4921875 0.40546875 0.015625 0.03828125
0 0.50078125 0.36953125 0.03359375 0.04140625
0 0.4765625 0.3765625 0.0140625 0.03984375
0 0.4625 0.38203125 0.0140625 0.0390625
0 0.44921875 0.38828125 0.0125 0.03671875
0 0.4625 0.415625 0.0140625 0.0359375
0 0.4484375 0.41953125 0.0125 0.034375
0 0.4359375 0.42421875 0.01171875 0.03359375