2 0.04609375 0.89453125 0.09140625 0.209375
3 0.42734375 0.615625 0.05859375 0.05859375
3 0.88359375 0.415625 0.103125 0.04921875
3 0.81953125 0.415625 0.09765625 0.04765625
3 0.54765625 0.415625 0.053125 0.05546875
3 0.60390625 0.415625 0.06796875 0.04921875
3 0.67109375 0.4203125 0.07578125 0.0421875
3 0.2125 0.6125 0.0796875 0.0578125
3 0.34296875 0.4203125 0.07109375 0.05546875
3 0.39609375 0.42109375 0.06484375 0.05390625
3 0.54765625 0.6203125 0.05546875 0.059375
0 0.8453125 0.52734375 0.05859375 0.0640625
0 0.309375 0.5234375 0.015625 0.0234375
0 0.290625 0.52890625 0.0203125 0.02421875
0 0.28125 0.5171875 0.0203125 0.03203125
0 0.2453125 0.52578125 0.02265625 0.0234375
0 0.26640625 0.51953125 0.0203125 0.0234375
3 0.71875 0.621875 0.0734375 0.0609375
3 0.61953125 0.62109375 0.0625 0.059375
3 0.77890625 0.63125 0.0625 0.04140625
3 0.8328125 0.6296875 0.06796875 0.046875
3 0.47890625 0.5375 0.04765625 0.0640625
0 0.79140625 0.525 0.03203125 0.05859375
0 0.7609375 0.52265625 0.04140625 0.0625
0 0.7359375 0.52265625 0.04375 0.0625
0 0.765625 0.4875 0.05 0.059375
0 0.590625 0.48671875 0.02890625 0.0609375
0 0.590625 0.534375 0.02578125 0.03515625
0 0.56640625 0.534375 0.02421875 0.03515625
0 0.54140625 0.52109375 0.02578125 0.0625
0 0.5671875 0.4859375 0.0296875 0.0609375
0 0.49765625 0.28515625 0.02734375 0.06171875
0 0.46953125 0.28515625 0.0296875 0.06171875
0 0.4125 0.290625 0.03046875 0.05
0 0.440625 0.290625 0.0296875 0.05
0 0.440625 0.23515625 0.03515625 0.059375
0 0.41171875 0.23515625 0.0359375 0.059375
0 0.3828125 0.23515625 0.03828125 0.059375
0 0.35390625 0.23515625 0.040625 0.059375
0 0.384375 0.290625 0.03203125 0.05
0 0.35625 0.290625 0.03203125 0.04921875
0 0.328125 0.284375 0.0328125 0.0609375
0 0.26875 0.265625 0.05390625 0.0609375
0 0.23671875 0.265625 0.05 0.0609375
0 0.20859375 0.265625 0.05078125 0.0609375
0 0.18046875 0.26484375 0.053125 0.059375
0 0.153125 0.26484375 0.05546875 0.059375
0 0.125 0.26484375 0.05625 0.059375
0 0.09765625 0.26484375 0.059375 0.059375
0 0.2875 0.40390625 0.046875 0.0609375
0 0.259375 0.403125 0.04375 0.06171875
0 0.22734375 0.41328125 0.034375 0.04140625
0 0.22890625 0.3609375 0.05390625 0.0609375
0 0.20234375 0.41328125 0.034375 0.04140625
0 0.17578125 0.41328125 0.03515625 0.04140625
0 0.15078125 0.41328125 0.03515625 0.04140625
0 0.12578125 0.40546875 0.0359375 0.05546875
0 0.20078125 0.3609375 0.05 0.0609375
0 0.17421875 0.3609375 0.05234375 0.0609375
0 0.1484375 0.3609375 0.05390625 0.059375
3 0.46328125 0.3953125 0.02890625 0.0203125
3 0.6875 0.27734375 0.03828125 0.0171875
3 0.65703125 0.27734375 0.0375 0.0171875
3 0.3421875 0.34453125 0.0359375 0.015625
3 0.4328125 0.3453125 0.03046875 0.01796875
3 0.4625 0.34453125 0.0296875 0.0171875
3 0.49140625 0.34609375 0.0234375 0.01796875
3 0.52421875 0.27890625 0.02578125 0.01796875
3 0.55234375 0.27890625 0.03046875 0.015625
3 0.584375 0.2796875 0.0328125 0.01484375
3 0.58046875 0.390625 0.02890625 0.00859375
3 0.490625 0.3953125 0.02734375 0.0203125
3 0.35 0.3953125 0.03203125 0.0203125
3 0.5296875 0.39609375 0.02109375 0.0203125
0 0.65390625 0.3453125 0.01953125 0.015625
0 0.37578125 0.34453125 0.02265625 0.015625
3 0.61796875 0.396875 0.0296875 0.01953125
3 0.64609375 0.39296875 0.0296875 0.009375
3 0.67265625 0.3921875 0.03046875 0.0109375
3 0.62265625 0.3453125 0.03203125 0.015625
0 0.5875 0.34453125 0.0125 0.01484375
0 0.57421875 0.34453125 0.0125 0.01484375
0 0.5625 0.34453125 0.0140625 0.01484375
0 0.546875 0.34453125 0.0125 0.0140625
0 0.5359375 0.34453125 0.01171875 0.0140625
0 0.525 0.34453125 0.0078125 0.0140625
0 0.3375 0.24765625 0.00234375 0.0125
0 0.33046875 0.24609375 0.0125 0.0171875
0 0.39375 0.19765625 0.0171875 0.015625
0 0.3796875 0.19765625 0.0171875 0.015625
0 0.36640625 0.19765625 0.015625 0.015625
0 0.35390625 0.19765625 0.015625 0.015625
0 0.34140625 0.2 0.0171875 0.02109375
0 0.32734375 0.2015625 0.0171875 0.0265625
0 0.31484375 0.2015625 0.0171875 0.0265625
0 0.50078125 0.2125 0.0125 0.0265625
0 0.48828125 0.2125 0.0125 0.0265625
0 0.46171875 0.2125 0.0125 0.0234375
0 0.47421875 0.2125 0.0125 0.0234375
0 0.475 0.1875 0.0140625 0.02578125
0 0.4609375 0.1875 0.0140625 0.02578125
0 0.44765625 0.1875 0.0125 0.02578125
0 0.43515625 0.1875 0.0125 0.02578125
0 0.42265625 0.20234375 0.0125 0.00625