2 0.4859375 0.83671875 0.11640625 0.3234375
3 0.7484375 0.79375 0.01171875 0.06796875
3 0.7859375 0.4390625 0.00234375 0.01328125
3 0.78515625 0.45078125 0.00234375 0.01796875
3 0.76796875 0.70546875 0.01953125 0.05859375
3 0.7640625 0.66015625 0.0078125 0.04453125
3 0.77578125 0.52734375 0.015625 0.034375
3 0.78046875 0.49921875 0.00546875 0.015625
3 0.77421875 0.64453125 0.01328125 0.0640625
3 0.7765625 0.59375 0.00546875 0.03046875
0 0.8 0.43046875 0.00234375 0.01875
0 0.82578125 0.396875 0.02421875 0.00859375
0 0.8359375 0.40390625 0.04765625 0.01171875
0 0.8375 0.41171875 0.05234375 0.0140625
0 0.83671875 0.446875 0.065625 0.07109375
0 0.8 0.49296875 0.00703125 0.05078125
0 0.8296875 0.50078125 0.06484375 0.06015625
0 0.84140625 0.51640625 0.08203125 0.07578125
0 0.8453125 0.53515625 0.08984375 0.08125
0 0.85078125 0.54921875 0.09921875 0.07421875
0 0.85703125 0.5828125 0.109375 0.09921875
0 0.87734375 0.59609375 0.096875 0.06171875
0 0.884375 0.6359375 0.121875 0.084375
0 0.88671875 0.74296875 0.16640625 0.22890625
0 0.77734375 0.703125 0.003125 0.040625
0 0.7765625 0.73359375 0.00390625 0.046875
0 0.775 0.76875 0.00390625 0.05078125
0 0.7734375 0.796875 0.003125 0.03125
0 0.82421875 0.94609375 0.12109375 0.10546875
0 0.83984375 0.8875 0.11953125 0.15859375
3 0.46328125 0.61015625 0.04296875 0.04453125
3 0.58203125 0.40234375 0.02734375 0.015625
3 0.57109375 0.40859375 0.02890625 0.01640625
3 0.50859375 0.44609375 0.03671875 0.02421875
3 0.52265625 0.43671875 0.03671875 0.02109375
3 0.54140625 0.428125 0.02890625 0.01953125
3 0.32890625 0.74609375 0.06015625 0.08203125
3 0.4359375 0.49296875 0.04453125 0.03671875
3 0.45625 0.47890625 0.04765625 0.03359375
3 0.5109375 0.565625 0.0359375 0.034375
0 0.58125 0.45078125 0.0171875 0.021875
0 0.39921875 0.59375 0.01484375 0.01796875
0 0.39296875 0.60390625 0.015625 0.01953125
0 0.37890625 0.6046875 0.015625 0.02578125
0 0.35625 0.63046875 0.01640625 0.02109375
0 0.36640625 0.615625 0.01640625 0.0203125
3 0.55703125 0.52109375 0.02890625 0.0203125
3 0.5328125 0.54609375 0.0328125 0.02421875
3 0.575 0.509375 0.015625 0.01875
3 0.584375 0.4984375 0.01484375 0.01796875
3 0.48828125 0.53125 0.04140625 0.034375
0 0.5734375 0.4609375 0.0046875 0.02109375
0 0.5640625 0.46484375 0.0140625 0.0203125
0 0.5578125 0.46640625 0.01796875 0.02421875
0 0.56328125 0.44609375 0.01796875 0.0234375
0 0.52265625 0.47578125 0.01796875 0.02890625
0 0.528125 0.4984375 0.00625 0.02421875
0 0.52109375 0.50390625 0.00703125 0.02578125
0 0.50703125 0.50625 0.02109375 0.03125
0 0.5140625 0.48046875 0.02109375 0.0296875
0 0.49453125 0.38359375 0.01796875 0.03046875
0 0.490625 0.3875 0.00859375 0.03046875
0 0.47109375 0.3953125 0.01015625 0.0296875
0 0.48125 0.3921875 0.009375 0.02890625
0 0.47421875 0.36328125 0.02265625 0.03046875
0 0.4625 0.36640625 0.0265625 0.03203125
0 0.45234375 0.36953125 0.02578125 0.03359375
0 0.43984375 0.371875 0.02890625 0.03515625
0 0.46015625 0.39921875 0.01015625 0.03125
0 0.44921875 0.403125 0.01171875 0.03203125
0 0.42890625 0.40546875 0.02890625 0.03828125
0 0.3953125 0.403125 0.0328125 0.04140625
0 0.38046875 0.4078125 0.03359375 0.04375
0 0.36328125 0.41328125 0.03515625 0.0453125
0 0.34453125 0.41953125 0.0375 0.0484375
0 0.32421875 0.42578125 0.0390625 0.05078125
0 0.30234375 0.43203125 0.04140625 0.05390625
0 0.27890625 0.4390625 0.04296875 0.05625
0 0.39921875 0.49921875 0.03125 0.0453125
0 0.39140625 0.5078125 0.0171875 0.046875
0 0.37578125 0.52109375 0.01796875 0.040625
0 0.365625 0.484375 0.03515625 0.0484375
0 0.35859375 0.53125 0.01953125 0.04296875
0 0.3390625 0.5421875 0.02109375 0.0453125
0 0.31875 0.55390625 0.02421875 0.046875
0 0.28828125 0.5609375 0.0421875 0.06171875
0 0.34765625 0.49296875 0.03671875 0.05078125
0 0.32890625 0.50234375 0.03828125 0.0546875
0 0.30703125 0.51171875 0.040625 0.05703125
3 0.1875 0.528125 0.0484375 0.03359375
3 0.29609375 0.4859375 0.03671875 0.02109375
3 0.32265625 0.47265625 0.03125 0.015625
3 0.34765625 0.46328125 0.028125 0.0140625
3 0.41328125 0.3921875 0.00390625 0.00859375
3 0.40859375 0.47578125 0.02578125 0.0140625
3 0.19765625 0.5828125 0.046875 0.03828125
0 0.234375 0.503125 0.02421875 0.03125
3 0.428125 0.46796875 0.025 0.01171875
3 0.4453125 0.46171875 0.0171875 0.01171875
3 0.4578125 0.45546875 0.01640625 0.01171875
0 0.4109375 0.43828125 0.00703125 0.01015625
0 0.40625 0.43984375 0.00234375 0.009375
0 0.3953125 0.44375 0.00859375 0.01015625
0 0.38671875 0.44765625 0.00703125 0.01171875
0 0.3796875 0.45078125 0.0078125 0.0109375
0 0.36796875 0.45390625 0.015625 0.01171875
0 0.2515625 0.42890625 0.01171875 0.02578125
0 0.24453125 0.43203125 0.01640625 0.028125
0 0.23046875 0.43828125 0.01640625 0.02578125
0 0.225 0.4140625 0.0234375 0.028125
0 0.215625 0.44296875 0.01796875 0.02578125
0 0.19921875 0.446875 0.01875 0.0265625
0 0.1828125 0.4515625 0.01953125 0.0265625
0 0.1625 0.45390625 0.02578125 0.03359375
0 0.209375 0.41796875 0.025 0.0296875
0 0.19296875 0.42109375 0.02578125 0.0296875
0 0.1765625 0.425 0.0265625 0.03125
0 0.24921875 0.3625 0.02265625 0.025
0 0.234375 0.3640625 0.0234375 0.02421875
0 0.21953125 0.36640625 0.02421875 0.028125
0 0.20390625 0.36875 0.02578125 0.02890625
0 0.18828125 0.371875 0.025 0.02890625
0 0.1703125 0.37421875 0.0265625 0.0296875
0 0.1515625 0.3765625 0.028125 0.03125
0 0.3453125 0.35546875 0.01640625 0.0203125
0 0.3390625 0.35703125 0.0109375 0.02109375
0 0.31796875 0.3609375 0.01171875 0.0203125
0 0.32890625 0.359375 0.0109375 0.01953125
0 0.3234375 0.3390625 0.01875 0.02109375
0 0.3140625 0.34140625 0.01796875 0.02109375
0 0.303125 0.34296875 0.0171875 0.021875
0 0.28984375 0.34375 0.02109375 0.0234375
0 0.3078125 0.36328125 0.01171875 0.02109375
0 0.29609375 0.365625 0.01328125 0.02109375
0 0.28046875 0.365625 0.02109375 0.02421875
3 0.68125 0.53125 0.03359375 0.025