2 0.00859375 0.57421875 0.0171875 0.309375
3 0.42421875 0.65546875 0.065625 0.03046875
3 0.90390625 0.39921875 0.0921875 0.02890625
3 0.8234375 0.40390625 0.10234375 0.02890625
3 0.54375 0.41875 0.04921875 0.0203125
3 0.6 0.415625 0.06171875 0.01953125
3 0.66640625 0.4140625 0.07109375 0.0203125
3 0.2171875 0.6484375 0.07890625 0.0265625
3 0.35625 0.42578125 0.04921875 0.02109375
3 0.409375 0.4234375 0.06171875 0.02109375
3 0.55390625 0.6625 0.06171875 0.0328125
0 0.890625 0.5359375 0.0671875 0.04921875
0 0.3203125 0.5515625 0.0125 0.01171875
0 0.3046875 0.5515625 0.01796875 0.01171875
0 0.2984375 0.54765625 0.0203125 0.01796875
0 0.26484375 0.55234375 0.02109375 0.0109375
0 0.28203125 0.5515625 0.0125 0.009375
3 0.7625 0.67109375 0.09375 0.0375
3 0.6390625 0.66640625 0.07265625 0.03515625
3 0.84140625 0.67578125 0.0875 0.034375
3 0.915625 0.678125 0.09921875 0.0375
3 0.48046875 0.55078125 0.05546875 0.01796875
0 0.82265625 0.53671875 0.03046875 0.04765625
0 0.79375 0.5359375 0.0296875 0.046875
0 0.75703125 0.53671875 0.04609375 0.04609375
0 0.7828125 0.48984375 0.04921875 0.04609375
0 0.5921875 0.49375 0.02421875 0.0421875
0 0.5921875 0.5375 0.02578125 0.04375
0 0.56875 0.5375 0.02421875 0.04375
0 0.54296875 0.5375 0.02421875 0.0421875
0 0.5671875 0.49453125 0.02421875 0.0421875
0 0.49921875 0.30234375 0.0234375 0.03828125
0 0.475 0.30390625 0.02265625 0.03828125
0 0.4296875 0.30859375 0.02109375 0.0359375
0 0.4515625 0.30703125 0.02265625 0.0375
0 0.45546875 0.26953125 0.02890625 0.040625
0 0.4296875 0.27109375 0.02109375 0.03828125
0 0.40859375 0.2734375 0.02109375 0.040625
0 0.38671875 0.27578125 0.0203125 0.0390625
0 0.4078125 0.31015625 0.02265625 0.03515625
0 0.3859375 0.3125 0.02109375 0.03515625
0 0.36484375 0.3140625 0.02109375 0.0359375
0 0.325 0.30859375 0.0375 0.046875
0 0.29765625 0.3046875 0.0203125 0.03515625
0 0.2765625 0.30625 0.01953125 0.034375
0 0.2578125 0.30859375 0.01953125 0.034375
0 0.2375 0.31015625 0.01953125 0.0328125
0 0.21875 0.3125 0.01796875 0.0328125
0 0.2 0.31328125 0.01953125 0.0328125
0 0.321875 0.41953125 0.0375 0.0375
0 0.2921875 0.42109375 0.02109375 0.0375
0 0.27265625 0.421875 0.0203125 0.03515625
0 0.28359375 0.384375 0.0390625 0.0375
0 0.25234375 0.42265625 0.0203125 0.03515625
0 0.2328125 0.42421875 0.01953125 0.03515625
0 0.2140625 0.42421875 0.01953125 0.03515625
0 0.19609375 0.425 0.01953125 0.03515625
0 0.25390625 0.38671875 0.0203125 0.0375
0 0.234375 0.3875 0.01953125 0.0375
0 0.21484375 0.38828125 0.01953125 0.0359375
3 0.48984375 0.60078125 0.02890625 0.0109375
3 0.703125 0.484375 0.02734375 0.0109375
3 0.675 0.484375 0.0375 0.009375
3 0.3875 0.55078125 0.009375 0.0078125
3 0.45078125 0.55078125 0.00546875 0.0078125
3 0.51953125 0.55078125 0.02109375 0.0078125
3 0.54609375 0.48828125 0.01796875 0.00859375
3 0.6125 0.4875 0.01484375 0.0078125
3 0.609375 0.60390625 0.03203125 0.01171875
3 0.51640625 0.6015625 0.02890625 0.009375
3 0.3828125 0.5984375 0.03203125 0.009375
3 0.4578125 0.490625 0.02265625 0.00859375
3 0.48203125 0.4890625 0.02578125 0.00859375
3 0.55234375 0.60234375 0.02734375 0.01171875
0 0.67890625 0.54453125 0.0203125 0.0203125
0 0.41953125 0.54453125 0.00546875 0.01953125
3 0.64765625 0.60390625 0.0328125 0.0125
3 0.678125 0.6046875 0.0328125 0.01171875
3 0.70546875 0.60546875 0.0296875 0.0125
3 0.64765625 0.55078125 0.0328125 0.00625
0 0.61171875 0.54453125 0.0109375 0.0203125
0 0.4359375 0.48515625 0.01484375 0.01953125
0 0.4234375 0.4859375 0.0109375 0.01796875
0 0.4125 0.4859375 0.0109375 0.01953125
0 0.415625 0.4671875 0.01484375 0.01796875
0 0.40234375 0.48671875 0.0109375 0.01796875
0 0.3921875 0.48671875 0.009375 0.01796875
0 0.38203125 0.48671875 0.0109375 0.01796875
0 0.371875 0.48671875 0.009375 0.01796875
0 0.403125 0.46796875 0.0109375 0.0171875
0 0.3921875 0.46796875 0.0109375 0.0171875
0 0.38203125 0.46875 0.0109375 0.01796875
0 0.4375 0.42578125 0.0125 0.0125
0 0.51015625 0.42578125 0.00078125 0.00546875
0 0.4921875 0.42734375 0.0109375 0.00546875
0 0.503125 0.4265625 0.0109375 0.00625
0 0.50390625 0.4140625 0.01171875 0.01953125
0 0.4921875 0.4140625 0.0109375 0.01953125
0 0.48203125 0.41484375 0.0109375 0.01953125
0 0.47109375 0.415625 0.009375 0.01953125
0 0.48203125 0.428125 0.0109375 0.00546875
0 0.47109375 0.428125 0.009375 0.00546875
0 0.4609375 0.42890625 0.0109375 0.00625
3 0.815625 0.5984375 0.0609375 0.015625