3 0.08046875 0.74609375 0.08828125 0.0484375
3 0.13671875 0.403125 0.02578125 0.05703125
3 0.11796875 0.35546875 0.03515625 0.09140625
3 0.11484375 0.69375 0.05859375 0.0265625
3 0.146875 0.47734375 0.00390625 0.0265625
3 0.14140625 0.46328125 0.009375 0.03359375
3 0.075 0.8109375 0.03671875 0.07578125
0 0.12890625 0.60703125 0.00859375 0.0109375
0 0.13046875 0.60546875 0.0078125 0.01328125
0 0.14140625 0.60703125 0.003125 0.01015625
3 0.03359375 0.89921875 0.06015625 0.13515625
3 0.11171875 0.60625 0.02890625 0.02578125
0 0.0484375 0.48984375 0.096875 0.10546875
0 0.04453125 0.57734375 0.0890625 0.0953125
0 0.0890625 0.58359375 0.01484375 0.0796875
0 0.09609375 0.584375 0.0125 0.0734375
0 0.096875 0.50703125 0.01328125 0.0796875
0 0.140625 0.2265625 0.00234375 0.01015625
0 0.14765625 0.27578125 0.00234375 0.0359375
0 0.1484375 0.2859375 0.003125 0.04453125
0 0.15 0.3015625 0.003125 0.03984375
0 0.15234375 0.353125 0.00078125 0.0140625
0 0.140625 0.44609375 0.01328125 0.02578125
0 0.14921875 0.4875 0.00078125 0.00625
0 0.15 0.49140625 0.00078125 0.01015625
0 0.15078125 0.49453125 0.00078125 0.01171875
0 0.15078125 0.46875 0.0015625 0.0203125
0 0.1515625 0.471875 0.00234375 0.03046875
3 0.496875 0.68046875 0.04609375 0.0203125
3 0.91484375 0.39765625 0.13359375 0.06796875
3 0.803125 0.4296875 0.1015625 0.0515625
3 0.415625 0.60546875 0.02578125 0.00703125
3 0.47109375 0.60546875 0.0421875 0.0109375
3 0.4890625 0.60546875 0.03046875 0.0109375
3 0.51953125 0.60546875 0.046875 0.01328125
3 0.553125 0.50390625 0.04140625 0.0203125
3 0.58515625 0.49375 0.04296875 0.0234375
3 0.63671875 0.48046875 0.06015625 0.028125
3 0.65390625 0.71953125 0.07734375 0.0390625
3 0.52421875 0.68671875 0.05234375 0.0234375
3 0.4203125 0.66171875 0.03515625 0.0140625
3 0.45859375 0.5265625 0.0203125 0.01484375
3 0.48828125 0.521875 0.04609375 0.015625
3 0.5640625 0.696875 0.06015625 0.028125
0 0.825 0.58828125 0.0765625 0.06015625
0 0.43671875 0.5984375 0.01875 0.0234375
3 0.73515625 0.7390625 0.09375 0.05078125
3 0.821875 0.76171875 0.11328125 0.0640625
3 0.93515625 0.7890625 0.12890625 0.0796875
3 0.73515625 0.60703125 0.09140625 0.01875
0 0.653125 0.59296875 0.0390625 0.04375
0 0.6234375 0.59375 0.02109375 0.040625
0 0.60390625 0.59453125 0.01875 0.0390625
0 0.63046875 0.553125 0.03671875 0.04140625
0 0.58828125 0.55859375 0.03359375 0.03671875
0 0.58359375 0.59453125 0.02265625 0.03671875
0 0.56484375 0.5953125 0.01484375 0.03515625
0 0.55 0.5953125 0.0140625 0.03359375
0 0.5640625 0.56015625 0.01484375 0.03515625
0 0.4546875 0.52578125 0.02265625 0.0234375
0 0.4390625 0.52734375 0.00703125 0.0234375
0 0.4328125 0.52890625 0.00625 0.02109375
0 0.440625 0.5078125 0.0203125 0.0234375
0 0.4265625 0.53125 0.00625 0.02109375
0 0.4203125 0.5328125 0.00546875 0.02109375
0 0.41484375 0.534375 0.00546875 0.01953125
0 0.409375 0.5359375 0.00546875 0.0203125
0 0.4265625 0.51015625 0.00546875 0.021875
0 0.42109375 0.51171875 0.00625 0.021875
0 0.41484375 0.5140625 0.00546875 0.02109375
0 0.453125 0.45390625 0.01640625 0.0234375
0 0.440625 0.4578125 0.00703125 0.0234375
0 0.434375 0.46171875 0.00625 0.02109375
0 0.428125 0.465625 0.00546875 0.02109375
0 0.421875 0.46875 0.00546875 0.0203125
0 0.41640625 0.471875 0.00546875 0.01953125
0 0.4109375 0.47421875 0.00546875 0.01953125
0 0.5328125 0.4234375 0.028125 0.0296875
0 0.51328125 0.42890625 0.0109375 0.0296875
0 0.4921875 0.43984375 0.009375 0.028125
0 0.50234375 0.434375 0.01015625 0.02890625
0 0.51015625 0.40859375 0.02578125 0.03203125
0 0.4921875 0.41484375 0.00859375 0.0296875
0 0.4828125 0.4203125 0.00859375 0.0296875
0 0.47421875 0.42578125 0.0078125 0.028125
0 0.4828125 0.44453125 0.00859375 0.0265625
0 0.47421875 0.44921875 0.00859375 0.02578125
0 0.465625 0.453125 0.0078125 0.025