2 0.06171875 0.6875 0.1234375 0.27421875
3 0.4359375 0.56953125 0.0671875 0.0796875
3 0.96953125 0.60546875 0.0609375 0.1375
3 0.5625 0.43046875 0.0875 0.1140625
3 0.6359375 0.46171875 0.09765625 0.12109375
3 0.73984375 0.51171875 0.109375 0.12109375
3 0.2734375 0.4671875 0.0640625 0.0578125
3 0.35234375 0.34765625 0.08515625 0.084375
3 0.39921875 0.3671875 0.0859375 0.090625
3 0.55234375 0.646875 0.07109375 0.10234375
0 0.99609375 0.79609375 0.0078125 0.059375
0 0.34140625 0.4234375 0.01484375 0.02578125
0 0.31875 0.425 0.015625 0.02890625
0 0.315625 0.40625 0.0171875 0.0296875
0 0.28984375 0.4015625 0.0203125 0.0265625
0 0.30703125 0.40234375 0.0203125 0.02578125
3 0.78359375 0.78984375 0.0921875 0.14375
3 0.6390625 0.70078125 0.07578125 0.1171875
3 0.878125 0.8625 0.1078125 0.12578125
3 0.96015625 0.9109375 0.0796875 0.134375
3 0.4828125 0.5234375 0.07265625 0.10625
0 0.9265625 0.74453125 0.07421875 0.11171875
0 0.87890625 0.71015625 0.06796875 0.1265625
0 0.83125 0.6875 0.0671875 0.12265625
0 0.89921875 0.6875 0.0875 0.10390625
0 0.6109375 0.5453125 0.0390625 0.0734375
0 0.6078125 0.5765625 0.04140625 0.08046875
0 0.575 0.57578125 0.03046875 0.05
0 0.55 0.53984375 0.034375 0.090625
0 0.58125 0.5296875 0.0375 0.07265625
0 0.50625 0.24765625 0.053125 0.1
0 0.47265625 0.23828125 0.05390625 0.09765625
0 0.40234375 0.2328125 0.0328125 0.06796875
0 0.43203125 0.24140625 0.034375 0.0703125
0 0.4390625 0.16640625 0.059375 0.09453125
0 0.4078125 0.159375 0.0578125 0.09140625
0 0.37890625 0.15234375 0.0578125 0.08828125
0 0.3515625 0.14765625 0.05625 0.0859375
0 0.375 0.22421875 0.0328125 0.065625
0 0.34921875 0.215625 0.03203125 0.0640625
0 0.32421875 0.20234375 0.03203125 0.0765625
0 0.28125 0.1625 0.0625 0.07734375
0 0.25546875 0.15625 0.05390625 0.0765625
0 0.23515625 0.15078125 0.053125 0.07421875
0 0.215625 0.14609375 0.053125 0.07109375
0 0.19765625 0.14140625 0.053125 0.0703125
0 0.18046875 0.1359375 0.05234375 0.06796875
0 0.16328125 0.1328125 0.05234375 0.0671875
0 0.309375 0.30859375 0.053125 0.07421875
0 0.2859375 0.3 0.046875 0.07265625
0 0.259375 0.30390625 0.0265625 0.04765625
0 0.2625 0.25234375 0.05625 0.06796875
0 0.240625 0.29609375 0.0265625 0.046875
0 0.225 0.28828125 0.0265625 0.04453125
0 0.2078125 0.28046875 0.0265625 0.04453125
0 0.1921875 0.27109375 0.02578125 0.05234375
0 0.2375 0.24453125 0.0421875 0.065625
0 0.2203125 0.2390625 0.0421875 0.06484375
0 0.20390625 0.2328125 0.04140625 0.0625
3 0.540625 0.23046875 0.0171875 0.0265625
3 0.5640625 0.2359375 0.0375 0.034375
3 0.59609375 0.246875 0.0375 0.0359375
3 0.64765625 0.171875 0.0390625 0.03515625
3 0.684375 0.17890625 0.046875 0.03515625
3 0.7328125 0.1890625 0.04765625 0.03203125
3 0.52421875 0.15078125 0.0296875 0.02890625
3 0.55625 0.15546875 0.03828125 0.03203125
0 0.828125 0.29921875 0.0390625 0.04921875
3 0.86640625 0.4015625 0.0078125 0.015625
3 0.77421875 0.290625 0.04921875 0.04140625
0 0.721875 0.26953125 0.02265625 0.04375
0 0.70390625 0.265625 0.02265625 0.040625
0 0.6875 0.2609375 0.02109375 0.0421875
0 0.709375 0.23671875 0.0234375 0.04375
0 0.6703125 0.22734375 0.02109375 0.0421875
0 0.6671875 0.25703125 0.02109375 0.0375
0 0.65078125 0.25625 0.01796875 0.0296875
0 0.63515625 0.246875 0.01953125 0.040625
0 0.6546875 0.22421875 0.02265625 0.04140625
0 0.49765625 0.13515625 0.0171875 0.0359375
0 0.4859375 0.13203125 0.01953125 0.0359375
0 0.4703125 0.134375 0.0125 0.02734375
0 0.47421875 0.10234375 0.02109375 0.03515625
0 0.4578125 0.1203125 0.01171875 0.00625
0 0.44609375 0.11796875 0.01171875 0.00625
0 0.434375 0.11640625 0.0109375 0.00546875
0 0.42265625 0.1109375 0.01171875 0.0125
0 0.4609375 0.1015625 0.0203125 0.03515625
0 0.44921875 0.09921875 0.02109375 0.034375
0 0.4375 0.09765625 0.02109375 0.0328125
0 0.49921875 0.04609375 0.0171875 0.0375
0 0.4859375 0.04453125 0.02109375 0.0359375
0 0.47265625 0.04453125 0.02109375 0.03515625
0 0.46015625 0.0421875 0.02265625 0.03515625
0 0.44765625 0.040625 0.02109375 0.03515625
0 0.434375 0.0390625 0.0203125 0.034375
0 0.42265625 0.0375 0.01953125 0.0328125
0 0.625 0.07421875 0.0203125 0.04140625
0 0.60859375 0.071875 0.0234375 0.0390625
0 0.57421875 0.07109375 0.0171875 0.034375
0 0.58984375 0.0734375 0.01796875 0.034375
0 0.59453125 0.04921875 0.02265625 0.01484375
0 0.57578125 0.04765625 0.015625 0.01484375
0 0.5609375 0.04609375 0.0140625 0.0140625
0 0.5390625 0.04375 0.00390625 0.0125
0 0.559375 0.06953125 0.01484375 0.03203125
0 0.5390625 0.065625 0.00546875 0.03203125
0 0.53125 0.0625 0.009375 0.03828125
3 0.9734375 0.515625 0.053125 0.059375