3 0.4140625 0.62890625 0.06484375 0.0765625
3 0.9140625 0.2796875 0.10390625 0.0890625
3 0.85390625 0.29609375 0.109375 0.0921875
3 0.55625 0.3859375 0.08515625 0.12265625
3 0.62421875 0.3640625 0.096875 0.10390625
3 0.7015625 0.34921875 0.09453125 0.09375
3 0.12265625 0.7359375 0.09609375 0.09140625
3 0.26953125 0.484375 0.0921875 0.15546875
3 0.353125 0.459375 0.0828125 0.14765625
3 0.54921875 0.58046875 0.06953125 0.0765625
0 0.85 0.3921875 0.0640625 0.06484375
0 0.24375 0.5859375 0.0234375 0.04609375
0 0.21796875 0.60703125 0.02578125 0.04765625
0 0.19921875 0.59140625 0.0265625 0.053125
0 0.14453125 0.6234375 0.0296875 0.04921875
0 0.17578125 0.59921875 0.02734375 0.046875
3 0.72109375 0.5234375 0.0671875 0.05546875
3 0.62578125 0.5609375 0.065625 0.0578125
3 0.775 0.5078125 0.05625 0.04765625
3 0.8203125 0.490625 0.05546875 0.04375
3 0.47578125 0.5328125 0.06796875 0.12421875
0 0.80390625 0.415625 0.0375 0.05546875
0 0.77890625 0.42109375 0.0390625 0.0625
0 0.7484375 0.42421875 0.05625 0.0703125
0 0.7875 0.39375 0.05625 0.05078125
0 0.609375 0.45546875 0.0328125 0.05390625
0 0.60390625 0.49453125 0.03046875 0.0390625
0 0.57421875 0.49140625 0.0359375 0.0640625
0 0.5453125 0.49140625 0.0390625 0.08046875
0 0.57578125 0.465625 0.04375 0.05390625
0 0.49140625 0.24609375 0.05546875 0.1296875
0 0.44921875 0.25546875 0.05234375 0.13203125
0 0.3609375 0.30546875 0.059375 0.07890625
0 0.4078125 0.29453125 0.053125 0.07734375
0 0.396875 0.1921875 0.06171875 0.14453125
0 0.34609375 0.20234375 0.0671875 0.146875
0 0.2921875 0.2140625 0.07421875 0.15078125
0 0.2375 0.2234375 0.0828125 0.15546875
0 0.3125 0.315625 0.06484375 0.08046875
0 0.2625 0.32890625 0.07265625 0.0796875
0 0.2109375 0.3125 0.07890625 0.13828125
0 0.07421875 0.31015625 0.12890625 0.15625
0 0.02890625 0.32265625 0.0578125 0.16171875
0 0.171875 0.4859375 0.0796875 0.12265625
0 0.12109375 0.49765625 0.07578125 0.1265625
0 0.07421875 0.546875 0.08046875 0.05546875
0 0.05234375 0.478125 0.1046875 0.109375
0 0.034375 0.5609375 0.06875 0.05625
0 0.01171875 0.58203125 0.0234375 0.0296875
0 0.015625 0.49296875 0.03125 0.0984375
3 0.66328125 0.0109375 0.04140625 0.02109375
3 0.62421875 0.01328125 0.04921875 0.0265625
3 0.1921875 0.18046875 0.03828125 0.04453125
3 0.42578125 0.140625 0.0234375 0.0421875
3 0.45625 0.0359375 0.03828125 0.04140625
3 0.48671875 0.03046875 0.0328125 0.0375
3 0.5375 0.0265625 0.040625 0.034375
3 0.534375 0.18671875 0.03828125 0.0375
3 0.43046875 0.19140625 0.015625 0.00859375
3 0.31328125 0.06015625 0.04140625 0.04609375
3 0.35234375 0.05390625 0.0390625 0.04453125
3 0.46484375 0.1875 0.034375 0.0140625
0 0.61875 0.0953125 0.02421875 0.0390625
0 0.25078125 0.1453125 0.03046875 0.01171875
3 0.57421875 0.18046875 0.0390625 0.03046875
3 0.60859375 0.17734375 0.034375 0.0265625
3 0.6375 0.16796875 0.03515625 0.0296875
3 0.57890625 0.1109375 0.04375 0.0296875
0 0.54453125 0.10859375 0.00625 0.040625
0 0.52265625 0.11953125 0.00859375 0.0296875
0 0.50859375 0.11328125 0.01953125 0.04140625
0 0.52265625 0.08046875 0.009375 0.04453125
0 0.4875 0.0875 0.0203125 0.046875
0 0.490625 0.12421875 0.01484375 0.0296875
0 0.475 0.1265625 0.015625 0.03203125
0 0.45859375 0.12265625 0.01953125 0.046875
0 0.47265625 0.090625 0.0203125 0.046875
0 0.26875 0.05234375 0.03046875 0.05390625
0 0.24609375 0.05546875 0.02890625 0.05390625
0 0.22578125 0.06640625 0.03046875 0.0390625
0 0.2171875 0.02421875 0.0375 0.0484375
0 0.20546875 0.06953125 0.03046875 0.0390625
0 0.184375 0.07265625 0.0328125 0.0390625
0 0.16328125 0.07578125 0.0328125 0.0390625
0 0.1421875 0.07109375 0.03515625 0.05546875
0 0.19453125 0.02578125 0.0328125 0.0515625
0 0.17265625 0.02734375 0.034375 0.05390625
0 0.15 0.02890625 0.034375 0.0578125
3 0.98203125 0.90546875 0.0359375 0.1265625