2 0.2625 0.675 0.35859375 0.6484375
3 0.42578125 0.684375 0.08359375 0.0609375
3 0.63984375 0.4484375 0.02421875 0.01328125
3 0.6171875 0.44453125 0.04296875 0.0140625
3 0.5171875 0.428125 0.06015625 0.0203125
3 0.55390625 0.43359375 0.03359375 0.01796875
3 0.57734375 0.43828125 0.03515625 0.015625
3 0.0296875 0.8671875 0.05859375 0.1265625
3 0.35859375 0.39453125 0.09609375 0.0390625
3 0.42265625 0.40625 0.0671875 0.03203125
3 0.52265625 0.640625 0.0625 0.03984375
0 0.63359375 0.51796875 0.025 0.025
0 0.26796875 0.584375 0.028125 0.02578125
0 0.24921875 0.58984375 0.01484375 0.028125
0 0.20234375 0.5859375 0.02109375 0.04375
0 0.12109375 0.609375 0.034375 0.034375
0 0.16875 0.59765625 0.03203125 0.03046875
3 0.60078125 0.60546875 0.04609375 0.02109375
3 0.5609375 0.62421875 0.05390625 0.0265625
3 0.62734375 0.596875 0.0234375 0.01953125
3 0.64140625 0.58984375 0.02265625 0.01640625
3 0.47890625 0.5515625 0.07265625 0.02890625
0 0.6234375 0.51953125 0.00625 0.0265625
0 0.615625 0.52109375 0.00859375 0.028125
0 0.59921875 0.521875 0.02734375 0.02890625
0 0.60703125 0.49375 0.0265625 0.0265625
0 0.5515625 0.49453125 0.0109375 0.034375
0 0.5515625 0.53046875 0.0109375 0.03515625
0 0.5390625 0.53203125 0.01171875 0.03671875
0 0.515625 0.53359375 0.03515625 0.040625
0 0.53125 0.49453125 0.028125 0.0359375
0 0.49921875 0.29921875 0.015625 0.04453125
0 0.48203125 0.28984375 0.01640625 0.0484375
0 0.44375 0.26875 0.02109375 0.05390625
0 0.4640625 0.28046875 0.01953125 0.05078125
0 0.4640625 0.23671875 0.01953125 0.05625
0 0.44296875 0.22265625 0.02109375 0.06015625
0 0.4203125 0.2078125 0.0234375 0.065625
0 0.384375 0.190625 0.0484375 0.0703125
0 0.42109375 0.25625 0.02265625 0.05703125
0 0.3953125 0.2421875 0.0265625 0.06171875
0 0.3578125 0.2265625 0.0484375 0.06796875
0 0.2828125 0.153125 0.04296875 0.08359375
0 0.23671875 0.12421875 0.04921875 0.09375
0 0.18359375 0.09296875 0.05859375 0.10390625
0 0.11875 0.05625 0.06875 0.1125
0 0.04140625 0.03671875 0.0828125 0.0734375
0 0.28046875 0.359375 0.04296875 0.075
0 0.234375 0.34921875 0.04921875 0.08125
0 0.18046875 0.32109375 0.05859375 0.05703125
0 0.18046875 0.25859375 0.05859375 0.0984375
0 0.11640625 0.31640625 0.0703125 0.08828125
0 0.040625 0.30390625 0.08046875 0.11015625
0 0.115625 0.23671875 0.07109375 0.11015625
0 0.03984375 0.20859375 0.0796875 0.1234375
3 0.46484375 0.46171875 0.028125 0.00859375
3 0.446875 0.459375 0.03046875 0.00859375
3 0.0328125 0.5421875 0.065625 0.02109375
3 0.225 0.53046875 0.0515625 0.015625
3 0.2671875 0.52734375 0.04765625 0.0140625
3 0.30390625 0.525 0.034375 0.01328125
3 0.340625 0.453125 0.03671875 0.01015625
3 0.37265625 0.45546875 0.02578125 0.009375
3 0.3984375 0.45703125 0.0265625 0.009375
3 0.30078125 0.58125 0.03671875 0.00703125
3 0.03515625 0.62578125 0.06953125 0.01640625
3 0.2296875 0.44453125 0.02265625 0.01328125
3 0.259375 0.446875 0.0359375 0.0140625
0 0.45 0.51015625 0.01796875 0.01640625
0 0.11640625 0.52734375 0.04609375 0.034375
3 0.42578125 0.5171875 0.03203125 0.00859375
0 0.403125 0.5125 0.009375 0.01953125
0 0.390625 0.51328125 0.0140625 0.0203125
0 0.38046875 0.51328125 0.0140625 0.02109375
0 0.3890625 0.49296875 0.01796875 0.0203125
0 0.36796875 0.49296875 0.01015625 0.02109375
0 0.36796875 0.5140625 0.0109375 0.02109375
0 0.35625 0.515625 0.01171875 0.02109375
0 0.34296875 0.515625 0.015625 0.0234375
0 0.35234375 0.49296875 0.01953125 0.02109375
0 0.16953125 0.43359375 0.02265625 0.028125
0 0.14609375 0.4296875 0.02421875 0.03359375
0 0.1203125 0.428125 0.02578125 0.03359375
0 0.09296875 0.42578125 0.028125 0.034375
0 0.0640625 0.42265625 0.0296875 0.0359375
0 0.03203125 0.41953125 0.03203125 0.03828125
0 0.0078125 0.4171875 0.015625 0.0375
0 0.03203125 0.4015625 0.03203125 0.0046875
0 0.3171875 0.37890625 0.01015625 0.01875
0 0.31015625 0.38046875 0.003125 0.0234375
3 0.82109375 0.60625 0.07421875 0.0296875