3 0.4515625 0.70703125 0.0640625 0.0546875
3 0.975 0.51953125 0.04921875 0.0359375
3 0.9234375 0.51796875 0.14609375 0.040625
3 0.28515625 0.58125 0.0546875 0.02890625
3 0.403125 0.6046875 0.06484375 0.0390625
3 0.4515625 0.6109375 0.06484375 0.040625
3 0.49765625 0.621875 0.05546875 0.0484375
3 0.56484375 0.50234375 0.06171875 0.02890625
3 0.62265625 0.50546875 0.06953125 0.0296875
3 0.703125 0.5109375 0.08203125 0.03046875
3 0.70625 0.78125 0.08046875 0.08359375
3 0.5 0.7203125 0.06484375 0.059375
3 0.29296875 0.6609375 0.06015625 0.0390625
3 0.39609375 0.49296875 0.0625 0.0234375
3 0.434375 0.4953125 0.06328125 0.02421875
3 0.56875 0.74296875 0.06640625 0.06796875
0 0.92421875 0.68203125 0.08125 0.0890625
0 0.32734375 0.5796875 0.03515625 0.04296875
3 0.8125 0.81171875 0.10078125 0.09453125
3 0.91328125 0.84375 0.12109375 0.1
3 0.97421875 0.85859375 0.05 0.08828125
3 0.81875 0.67578125 0.10390625 0.06484375
0 0.7109375 0.6421875 0.03359375 0.06953125
0 0.67890625 0.6375 0.03203125 0.06796875
0 0.64921875 0.63203125 0.02890625 0.065625
0 0.6796875 0.590625 0.03359375 0.06328125
0 0.6125 0.58203125 0.02890625 0.05859375
0 0.6125 0.628125 0.02890625 0.05859375
0 0.58515625 0.628125 0.02578125 0.046875
0 0.559375 0.61796875 0.02421875 0.059375
0 0.5875 0.57890625 0.0296875 0.05625
0 0.3609375 0.4796875 0.03515625 0.03671875
0 0.340625 0.47890625 0.0265625 0.03671875
0 0.3203125 0.47890625 0.015625 0.034375
0 0.3296875 0.44453125 0.03515625 0.03359375
0 0.30546875 0.47890625 0.01484375 0.03359375
0 0.29140625 0.478125 0.01484375 0.03359375
0 0.27734375 0.47734375 0.01328125 0.03203125
0 0.26484375 0.47578125 0.01328125 0.03359375
0 0.3046875 0.44453125 0.01484375 0.03359375
0 0.28984375 0.44453125 0.01484375 0.03359375
0 0.2765625 0.44375 0.01328125 0.03203125
0 0.36015625 0.3703125 0.03515625 0.0390625
0 0.334375 0.37109375 0.01640625 0.0359375
0 0.31875 0.371875 0.01484375 0.03515625
0 0.30390625 0.3734375 0.01484375 0.03515625
0 0.28984375 0.37421875 0.01484375 0.034375
0 0.27578125 0.37578125 0.01328125 0.03359375
0 0.2625 0.3765625 0.01328125 0.03359375
0 0.5203125 0.3734375 0.03203125 0.04453125
0 0.4921875 0.37421875 0.02265625 0.04375
0 0.44921875 0.378125 0.0203125 0.040625
0 0.4703125 0.3765625 0.02109375 0.04140625
0 0.4765625 0.334375 0.03359375 0.04375
0 0.44921875 0.33671875 0.0203125 0.04296875
0 0.42890625 0.3390625 0.01953125 0.04140625
0 0.409375 0.34140625 0.01875 0.040625
0 0.42890625 0.37890625 0.01953125 0.03984375
0 0.41015625 0.38046875 0.01875 0.0390625
0 0.39140625 0.38125 0.01796875 0.0390625