2 0.02734375 0.734375 0.0546875 0.159375
3 0.425 0.57734375 0.07109375 0.0921875
3 0.5796875 0.41875 0.1109375 0.14609375
3 0.675 0.4625 0.12890625 0.16171875
3 0.8203125 0.5359375 0.16171875 0.1734375
3 0.25078125 0.44921875 0.06796875 0.0625
3 0.3265625 0.31015625 0.10390625 0.096875
3 0.3796875 0.3359375 0.10625 0.1078125
3 0.5625 0.67890625 0.084375 0.12421875
0 0.32109375 0.40390625 0.02109375 0.03046875
0 0.29921875 0.40390625 0.02421875 0.02734375
0 0.29609375 0.38203125 0.02421875 0.03203125
0 0.265625 0.37578125 0.02421875 0.02890625
0 0.284375 0.37734375 0.02109375 0.02890625
3 0.8515625 0.8828125 0.12890625 0.196875
3 0.665625 0.75390625 0.090625 0.146875
3 0.95234375 0.95546875 0.0921875 0.0875
3 0.48046875 0.52734375 0.0890625 0.13046875
0 0.9734375 0.79921875 0.053125 0.1703125
0 0.9328125 0.77265625 0.10625 0.1578125
0 0.98125 0.7625 0.0375 0.11953125
0 0.6375 0.56484375 0.05234375 0.09375
0 0.628125 0.62109375 0.04609375 0.0640625
0 0.59140625 0.5984375 0.040625 0.0625
0 0.5609375 0.55078125 0.04375 0.1125
0 0.6 0.5421875 0.04921875 0.090625
0 0.509375 0.17578125 0.07265625 0.12734375
0 0.46640625 0.165625 0.07109375 0.12265625
0 0.37890625 0.15625 0.0421875 0.09140625
0 0.4140625 0.165625 0.0421875 0.09375
0 0.4234375 0.0671875 0.08046875 0.11796875
0 0.384375 0.06171875 0.0765625 0.1125
0 0.3484375 0.05546875 0.07578125 0.10859375
0 0.31484375 0.05078125 0.0734375 0.1015625
0 0.34453125 0.14765625 0.0421875 0.0875
0 0.3140625 0.1390625 0.04140625 0.084375
0 0.2859375 0.125 0.04140625 0.0921875
0 0.23828125 0.07890625 0.07890625 0.09140625
0 0.20859375 0.0734375 0.065625 0.0875
0 0.18203125 0.06875 0.0578125 0.0859375
0 0.165625 0.0625 0.06484375 0.0828125
0 0.146875 0.059375 0.065625 0.0796875
0 0.128125 0.05546875 0.0625 0.07890625
0 0.1109375 0.05078125 0.06171875 0.0765625
0 0.27890625 0.2625 0.065625 0.08515625
0 0.25234375 0.2546875 0.05625 0.08203125
0 0.22265625 0.25546875 0.03203125 0.05859375
0 0.22421875 0.19375 0.0671875 0.08046875
0 0.203125 0.24765625 0.03203125 0.0578125
0 0.1859375 0.2390625 0.03046875 0.05546875
0 0.16875 0.23046875 0.03046875 0.05546875
0 0.15234375 0.2203125 0.03046875 0.059375
0 0.2 0.18671875 0.0578125 0.0796875
0 0.18125 0.1796875 0.05625 0.0765625
0 0.1640625 0.17265625 0.05625 0.07578125
3 0.975 0.18203125 0.05 0.04453125
3 0.92265625 0.171875 0.0828125 0.04765625
3 0.55390625 0.190625 0.02265625 0.0171875
3 0.58125 0.19921875 0.04140625 0.0265625
3 0.61796875 0.21015625 0.03828125 0.0265625
3 0.67734375 0.13046875 0.04609375 0.0375
3 0.7203125 0.1375 0.053125 0.03828125
3 0.77734375 0.14921875 0.05859375 0.0375
3 0.54140625 0.10546875 0.0171875 0.03046875
3 0.5796875 0.1125 0.03203125 0.0328125
0 0.8890625 0.2734375 0.04921875 0.046875
3 0.8234375 0.2640625 0.059375 0.0375
0 0.7609375 0.2390625 0.0265625 0.0421875
0 0.740625 0.234375 0.02421875 0.040625
0 0.721875 0.22890625 0.02421875 0.040625
0 0.74921875 0.20546875 0.02734375 0.05
0 0.70234375 0.19453125 0.02578125 0.046875
0 0.696875 0.22890625 0.0234375 0.02734375
0 0.67890625 0.22421875 0.02109375 0.0265625
0 0.6625 0.2125 0.02265625 0.03828125
0 0.684375 0.190625 0.02421875 0.04609375
0 0.5078125 0.0890625 0.015625 0.0390625
0 0.49609375 0.0859375 0.02265625 0.03828125
0 0.47890625 0.0875 0.0125 0.03203125
0 0.4828125 0.053125 0.0234375 0.03828125
0 0.4671875 0.0859375 0.009375 0.03046875
0 0.471875 0.0515625 0.01796875 0.0375
0 0.50859375 0.00390625 0.01484375 0.0078125
0 0.49140625 0.00234375 0.0140625 0.0046875
0 0.47734375 0.00234375 0.0125 0.00390625
0 0.653125 0.01953125 0.0234375 0.03828125
0 0.6328125 0.0171875 0.021875 0.034375
0 0.5953125 0.015625 0.01875 0.03125
0 0.61328125 0.01640625 0.0203125 0.0328125
0 0.578125 0.01484375 0.01796875 0.0296875
0 0.56171875 0.0140625 0.0171875 0.02734375
0 0.54375 0.0125 0.015625 0.025