3 0.41171875 0.684375 0.05859375 0.078125
3 0.79765625 0.4140625 0.07734375 0.040625
3 0.75390625 0.4203125 0.078125 0.04296875
3 0.10625 0.65625 0.11953125 0.090625
3 0.33828125 0.615625 0.07265625 0.0765625
3 0.40625 0.596875 0.06328125 0.07109375
3 0.46953125 0.5875 0.05546875 0.075
3 0.53125 0.4546875 0.0609375 0.05546875
3 0.58203125 0.446875 0.06953125 0.04921875
3 0.63984375 0.44140625 0.06953125 0.04453125
3 0.62890625 0.63203125 0.06484375 0.06328125
3 0.4671875 0.66953125 0.05859375 0.0734375
3 0.13984375 0.7515625 0.10546875 0.096875
3 0.31484375 0.49140625 0.07265625 0.07109375
3 0.3765625 0.48203125 0.0609375 0.06875
3 0.53671875 0.65703125 0.05703125 0.06953125
0 0.7453125 0.51796875 0.04453125 0.04921875
0 0.2015625 0.62734375 0.06484375 0.07109375
3 0.68359375 0.621875 0.06640625 0.053125
3 0.7328125 0.61875 0.04921875 0.03515625
3 0.771875 0.60703125 0.05078125 0.03515625
3 0.69140625 0.53671875 0.06953125 0.0453125
0 0.64453125 0.5359375 0.02265625 0.059375
0 0.61796875 0.54140625 0.034375 0.05703125
0 0.6 0.54375 0.02890625 0.06171875
0 0.61953125 0.50625 0.0375 0.05703125
0 0.571875 0.515625 0.03203125 0.059375
0 0.575 0.56171875 0.02265625 0.0390625
0 0.55 0.55859375 0.02890625 0.0546875
0 0.52734375 0.55859375 0.03125 0.06484375
0 0.55 0.51953125 0.0328125 0.0609375
0 0.24453125 0.48203125 0.04921875 0.07578125
0 0.209375 0.48671875 0.05078125 0.0765625
0 0.1703125 0.50390625 0.0453125 0.053125
0 0.16953125 0.44296875 0.06640625 0.0765625
0 0.13515625 0.509375 0.04765625 0.05390625
0 0.09765625 0.5140625 0.05078125 0.0546875
0 0.059375 0.51953125 0.05234375 0.0546875
0 0.02421875 0.515625 0.04765625 0.0765625
0 0.12890625 0.446875 0.06328125 0.078125
0 0.09140625 0.4515625 0.06796875 0.08046875
0 0.053125 0.45625 0.07421875 0.08203125
0 0.21953125 0.32890625 0.05546875 0.0703125
0 0.18125 0.33046875 0.05859375 0.071875
0 0.14375 0.3328125 0.0640625 0.0734375
0 0.10390625 0.3359375 0.06875 0.075
0 0.06328125 0.33828125 0.07578125 0.07578125
0 0.03046875 0.340625 0.0609375 0.078125
0 0.0109375 0.30625 0.021875 0.00546875
0 0.48203125 0.33125 0.03359375 0.0609375
0 0.45625 0.33359375 0.0296875 0.06328125
0 0.396875 0.34375 0.0328125 0.05390625
0 0.42734375 0.34140625 0.03125 0.053125
0 0.425 0.28515625 0.0328125 0.0609375
0 0.39375 0.28671875 0.034375 0.06171875
0 0.36171875 0.28828125 0.03671875 0.06328125
0 0.32890625 0.28984375 0.03828125 0.06484375
0 0.365625 0.3453125 0.03515625 0.05546875
0 0.334375 0.3484375 0.03671875 0.05546875
0 0.30078125 0.34453125 0.03984375 0.06796875
3 0.96796875 0.6828125 0.06328125 0.084375