2 0.246875 0.546875 0.05078125 0.14140625
3 0.04375 0.54375 0.0671875 0.021875
3 0.03984375 0.6390625 0.07890625 0.03671875
3 0.00078125 0.41171875 0.0015625 0.02109375
0 0.0078125 0.25859375 0.00546875 0.04296875
0 0.01640625 0.2671875 0.01171875 0.046875
0 0.02734375 0.278125 0.0109375 0.04453125
0 0.0375 0.28828125 0.009375 0.04140625
0 0.04609375 0.296875 0.00859375 0.0390625
0 0.0546875 0.30625 0.00703125 0.0359375
0 0.0625 0.31328125 0.00703125 0.034375
0 0.01015625 0.40234375 0.00625 0.0453125
0 0.01875 0.40546875 0.01171875 0.04609375
0 0.03046875 0.41015625 0.01015625 0.04296875
0 0.02109375 0.36875 0.02734375 0.0484375
0 0.03984375 0.41328125 0.009375 0.03984375
0 0.04921875 0.4171875 0.00859375 0.03828125
0 0.05703125 0.41953125 0.0078125 0.0359375
0 0.0640625 0.421875 0.00703125 0.03515625
0 0.03984375 0.37421875 0.009375 0.04375
0 0.0484375 0.38046875 0.00859375 0.04140625
0 0.05625 0.384375 0.0078125 0.03984375
3 0.47265625 0.62578125 0.05234375 0.034375
3 0.9125 0.32421875 0.17421875 0.09140625
3 0.5296875 0.4203125 0.0515625 0.02421875
3 0.56640625 0.4109375 0.05234375 0.0296875
3 0.6421875 0.396875 0.09765625 0.03828125
3 0.403125 0.58359375 0.03671875 0.01953125
3 0.42890625 0.4390625 0.01875 0.015625
3 0.46328125 0.4359375 0.05625 0.01796875
3 0.54140625 0.66796875 0.07421875 0.053125
0 0.4328125 0.5296875 0.00703125 0.00703125
0 0.42578125 0.528125 0.01171875 0.009375
0 0.42890625 0.51953125 0.01328125 0.00625
0 0.41640625 0.525 0.01171875 0.00703125
0 0.4203125 0.52578125 0.00234375 0.00625
3 0.76328125 0.80625 0.14765625 0.13515625
3 0.60703125 0.71171875 0.09375 0.06640625
3 0.9046875 0.896875 0.1890625 0.20390625
3 0.490625 0.54453125 0.05234375 0.025
0 0.8875 0.60703125 0.0890625 0.115625
0 0.8203125 0.596875 0.07890625 0.09609375
0 0.75703125 0.58359375 0.05 0.08984375
0 0.821875 0.5109375 0.0796875 0.08984375
0 0.571875 0.4984375 0.0453125 0.04921875
0 0.571875 0.54765625 0.04453125 0.05078125
0 0.540625 0.54375 0.01640625 0.046875
0 0.525 0.540625 0.01484375 0.046875
0 0.540625 0.4984375 0.01640625 0.04609375
0 0.51015625 0.30859375 0.03671875 0.04140625
0 0.48515625 0.31640625 0.01171875 0.040625
0 0.4640625 0.33125 0.009375 0.0359375
0 0.47421875 0.32421875 0.01015625 0.03828125
0 0.484375 0.28984375 0.0296875 0.04296875
0 0.4640625 0.2984375 0.009375 0.040625
0 0.4546875 0.30625 0.00859375 0.03984375
0 0.4453125 0.31328125 0.0078125 0.03671875
0 0.4546875 0.3375 0.00859375 0.034375
0 0.44609375 0.34296875 0.00703125 0.03203125
0 0.43828125 0.3484375 0.00703125 0.03125
0 0.4265625 0.3484375 0.0171875 0.028125
0 0.41484375 0.35234375 0.00546875 0.0265625
0 0.40859375 0.35625 0.00546875 0.02578125
0 0.403125 0.3609375 0.00546875 0.025
0 0.39765625 0.3640625 0.00390625 0.02421875
0 0.39296875 0.36796875 0.00390625 0.02421875
0 0.38828125 0.37109375 0.00390625 0.0234375
0 0.43125 0.43515625 0.0265625 0.028125
0 0.4140625 0.43671875 0.00546875 0.0265625
0 0.40859375 0.43828125 0.00546875 0.02578125
0 0.41796875 0.4125 0.025 0.0265625
0 0.403125 0.4390625 0.00546875 0.025
0 0.39765625 0.440625 0.0046875 0.02421875
0 0.39296875 0.4421875 0.0046875 0.0234375
0 0.38828125 0.44296875 0.00390625 0.0234375
0 0.403125 0.41484375 0.0046875 0.02578125
0 0.39765625 0.41640625 0.0046875 0.02578125
0 0.39296875 0.41875 0.00390625 0.025
3 0.6609375 0.57578125 0.03046875 0.01484375
3 0.975 0.425 0.0484375 0.021875
3 0.63515625 0.51796875 0.034375 0.0109375
3 0.6609375 0.51953125 0.03125 0.01171875
3 0.6921875 0.521875 0.03359375 0.01328125
3 0.7359375 0.44609375 0.02421875 0.01171875
3 0.7734375 0.44296875 0.04921875 0.0140625
3 0.82890625 0.4390625 0.06015625 0.015625
3 0.690625 0.584375 0.03515625 0.01484375
3 0.63046875 0.45390625 0.028125 0.009375
3 0.65703125 0.45234375 0.03828125 0.01015625
3 0.72734375 0.58984375 0.00859375 0.01484375
0 0.984375 0.53515625 0.03046875 0.040625
0 0.5984375 0.50859375 0.0078125 0.01875
3 0.9390625 0.63515625 0.0171875 0.0203125
3 0.971875 0.64140625 0.05546875 0.03125
3 0.915625 0.54140625 0.07578125 0.01953125
0 0.78125 0.52109375 0.00234375 0.028125
0 0.76875 0.49296875 0.0265625 0.028125
0 0.76875 0.5203125 0.0265625 0.028125
0 0.74765625 0.51875 0.01640625 0.0265625
0 0.73125 0.51796875 0.015625 0.0265625
0 0.74765625 0.4921875 0.01640625 0.0265625
0 0.61328125 0.45 0.01796875 0.01875
0 0.59921875 0.4515625 0.00859375 0.01796875
0 0.59140625 0.45234375 0.0078125 0.01796875
0 0.58359375 0.453125 0.00703125 0.01640625
0 0.57578125 0.45390625 0.00703125 0.01640625
0 0.56796875 0.45390625 0.00703125 0.015625
0 0.5609375 0.4546875 0.00625 0.01640625
0 0.6140625 0.384375 0.01796875 0.01015625
0 0.60078125 0.3875 0.00859375 0.01015625
0 0.5921875 0.390625 0.0078125 0.01171875
0 0.58359375 0.39140625 0.00703125 0.009375
0 0.57578125 0.39375 0.00703125 0.009375
0 0.56875 0.3953125 0.00703125 0.009375
0 0.56171875 0.3984375 0.00703125 0.009375
0 0.70390625 0.37578125 0.0125 0.02578125
0 0.69375 0.37890625 0.00625 0.02421875
0 0.66484375 0.3765625 0.01171875 0.00625
0 0.67421875 0.37734375 0.00546875 0.01015625
0 0.68203125 0.3609375 0.021875 0.0234375
0 0.66484375 0.36328125 0.01171875 0.02421875
0 0.653125 0.36640625 0.0109375 0.02421875
0 0.6421875 0.36953125 0.01015625 0.0234375