3 0.4515625 0.69609375 0.06484375 0.06015625
3 0.9875 0.51484375 0.02421875 0.009375
3 0.934375 0.52890625 0.13046875 0.05625
3 0.28046875 0.56171875 0.05625 0.034375
3 0.40078125 0.59296875 0.06640625 0.04453125
3 0.45 0.60078125 0.0671875 0.0484375
3 0.49765625 0.615625 0.05703125 0.05703125
3 0.56875 0.49609375 0.0640625 0.03984375
3 0.628125 0.5015625 0.07265625 0.040625
3 0.7140625 0.51171875 0.08828125 0.04296875
3 0.709375 0.784375 0.0828125 0.09453125
3 0.50078125 0.71171875 0.065625 0.06640625
3 0.290625 0.64140625 0.0609375 0.04375
3 0.39296875 0.47890625 0.06640625 0.03046875
3 0.43203125 0.4828125 0.06640625 0.03203125
3 0.5703125 0.7390625 0.0671875 0.07578125
0 0.94140625 0.69921875 0.08671875 0.1
0 0.32421875 0.56328125 0.0359375 0.046875
3 0.8140625 0.82109375 0.1109375 0.10625
3 0.9203125 0.859375 0.1234375 0.11015625
3 0.97890625 0.87578125 0.04140625 0.09296875
3 0.8296875 0.6859375 0.10703125 0.0796875
0 0.71796875 0.646875 0.03671875 0.0765625
0 0.68515625 0.640625 0.03359375 0.0734375
0 0.65390625 0.63203125 0.03203125 0.071875
0 0.68671875 0.59296875 0.0359375 0.0703125
0 0.6171875 0.58046875 0.03046875 0.065625
0 0.615625 0.62734375 0.03046875 0.0640625
0 0.5875 0.62734375 0.02734375 0.04921875
0 0.56171875 0.61328125 0.02578125 0.06484375
0 0.590625 0.57578125 0.03125 0.0640625
0 0.35625 0.4625 0.03671875 0.04140625
0 0.33828125 0.4609375 0.03359375 0.040625
0 0.3140625 0.46171875 0.01640625 0.0359375
0 0.32265625 0.425 0.0375 0.03671875
0 0.2984375 0.46015625 0.01640625 0.03515625
0 0.28359375 0.45859375 0.015625 0.034375
0 0.2703125 0.45703125 0.01484375 0.03359375
0 0.25625 0.45546875 0.01484375 0.0359375
0 0.30234375 0.42421875 0.02734375 0.03671875
0 0.2921875 0.4234375 0.03515625 0.0359375
0 0.27421875 0.4234375 0.028125 0.03515625
0 0.353125 0.3484375 0.03828125 0.03984375
0 0.3265625 0.34921875 0.01796875 0.0390625
0 0.31015625 0.34921875 0.0171875 0.03828125
0 0.29453125 0.35 0.01640625 0.03671875
0 0.2796875 0.35078125 0.01640625 0.03671875
0 0.26484375 0.3515625 0.015625 0.0359375
0 0.2515625 0.3515625 0.01484375 0.03515625
0 0.521875 0.359375 0.034375 0.046875
0 0.4921875 0.36015625 0.02421875 0.04609375
0 0.446875 0.36171875 0.02109375 0.04375
0 0.46875 0.3609375 0.02265625 0.04453125
0 0.475 0.315625 0.03515625 0.04609375
0 0.44609375 0.31796875 0.02109375 0.04453125
0 0.425 0.31953125 0.02109375 0.04453125
0 0.4046875 0.32109375 0.0203125 0.04375
0 0.42578125 0.3625 0.02109375 0.04140625
0 0.40546875 0.3625 0.01953125 0.04140625
0 0.3859375 0.36328125 0.01953125 0.040625