3 0.38828125 0.6625 0.09375 0.1
3 0.975 0.3453125 0.04765625 0.05859375
3 0.5859375 0.3609375 0.1 0.09765625
3 0.6828125 0.3609375 0.134375 0.0875
3 0.8 0.365625 0.15078125 0.0765625
3 0.06796875 0.65546875 0.1359375 0.09921875
3 0.22265625 0.3671875 0.15 0.09921875
3 0.315625 0.3671875 0.13203125 0.09921875
3 0.57421875 0.67265625 0.08828125 0.10390625
0 0.20234375 0.52890625 0.0375 0.0390625
0 0.16953125 0.5390625 0.03828125 0.04375
0 0.15859375 0.51796875 0.040625 0.053125
0 0.09765625 0.53125 0.0421875 0.04140625
0 0.134375 0.5203125 0.0390625 0.03828125
3 0.83515625 0.67578125 0.12734375 0.103125
3 0.68359375 0.67421875 0.10546875 0.103125
3 0.934375 0.6984375 0.10390625 0.0625
3 0.98125 0.69609375 0.0375 0.0671875
3 0.465625 0.55546875 0.08203125 0.115625
0 0.9734375 0.54609375 0.053125 0.08046875
0 0.92734375 0.5328125 0.0859375 0.10390625
0 0.88046875 0.5328125 0.09765625 0.10546875
0 0.9421875 0.48125 0.1140625 0.09921875
0 0.65390625 0.478125 0.053125 0.096875
0 0.6484375 0.55390625 0.04609375 0.05546875
0 0.6078125 0.5359375 0.04609375 0.09140625
0 0.56796875 0.52890625 0.046875 0.10390625
0 0.6109375 0.47734375 0.05625 0.09765625
0 0.49609375 0.10546875 0.0578125 0.1140625
0 0.43828125 0.10546875 0.06171875 0.1140625
0 0.3265625 0.10546875 0.06796875 0.11171875
0 0.38203125 0.10546875 0.0640625 0.11171875
0 0.3828125 0.02421875 0.075 0.0484375
0 0.3171875 0.02421875 0.0625 0.0484375
0 0.259375 0.025 0.065625 0.05
0 0.20078125 0.025 0.065625 0.05
0 0.27109375 0.10625 0.07265625 0.1109375
0 0.21640625 0.10546875 0.07578125 0.1109375
0 0.1625 0.10546875 0.0796875 0.1125
0 0.0640625 0.059375 0.12734375 0.11796875
0 0.00546875 0.1015625 0.0109375 0.03125
0 0.12890625 0.3359375 0.11171875 0.10859375
0 0.07265625 0.3359375 0.09453125 0.10859375
0 0.0265625 0.35078125 0.053125 0.0765625
0 0.0421875 0.25859375 0.084375 0.1078125
0 0.0046875 0.37734375 0.009375 0.0234375
3 0.45390625 0.33046875 0.0359375 0.0265625
3 0.3 0.26328125 0.04921875 0.02265625
3 0.4140625 0.265625 0.04140625 0.0234375
3 0.45234375 0.26484375 0.03828125 0.0234375
3 0.48984375 0.265625 0.03046875 0.02578125
3 0.5875 0.3359375 0.00546875 0.0109375
3 0.48828125 0.33046875 0.034375 0.0265625
3 0.315625 0.32890625 0.03515625 0.0234375
3 0.52578125 0.3328125 0.0203125 0.0265625
0 0.69921875 0.259375 0.02734375 0.03515625
0 0.34375 0.25703125 0.0296875 0.03515625
3 0.72265625 0.3359375 0.00546875 0.0078125
3 0.6546875 0.26484375 0.04609375 0.02109375
0 0.61171875 0.25703125 0.0171875 0.03515625
0 0.5953125 0.25703125 0.01796875 0.03515625
0 0.5796875 0.25703125 0.01953125 0.03515625
0 0.596875 0.22890625 0.02109375 0.034375
0 0.56171875 0.22890625 0.0171875 0.034375
0 0.5609375 0.26015625 0.015625 0.0265625
0 0.5453125 0.26015625 0.015625 0.0265625
0 0.5375 0.259375 0.00078125 0.02734375
0 0.54609375 0.22890625 0.015625 0.034375
0 0.4671875 0.0375 0.01953125 0.02265625
0 0.44765625 0.0375 0.0171875 0.0203125
0 0.43046875 0.0375 0.01796875 0.0203125