3 0.02734375 0.909375 0.05390625 0.1109375
3 0.07109375 0.71875 0.0453125 0.05390625
3 0.02578125 0.5359375 0.05078125 0.034375
3 0.01875 0.54921875 0.0375 0.0421875
0 0.0375 0.671875 0.03125 0.02578125
0 0.03125 0.66640625 0.03515625 0.02578125
0 0.0515625 0.6484375 0.03203125 0.02578125
0 0.05078125 0.640625 0.0296875 0.01875
0 0.059375 0.64375 0.02890625 0.01640625
3 0.0109375 0.809375 0.021875 0.08828125
0 0.00234375 0.30078125 0.0046875 0.0640625
0 0.00859375 0.30546875 0.0125 0.06875
0 0.0046875 0.3609375 0.00859375 0.0609375
0 0.01171875 0.3640625 0.01171875 0.06015625
0 0.0203125 0.36875 0.0109375 0.05625
0 0.025 0.35703125 0.02109375 0.053125
0 0.04453125 0.36171875 0.00234375 0.03671875
0 0.04765625 0.365625 0.00625 0.04296875
0 0.05234375 0.36875 0.00625 0.03984375
0 0.05625 0.37265625 0.00546875 0.03828125
0 0.0609375 0.37578125 0.00546875 0.0359375
0 0.0640625 0.378125 0.0046875 0.034375
0 0.021875 0.503125 0.04375 0.03828125
0 0.02734375 0.5046875 0.05390625 0.04453125
0 0.05546875 0.50703125 0.00625 0.03828125
0 0.02734375 0.4609375 0.0546875 0.0453125
0 0.06015625 0.50078125 0.00546875 0.04296875
0 0.0640625 0.4984375 0.00546875 0.040625
0 0.0671875 0.4953125 0.0046875 0.0390625
0 0.07109375 0.49296875 0.00546875 0.03828125
0 0.05703125 0.45859375 0.00625 0.040625
0 0.06171875 0.45859375 0.00546875 0.0390625
0 0.065625 0.4578125 0.00546875 0.03828125
3 0.49453125 0.665625 0.0515625 0.04296875
3 0.98828125 0.565625 0.02265625 0.05078125
3 0.909375 0.55546875 0.14609375 0.06171875
3 0.4015625 0.54921875 0.028125 0.01953125
3 0.4640625 0.57734375 0.04765625 0.02890625
3 0.49375 0.58828125 0.05234375 0.03125
3 0.521875 0.603125 0.0546875 0.03671875
3 0.56953125 0.50625 0.0640625 0.02578125
3 0.61328125 0.51328125 0.07421875 0.0296875
3 0.6734375 0.52421875 0.08203125 0.03515625
3 0.675 0.78984375 0.0859375 0.090625
3 0.52421875 0.6859375 0.05625 0.04921875
3 0.4078125 0.60859375 0.03671875 0.02578125
3 0.46015625 0.490625 0.046875 0.01796875
3 0.4828125 0.49375 0.05234375 0.01953125
3 0.5703125 0.71875 0.065625 0.06171875
0 0.91015625 0.75078125 0.10234375 0.11640625
0 0.42421875 0.5515625 0.02109375 0.0296875
3 0.771875 0.85625 0.10546875 0.12578125
3 0.88203125 0.9234375 0.134375 0.1515625
3 0.97265625 0.959375 0.053125 0.0796875
3 0.78359375 0.71953125 0.1078125 0.07421875
0 0.68125 0.65390625 0.04375 0.0703125
0 0.6546875 0.646875 0.04140625 0.05703125
0 0.62265625 0.63359375 0.0234375 0.0609375
0 0.65546875 0.59921875 0.04140625 0.0609375
0 0.603125 0.58203125 0.0375 0.053125
0 0.60234375 0.625 0.0375 0.05
0 0.575 0.61796875 0.01796875 0.0453125
0 0.55703125 0.60703125 0.01640625 0.05
0 0.58359375 0.57578125 0.034375 0.05
0 0.44296875 0.47890625 0.025 0.028125
0 0.4296875 0.478125 0.01484375 0.028125
0 0.41875 0.47734375 0.00703125 0.025
0 0.4265625 0.4515625 0.02421875 0.02421875
0 0.41171875 0.4765625 0.00703125 0.025
0 0.4046875 0.47578125 0.00703125 0.0234375
0 0.39765625 0.47421875 0.00625 0.0234375
0 0.3921875 0.4734375 0.00546875 0.0234375
0 0.4109375 0.4515625 0.00703125 0.02421875
0 0.40390625 0.4515625 0.00625 0.0234375
0 0.39765625 0.4515625 0.00546875 0.0234375
0 0.44296875 0.39609375 0.02578125 0.028125
0 0.4265625 0.39765625 0.0078125 0.0265625
0 0.41796875 0.39921875 0.00703125 0.02578125
0 0.4109375 0.40078125 0.00703125 0.025
0 0.40390625 0.4015625 0.00625 0.025
0 0.39765625 0.40234375 0.00625 0.0234375
0 0.39140625 0.403125 0.00546875 0.0234375
0 0.5375 0.39609375 0.0328125 0.03671875
0 0.5140625 0.39765625 0.01328125 0.0359375
0 0.48828125 0.4015625 0.01171875 0.03203125
0 0.50078125 0.39921875 0.0125 0.034375
0 0.51015625 0.36640625 0.03125 0.0359375
0 0.48828125 0.36875 0.01171875 0.034375
0 0.4765625 0.37109375 0.0109375 0.03359375
0 0.465625 0.37421875 0.01015625 0.03125
0 0.4765625 0.403125 0.01015625 0.03125
0 0.465625 0.40390625 0.01015625 0.03046875
0 0.45546875 0.4046875 0.009375 0.0296875