3 0.440625 0.75390625 0.06875 0.04140625
3 0.96328125 0.4890625 0.07265625 0.03359375
3 0.88671875 0.49296875 0.12734375 0.03515625
3 0.25703125 0.6375 0.0640625 0.01953125
3 0.3890625 0.64375 0.06875 0.0234375
3 0.4421875 0.64609375 0.06796875 0.025
3 0.49375 0.6484375 0.0578125 0.0265625
3 0.5578125 0.5140625 0.05234375 0.02109375
3 0.61640625 0.5109375 0.065625 0.021875
3 0.6921875 0.50703125 0.07890625 0.0234375
3 0.71328125 0.79140625 0.08828125 0.05859375
3 0.4921875 0.7609375 0.06328125 0.04453125
3 0.2578125 0.7296875 0.06953125 0.03125
3 0.38125 0.5234375 0.05234375 0.01953125
3 0.42734375 0.52109375 0.0625 0.0203125
3 0.56953125 0.7734375 0.0671875 0.05
0 0.9078125 0.65078125 0.0765625 0.06328125
0 0.30625 0.6296875 0.0390625 0.0390625
3 0.8171875 0.80546875 0.11640625 0.065625
3 0.9203125 0.821875 0.12109375 0.0640625
3 0.97578125 0.8265625 0.04765625 0.06015625
3 0.80859375 0.6625 0.10859375 0.03046875
0 0.71015625 0.64296875 0.03359375 0.05390625
0 0.67734375 0.6421875 0.034375 0.053125
0 0.6484375 0.640625 0.03203125 0.0515625
0 0.675 0.59296875 0.03515625 0.04921875
0 0.609375 0.59375 0.02734375 0.04609375
0 0.6109375 0.640625 0.028125 0.0484375
0 0.584375 0.63984375 0.0265625 0.04609375
0 0.5578125 0.63828125 0.02578125 0.0484375
0 0.58359375 0.59296875 0.02578125 0.0453125
0 0.3484375 0.51640625 0.0359375 0.0359375
0 0.321875 0.51796875 0.01796875 0.03515625
0 0.30546875 0.51875 0.01796875 0.034375
0 0.31640625 0.484375 0.03671875 0.03515625
0 0.2890625 0.51953125 0.0171875 0.034375
0 0.27265625 0.52109375 0.01640625 0.034375
0 0.25703125 0.521875 0.01640625 0.03359375
0 0.2421875 0.52265625 0.01640625 0.03203125
0 0.290625 0.4859375 0.0171875 0.034375
0 0.27421875 0.4875 0.01640625 0.034375
0 0.259375 0.48828125 0.01640625 0.034375
0 0.353125 0.409375 0.03515625 0.04140625
0 0.32734375 0.409375 0.01796875 0.03359375
0 0.3109375 0.41171875 0.0171875 0.03359375
0 0.29453125 0.4140625 0.01640625 0.03203125
0 0.27890625 0.41640625 0.01640625 0.03125
0 0.26328125 0.41953125 0.01640625 0.03125
0 0.2484375 0.42109375 0.015625 0.03125
0 0.51484375 0.39609375 0.02890625 0.03984375
0 0.48828125 0.39921875 0.021875 0.0390625
0 0.4453125 0.40625 0.0203125 0.03828125
0 0.46640625 0.403125 0.02109375 0.0390625
0 0.471875 0.365625 0.03046875 0.040625
0 0.44609375 0.36953125 0.0203125 0.0390625
0 0.42578125 0.3734375 0.0203125 0.0390625
0 0.40625 0.3765625 0.01875 0.03828125
0 0.425 0.40859375 0.0203125 0.0359375
0 0.40546875 0.41171875 0.01953125 0.0359375
0 0.38671875 0.4140625 0.01953125 0.0359375