3 0.93515625 0.5015625 0.06796875 0.01796875
3 0.94296875 0.50546875 0.07578125 0.01953125
3 0.9625 0.54765625 0.07421875 0.0453125
3 0.9625 0.534375 0.07421875 0.03515625
3 0.9640625 0.51640625 0.0703125 0.01328125
3 0.99765625 0.59375 0.00390625 0.0484375
3 0.95703125 0.9140625 0.04921875 0.11171875
3 0.91875 0.74921875 0.02265625 0.05078125
3 0.9375 0.82421875 0.03671875 0.071875
3 0.90546875 0.71875 0.00625 0.03828125
3 0.9015625 0.69609375 0.00546875 0.03203125
3 0.97421875 0.81953125 0.05 0.10546875
0 0.9125 0.621875 0.00078125 0.01328125
0 0.93125 0.63046875 0.025 0.0515625
0 0.93515625 0.58359375 0.02890625 0.0484375
0 0.95703125 0.6265625 0.02734375 0.04375
0 0.94375 0.71328125 0.00625 0.0359375
0 0.946875 0.71484375 0.0015625 0.03671875
0 0.97890625 0.7359375 0.04140625 0.09296875
0 0.97421875 0.65703125 0.05078125 0.08359375
0 0.990625 0.31484375 0.0140625 0.078125
0 0.99765625 0.30859375 0.00390625 0.0703125
3 0.41015625 0.71953125 0.065625 0.05703125
3 0.603125 0.4859375 0.03515625 0.0109375
3 0.5875 0.48828125 0.0359375 0.0109375
3 0.0796875 0.74453125 0.1390625 0.10703125
3 0.3625 0.64375 0.07578125 0.0515625
3 0.4109375 0.6234375 0.06640625 0.04296875
3 0.4546875 0.60859375 0.05859375 0.0359375
3 0.48828125 0.50078125 0.05 0.01796875
3 0.51484375 0.49765625 0.04609375 0.015625
3 0.5421875 0.49453125 0.0390625 0.0140625
3 0.54453125 0.64375 0.04453125 0.03125
3 0.45 0.69609375 0.05859375 0.0484375
3 0.09296875 0.9046875 0.13359375 0.15
3 0.35390625 0.515625 0.07265625 0.028125
3 0.3984375 0.5109375 0.06640625 0.02421875
3 0.49375 0.6734375 0.05234375 0.040625
0 0.59296875 0.5515625 0.01796875 0.02578125
0 0.221875 0.6765625 0.0640625 0.078125
3 0.56953125 0.63125 0.040625 0.0234375
3 0.59453125 0.6203125 0.02265625 0.0203125
3 0.60859375 0.61171875 0.021875 0.01796875
3 0.571875 0.5671875 0.03046875 0.015625
0 0.55234375 0.5671875 0.00859375 0.03046875
0 0.5359375 0.57109375 0.02265625 0.03046875
0 0.53125 0.5734375 0.01328125 0.03359375
0 0.534375 0.54296875 0.02578125 0.03125
0 0.51171875 0.5484375 0.02578125 0.034375
0 0.51953125 0.57890625 0.01015625 0.03203125
0 0.5078125 0.58359375 0.0109375 0.03359375
0 0.4875 0.58515625 0.02890625 0.0390625
0 0.5 0.5515625 0.02734375 0.0359375
0 0.290625 0.5078125 0.04140625 0.053125
0 0.2640625 0.51015625 0.03359375 0.05546875
0 0.228125 0.51484375 0.03828125 0.05703125
0 0.2265625 0.45859375 0.0390625 0.05625
0 0.1875 0.51796875 0.04375 0.06015625
0 0.14140625 0.521875 0.05 0.065625
0 0.0890625 0.5265625 0.0578125 0.0703125
0 0.03125 0.5296875 0.0625 0.0796875
0 0.1859375 0.45859375 0.04453125 0.059375
0 0.13984375 0.45859375 0.05078125 0.06484375
0 0.08671875 0.4578125 0.05859375 0.06953125
0 0.29609375 0.35625 0.03125 0.0546875
0 0.26328125 0.35 0.034375 0.05703125
0 0.22734375 0.34296875 0.03828125 0.06171875
0 0.1859375 0.33515625 0.04453125 0.06640625
0 0.1390625 0.3265625 0.05078125 0.07109375
0 0.08671875 0.31640625 0.05859375 0.0765625
0 0.0296875 0.30546875 0.059375 0.08359375
0 0.47109375 0.403125 0.01484375 0.03515625
0 0.45546875 0.40078125 0.01484375 0.03671875
0 0.421875 0.39609375 0.01796875 0.03984375
0 0.43984375 0.3984375 0.01640625 0.03828125
0 0.4390625 0.36171875 0.01640625 0.03984375
0 0.421875 0.35703125 0.01796875 0.04140625
0 0.40234375 0.353125 0.01953125 0.04453125
0 0.37421875 0.34765625 0.0375 0.046875
0 0.403125 0.39296875 0.01953125 0.04140625
0 0.38203125 0.3890625 0.02109375 0.04375
0 0.35234375 0.3859375 0.03828125 0.046875
3 0.70234375 0.596875 0.03671875 0.02109375