3 0.434375 0.68359375 0.06796875 0.10078125
3 0.67109375 0.26328125 0.04921875 0.0390625
3 0.65 0.28046875 0.053125 0.04453125
3 0.521875 0.39453125 0.06953125 0.07421875
3 0.55390625 0.3625 0.065625 0.0625
3 0.59140625 0.33671875 0.05546875 0.05390625
3 0.1625 0.97421875 0.04921875 0.04921875
3 0.34375 0.56328125 0.09609375 0.14140625
3 0.40078125 0.509375 0.0921875 0.11796875
3 0.52578125 0.57265625 0.05625 0.0765625
0 0.66015625 0.34453125 0.02890625 0.04140625
0 0.28515625 0.734375 0.02734375 0.05078125
0 0.2640625 0.7703125 0.0296875 0.05546875
0 0.2359375 0.77421875 0.0296875 0.065625
0 0.17578125 0.85546875 0.03203125 0.065625
0 0.20703125 0.8046875 0.03046875 0.05859375
3 0.6109375 0.46796875 0.04765625 0.0421875
3 0.565625 0.52578125 0.05390625 0.05390625
3 0.640625 0.440625 0.02734375 0.0390625
3 0.65859375 0.4171875 0.02578125 0.03515625
3 0.47890625 0.55078125 0.07265625 0.096875
0 0.64609375 0.36796875 0.01171875 0.03828125
0 0.628125 0.37734375 0.02890625 0.0390625
0 0.6171875 0.3828125 0.0328125 0.04921875
0 0.63046875 0.34921875 0.0328125 0.0390625
0 0.55703125 0.43359375 0.0203125 0.05
0 0.5578125 0.46875 0.01484375 0.04375
0 0.5375 0.484375 0.02734375 0.04453125
0 0.51875 0.490625 0.0375 0.0640625
0 0.53671875 0.44765625 0.0328125 0.053125
0 0.484375 0.2671875 0.04375 0.03046875
0 0.475 0.28046875 0.02421875 0.03203125
0 0.42265625 0.3203125 0.0296875 0.01953125
0 0.45078125 0.30390625 0.0265625 0.015625
0 0.434375 0.26484375 0.0578125 0.09140625
0 0.40546875 0.27890625 0.06171875 0.09609375
0 0.3734375 0.29453125 0.065625 0.10234375
0 0.3375 0.3125 0.07109375 0.1109375
0 0.38984375 0.3390625 0.0328125 0.0203125
0 0.35546875 0.359375 0.0375 0.02265625
0 0.30546875 0.36796875 0.0625 0.0578125
0 0.190625 0.4125 0.08046875 0.1
0 0.12734375 0.44765625 0.0859375 0.115625
0 0.05625 0.48515625 0.09765625 0.13203125
0 0.01328125 0.51328125 0.0265625 0.11796875
0 0.24921875 0.615625 0.0703125 0.12109375
0 0.20234375 0.65546875 0.07734375 0.13203125
0 0.15546875 0.7 0.07890625 0.140625
0 0.13046875 0.67421875 0.0859375 0.096875
0 0.0953125 0.775 0.0921875 0.10078125
0 0.03984375 0.83515625 0.0796875 0.1125
0 0.00546875 0.890625 0.0109375 0.02109375
0 0.0625 0.72265625 0.10625 0.11484375
0 0.0234375 0.746875 0.046875 0.146875
3 0.27265625 0.40546875 0.01484375 0.0125
3 0.47421875 0.18046875 0.03515625 0.02109375
3 0.45234375 0.1875 0.0359375 0.02421875
3 0.04140625 0.4375 0.0640625 0.03046875
3 0.21875 0.37421875 0.0265625 0.0375
3 0.26953125 0.346875 0.0390625 0.040625
3 0.29765625 0.33046875 0.03046875 0.03515625
3 0.328125 0.23515625 0.04375 0.034375
3 0.359375 0.22421875 0.04375 0.0296875
3 0.39140625 0.21328125 0.03828125 0.0265625
3 0.1859375 0.28984375 0.040625 0.04375
3 0.2453125 0.2703125 0.02890625 0.0359375
0 0.4640625 0.24765625 0.00859375 0.0265625
0 0.11640625 0.3984375 0.04140625 0.0265625
0 0.1375 0.2953125 0.0375 0.05234375
0 0.1125 0.3046875 0.03828125 0.05390625
0 0.0875 0.31875 0.0390625 0.04609375
0 0.07421875 0.27890625 0.0421875 0.05546875
0 0.06015625 0.33046875 0.04140625 0.04375
0 0.03046875 0.340625 0.04609375 0.04609375
0 0.01171875 0.35078125 0.0234375 0.04453125
0 0.04609375 0.28828125 0.04453125 0.0578125
0 0.01953125 0.29765625 0.03828125 0.059375
0 0.003125 0.32109375 0.00625 0.0171875
0 0.1046875 0.18671875 0.04140625 0.05234375
0 0.07578125 0.19296875 0.04375 0.05390625
0 0.04609375 0.19921875 0.04609375 0.05625
0 0.01953125 0.20625 0.0390625 0.059375
0 0.003125 0.22890625 0.00625 0.01953125
0 0.2859375 0.159375 0.0296875 0.040625
0 0.271875 0.1640625 0.02421875 0.04140625
0 0.234375 0.17578125 0.0265625 0.0375
0 0.25390625 0.171875 0.02421875 0.0375
0 0.24921875 0.134375 0.0234375 0.04140625
0 0.228125 0.14765625 0.02421875 0.02578125
0 0.20703125 0.1515625 0.0265625 0.0265625
0 0.1828125 0.1546875 0.03203125 0.02421875
0 0.21796875 0.18046875 0.01953125 0.0359375
0 0.1671875 0.1875 0.0359375 0.04765625
3 0.82890625 0.54765625 0.06953125 0.07578125