2 0.20546875 0.55234375 0.07578125 0.1640625
3 0.46171875 0.60703125 0.053125 0.03828125
3 0.9546875 0.4453125 0.08984375 0.03515625
3 0.859375 0.44296875 0.1234375 0.03203125
3 0.53671875 0.43515625 0.05625 0.01875
3 0.584375 0.43671875 0.071875 0.0203125
3 0.64453125 0.43984375 0.07578125 0.021875
3 0.36484375 0.56328125 0.040625 0.02421875
3 0.42421875 0.43125 0.0515625 0.0140625
3 0.4484375 0.43203125 0.05390625 0.0140625
3 0.54140625 0.64609375 0.0640625 0.0515625
0 0.95078125 0.64296875 0.09765625 0.10390625
0 0.41171875 0.5125 0.009375 0.01015625
0 0.396875 0.5109375 0.009375 0.0109375
0 0.396875 0.503125 0.01015625 0.00859375
0 0.3828125 0.50546875 0.01328125 0.009375
0 0.38984375 0.50625 0.00546875 0.009375
3 0.734375 0.73671875 0.08984375 0.09140625
3 0.6078125 0.68046875 0.07265625 0.05859375
3 0.83125 0.78125 0.1125 0.115625
3 0.93984375 0.83046875 0.11953125 0.13359375
3 0.49140625 0.53828125 0.05703125 0.03125
0 0.821875 0.60703125 0.04765625 0.08203125
0 0.7796875 0.603125 0.04296875 0.06484375
0 0.74140625 0.5875 0.03828125 0.0734375
0 0.7828125 0.54296875 0.04453125 0.071875
0 0.57421875 0.50625 0.03515625 0.0484375
0 0.57421875 0.54765625 0.03515625 0.046875
0 0.54765625 0.54453125 0.01875 0.04296875
0 0.5296875 0.53671875 0.0171875 0.046875
0 0.55546875 0.503125 0.03359375 0.0453125
0 0.50703125 0.32421875 0.03359375 0.03828125
0 0.4828125 0.32734375 0.01484375 0.03828125
0 0.45390625 0.33359375 0.0125 0.03515625
0 0.46796875 0.33046875 0.01328125 0.03515625
0 0.4765625 0.29609375 0.03203125 0.03828125
0 0.45390625 0.29921875 0.01328125 0.0359375
0 0.44140625 0.303125 0.0125 0.0359375
0 0.42890625 0.30703125 0.01171875 0.034375
0 0.44140625 0.3359375 0.01171875 0.03359375
0 0.42890625 0.33828125 0.01171875 0.03203125
0 0.41796875 0.340625 0.01015625 0.03203125
0 0.403125 0.33359375 0.02734375 0.03046875
0 0.384375 0.3359375 0.009375 0.02890625
0 0.375 0.3375 0.00859375 0.0265625
0 0.36640625 0.3390625 0.00859375 0.0265625
0 0.35859375 0.34140625 0.00859375 0.0265625
0 0.35078125 0.34296875 0.00703125 0.025
0 0.34375 0.34453125 0.00703125 0.025
0 0.40390625 0.42109375 0.02734375 0.028125
0 0.38515625 0.42109375 0.009375 0.028125
0 0.3765625 0.42109375 0.00859375 0.02578125
0 0.38515625 0.39375 0.02578125 0.0265625
0 0.36796875 0.42109375 0.00859375 0.02578125
0 0.36015625 0.42109375 0.0078125 0.025
0 0.353125 0.42109375 0.0078125 0.02421875
0 0.3453125 0.4203125 0.00703125 0.02421875
0 0.36796875 0.39453125 0.00859375 0.02578125
0 0.359375 0.39453125 0.0078125 0.025
0 0.35234375 0.39609375 0.00703125 0.025
3 0.60390625 0.5328125 0.02421875 0.01796875
3 0.890625 0.42421875 0.059375 0.00625
3 0.8359375 0.42421875 0.05078125 0.00546875
3 0.51171875 0.4734375 0.0265625 0.009375
3 0.575 0.47890625 0.03046875 0.00859375
3 0.60078125 0.48359375 0.03359375 0.01328125
3 0.6265625 0.4875 0.03203125 0.0140625
3 0.6578125 0.42578125 0.0265625 0.00625
3 0.69140625 0.4265625 0.03984375 0.009375
3 0.72890625 0.428125 0.03984375 0.0109375
3 0.71875 0.55859375 0.02265625 0.01875
3 0.625 0.53828125 0.034375 0.01796875
3 0.5125 0.51484375 0.02578125 0.01328125
3 0.56796875 0.4234375 0.01953125 0.0046875
3 0.59375 0.42421875 0.03046875 0.00546875
3 0.6609375 0.54609375 0.03671875 0.0203125
0 0.83515625 0.5046875 0.0359375 0.03125
0 0.53671875 0.47109375 0.01171875 0.01796875
3 0.825 0.58046875 0.04765625 0.0296875
3 0.87578125 0.59140625 0.05703125 0.03359375
3 0.78359375 0.50390625 0.04375 0.01328125
0 0.7328125 0.49296875 0.01953125 0.028125
0 0.71640625 0.49140625 0.01796875 0.02421875
0 0.70078125 0.4890625 0.01484375 0.025
0 0.71796875 0.4765625 0.01796875 0.00859375
0 0.67890625 0.4734375 0.00703125 0.00703125
0 0.6796875 0.48828125 0.00859375 0.021875
0 0.66875 0.48671875 0.01328125 0.021875
0 0.65625 0.484375 0.0125 0.02421875
0 0.66953125 0.471875 0.0125 0.00703125
0 0.55390625 0.41796875 0.015625 0.015625
0 0.54140625 0.41796875 0.0078125 0.015625
0 0.534375 0.41875 0.00546875 0.01484375
0 0.53828125 0.4015625 0.0125 0.01640625
0 0.5234375 0.41953125 0.00390625 0.01328125
0 0.5171875 0.41953125 0.00703125 0.01328125
0 0.5109375 0.41953125 0.00390625 0.01328125
0 0.50078125 0.41875 0.003125 0.015625
0 0.5234375 0.4015625 0.00390625 0.01640625
0 0.5171875 0.40234375 0.00703125 0.015625
0 0.5109375 0.40234375 0.00390625 0.015625
0 0.5546875 0.36484375 0.015625 0.01640625
0 0.5421875 0.36640625 0.00859375 0.015625
0 0.53515625 0.36640625 0.00625 0.01484375
0 0.52421875 0.36796875 0.003125 0.01484375
0 0.51796875 0.36875 0.00703125 0.01484375
0 0.51171875 0.36875 0.0046875 0.0140625
0 0.5015625 0.36953125 0.00234375 0.0140625
0 0.6390625 0.3640625 0.0171875 0.021875
0 0.62421875 0.36484375 0.01171875 0.0203125
0 0.60234375 0.36640625 0.01015625 0.0203125
0 0.61328125 0.365625 0.0109375 0.0203125
0 0.61640625 0.35234375 0.01640625 0.00625
0 0.60234375 0.35390625 0.01015625 0.00625
0 0.5921875 0.35546875 0.01015625 0.00625
0 0.58203125 0.35625 0.009375 0.00546875
0 0.5921875 0.36796875 0.01015625 0.01953125
0 0.58203125 0.36875 0.01015625 0.01875
0 0.57265625 0.36953125 0.009375 0.01875