3 0.43984375 0.64453125 0.06171875 0.06875
3 0.9578125 0.51796875 0.08359375 0.0734375
3 0.89609375 0.509375 0.13125 0.0765625
3 0.2390625 0.52109375 0.071875 0.05078125
3 0.38203125 0.55546875 0.06953125 0.0609375
3 0.43671875 0.56171875 0.06640625 0.06328125
3 0.49140625 0.5765625 0.0578125 0.07421875
3 0.5609375 0.465625 0.05859375 0.065625
3 0.6234375 0.4734375 0.071875 0.0640625
3 0.7015625 0.4875 0.0859375 0.05859375
3 0.67890625 0.70625 0.071875 0.08515625
3 0.48984375 0.65703125 0.05859375 0.07109375
3 0.25703125 0.5984375 0.06796875 0.05625
3 0.36640625 0.44296875 0.07109375 0.05625
3 0.41328125 0.44921875 0.06875 0.05859375
3 0.55859375 0.678125 0.0578125 0.078125
0 0.8703125 0.63828125 0.06953125 0.08828125
0 0.290625 0.525 0.0421875 0.059375
3 0.76015625 0.7265625 0.08671875 0.090625
3 0.83828125 0.75546875 0.08359375 0.07421875
3 0.91328125 0.77109375 0.09609375 0.084375
3 0.78125 0.6265625 0.0953125 0.08125
0 0.69765625 0.6 0.034375 0.07421875
0 0.66796875 0.59375 0.03359375 0.075
0 0.63984375 0.5890625 0.03359375 0.07421875
0 0.67109375 0.55703125 0.03828125 0.0703125
0 0.6078125 0.54609375 0.02890625 0.06796875
0 0.60546875 0.596875 0.028125 0.04140625
0 0.57890625 0.5921875 0.02734375 0.04140625
0 0.5546875 0.571875 0.02734375 0.0703125
0 0.58125 0.54140625 0.02734375 0.06640625
0 0.3203125 0.4203125 0.04375 0.05703125
0 0.29765625 0.41796875 0.040625 0.05703125
0 0.26953125 0.4234375 0.025 0.040625
0 0.27421875 0.3765625 0.04765625 0.05546875
0 0.24921875 0.41953125 0.025 0.03984375
0 0.2296875 0.41796875 0.02578125 0.0390625
0 0.2109375 0.41484375 0.025 0.0390625
0 0.19296875 0.4078125 0.025 0.046875
0 0.2515625 0.37421875 0.04296875 0.0546875
0 0.23203125 0.371875 0.04453125 0.05390625
0 0.2125 0.3703125 0.04453125 0.05390625
0 0.30703125 0.29375 0.04921875 0.05546875
0 0.28203125 0.2921875 0.0453125 0.0546875
0 0.2609375 0.290625 0.04609375 0.05390625
0 0.2390625 0.2890625 0.04609375 0.053125
0 0.21875 0.28828125 0.046875 0.053125
0 0.1984375 0.28671875 0.04765625 0.0515625
0 0.17890625 0.2859375 0.04765625 0.05078125
0 0.51015625 0.3265625 0.028125 0.06328125
0 0.48515625 0.32421875 0.03515625 0.06171875
0 0.428125 0.32578125 0.02734375 0.05
0 0.45390625 0.328125 0.02734375 0.05078125
0 0.4578125 0.27421875 0.03828125 0.059375
0 0.43125 0.27265625 0.0390625 0.05859375
0 0.4046875 0.271875 0.03984375 0.05703125
0 0.3796875 0.27109375 0.03984375 0.05625
0 0.4015625 0.32421875 0.02734375 0.04921875
0 0.37734375 0.321875 0.02734375 0.0484375
0 0.353125 0.315625 0.02734375 0.05703125