2 0.2828125 0.5328125 0.04765625 0.12109375
3 0.05390625 0.71875 0.10390625 0.0796875
3 0.1125 0.5359375 0.0578125 0.0234375
3 0.059375 0.565625 0.09140625 0.02578125
3 0.05546875 0.5859375 0.084375 0.0375
3 0.05546875 0.6109375 0.05 0.04921875
3 0.04296875 0.43671875 0.0390625 0.03046875
3 0.0125 0.43515625 0.02421875 0.034375
3 0.1171875 0.61640625 0.0578125 0.03515625
3 0.0859375 0.440625 0.046875 0.0171875
3 0.08046875 0.4390625 0.03515625 0.0203125
3 0.02734375 0.83203125 0.05390625 0.10859375
0 0.009375 0.640625 0.01796875 0.08828125
0 0.02421875 0.625 0.01796875 0.0796875
0 0.00703125 0.565625 0.0140625 0.08046875
0 0.0140625 0.24140625 0.028125 0.0609375
0 0.0453125 0.265625 0.01171875 0.05390625
0 0.0640625 0.2859375 0.0109375 0.04921875
0 0.05390625 0.275 0.0125 0.05390625
0 0.02890625 0.21953125 0.0578125 0.0796875
0 0.0625 0.2390625 0.01171875 0.06171875
0 0.07109375 0.25078125 0.009375 0.0578125
0 0.078125 0.26171875 0.009375 0.053125
0 0.07265625 0.29453125 0.009375 0.04453125
0 0.08046875 0.303125 0.00859375 0.0421875
0 0.0875 0.31015625 0.00859375 0.04140625
0 0.090625 0.30859375 0.015625 0.040625
0 0.10625 0.31640625 0.00234375 0.02890625
0 0.11015625 0.3203125 0.00546875 0.03203125
0 0.1140625 0.32578125 0.00390625 0.0296875
0 0.11796875 0.33046875 0.00390625 0.02890625
0 0.121875 0.334375 0.003125 0.02578125
0 0.125 0.3375 0.003125 0.0265625
0 0.08046875 0.41953125 0.04609375 0.02265625
0 0.11171875 0.43046875 0.00390625 0.0359375
0 0.115625 0.43046875 0.00546875 0.034375
0 0.09296875 0.39453125 0.04609375 0.03828125
0 0.11953125 0.43046875 0.00390625 0.03203125
0 0.12265625 0.43125 0.00546875 0.03046875
0 0.1265625 0.43203125 0.00390625 0.0296875
0 0.1296875 0.4328125 0.00390625 0.0296875
0 0.1171875 0.3984375 0.00546875 0.0328125
0 0.12109375 0.4 0.00390625 0.03203125
0 0.125 0.4015625 0.003125 0.03046875
3 0.00078125 0.9046875 0.00078125 0.0375
3 0.4765625 0.59921875 0.04453125 0.0296875
3 0.89453125 0.4265625 0.15625 0.0359375
3 0.76640625 0.43046875 0.10078125 0.02890625
3 0.52421875 0.44140625 0.040625 0.01484375
3 0.55234375 0.440625 0.0390625 0.015625
3 0.6078125 0.43984375 0.0703125 0.01796875
3 0.4125 0.559375 0.0328125 0.01796875
3 0.43671875 0.4421875 0.0140625 0.009375
3 0.4671875 0.44140625 0.04765625 0.0109375
3 0.5328125 0.63359375 0.05859375 0.04140625
0 0.86484375 0.63125 0.1 0.09921875
0 0.43984375 0.515625 0.0078125 0.0078125
0 0.434375 0.5140625 0.01171875 0.00859375
0 0.4359375 0.5078125 0.01171875 0.00625
0 0.42421875 0.509375 0.0109375 0.00625
0 0.428125 0.5109375 0.003125 0.00625
3 0.67890625 0.725 0.0890625 0.07734375
3 0.58203125 0.665625 0.06796875 0.04921875
3 0.759375 0.77421875 0.1140625 0.10078125
3 0.86875 0.8390625 0.14609375 0.15078125
3 0.4921875 0.53515625 0.0421875 0.0234375
0 0.75078125 0.59609375 0.05546875 0.07578125
0 0.71640625 0.58984375 0.05234375 0.0625
0 0.67734375 0.578125 0.0296875 0.06484375
0 0.71875 0.534375 0.05234375 0.0640625
0 0.55703125 0.5046875 0.03515625 0.04140625
0 0.55703125 0.5421875 0.03515625 0.040625
0 0.5328125 0.53828125 0.0125 0.03828125
0 0.5203125 0.534375 0.0125 0.03828125
0 0.5421875 0.50234375 0.03046875 0.03828125
0 0.50859375 0.3453125 0.0296875 0.0328125
0 0.4875 0.3484375 0.009375 0.0328125
0 0.46953125 0.35546875 0.00859375 0.0296875
0 0.47734375 0.35234375 0.00859375 0.0296875
0 0.48671875 0.3234375 0.0265625 0.034375
0 0.46953125 0.32734375 0.00859375 0.0328125
0 0.46015625 0.33125 0.0078125 0.03046875
0 0.45234375 0.33515625 0.0078125 0.0296875
0 0.46015625 0.359375 0.0078125 0.02890625
0 0.45234375 0.3625 0.00625 0.0265625
0 0.4453125 0.3640625 0.0078125 0.0265625
0 0.4375 0.359375 0.02265625 0.02578125
0 0.4234375 0.3625 0.00625 0.02421875
0 0.4171875 0.36484375 0.00546875 0.0234375
0 0.4125 0.36640625 0.00546875 0.02265625
0 0.40625 0.36875 0.00390625 0.02265625
0 0.4015625 0.37109375 0.00546875 0.02109375
0 0.39765625 0.37265625 0.00390625 0.0203125
0 0.4375 0.43515625 0.02265625 0.0234375
0 0.4234375 0.43515625 0.00625 0.0234375
0 0.4171875 0.4359375 0.00546875 0.02265625
0 0.42578125 0.4125 0.02109375 0.0234375
0 0.4125 0.4359375 0.00546875 0.02109375
0 0.40703125 0.43671875 0.00546875 0.0203125
0 0.40234375 0.43671875 0.00390625 0.0203125
0 0.39765625 0.43671875 0.00390625 0.0203125
0 0.4125 0.4140625 0.00546875 0.02265625
0 0.40703125 0.41484375 0.00546875 0.02109375
0 0.40234375 0.415625 0.00390625 0.02109375
3 0.6390625 0.55234375 0.0328125 0.01484375
3 0.94921875 0.4375 0.05625 0.0140625
3 0.890625 0.43828125 0.06171875 0.0125
3 0.6140625 0.49921875 0.0296875 0.0109375
3 0.63984375 0.5015625 0.0328125 0.01171875
3 0.665625 0.50546875 0.0359375 0.0125
3 0.69453125 0.4421875 0.02734375 0.00859375
3 0.72734375 0.4421875 0.03828125 0.00859375
3 0.77109375 0.4421875 0.046875 0.009375
3 0.78515625 0.5875 0.0125 0.0203125
3 0.65625 0.55546875 0.01953125 0.0140625
3 0.64765625 0.44296875 0.0078125 0.0078125
0 0.89375 0.52734375 0.04453125 0.03515625
0 0.57890625 0.48828125 0.015625 0.0171875
3 0.8078125 0.59453125 0.01796875 0.02109375
3 0.93984375 0.628125 0.05234375 0.0375
3 0.834375 0.528125 0.0578125 0.01796875
0 0.77578125 0.5125 0.02421875 0.02890625
0 0.75546875 0.5109375 0.015625 0.02578125
0 0.740625 0.5078125 0.01484375 0.0265625
0 0.76015625 0.48515625 0.02421875 0.02578125
0 0.725 0.4828125 0.02265625 0.02421875
0 0.72421875 0.49921875 0.02109375 0.00859375
0 0.7078125 0.4984375 0.0125 0.009375
0 0.69375 0.50234375 0.0125 0.0234375
0 0.7109375 0.48203125 0.01953125 0.0234375
0 0.58203125 0.42109375 0.01484375 0.0171875
0 0.5703125 0.421875 0.00625 0.015625
0 0.56328125 0.42265625 0.0078125 0.015625
0 0.5578125 0.42265625 0.00625 0.015625
0 0.59765625 0.384375 0.0171875 0.0171875
0 0.5859375 0.3859375 0.0078125 0.01796875
0 0.578125 0.38671875 0.0078125 0.01796875
0 0.57109375 0.3875 0.00625 0.015625
0 0.5640625 0.3890625 0.00625 0.015625
0 0.5578125 0.38984375 0.00625 0.015625
0 0.55078125 0.39140625 0.00625 0.01484375
0 0.678125 0.38046875 0.0203125 0.02265625
0 0.6625 0.38046875 0.01171875 0.02109375
0 0.6421875 0.384375 0.00625 0.0203125
0 0.65078125 0.38359375 0.0109375 0.0203125
0 0.65234375 0.3625 0.0125 0.02109375
0 0.64296875 0.3640625 0.0078125 0.0203125
0 0.62890625 0.3671875 0.00390625 0.01953125
0 0.62265625 0.36796875 0.00859375 0.01953125
0 0.62890625 0.3859375 0.00390625 0.01953125
0 0.62265625 0.3875 0.00859375 0.01953125
0 0.6125 0.38828125 0.00859375 0.01953125
3 0.5640625 0.9875 0.03046875 0.0234375