3 0.4546875 0.640625 0.05546875 0.05703125
3 0.94375 0.54765625 0.1109375 0.0734375
3 0.8640625 0.53359375 0.1140625 0.06875
3 0.2921875 0.51953125 0.0546875 0.03984375
3 0.40703125 0.55546875 0.05859375 0.04921875
3 0.45234375 0.5640625 0.05859375 0.0515625
3 0.49609375 0.57890625 0.05 0.06015625
3 0.55859375 0.48125 0.05546875 0.0515625
3 0.6109375 0.490625 0.06328125 0.0515625
3 0.68125 0.50546875 0.07109375 0.05
3 0.66875 0.715625 0.06171875 0.0796875
3 0.4953125 0.65546875 0.05078125 0.06171875
3 0.30390625 0.5890625 0.05546875 0.0453125
3 0.396875 0.45546875 0.06015625 0.04296875
3 0.434375 0.46171875 0.05859375 0.04453125
3 0.5578125 0.67890625 0.05546875 0.06875
0 0.84765625 0.65859375 0.05859375 0.08203125
0 0.33359375 0.52421875 0.03359375 0.046875
3 0.7484375 0.74296875 0.0734375 0.0859375
3 0.82109375 0.7703125 0.08203125 0.08515625
3 0.8984375 0.79453125 0.096875 0.0984375
3 0.7640625 0.64375 0.07890625 0.0734375
0 0.6796875 0.61171875 0.0296875 0.06796875
0 0.65390625 0.6046875 0.028125 0.06640625
0 0.628125 0.59765625 0.0265625 0.065625
0 0.65703125 0.56796875 0.02890625 0.06640625
0 0.59921875 0.5546875 0.02734375 0.06328125
0 0.596875 0.59375 0.0265625 0.05546875
0 0.5734375 0.59453125 0.0234375 0.03984375
0 0.55234375 0.57890625 0.02265625 0.0609375
0 0.5765625 0.54921875 0.02734375 0.06015625
0 0.3609375 0.4359375 0.034375 0.04609375
0 0.34375 0.43359375 0.03203125 0.04453125
0 0.32109375 0.4359375 0.01796875 0.034375
0 0.3265625 0.39921875 0.03671875 0.04296875
0 0.30546875 0.4328125 0.01796875 0.034375
0 0.290625 0.43046875 0.01796875 0.03359375
0 0.2765625 0.428125 0.0171875 0.03359375
0 0.2625 0.42265625 0.01640625 0.03828125
0 0.31015625 0.396875 0.03359375 0.04140625
0 0.2953125 0.39453125 0.03359375 0.040625
0 0.28046875 0.39296875 0.03203125 0.040625
0 0.3546875 0.33203125 0.03671875 0.04140625
0 0.33671875 0.33046875 0.034375 0.040625
0 0.3203125 0.3296875 0.03515625 0.040625
0 0.30390625 0.328125 0.034375 0.03984375
0 0.2875 0.3265625 0.0328125 0.0390625
0 0.27265625 0.32578125 0.03203125 0.0390625
0 0.259375 0.32421875 0.0328125 0.03828125
0 0.5171875 0.36015625 0.03046875 0.05
0 0.49453125 0.35859375 0.03125 0.04921875
0 0.44765625 0.3578125 0.02109375 0.04140625
0 0.46875 0.359375 0.02109375 0.04140625
0 0.4734375 0.31640625 0.0328125 0.04609375
0 0.4515625 0.315625 0.0328125 0.04453125
0 0.43203125 0.31484375 0.03359375 0.04453125
0 0.4109375 0.31328125 0.03125 0.04375
0 0.42734375 0.35625 0.02109375 0.03984375
0 0.4078125 0.35390625 0.0203125 0.03984375
0 0.3890625 0.35 0.01953125 0.04453125