2 0.23828125 0.4875 0.07265625 0.1625
3 0.021875 0.88046875 0.04375 0.12421875
3 0.03203125 0.5390625 0.0640625 0.0625
3 0.00390625 0.671875 0.0078125 0.04375
3 0.059375 0.62265625 0.0578125 0.0734375
0 0.0015625 0.45078125 0.003125 0.01484375
0 0.0046875 0.43046875 0.009375 0.04140625
0 0.0078125 0.41640625 0.015625 0.04609375
0 0.0125 0.40625 0.01953125 0.046875
0 0.00234375 0.3890625 0.00390625 0.01796875
3 0.471875 0.5671875 0.05234375 0.059375
3 0.9953125 0.834375 0.009375 0.0375
3 0.90859375 0.72890625 0.1828125 0.2234375
3 0.54296875 0.45078125 0.07578125 0.0640625
3 0.58671875 0.4828125 0.0859375 0.07890625
3 0.64609375 0.534375 0.0921875 0.09609375
3 0.39609375 0.4671875 0.0375 0.03515625
3 0.4375 0.3765625 0.05546875 0.03828125
3 0.45703125 0.3921875 0.0609375 0.04375
3 0.53828125 0.6578125 0.065625 0.08828125
0 0.95703125 0.95859375 0.0859375 0.0796875
0 0.42890625 0.44140625 0.0140625 0.0125
0 0.41953125 0.4390625 0.0140625 0.015625
0 0.42109375 0.4265625 0.0140625 0.01484375
0 0.4078125 0.421875 0.0125 0.0140625
0 0.4171875 0.42578125 0.0125 0.0125
3 0.7125 0.88984375 0.10859375 0.1796875
3 0.59609375 0.74140625 0.07890625 0.1
3 0.77109375 0.94609375 0.06484375 0.10546875
3 0.49609375 0.52734375 0.0625 0.0625
0 0.82890625 0.8515625 0.08203125 0.15390625
0 0.78046875 0.82421875 0.07265625 0.09453125
0 0.7375 0.7609375 0.059375 0.12421875
0 0.7921875 0.76328125 0.07109375 0.1203125
0 0.57265625 0.5515625 0.0421875 0.0671875
0 0.57109375 0.5953125 0.0421875 0.05859375
0 0.54140625 0.5765625 0.0171875 0.053125
0 0.52578125 0.55390625 0.0171875 0.06171875
0 0.54921875 0.5359375 0.03046875 0.0625
0 0.5109375 0.3078125 0.04140625 0.05546875
0 0.4953125 0.3015625 0.0390625 0.05234375
0 0.4578125 0.29296875 0.0125 0.04375
0 0.46953125 0.2984375 0.0125 0.04609375
0 0.48046875 0.25546875 0.03828125 0.04921875
0 0.46640625 0.2515625 0.03515625 0.04609375
0 0.45546875 0.24921875 0.03515625 0.04453125
0 0.44453125 0.24609375 0.0328125 0.0421875
0 0.4453125 0.2890625 0.01171875 0.04140625
0 0.43515625 0.284375 0.0109375 0.0390625
0 0.425 0.2796875 0.01171875 0.040625
0 0.4140625 0.25703125 0.0296875 0.0375
0 0.40546875 0.2546875 0.02734375 0.0375
0 0.3984375 0.2515625 0.02890625 0.03515625
0 0.390625 0.25 0.0234375 0.034375
0 0.384375 0.24765625 0.0265625 0.0328125
0 0.378125 0.24453125 0.02421875 0.03203125
0 0.371875 0.24296875 0.02265625 0.03046875
0 0.4203125 0.35 0.0296875 0.0359375
0 0.4109375 0.34609375 0.0265625 0.03828125
0 0.39453125 0.34375 0.00859375 0.03203125
0 0.40234375 0.3140625 0.02890625 0.0359375
0 0.3875 0.33828125 0.0078125 0.0296875
0 0.38125 0.334375 0.0078125 0.0296875
0 0.37578125 0.32890625 0.0078125 0.02890625
0 0.3703125 0.32421875 0.00625 0.0296875
0 0.39453125 0.309375 0.02578125 0.034375
0 0.38828125 0.30546875 0.02578125 0.034375
0 0.3828125 0.3015625 0.02421875 0.0328125
3 0.64921875 0.44296875 0.034375 0.0265625
3 0.96953125 0.4078125 0.0609375 0.046875
3 0.56796875 0.3390625 0.0171875 0.00625
3 0.6640625 0.3796875 0.02734375 0.0109375
3 0.69453125 0.3921875 0.0265625 0.0109375
3 0.73125 0.34140625 0.0375 0.02578125
3 0.77578125 0.3515625 0.0578125 0.03046875
3 0.825 0.36796875 0.0609375 0.034375
3 0.79765625 0.52734375 0.05390625 0.04609375
3 0.67890625 0.459375 0.040625 0.03046875
3 0.56171875 0.3921875 0.0296875 0.0203125
3 0.63046875 0.31015625 0.03828125 0.0203125
3 0.65390625 0.3171875 0.0390625 0.02265625
3 0.71875 0.484375 0.04609375 0.0265625
0 0.9609375 0.49765625 0.05625 0.03203125
0 0.5859375 0.34453125 0.01796875 0.0125
3 0.859375 0.5625 0.0625 0.053125
3 0.91953125 0.59609375 0.0703125 0.0609375
3 0.97421875 0.6296875 0.05078125 0.0578125
3 0.8890625 0.4734375 0.0578125 0.0234375
0 0.81953125 0.4375 0.02734375 0.0234375
0 0.79921875 0.4328125 0.02734375 0.0125
0 0.77734375 0.42109375 0.02109375 0.01953125
0 0.80234375 0.41328125 0.0328125 0.04140625
0 0.7625 0.396875 0.0234375 0.03828125
0 0.7609375 0.415625 0.01953125 0.0125
0 0.734375 0.4078125 0.009375 0.00625
0 0.72734375 0.39921875 0.00625 0.01484375
0 0.74375 0.3890625 0.02734375 0.034375
0 0.609375 0.29609375 0.0203125 0.0265625
0 0.59921875 0.29453125 0.0203125 0.02421875
0 0.5859375 0.29296875 0.009375 0.02265625
0 0.59140625 0.27109375 0.01953125 0.0234375
0 0.5765625 0.290625 0.00859375 0.02109375
0 0.56953125 0.2875 0.00859375 0.0203125
0 0.5609375 0.2859375 0.00859375 0.02109375
0 0.55390625 0.2828125 0.0078125 0.02265625
0 0.5828125 0.26953125 0.01796875 0.0234375
0 0.57421875 0.2671875 0.0171875 0.0234375
0 0.565625 0.265625 0.015625 0.0234375
0 0.61484375 0.23046875 0.02109375 0.02421875
0 0.60234375 0.22890625 0.0171875 0.0234375
0 0.59375 0.22734375 0.0171875 0.0234375
0 0.584375 0.2265625 0.015625 0.0234375
0 0.575 0.225 0.015625 0.02265625
0 0.56640625 0.22421875 0.0140625 0.02265625
0 0.559375 0.22421875 0.0140625 0.02265625
0 0.7171875 0.2546875 0.02734375 0.03046875
0 0.7015625 0.25234375 0.0265625 0.0296875
0 0.6703125 0.24921875 0.01484375 0.0265625
0 0.68359375 0.25078125 0.015625 0.02734375
0 0.690625 0.22421875 0.0265625 0.02890625
0 0.67578125 0.22265625 0.02265625 0.02734375
0 0.6625 0.22109375 0.02109375 0.02734375
0 0.65078125 0.21953125 0.0203125 0.0265625
0 0.65703125 0.24765625 0.0140625 0.0265625
0 0.64609375 0.2453125 0.0125 0.0265625
0 0.634375 0.24296875 0.0125 0.0265625