3 0.38828125 0.77578125 0.07421875 0.08046875
3 0.721875 0.48671875 0.0578125 0.015625
3 0.69140625 0.48828125 0.06171875 0.01640625
3 0.028125 0.72734375 0.05625 0.0734375
3 0.30859375 0.6734375 0.08671875 0.06796875
3 0.38828125 0.65390625 0.07578125 0.05703125
3 0.45546875 0.64140625 0.06640625 0.0546875
3 0.5140625 0.5 0.06484375 0.02421875
3 0.5578125 0.49765625 0.06796875 0.02109375
3 0.60625 0.49609375 0.0609375 0.01953125
3 0.61015625 0.70078125 0.06484375 0.05
3 0.45078125 0.75390625 0.071875 0.0703125
3 0.034375 0.89296875 0.06875 0.1078125
3 0.2953125 0.51328125 0.075 0.034375
3 0.36640625 0.509375 0.06640625 0.03125
3 0.521875 0.73203125 0.06953125 0.06171875
0 0.696875 0.57890625 0.03515625 0.03828125
0 0.11953125 0.6921875 0.09296875 0.084375
3 0.65625 0.6890625 0.06328125 0.03671875
3 0.6984375 0.67890625 0.04140625 0.03125
3 0.72734375 0.66875 0.040625 0.028125
3 0.65703125 0.596875 0.0578125 0.02578125
0 0.61953125 0.59453125 0.01640625 0.0453125
0 0.59375 0.59921875 0.03359375 0.04609375
0 0.58125 0.60078125 0.02421875 0.05
0 0.59375 0.5609375 0.03515625 0.0453125
0 0.55234375 0.56640625 0.03359375 0.0484375
0 0.56015625 0.61015625 0.01875 0.04296875
0 0.53984375 0.6140625 0.01953125 0.04375
0 0.5140625 0.61328125 0.03046875 0.05625
0 0.5328125 0.56953125 0.03515625 0.05
0 0.2109375 0.5 0.05234375 0.06328125
0 0.1671875 0.5015625 0.05859375 0.065625
0 0.11328125 0.5046875 0.0515625 0.06640625
0 0.1203125 0.43828125 0.07109375 0.06640625
0 0.0609375 0.50625 0.05546875 0.06875
0 0.01796875 0.5078125 0.03515625 0.07109375
0 0.05859375 0.43671875 0.05703125 0.06875
0 0.01640625 0.43671875 0.03203125 0.07109375
0 0.20859375 0.31328125 0.053125 0.065625
0 0.15859375 0.30625 0.04921875 0.06875
0 0.11015625 0.30078125 0.05234375 0.07109375
0 0.05703125 0.29296875 0.05703125 0.075
0 0.015625 0.28828125 0.03046875 0.07421875
0 0.47578125 0.36796875 0.02421875 0.0484375
0 0.45 0.3640625 0.02578125 0.04921875
0 0.39453125 0.35859375 0.0296875 0.053125
0 0.4234375 0.36171875 0.02734375 0.05
0 0.4234375 0.31328125 0.02734375 0.05390625
0 0.39453125 0.30859375 0.03046875 0.05546875
0 0.36328125 0.303125 0.03125 0.05625
0 0.33125 0.2984375 0.03359375 0.059375
0 0.3640625 0.35546875 0.03125 0.05390625
0 0.33203125 0.3515625 0.03359375 0.05546875
0 0.29765625 0.3484375 0.03671875 0.059375
3 0.90703125 0.67734375 0.07734375 0.05078125