2 0.2 0.52890625 0.0828125 0.1765625
3 0.00078125 0.6640625 0.0015625 0.021875
3 0.4640625 0.59140625 0.05546875 0.05546875
3 0.93515625 0.57578125 0.1296875 0.12421875
3 0.54609375 0.43671875 0.07578125 0.04765625
3 0.59609375 0.45546875 0.08828125 0.0578125
3 0.6671875 0.484375 0.09765625 0.06796875
3 0.37265625 0.5109375 0.04140625 0.034375
3 0.42421875 0.39453125 0.05859375 0.0296875
3 0.44765625 0.40390625 0.06171875 0.0328125
3 0.54296875 0.66484375 0.07109375 0.08046875
0 0.9953125 0.85859375 0.009375 0.0640625
0 0.41328125 0.47265625 0.0140625 0.01484375
0 0.40234375 0.46953125 0.01484375 0.0140625
0 0.40234375 0.46015625 0.0140625 0.0140625
0 0.3875 0.4578125 0.0125 0.0125
0 0.3953125 0.459375 0.0078125 0.0125
3 0.75390625 0.85546875 0.1125 0.16796875
3 0.61328125 0.73359375 0.084375 0.09453125
3 0.8671875 0.92265625 0.140625 0.153125
3 0.95546875 0.97265625 0.03828125 0.053125
3 0.49296875 0.534375 0.06484375 0.05546875
0 0.88203125 0.7625 0.07421875 0.14375
0 0.82421875 0.7421875 0.0625 0.09921875
0 0.778125 0.696875 0.0609375 0.1171875
0 0.8375 0.66640625 0.06953125 0.1265625
0 0.58203125 0.5296875 0.04453125 0.0703125
0 0.58046875 0.57890625 0.0421875 0.06171875
0 0.54921875 0.5671875 0.0203125 0.053125
0 0.53046875 0.5484375 0.01953125 0.0625
0 0.5609375 0.51875 0.04140625 0.0671875
0 0.509375 0.2984375 0.040625 0.04765625
0 0.48046875 0.29765625 0.0171875 0.04453125
0 0.45078125 0.29609375 0.0140625 0.04140625
0 0.46484375 0.29765625 0.01484375 0.0421875
0 0.4765625 0.25390625 0.03828125 0.04375
0 0.45078125 0.2546875 0.0140625 0.04140625
0 0.4359375 0.25546875 0.0125 0.040625
0 0.42421875 0.25546875 0.0125 0.03828125
0 0.4375 0.2953125 0.0125 0.0390625
0 0.42578125 0.29453125 0.0125 0.03828125
0 0.41328125 0.29453125 0.01171875 0.0359375
0 0.4 0.27890625 0.03203125 0.034375
0 0.3796875 0.27890625 0.0109375 0.034375
0 0.37109375 0.27890625 0.0109375 0.03203125
0 0.36328125 0.278125 0.009375 0.03046875
0 0.35546875 0.278125 0.00859375 0.03046875
0 0.34921875 0.278125 0.00859375 0.02890625
0 0.34140625 0.278125 0.00859375 0.02890625
0 0.40390625 0.37578125 0.03046875 0.0359375
0 0.39375 0.37421875 0.02734375 0.03515625
0 0.37578125 0.37265625 0.009375 0.03203125
0 0.3828125 0.340625 0.02578125 0.0328125
0 0.36796875 0.3703125 0.00859375 0.0296875
0 0.3609375 0.3671875 0.00859375 0.0296875
0 0.35390625 0.3640625 0.00859375 0.02890625
0 0.34765625 0.3625 0.0078125 0.02890625
0 0.375 0.3390625 0.0265625 0.03203125
0 0.3671875 0.3375 0.0265625 0.03046875
0 0.36015625 0.3359375 0.02421875 0.0296875
3 0.53515625 0.39375 0.0296875 0.0125
3 0.60234375 0.41328125 0.0359375 0.0203125
3 0.6296875 0.42109375 0.03828125 0.0203125
3 0.659375 0.4296875 0.03828125 0.0234375
3 0.69921875 0.371875 0.03203125 0.00546875
3 0.7859375 0.3859375 0.04609375 0.0078125
3 0.59609375 0.35546875 0.02109375 0.00390625
3 0.62109375 0.359375 0.0265625 0.00546875
0 0.9140625 0.4890625 0.05 0.04609375
0 0.5578125 0.3953125 0.01796875 0.02265625
3 0.84609375 0.4796875 0.05859375 0.0359375
0 0.784375 0.45390625 0.02578125 0.0375
0 0.765625 0.45078125 0.02578125 0.03203125
0 0.74609375 0.4453125 0.0203125 0.03515625
0 0.76875 0.42265625 0.0265625 0.03515625
0 0.72265625 0.4125 0.01171875 0.03203125
0 0.71953125 0.440625 0.01171875 0.0265625
0 0.7078125 0.4375 0.015625 0.02734375
0 0.69296875 0.43046875 0.015625 0.03046875
0 0.7125 0.41015625 0.0234375 0.03046875
0 0.5625 0.315625 0.0171875 0.01484375
0 0.55234375 0.3140625 0.0125 0.0140625
0 0.546875 0.3140625 0.0125 0.0125
0 0.5359375 0.3125 0.0125 0.0125
0 0.584375 0.27734375 0.01953125 0.02109375
0 0.56953125 0.278125 0.009375 0.0203125
0 0.56015625 0.278125 0.009375 0.0203125
0 0.55078125 0.27734375 0.00859375 0.0203125
0 0.54375 0.27734375 0.00625 0.0203125
0 0.5328125 0.27734375 0.003125 0.0203125
0 0.52578125 0.271875 0.0078125 0.0078125
0 0.68203125 0.28828125 0.0234375 0.02578125
0 0.6640625 0.28828125 0.01484375 0.02578125
0 0.63828125 0.2875 0.0125 0.0234375
0 0.65078125 0.2875 0.0140625 0.02421875
0 0.65546875 0.2625 0.02265625 0.0234375
0 0.63984375 0.2625 0.0140625 0.0234375
0 0.6265625 0.2640625 0.0125 0.0234375
0 0.615625 0.2640625 0.01171875 0.02265625
0 0.62578125 0.2875 0.0125 0.0234375
0 0.6140625 0.2875 0.01171875 0.02265625
0 0.60390625 0.2875 0.01171875 0.02265625