2 0.15546875 0.57578125 0.103125 0.19921875
3 0.45234375 0.60625 0.05625 0.04453125
3 0.95390625 0.46953125 0.0890625 0.04765625
3 0.87109375 0.4625 0.12578125 0.04609375
3 0.54296875 0.434375 0.0625 0.0265625
3 0.59140625 0.4390625 0.0703125 0.0296875
3 0.6578125 0.44609375 0.07265625 0.03046875
3 0.3359375 0.5578125 0.04609375 0.03046875
3 0.4078125 0.421875 0.05546875 0.0203125
3 0.43671875 0.42421875 0.05859375 0.02265625
3 0.54453125 0.64765625 0.0625 0.05859375
0 0.94609375 0.64453125 0.08515625 0.09765625
0 0.3890625 0.5046875 0.0140625 0.01171875
0 0.3765625 0.50390625 0.0125 0.0125
0 0.375 0.49765625 0.0140625 0.015625
0 0.35546875 0.49765625 0.0140625 0.01171875
0 0.36875 0.49765625 0.0140625 0.0125
3 0.74453125 0.7296875 0.0828125 0.09140625
3 0.615625 0.6765625 0.06953125 0.0703125
3 0.8359375 0.765625 0.10546875 0.10859375
3 0.9375 0.809375 0.12421875 0.12578125
3 0.4890625 0.5375 0.059375 0.040625
0 0.8328125 0.61171875 0.046875 0.08046875
0 0.7921875 0.6015625 0.0421875 0.07734375
0 0.75625 0.59140625 0.03828125 0.07421875
0 0.79609375 0.55078125 0.046875 0.07421875
0 0.58125 0.50859375 0.0328125 0.053125
0 0.58046875 0.55 0.0328125 0.05078125
0 0.55390625 0.5484375 0.02109375 0.04375
0 0.534375 0.5375 0.01953125 0.05078125
0 0.56015625 0.50390625 0.0328125 0.05078125
0 0.50546875 0.315625 0.034375 0.040625
0 0.47890625 0.3171875 0.01796875 0.040625
0 0.4453125 0.32109375 0.015625 0.0375
0 0.46171875 0.31953125 0.0171875 0.03828125
0 0.46953125 0.28046875 0.034375 0.04140625
0 0.4453125 0.2828125 0.015625 0.03828125
0 0.42890625 0.2859375 0.01484375 0.0375
0 0.4140625 0.2875 0.01484375 0.0375
0 0.4296875 0.32265625 0.01484375 0.0359375
0 0.41484375 0.32265625 0.01484375 0.03515625
0 0.40078125 0.32421875 0.0140625 0.03515625
0 0.37890625 0.3125 0.03046875 0.034375
0 0.35859375 0.3140625 0.0125 0.03203125
0 0.346875 0.31484375 0.0125 0.03203125
0 0.3359375 0.315625 0.01171875 0.0296875
0 0.325 0.31796875 0.01171875 0.0296875
0 0.31484375 0.31875 0.0109375 0.02890625
0 0.30625 0.31953125 0.0109375 0.02890625
0 0.38203125 0.409375 0.0296875 0.0328125
0 0.36640625 0.4078125 0.02421875 0.03203125
0 0.34921875 0.4078125 0.01171875 0.0296875
0 0.3578125 0.37734375 0.03046875 0.0296875
0 0.3390625 0.40703125 0.01171875 0.02890625
0 0.32890625 0.40546875 0.0109375 0.02734375
0 0.31953125 0.40546875 0.0109375 0.0265625
0 0.309375 0.40390625 0.0109375 0.02734375
0 0.3375 0.37734375 0.01171875 0.02890625
0 0.32734375 0.37734375 0.01171875 0.02734375
0 0.31796875 0.37734375 0.0109375 0.0265625
3 0.8390625 0.40859375 0.053125 0.01484375
3 0.79296875 0.40625 0.04609375 0.01484375
3 0.63359375 0.4015625 0.03046875 0.01171875
3 0.66171875 0.40234375 0.0359375 0.01171875
3 0.69453125 0.40390625 0.02890625 0.0125
3 0.69453125 0.5296875 0.03515625 0.02109375
3 0.603125 0.5109375 0.0125 0.015625
3 0.48203125 0.4875 0.02734375 0.01484375
3 0.54296875 0.39765625 0.0265625 0.009375
3 0.565625 0.3984375 0.0296875 0.009375
3 0.63203125 0.5171875 0.034375 0.0203125
3 0.7390625 0.5390625 0.03828125 0.0265625
3 0.765625 0.54453125 0.01484375 0.02109375
3 0.8328125 0.5609375 0.03046875 0.01953125
0 0.68671875 0.440625 0.015625 0.02265625
0 0.65546875 0.4375 0.01484375 0.01953125
0 0.6421875 0.43671875 0.01484375 0.0203125
0 0.52421875 0.390625 0.01484375 0.01796875
0 0.51484375 0.390625 0.00625 0.01796875
0 0.5015625 0.390625 0.00546875 0.0171875
0 0.50625 0.37265625 0.01484375 0.01796875
0 0.49453125 0.390625 0.00859375 0.0171875
0 0.4859375 0.38984375 0.00859375 0.015625
0 0.478125 0.38984375 0.0078125 0.015625
0 0.47109375 0.3890625 0.0078125 0.015625
0 0.49453125 0.37265625 0.00859375 0.01796875
0 0.4859375 0.37265625 0.00859375 0.0171875
0 0.47734375 0.37265625 0.00859375 0.0171875
0 0.52734375 0.33046875 0.0109375 0.009375
0 0.6125 0.3390625 0.015625 0.0203125
0 0.5984375 0.3390625 0.01171875 0.02109375
0 0.57578125 0.340625 0.0109375 0.01953125
0 0.5859375 0.33984375 0.0109375 0.0203125
0 0.58984375 0.31953125 0.015625 0.0203125
0 0.57578125 0.31953125 0.0109375 0.0203125
0 0.56484375 0.32109375 0.0109375 0.0203125
0 0.55390625 0.32109375 0.0109375 0.0203125
0 0.55390625 0.340625 0.0109375 0.0203125
0 0.54453125 0.340625 0.009375 0.0203125
3 0.9578125 0.60234375 0.084375 0.04453125