0 0.0015625 0.353125 0.003125 0.03125
3 0.4875 0.746875 0.06328125 0.0296875
3 0.9515625 0.3734375 0.09609375 0.0734375
3 0.3765625 0.65 0.03359375 0.0109375
3 0.4453125 0.646875 0.04453125 0.01484375
3 0.48671875 0.64609375 0.06015625 0.01640625
3 0.52421875 0.64453125 0.06796875 0.01875
3 0.5640625 0.50546875 0.04609375 0.03125
3 0.621875 0.4890625 0.06953125 0.03671875
3 0.70078125 0.46328125 0.09140625 0.04609375
3 0.73515625 0.80703125 0.11171875 0.06640625
3 0.5265625 0.75625 0.06953125 0.034375
3 0.3796875 0.721875 0.0453125 0.01875
3 0.446875 0.54609375 0.04765625 0.02109375
3 0.4734375 0.53671875 0.05390625 0.02421875
3 0.58828125 0.771875 0.08359375 0.04375
0 0.9875 0.60390625 0.02421875 0.08671875
0 0.40390625 0.640625 0.02421875 0.02890625
3 0.8921875 0.84375 0.1609375 0.0953125
3 0.978125 0.8609375 0.0421875 0.078125
3 0.87265625 0.634375 0.14375 0.03125
0 0.7265625 0.61953125 0.05234375 0.06171875
0 0.68515625 0.621875 0.03671875 0.05859375
0 0.653125 0.62421875 0.03203125 0.05546875
0 0.68828125 0.565625 0.0484375 0.059375
0 0.621875 0.5765625 0.04296875 0.0515625
0 0.6203125 0.6265625 0.0375 0.05078125
0 0.590625 0.628125 0.02421875 0.04921875
0 0.56796875 0.6296875 0.021875 0.04609375
0 0.5890625 0.58046875 0.0234375 0.05
0 0.428125 0.54609375 0.02734375 0.02890625
0 0.41015625 0.54921875 0.009375 0.0296875
0 0.40078125 0.553125 0.00859375 0.028125
0 0.4109375 0.52578125 0.02734375 0.0296875
0 0.3921875 0.55546875 0.00859375 0.0265625
0 0.384375 0.55859375 0.00859375 0.02578125
0 0.3765625 0.5609375 0.0078125 0.025
0 0.36953125 0.56328125 0.00703125 0.025
0 0.39375 0.5296875 0.00859375 0.0296875
0 0.38515625 0.53359375 0.00859375 0.028125
0 0.378125 0.53671875 0.0078125 0.0265625
0 0.42890625 0.4578125 0.02265625 0.02890625
0 0.41328125 0.4640625 0.009375 0.028125
0 0.4046875 0.46875 0.00859375 0.0265625
0 0.39609375 0.47421875 0.00859375 0.02578125
0 0.38828125 0.47890625 0.0078125 0.025
0 0.38046875 0.48359375 0.00703125 0.02421875
0 0.3734375 0.4875 0.00703125 0.0234375
0 0.5375 0.4125 0.03515625 0.046875
0 0.5125 0.41640625 0.015625 0.0390625
0 0.4828125 0.43359375 0.01328125 0.03515625
0 0.496875 0.42578125 0.0140625 0.0359375
0 0.50625 0.39453125 0.03203125 0.040625
0 0.4828125 0.40390625 0.01328125 0.0390625
0 0.4703125 0.4125 0.0125 0.03828125
0 0.45859375 0.41953125 0.01171875 0.0359375
0 0.46953125 0.44140625 0.0125 0.03359375
0 0.4578125 0.4484375 0.01171875 0.03203125
0 0.446875 0.4546875 0.0109375 0.03125