2 0.3109375 0.5375 0.0421875 0.10234375
3 0.18203125 0.634375 0.01484375 0.0265625
3 0.1375 0.09453125 0.0296875 0.18828125
3 0.15859375 0.21015625 0.01484375 0.14140625
3 0.1859375 0.53046875 0.01796875 0.0109375
3 0.18125 0.5375 0.01171875 0.01484375
3 0.18125 0.540625 0.01171875 0.01796875
3 0.1921875 0.4015625 0.0125 0.0328125
3 0.18515625 0.384375 0.0125 0.0421875
3 0.1859375 0.5984375 0.01796875 0.01796875
3 0.18984375 0.42734375 0.00078125 0.01796875
3 0.16484375 0.6734375 0.0296875 0.040625
0 0.0328125 0.58046875 0.06484375 0.2125
0 0.12421875 0.553125 0.03046875 0.12578125
0 0.14296875 0.54765625 0.0078125 0.103125
0 0.15 0.54453125 0.00625 0.0921875
0 0.07734375 0.43359375 0.13828125 0.1265625
0 0.15546875 0.4765625 0.01796875 0.05546875
0 0.15859375 0.5328125 0.0125 0.05546875
0 0.175 0.52890625 0.00078125 0.04609375
3 0.12109375 0.9734375 0.0140625 0.05078125
3 0.1328125 0.9109375 0.034375 0.1765625
3 0.16640625 0.7125 0.015625 0.059375
3 0.153125 0.80703125 0.0171875 0.1078125
3 0.4796875 0.590625 0.03828125 0.01484375
3 0.75546875 0.390625 0.08203125 0.0390625
3 0.68984375 0.40703125 0.0671875 0.0328125
3 0.51953125 0.44765625 0.0328125 0.01484375
3 0.5421875 0.44140625 0.03046875 0.0171875
3 0.584375 0.434375 0.053125 0.0203125
3 0.41953125 0.57421875 0.0296875 0.01171875
3 0.44765625 0.4609375 0.015625 0.01171875
3 0.471875 0.45859375 0.0390625 0.0125
3 0.5375 0.60078125 0.02734375 0.01171875
0 0.75 0.53046875 0.059375 0.04765625
0 0.44765625 0.52890625 0.00625 0.00546875
0 0.440625 0.528125 0.009375 0.00546875
0 0.4421875 0.52265625 0.009375 0.00546875
0 0.4296875 0.528125 0.00625 0.00546875
0 0.43515625 0.52734375 0.00234375 0.00546875
3 0.63671875 0.6375 0.0625 0.0328125
3 0.5671875 0.6171875 0.053125 0.02421875
3 0.6921875 0.653125 0.07890625 0.040625
3 0.75234375 0.67109375 0.0796875 0.05234375
3 0.49375 0.53046875 0.0359375 0.01171875
0 0.684375 0.528125 0.03828125 0.04140625
0 0.65390625 0.52734375 0.02109375 0.0390625
0 0.634375 0.52734375 0.01953125 0.0375
0 0.6625 0.4875 0.0375 0.040625
0 0.546875 0.49453125 0.02734375 0.0296875
0 0.54609375 0.52421875 0.0265625 0.0296875
0 0.52734375 0.52421875 0.0109375 0.02734375
0 0.51640625 0.52421875 0.009375 0.0265625
0 0.5265625 0.49609375 0.0109375 0.02734375
0 0.50625 0.37578125 0.0234375 0.0265625
0 0.48984375 0.3796875 0.0078125 0.02578125
0 0.47421875 0.3875 0.0078125 0.0234375
0 0.48125 0.38359375 0.0078125 0.02421875
0 0.48828125 0.3609375 0.02109375 0.02734375
0 0.47421875 0.36484375 0.0078125 0.02578125
0 0.46640625 0.36875 0.0078125 0.0265625
0 0.459375 0.37265625 0.00625 0.02421875
0 0.46640625 0.390625 0.0078125 0.0234375
0 0.459375 0.39453125 0.00625 0.02265625
0 0.45234375 0.396875 0.00546875 0.02109375
0 0.44453125 0.3953125 0.015625 0.0203125
0 0.4328125 0.3984375 0.00390625 0.0203125
0 0.42734375 0.40078125 0.00390625 0.0203125
0 0.42265625 0.40390625 0.00546875 0.01796875
0 0.41796875 0.40546875 0.00390625 0.01796875
0 0.4125 0.40859375 0.00390625 0.01953125
0 0.40859375 0.4109375 0.00390625 0.0171875
0 0.44609375 0.459375 0.01953125 0.0203125
0 0.4328125 0.459375 0.00546875 0.01953125
0 0.42734375 0.4609375 0.00546875 0.01796875
0 0.4328125 0.4421875 0.01484375 0.0203125
0 0.42265625 0.4625 0.00390625 0.01796875
0 0.4171875 0.46328125 0.00390625 0.01796875
0 0.4125 0.4640625 0.00390625 0.01796875
0 0.4078125 0.465625 0.003125 0.0171875
0 0.42265625 0.44453125 0.00390625 0.0203125
0 0.4171875 0.4453125 0.00390625 0.01796875
0 0.4125 0.44765625 0.00390625 0.01796875
3 0.62109375 0.56953125 0.03046875 0.009375
3 0.8609375 0.44765625 0.053125 0.01796875
3 0.81484375 0.45234375 0.04921875 0.015625
3 0.5921875 0.52578125 0.0140625 0.00625
3 0.6140625 0.525 0.01484375 0.00546875
3 0.690625 0.465625 0.0296875 0.00859375
3 0.725 0.4625 0.0375 0.0109375
3 0.72890625 0.584375 0.04140625 0.01484375
3 0.64296875 0.57265625 0.03046875 0.01171875
3 0.55078125 0.5609375 0.0234375 0.00859375
3 0.59765625 0.47578125 0.0265625 0.0078125
3 0.61640625 0.47421875 0.02265625 0.0078125
3 0.67265625 0.5765625 0.03515625 0.0125
0 0.82265625 0.5234375 0.02734375 0.02578125
0 0.5671875 0.51953125 0.0140625 0.0140625
3 0.7734375 0.590625 0.04453125 0.0171875
3 0.8140625 0.59609375 0.04921875 0.0171875
3 0.859375 0.6015625 0.05234375 0.0203125
3 0.7875 0.53046875 0.0203125 0.00859375
0 0.72265625 0.52265625 0.00234375 0.02109375
0 0.71484375 0.52265625 0.0125 0.02109375
0 0.70625 0.521875 0.00390625 0.0203125
0 0.71796875 0.50078125 0.01953125 0.02109375
0 0.68984375 0.49921875 0.01796875 0.01484375
0 0.5828125 0.4734375 0.0140625 0.01484375
0 0.57109375 0.47421875 0.00625 0.01484375
0 0.56484375 0.475 0.00625 0.0140625
0 0.56875 0.4640625 0.0140625 0.00859375
0 0.559375 0.47578125 0.00546875 0.0125
0 0.55234375 0.47421875 0.00546875 0.0109375
0 0.54765625 0.47421875 0.00546875 0.0109375
0 0.54140625 0.475 0.00390625 0.009375
0 0.559375 0.465625 0.00546875 0.00625
0 0.55234375 0.46640625 0.00546875 0.00546875
0 0.54765625 0.46640625 0.00546875 0.00546875
0 0.5828125 0.4234375 0.0140625 0.00859375
0 0.57265625 0.42421875 0.00625 0.00859375
0 0.565625 0.42578125 0.00546875 0.0078125
0 0.559375 0.428125 0.00546875 0.009375
0 0.55390625 0.4296875 0.00546875 0.00859375
0 0.54765625 0.43046875 0.00546875 0.0078125
0 0.5421875 0.43203125 0.00546875 0.00859375
0 0.64921875 0.4171875 0.015625 0.01796875
0 0.6359375 0.41953125 0.00859375 0.01796875
0 0.6171875 0.42421875 0.00546875 0.015625
0 0.62890625 0.42109375 0.00546875 0.0171875
0 0.6328125 0.40390625 0.0125 0.0171875
0 0.6171875 0.40703125 0.00546875 0.01796875
0 0.6109375 0.409375 0.00859375 0.01796875
0 0.60546875 0.4109375 0.00078125 0.015625
0 0.6109375 0.425 0.00859375 0.015625
0 0.60546875 0.4234375 0.00078125 0.00859375
0 0.5953125 0.42265625 0.0078125 0.00546875
3 0.49921875 0.70546875 0.11796875 0.0796875
3 0.95859375 0.6046875 0.0828125 0.028125