3 0.39375 0.83125 0.08828125 0.05625
3 0.9453125 0.521875 0.09921875 0.0265625
3 0.8609375 0.521875 0.11953125 0.0265625
3 0.09296875 0.68671875 0.12421875 0.03125
3 0.32109375 0.68828125 0.09765625 0.034375
3 0.3984375 0.68671875 0.08515625 0.03359375
3 0.47265625 0.68828125 0.06484375 0.0359375
3 0.55546875 0.52421875 0.06171875 0.021875
3 0.62265625 0.52421875 0.07265625 0.02109375
3 0.6984375 0.52421875 0.08046875 0.02109375
3 0.71953125 0.834375 0.10703125 0.05703125
3 0.46875 0.83125 0.07734375 0.05625
3 0.08671875 0.83046875 0.13515625 0.05625
3 0.3109375 0.52265625 0.06796875 0.025
3 0.3796875 0.52265625 0.07734375 0.025
3 0.56953125 0.83359375 0.08359375 0.05859375
0 0.88359375 0.67265625 0.075 0.05859375
0 0.184375 0.67265625 0.0671875 0.05859375
3 0.8140625 0.834375 0.12265625 0.05859375
3 0.90390625 0.84140625 0.1046875 0.0453125
3 0.9625 0.8390625 0.0734375 0.04921875
3 0.8 0.68671875 0.11328125 0.0296875
0 0.71875 0.671875 0.03359375 0.05859375
0 0.68125 0.671875 0.04609375 0.05859375
0 0.6515625 0.671875 0.04296875 0.05859375
0 0.67734375 0.61796875 0.04765625 0.053125
0 0.6140625 0.61796875 0.03046875 0.053125
0 0.61640625 0.6734375 0.03125 0.05546875
0 0.5859375 0.6734375 0.03046875 0.05546875
0 0.553125 0.671875 0.03515625 0.05859375
0 0.58125 0.61875 0.0375 0.05390625
0 0.26015625 0.5109375 0.05390625 0.04921875
0 0.21953125 0.5109375 0.03359375 0.04921875
0 0.18984375 0.5109375 0.03203125 0.04921875
0 0.20703125 0.46171875 0.059375 0.04921875
0 0.1609375 0.5109375 0.0328125 0.04921875
0 0.13125 0.5109375 0.03359375 0.0484375
0 0.1015625 0.5109375 0.0328125 0.0484375
0 0.07265625 0.5109375 0.03359375 0.04921875
0 0.16484375 0.46171875 0.0328125 0.04921875
0 0.1359375 0.46171875 0.0328125 0.04921875
0 0.10703125 0.46171875 0.03359375 0.04921875
0 0.27109375 0.36796875 0.05078125 0.05859375
0 0.23203125 0.359375 0.03125 0.04140625
0 0.20390625 0.359375 0.03125 0.04140625
0 0.17578125 0.359375 0.03125 0.04140625
0 0.146875 0.359375 0.03203125 0.04140625
0 0.11875 0.359375 0.03125 0.04140625
0 0.090625 0.359375 0.03203125 0.04140625
0 0.49765625 0.38984375 0.028125 0.06640625
0 0.46875 0.378125 0.02890625 0.04375
0 0.41171875 0.37890625 0.02890625 0.04296875
0 0.440625 0.37890625 0.02890625 0.04296875
0 0.44296875 0.33359375 0.03203125 0.0453125
0 0.4125 0.33359375 0.02890625 0.0453125
0 0.384375 0.334375 0.02890625 0.04609375
0 0.35625 0.33359375 0.02890625 0.0453125
0 0.3828125 0.37890625 0.0296875 0.04296875
0 0.3546875 0.37890625 0.02890625 0.04296875
0 0.3265625 0.37890625 0.0296875 0.04296875