3 0.97265625 0.971875 0.053125 0.05390625
3 0.859375 0.4984375 0.04765625 0.01328125
3 0.87265625 0.50078125 0.06171875 0.01484375
3 0.94140625 0.525 0.11640625 0.03359375
3 0.925 0.51796875 0.10078125 0.0265625
3 0.909375 0.51015625 0.0765625 0.01640625
3 0.98671875 0.55078125 0.02578125 0.0453125
3 0.9453125 0.8453125 0.10859375 0.1109375
0 0.85 0.584375 0.0046875 0.03125
3 0.86328125 0.70859375 0.02578125 0.040625
3 0.91015625 0.77265625 0.08046875 0.07109375
3 0.846875 0.684375 0.00859375 0.03125
3 0.83984375 0.66640625 0.0078125 0.0265625
3 0.95859375 0.74140625 0.08125 0.078125
0 0.8515625 0.59296875 0.00390625 0.0359375
0 0.87265625 0.60078125 0.03828125 0.03203125
0 0.878125 0.60625 0.0296875 0.04453125
0 0.87578125 0.56640625 0.04296875 0.040625
0 0.92734375 0.60390625 0.06796875 0.05546875
0 0.89609375 0.65234375 0.00859375 0.05625
0 0.9046875 0.66328125 0.009375 0.06171875
0 0.95 0.68125 0.08203125 0.07421875
0 0.9390625 0.61796875 0.07578125 0.0703125
0 0.94453125 0.334375 0.015625 0.06875
0 0.9609375 0.32109375 0.01796875 0.07578125
0 0.99453125 0.29609375 0.01015625 0.0796875
0 0.9796875 0.30625 0.02109375 0.08359375
0 0.98125 0.2328125 0.021875 0.09921875
0 0.9953125 0.21875 0.00859375 0.08984375
3 0.41015625 0.72578125 0.06796875 0.05859375
3 0.58125 0.4921875 0.0203125 0.00859375
3 0.5625 0.49296875 0.03515625 0.01015625
3 0.0796875 0.77109375 0.159375 0.1265625
3 0.36796875 0.64765625 0.08046875 0.05078125
3 0.41171875 0.62578125 0.06796875 0.040625
3 0.4515625 0.61015625 0.059375 0.03359375
3 0.48125 0.503125 0.04921875 0.01484375
3 0.503125 0.50078125 0.0421875 0.0140625
3 0.525 0.4984375 0.03671875 0.01171875
3 0.528125 0.64375 0.04140625 0.02890625
3 0.44609375 0.7 0.059375 0.0484375
3 0.08828125 0.93203125 0.159375 0.13359375
3 0.36171875 0.51484375 0.0765625 0.02578125
3 0.4015625 0.5109375 0.0703125 0.02109375
3 0.48515625 0.675 0.05078125 0.0390625
0 0.56953125 0.5546875 0.01484375 0.02421875
0 0.23046875 0.6875 0.065625 0.0859375
3 0.54921875 0.63125 0.0375 0.02109375
3 0.5703125 0.62109375 0.01953125 0.01953125
3 0.5828125 0.61171875 0.01796875 0.01640625
3 0.55234375 0.56875 0.025 0.0140625
0 0.5359375 0.56875 0.00703125 0.02890625
0 0.52421875 0.57265625 0.015625 0.02890625
0 0.51875 0.575 0.0109375 0.03125
0 0.51953125 0.5453125 0.025 0.0296875
0 0.5 0.55078125 0.02578125 0.03203125
0 0.50859375 0.58046875 0.00859375 0.03125
0 0.49921875 0.584375 0.009375 0.03203125
0 0.4796875 0.58671875 0.02890625 0.03671875
0 0.48984375 0.553125 0.028125 0.034375
0 0.30859375 0.50546875 0.02890625 0.053125
0 0.27734375 0.50703125 0.03359375 0.05625
0 0.24140625 0.509375 0.03828125 0.06015625
0 0.240625 0.4484375 0.0390625 0.0609375
0 0.2 0.5125 0.0453125 0.065625
0 0.1515625 0.515625 0.05234375 0.07109375
0 0.09375 0.51875 0.06328125 0.07890625
0 0.03203125 0.521875 0.06328125 0.08671875
0 0.1984375 0.44609375 0.0453125 0.065625
0 0.15 0.44296875 0.053125 0.07109375
0 0.0875 0.43984375 0.0734375 0.0796875
0 0.309375 0.34375 0.0296875 0.05859375
0 0.27734375 0.33515625 0.03359375 0.06328125
0 0.24140625 0.32421875 0.03828125 0.06875
0 0.2 0.3125 0.0453125 0.075
0 0.1515625 0.29765625 0.053125 0.08203125
0 0.09375 0.28125 0.06328125 0.09140625
0 0.03203125 0.2625 0.06328125 0.09921875
0 0.46796875 0.4046875 0.0125 0.03515625
0 0.4546875 0.40078125 0.01328125 0.03671875
0 0.425 0.39453125 0.015625 0.040625
0 0.440625 0.3984375 0.01484375 0.0390625
0 0.440625 0.3609375 0.0140625 0.040625
0 0.425 0.35625 0.015625 0.04375
0 0.4078125 0.35 0.0171875 0.04609375
0 0.37890625 0.34296875 0.040625 0.04921875
0 0.4078125 0.38984375 0.0171875 0.04296875
0 0.38984375 0.3859375 0.01875 0.0453125
0 0.35859375 0.38046875 0.04296875 0.04921875
3 0.665625 0.59375 0.03359375 0.01640625