2 0.65703125 0.77578125 0.13984375 0.44609375
3 0.89921875 0.73046875 0.10703125 0.078125
3 0.7671875 0.440625 0.02578125 0.009375
3 0.78203125 0.4421875 0.04140625 0.01015625
3 0.94765625 0.64375 0.103125 0.0703125
3 0.91015625 0.60390625 0.11171875 0.04609375
3 0.87109375 0.57890625 0.08515625 0.03359375
3 0.84296875 0.45234375 0.07421875 0.01796875
3 0.82578125 0.44921875 0.06171875 0.0140625
3 0.80703125 0.44765625 0.03828125 0.01171875
3 0.94375 0.46875 0.08203125 0.03125
3 0.925 0.46171875 0.1078125 0.02421875
3 0.8359375 0.65078125 0.06484375 0.0453125
0 0.76640625 0.50234375 0.00859375 0.0234375
0 0.76796875 0.50859375 0.00390625 0.025
0 0.78359375 0.51171875 0.02734375 0.025
0 0.78828125 0.51640625 0.02890625 0.02890625
0 0.78515625 0.48828125 0.028125 0.0265625
0 0.82578125 0.50703125 0.0390625 0.034375
0 0.80859375 0.5390625 0.0078125 0.03515625
0 0.815625 0.54375 0.0078125 0.03671875
0 0.84140625 0.5484375 0.04609375 0.03671875
0 0.834375 0.51171875 0.04296875 0.03984375
0 0.8515625 0.334375 0.01171875 0.04296875
0 0.8625 0.32890625 0.01328125 0.04609375
0 0.88984375 0.315625 0.01796875 0.053125
0 0.875 0.32265625 0.01484375 0.04921875
0 0.878125 0.27734375 0.01640625 0.0546875
0 0.8921875 0.26796875 0.01796875 0.059375
0 0.909375 0.25625 0.0203125 0.0640625
0 0.9578125 0.23828125 0.08359375 0.0796875
0 0.90546875 0.3078125 0.01953125 0.05625
0 0.92421875 0.2984375 0.02265625 0.0609375
0 0.96640625 0.284375 0.06640625 0.07421875
0 0.9984375 0.24921875 0.00234375 0.03515625
0 0.99140625 0.45390625 0.01640625 0.071875
3 0.75546875 0.5640625 0.0078125 0.01796875
3 0.7625 0.57421875 0.00859375 0.01953125
3 0.81328125 0.61796875 0.05703125 0.03203125
3 0.778125 0.5875 0.02421875 0.0234375
3 0.4671875 0.63125 0.0453125 0.040625
3 0.5625 0.4390625 0.00546875 0.00703125
3 0.54609375 0.4390625 0.02734375 0.00859375
3 0.5 0.44609375 0.04453125 0.01328125
3 0.51171875 0.44453125 0.0375 0.01015625
3 0.5265625 0.44375 0.0265625 0.01015625
3 0.30546875 0.796875 0.11171875 0.11328125
3 0.45 0.45390625 0.04453125 0.01875
3 0.46640625 0.4515625 0.046875 0.015625
3 0.5046875 0.5921875 0.0390625 0.02890625
0 0.55625 0.490625 0.01171875 0.01953125
0 0.4015625 0.5828125 0.02109375 0.015625
0 0.396875 0.59140625 0.02265625 0.01953125
0 0.37734375 0.590625 0.0234375 0.0296875
0 0.35234375 0.61484375 0.0265625 0.02421875
0 0.3625 0.60234375 0.02421875 0.02109375
3 0.5421875 0.55703125 0.021875 0.01640625
3 0.52109375 0.57578125 0.034375 0.0203125
3 0.55390625 0.54921875 0.0125 0.01484375
3 0.559375 0.54140625 0.01171875 0.01328125
3 0.4875 0.53671875 0.04921875 0.02421875
0 0.5515625 0.49375 0.00234375 0.01953125
0 0.54140625 0.49609375 0.01640625 0.0203125
0 0.5375 0.496875 0.01796875 0.021875
0 0.54140625 0.47578125 0.01796875 0.0203125
0 0.51328125 0.48828125 0.01953125 0.02578125
0 0.52109375 0.51328125 0.00390625 0.02578125
0 0.51640625 0.51640625 0.00390625 0.0265625
0 0.5015625 0.51640625 0.02421875 0.028125
0 0.50625 0.48984375 0.0234375 0.028125
0 0.5 0.3609375 0.00625 0.03046875
0 0.49296875 0.3578125 0.00625 0.03046875
0 0.478125 0.3515625 0.00859375 0.034375
0 0.4859375 0.35546875 0.00703125 0.03203125
0 0.4859375 0.3234375 0.00703125 0.0359375
0 0.478125 0.31875 0.0078125 0.03671875
0 0.46953125 0.31328125 0.00859375 0.03984375
0 0.446875 0.30703125 0.03515625 0.04296875
0 0.46953125 0.34765625 0.00859375 0.0359375
0 0.46015625 0.34375 0.01015625 0.03828125
0 0.43671875 0.3390625 0.03671875 0.040625
0 0.41953125 0.30859375 0.01484375 0.0484375
0 0.40390625 0.3 0.01640625 0.0515625
0 0.38671875 0.29140625 0.01953125 0.05625
0 0.36640625 0.28125 0.02265625 0.06171875
0 0.34296875 0.26875 0.02578125 0.06796875
0 0.31640625 0.25546875 0.03046875 0.07421875
0 0.265625 0.2390625 0.07421875 0.08359375
0 0.4203125 0.44375 0.01484375 0.04375
0 0.4046875 0.44453125 0.01640625 0.046875
0 0.38828125 0.44609375 0.01875 0.05
0 0.38671875 0.39609375 0.01875 0.05078125
0 0.36796875 0.44765625 0.021875 0.053125
0 0.3453125 0.44921875 0.02421875 0.05703125
0 0.31953125 0.45078125 0.02890625 0.06328125
0 0.2703125 0.45234375 0.07109375 0.06953125
0 0.3671875 0.39296875 0.02265625 0.0546875
0 0.34453125 0.390625 0.025 0.059375
0 0.3 0.38671875 0.06484375 0.06484375
3 0.24453125 0.58125 0.03359375 0.02421875
3 0.0375 0.56640625 0.07421875 0.03515625
3 0.21015625 0.528125 0.05703125 0.0203125
3 0.23359375 0.51953125 0.0140625 0.015625
3 0.2875 0.5140625 0.02578125 0.01171875
3 0.353125 0.54296875 0.0328125 0.01484375
3 0.27734375 0.56953125 0.04453125 0.02109375
3 0.04453125 0.659375 0.07734375 0.05
3 0.20078125 0.446875 0.05546875 0.01171875
3 0.228125 0.4453125 0.01328125 0.0109375
3 0.31171875 0.5578125 0.0390625 0.01953125
0 0.1140625 0.53828125 0.04140625 0.03984375
3 0.375 0.53515625 0.02890625 0.01328125
3 0.39296875 0.5296875 0.01640625 0.0109375
3 0.40703125 0.52421875 0.01796875 0.009375
3 0.375 0.49296875 0.02578125 0.00703125
0 0.3578125 0.49765625 0.00703125 0.0046875
0 0.35 0.49921875 0.00703125 0.00546875
0 0.340625 0.50078125 0.0109375 0.00546875
0 0.33046875 0.50390625 0.00859375 0.00546875
0 0.321875 0.50546875 0.00859375 0.00546875
0 0.31015625 0.5078125 0.01328125 0.00625
0 0.16171875 0.4390625 0.021875 0.03046875
0 0.13984375 0.43984375 0.02265625 0.03125
0 0.1171875 0.440625 0.02578125 0.03203125
0 0.11484375 0.40703125 0.02578125 0.03359375
0 0.09140625 0.44140625 0.02890625 0.034375
0 0.06328125 0.44140625 0.03046875 0.03515625
0 0.0328125 0.44296875 0.03359375 0.03671875
0 0.009375 0.44296875 0.01796875 0.0390625
0 0.0890625 0.40625 0.02890625 0.034375
0 0.0609375 0.40546875 0.03125 0.0359375
0 0.0234375 0.40390625 0.046875 0.0390625
0 0.15859375 0.34609375 0.02265625 0.03359375
0 0.13671875 0.34296875 0.02421875 0.034375
0 0.1125 0.3390625 0.0265625 0.03671875
0 0.08671875 0.334375 0.02890625 0.03828125
0 0.0578125 0.3296875 0.03203125 0.040625
0 0.02734375 0.32421875 0.034375 0.04375
0 0.00625 0.32109375 0.01171875 0.040625
0 0.24765625 0.371875 0.01015625 0.025
0 0.26796875 0.3484375 0.00234375 0.01875
0 0.246875 0.34609375 0.01015625 0.02578125
0 0.234375 0.34375 0.015625 0.02890625
0 0.21171875 0.34140625 0.02890625 0.0265625
0 0.23515625 0.36953125 0.01484375 0.0265625
0 0.2234375 0.36796875 0.01015625 0.0265625
0 0.1953125 0.3640625 0.01953125 0.02890625
3 0.66953125 0.54609375 0.03828125 0.01484375
3 0.46796875 0.50859375 0.02109375 0.00859375