3 0.07421875 0.765625 0.09453125 0.0609375
3 0.12734375 0.42578125 0.02734375 0.053125
3 0.10390625 0.38671875 0.04375 0.08203125
3 0.1109375 0.6953125 0.05859375 0.03125
3 0.13984375 0.48359375 0.00390625 0.02421875
3 0.13203125 0.471875 0.0125 0.02890625
3 0.071875 0.85078125 0.03671875 0.09140625
0 0.12421875 0.61328125 0.0078125 0.01171875
0 0.1234375 0.60859375 0.01171875 0.015625
0 0.13671875 0.609375 0.003125 0.01015625
3 0.03359375 0.9421875 0.05390625 0.1140625
3 0.10625 0.62890625 0.0296875 0.03203125
0 0.04375 0.5328125 0.08671875 0.0953125
0 0.040625 0.62890625 0.08046875 0.09453125
0 0.08203125 0.621875 0.01328125 0.08125
0 0.08984375 0.61796875 0.01171875 0.075
0 0.0875 0.540625 0.01171875 0.08046875
0 0.1265625 0.2359375 0.0046875 0.025
0 0.1359375 0.2765625 0.00234375 0.03203125
0 0.1375 0.290625 0.003125 0.05
0 0.1390625 0.30546875 0.003125 0.04453125
0 0.1421875 0.35234375 0.00234375 0.015625
0 0.14375 0.36171875 0.00078125 0.00859375
0 0.13203125 0.45703125 0.01328125 0.01171875
0 0.14296875 0.490625 0.00078125 0.0140625
0 0.14375 0.49453125 0.0015625 0.01484375
0 0.14375 0.4703125 0.00234375 0.028125
3 0.496875 0.6765625 0.046875 0.02421875
3 0.925 0.4234375 0.13671875 0.06015625
3 0.81015625 0.4484375 0.103125 0.04609375
3 0.4140625 0.596875 0.02578125 0.00859375
3 0.4703125 0.60078125 0.04296875 0.01328125
3 0.49609375 0.60234375 0.046875 0.0140625
3 0.51953125 0.6046875 0.04765625 0.01484375
3 0.553125 0.50390625 0.04140625 0.01953125
3 0.58671875 0.496875 0.04453125 0.02109375
3 0.63984375 0.48671875 0.06171875 0.02578125
3 0.65390625 0.7265625 0.07734375 0.0453125
3 0.52421875 0.684375 0.05234375 0.0265625
3 0.41875 0.653125 0.034375 0.01484375
3 0.45703125 0.521875 0.0203125 0.0140625
3 0.4875 0.51796875 0.04609375 0.01484375
3 0.5640625 0.6984375 0.059375 0.03203125
0 0.8296875 0.6109375 0.07734375 0.0609375
0 0.43515625 0.59140625 0.01875 0.0234375
3 0.7359375 0.75234375 0.09296875 0.05859375
3 0.8234375 0.78046875 0.1125 0.07578125
3 0.93671875 0.815625 0.12578125 0.09453125
3 0.73671875 0.621875 0.09140625 0.025
0 0.6546875 0.6015625 0.0390625 0.04296875
0 0.625 0.60078125 0.02109375 0.040625
0 0.60546875 0.6 0.01875 0.0390625
0 0.63203125 0.559375 0.03671875 0.040625
0 0.5890625 0.56171875 0.03359375 0.0359375
0 0.584375 0.5984375 0.02265625 0.0359375
0 0.565625 0.5984375 0.01484375 0.03515625
0 0.55078125 0.596875 0.0140625 0.03359375
0 0.56484375 0.56171875 0.01484375 0.03515625
0 0.453125 0.51796875 0.02265625 0.0234375
0 0.4375 0.51953125 0.00703125 0.0234375
0 0.43125 0.52109375 0.00625 0.021875
0 0.43828125 0.49921875 0.02109375 0.0234375
0 0.425 0.52265625 0.00546875 0.02109375
0 0.41875 0.52421875 0.00546875 0.02109375
0 0.4125 0.52578125 0.00546875 0.0203125
0 0.40703125 0.5265625 0.00546875 0.0203125
0 0.425 0.5015625 0.00625 0.021875
0 0.41875 0.50390625 0.00546875 0.021875
0 0.41328125 0.50546875 0.00546875 0.02109375
0 0.4515625 0.44609375 0.01796875 0.02421875
0 0.4390625 0.44921875 0.00703125 0.0234375
0 0.43203125 0.453125 0.00625 0.021875
0 0.42578125 0.45625 0.00625 0.02109375
0 0.4203125 0.45859375 0.00546875 0.02109375
0 0.4140625 0.46171875 0.00546875 0.0203125
0 0.40859375 0.4640625 0.0046875 0.01953125
0 0.5328125 0.4203125 0.028125 0.03125
0 0.51328125 0.42578125 0.01171875 0.03046875
0 0.49140625 0.43515625 0.009375 0.028125
0 0.5015625 0.43046875 0.01015625 0.0296875
0 0.51015625 0.40390625 0.02578125 0.03203125
0 0.49140625 0.409375 0.009375 0.03046875
0 0.48203125 0.41484375 0.00859375 0.0296875
0 0.47265625 0.41953125 0.00859375 0.028125
0 0.48203125 0.4390625 0.00859375 0.0265625
0 0.47265625 0.44375 0.00859375 0.02578125
0 0.4640625 0.446875 0.0078125 0.02578125