3 0.415625 0.67578125 0.06953125 0.0703125
3 0.74765625 0.40078125 0.0625 0.0171875
3 0.715625 0.40234375 0.06484375 0.015625
3 0.53515625 0.415625 0.065625 0.02421875
3 0.57890625 0.41328125 0.06953125 0.02265625
3 0.628125 0.4109375 0.0625 0.0203125
3 0.06796875 0.78046875 0.1359375 0.115625
3 0.325 0.42734375 0.07109375 0.034375
3 0.39140625 0.42421875 0.065625 0.03046875
3 0.540625 0.63984375 0.0671875 0.05625
0 0.73984375 0.49140625 0.0375 0.0359375
0 0.25859375 0.5875 0.02109375 0.02734375
0 0.23125 0.596875 0.02421875 0.0296875
0 0.2109375 0.5875 0.02578125 0.04140625
0 0.14765625 0.609375 0.03203125 0.03203125
0 0.184375 0.596875 0.02734375 0.0296875
3 0.67265625 0.60234375 0.0625 0.0359375
3 0.6015625 0.625 0.06484375 0.04140625
3 0.715625 0.59296875 0.04140625 0.02890625
3 0.7453125 0.584375 0.04140625 0.0265625
3 0.478125 0.55234375 0.06484375 0.05078125
0 0.71484375 0.49765625 0.01484375 0.03828125
0 0.690625 0.49921875 0.0328125 0.0390625
0 0.67578125 0.5015625 0.0359375 0.04375
0 0.6921875 0.465625 0.0375 0.040625
0 0.57265625 0.48125 0.03515625 0.04765625
0 0.5796875 0.525 0.01953125 0.04140625
0 0.56015625 0.52734375 0.0203125 0.0421875
0 0.53515625 0.5265625 0.0296875 0.053125
0 0.553125 0.484375 0.0359375 0.05
0 0.49765625 0.27890625 0.02578125 0.05
0 0.47265625 0.2765625 0.02578125 0.05078125
0 0.41640625 0.27109375 0.03046875 0.053125
0 0.4453125 0.27421875 0.02890625 0.05234375
0 0.44453125 0.22265625 0.02734375 0.05546875
0 0.415625 0.21796875 0.03046875 0.0578125
0 0.38515625 0.21328125 0.03203125 0.0609375
0 0.35234375 0.209375 0.03515625 0.0625
0 0.3875 0.26953125 0.03203125 0.05546875
0 0.3546875 0.265625 0.03515625 0.05859375
0 0.321875 0.2609375 0.0375 0.0609375
0 0.23359375 0.2265625 0.05234375 0.06796875
0 0.1859375 0.22109375 0.05078125 0.0703125
0 0.1390625 0.215625 0.053125 0.0734375
0 0.0890625 0.209375 0.059375 0.07578125
0 0.03515625 0.20234375 0.0640625 0.0796875
0 0.00546875 0.1984375 0.0109375 0.075
0 0.24375 0.41484375 0.04921875 0.06171875
0 0.20078125 0.415625 0.05 0.0640625
0 0.1546875 0.41953125 0.05 0.0640625
0 0.1578125 0.3546875 0.06796875 0.06484375
0 0.1078125 0.42109375 0.05390625 0.065625
0 0.0578125 0.42265625 0.0609375 0.0671875
0 0.0171875 0.4234375 0.034375 0.06875
0 0.1015625 0.35390625 0.05625 0.06796875
0 0.04921875 0.35390625 0.0625 0.0703125
0 0.01328125 0.35234375 0.0265625 0.07109375
3 0.3734375 0.51640625 0.03203125 0.0203125
3 0.5703125 0.3875 0.02734375 0.00859375
3 0.54609375 0.3875 0.03203125 0.0078125
3 0.2171875 0.475 0.04921875 0.01796875
3 0.33828125 0.46484375 0.034375 0.0171875
3 0.37265625 0.46171875 0.0328125 0.01484375
3 0.4046875 0.459375 0.02890625 0.01484375
3 0.4359375 0.3921875 0.02578125 0.009375
3 0.459375 0.39140625 0.03203125 0.00859375
3 0.4890625 0.39140625 0.03046875 0.00859375
3 0.4921875 0.50078125 0.03046875 0.015625
3 0.40390625 0.5125 0.0328125 0.01796875
3 0.22421875 0.5375 0.046875 0.02578125
3 0.33046875 0.39453125 0.0296875 0.0125
3 0.36015625 0.39453125 0.02890625 0.0109375
3 0.440625 0.5078125 0.03046875 0.01953125
0 0.5484375 0.4453125 0.015625 0.009375
0 0.26640625 0.4703125 0.02421875 0.0125
3 0.52109375 0.49609375 0.02890625 0.0109375
3 0.521875 0.44921875 0.03046875 0.00859375
0 0.4921875 0.45078125 0.00546875 0.009375
0 0.484375 0.45078125 0.0109375 0.0109375
0 0.471875 0.4515625 0.0140625 0.01171875
0 0.48203125 0.41953125 0.01484375 0.00859375
0 0.45703125 0.42109375 0.0140625 0.0078125
0 0.459375 0.453125 0.0109375 0.0109375
0 0.44765625 0.45390625 0.0109375 0.0109375
0 0.43515625 0.45546875 0.01484375 0.0109375
0 0.4453125 0.42109375 0.0140625 0.00859375
0 0.2984375 0.38828125 0.0140625 0.02578125
0 0.2734375 0.3890625 0.00390625 0.02421875
0 0.2640625 0.3890625 0.0171875 0.02421875
0 0.26328125 0.3640625 0.0203125 0.0234375
0 0.246875 0.38046875 0.0171875 0.00546875
0 0.22890625 0.38046875 0.0171875 0.00546875
0 0.21171875 0.38046875 0.0171875 0.00546875
0 0.19765625 0.38046875 0.01171875 0.00625
0 0.2453125 0.3640625 0.01796875 0.02421875
0 0.22734375 0.3640625 0.01953125 0.02578125
0 0.21015625 0.3640625 0.0203125 0.02578125
0 0.29609375 0.32109375 0.0125 0.00859375
0 0.26953125 0.31171875 0.00390625 0.02578125
0 0.259375 0.3109375 0.0171875 0.0265625
0 0.24296875 0.31015625 0.01796875 0.0265625
0 0.225 0.309375 0.0203125 0.02734375
0 0.20703125 0.30859375 0.0203125 0.02734375
0 0.1890625 0.3078125 0.0203125 0.02734375
0 0.41171875 0.33046875 0.0125 0.015625
0 0.39921875 0.33046875 0.0125 0.01796875
0 0.37109375 0.32890625 0.0125 0.01796875
0 0.38515625 0.3296875 0.0125 0.0171875
0 0.3578125 0.328125 0.0140625 0.01796875
0 0.34453125 0.32734375 0.0140625 0.01953125
0 0.32890625 0.32734375 0.01484375 0.01796875
3 0.97578125 0.70546875 0.04765625 0.07265625
3 0.6421875 0.4890625 0.0296875 0.01484375