2 0.29296875 0.509375 0.05390625 0.12421875
3 0.1859375 0.75390625 0.02265625 0.0609375
3 0.1578125 0.540625 0.009375 0.03046875
3 0.1609375 0.615625 0.003125 0.0125
3 0.17890625 0.72421875 0.01171875 0.06171875
3 0.159375 0.66015625 0.034375 0.08203125
3 0.115625 0.7359375 0.115625 0.1328125
3 0.15703125 0.8765625 0.0140625 0.065625
3 0.17265625 0.60703125 0.009375 0.03515625
3 0.14453125 0.525 0.01484375 0.03515625
3 0.14765625 0.55390625 0.0140625 0.046875
3 0.20546875 0.90078125 0.0125 0.09375
0 0.1828125 0.85703125 0.00625 0.05390625
0 0.1796875 0.82109375 0.00625 0.04921875
0 0.17734375 0.790625 0.00625 0.04375
0 0.08359375 0.49140625 0.07578125 0.08515625
0 0.084375 0.46640625 0.0734375 0.05859375
0 0.07578125 0.415625 0.0703125 0.0703125
0 0.08203125 0.3796875 0.03203125 0.0109375
0 0.09140625 0.3890625 0.04453125 0.04453125
0 0.0921875 0.37578125 0.0390625 0.02734375
0 0.11875 0.434375 0.0078125 0.0375
0 0.1203125 0.4390625 0.00390625 0.02265625
0 0.12109375 0.434375 0.00234375 0.0125
0 0.1125 0.378125 0.009375 0.02265625
0 0.1125 0.378125 0.0125 0.0328125
0 0.09375 0.3609375 0.03828125 0.00625
0 0.09375 0.35859375 0.0359375 0.00859375
0 0.09453125 0.35390625 0.03515625 0.0078125
0 0.09453125 0.35078125 0.03203125 0.0078125
0 0.10078125 0.3578125 0.040625 0.02890625
0 0.1390625 0.49453125 0.00546875 0.03046875
0 0.1390625 0.4875 0.00546875 0.0296875
0 0.12578125 0.42421875 0.00234375 0.00546875
3 0.21484375 0.984375 0.00625 0.0296875
3 0.47578125 0.559375 0.0390625 0.04140625
3 0.79765625 0.609375 0.096875 0.09453125
3 0.72421875 0.5671875 0.0828125 0.0765625
3 0.53046875 0.46015625 0.05078125 0.0390625
3 0.559375 0.47734375 0.05546875 0.04375
3 0.59765625 0.50078125 0.0578125 0.04921875
3 0.40703125 0.4953125 0.03046875 0.0265625
3 0.44765625 0.41875 0.040625 0.0265625
3 0.465625 0.42734375 0.04375 0.02890625
3 0.528125 0.61171875 0.04765625 0.053125
0 0.765625 0.715625 0.059375 0.0859375
0 0.4390625 0.46953125 0.00859375 0.009375
0 0.43046875 0.46875 0.009375 0.009375
0 0.43046875 0.459375 0.0109375 0.009375
0 0.41875 0.45546875 0.009375 0.009375
0 0.42578125 0.459375 0.0078125 0.009375
3 0.64375 0.721875 0.0640625 0.0796875
3 0.5703125 0.65546875 0.053125 0.053125
3 0.69375 0.76953125 0.07265625 0.09609375
3 0.75390625 0.82421875 0.0828125 0.11953125
3 0.49609375 0.52109375 0.04609375 0.040625
0 0.69921875 0.66171875 0.040625 0.07265625
0 0.675 0.6515625 0.0375 0.05234375
0 0.64921875 0.62890625 0.02578125 0.0640625
0 0.67890625 0.6125 0.03828125 0.0625
0 0.5515625 0.52578125 0.02890625 0.04453125
0 0.55078125 0.55546875 0.02734375 0.03828125
0 0.53046875 0.54765625 0.0125 0.03515625
0 0.51953125 0.534375 0.01171875 0.04140625
0 0.5375 0.5171875 0.02421875 0.0421875
0 0.50703125 0.365625 0.0265625 0.0359375
0 0.49609375 0.3625 0.0265625 0.0359375
0 0.4671875 0.3578125 0.009375 0.0296875
0 0.4765625 0.3609375 0.0109375 0.0296875
0 0.484375 0.33125 0.0265625 0.0328125
0 0.475 0.32890625 0.02421875 0.03203125
0 0.46484375 0.32578125 0.02578125 0.03046875
0 0.45625 0.3234375 0.0234375 0.0296875
0 0.4578125 0.3546875 0.009375 0.02890625
0 0.44921875 0.35078125 0.009375 0.02734375
0 0.44140625 0.34765625 0.00859375 0.0296875
0 0.43046875 0.33046875 0.02265625 0.02734375
0 0.421875 0.32890625 0.0203125 0.0265625
0 0.4140625 0.32734375 0.0171875 0.0265625
0 0.40859375 0.32421875 0.01953125 0.0265625
0 0.403125 0.32265625 0.01953125 0.02421875
0 0.39765625 0.32109375 0.01953125 0.02421875
0 0.390625 0.31875 0.01796875 0.02421875
0 0.4328125 0.39921875 0.02265625 0.02890625
0 0.425 0.39765625 0.0203125 0.02890625
0 0.41171875 0.39453125 0.00625 0.0234375
0 0.4171875 0.371875 0.0203125 0.0265625
0 0.40546875 0.3921875 0.00625 0.02265625
0 0.4 0.3875 0.00625 0.02265625
0 0.39375 0.3859375 0.00625 0.02265625
0 0.38828125 0.38046875 0.00625 0.0234375
0 0.4109375 0.36953125 0.0203125 0.0265625
0 0.40390625 0.365625 0.01953125 0.02578125
0 0.39921875 0.36328125 0.01796875 0.02421875
3 0.6078125 0.4671875 0.0265625 0.02265625
3 0.86328125 0.4375 0.04765625 0.03046875
3 0.81953125 0.4265625 0.04921875 0.0296875
3 0.634375 0.4359375 0.00625 0.00546875
3 0.6703125 0.3859375 0.03203125 0.0203125
3 0.69453125 0.39375 0.0390625 0.02109375
3 0.7265625 0.40234375 0.03828125 0.02265625
3 0.71484375 0.51953125 0.0359375 0.03046875
3 0.63203125 0.47890625 0.03203125 0.0234375
3 0.53828125 0.4328125 0.0234375 0.015625
3 0.590625 0.365625 0.02890625 0.01484375
3 0.60859375 0.3703125 0.0296875 0.0171875
3 0.66171875 0.49296875 0.034375 0.0265625
0 0.815625 0.48203125 0.02578125 0.0109375
3 0.75703125 0.5390625 0.04140625 0.0359375
3 0.79453125 0.55703125 0.04609375 0.0390625
3 0.8328125 0.57734375 0.04375 0.04375
0 0.72734375 0.45078125 0.01484375 0.0078125
0 0.69921875 0.43984375 0.009375 0.00546875
0 0.7140625 0.43515625 0.0203125 0.02578125
0 0.6859375 0.42578125 0.01953125 0.02578125
0 0.67421875 0.42109375 0.0171875 0.0234375
0 0.57421875 0.35546875 0.01484375 0.01953125
0 0.56640625 0.353125 0.0140625 0.01953125
0 0.55546875 0.35234375 0.0078125 0.015625
0 0.5609375 0.33515625 0.01484375 0.01953125
0 0.54921875 0.35078125 0.00625 0.0171875
0 0.5421875 0.34921875 0.00625 0.0171875
0 0.5359375 0.34765625 0.00625 0.015625
0 0.53046875 0.34453125 0.00390625 0.0171875
0 0.55234375 0.334375 0.0140625 0.01953125
0 0.54609375 0.3328125 0.0125 0.01796875
0 0.5390625 0.33046875 0.0125 0.0171875
0 0.57734375 0.30390625 0.015625 0.01953125
0 0.56796875 0.30234375 0.0125 0.01796875
0 0.5609375 0.3015625 0.0125 0.01796875
0 0.553125 0.30078125 0.0125 0.01953125
0 0.5484375 0.3 0.009375 0.0171875
0 0.65234375 0.3234375 0.01953125 0.0234375
0 0.64375 0.32265625 0.0109375 0.0234375
0 0.61796875 0.31953125 0.0109375 0.0203125
0 0.62734375 0.32109375 0.009375 0.0203125
0 0.6328125 0.3015625 0.01796875 0.0203125
0 0.61953125 0.30078125 0.0109375 0.01953125
0 0.61015625 0.3 0.009375 0.01953125
0 0.60078125 0.2984375 0.009375 0.01796875
0 0.609375 0.31796875 0.009375 0.01953125
0 0.6 0.31640625 0.00859375 0.01796875
0 0.59140625 0.3140625 0.00859375 0.0203125
3 0.546875 0.98359375 0.0421875 0.03046875
3 0.928125 0.67265625 0.07578125 0.0734375