2 0.06328125 0.86328125 0.1265625 0.2703125
3 0.4296875 0.6171875 0.05234375 0.0546875
3 0.8265625 0.409375 0.08359375 0.03828125
3 0.775 0.4109375 0.08203125 0.0390625
3 0.5421875 0.42109375 0.04921875 0.04453125
3 0.59140625 0.41953125 0.0625 0.0390625
3 0.65 0.4203125 0.06640625 0.03671875
3 0.2171875 0.62890625 0.07734375 0.05859375
3 0.353125 0.43203125 0.06328125 0.04921875
3 0.403125 0.43046875 0.05625 0.0484375
3 0.54375 0.61328125 0.05390625 0.0546875
0 0.80078125 0.509375 0.04765625 0.0515625
0 0.31796875 0.53515625 0.0171875 0.021875
0 0.3 0.540625 0.01796875 0.02421875
0 0.2890625 0.53046875 0.01796875 0.03046875
0 0.253125 0.540625 0.0203125 0.0234375
0 0.27421875 0.53359375 0.01875 0.021875
3 0.696875 0.6046875 0.06484375 0.05
3 0.60859375 0.6109375 0.05859375 0.05078125
3 0.74921875 0.609375 0.05390625 0.03515625
3 0.79453125 0.60390625 0.05703125 0.0390625
3 0.48203125 0.53671875 0.0453125 0.05625
0 0.75625 0.51015625 0.02578125 0.0515625
0 0.7296875 0.51015625 0.03671875 0.05390625
0 0.70859375 0.5109375 0.0375 0.0546875
0 0.7328125 0.4765625 0.0421875 0.05390625
0 0.58046875 0.48359375 0.028125 0.05546875
0 0.58125 0.528125 0.02265625 0.034375
0 0.55859375 0.51875 0.02578125 0.0546875
0 0.5375 0.51875 0.02578125 0.05625
0 0.559375 0.484375 0.02734375 0.05546875
0 0.49765625 0.30390625 0.02578125 0.053125
0 0.471875 0.30546875 0.02578125 0.053125
0 0.42109375 0.309375 0.02734375 0.0453125
0 0.446875 0.309375 0.0265625 0.04453125
0 0.4453125 0.2609375 0.02890625 0.05078125
0 0.41953125 0.2609375 0.0296875 0.05078125
0 0.39375 0.2609375 0.03203125 0.0515625
0 0.3671875 0.2609375 0.03359375 0.0515625
0 0.3953125 0.309375 0.02890625 0.0453125
0 0.36875 0.3109375 0.02890625 0.0453125
0 0.34296875 0.30703125 0.0296875 0.0546875
0 0.28203125 0.28984375 0.03984375 0.05390625
0 0.25546875 0.290625 0.04453125 0.0546875
0 0.228125 0.290625 0.04609375 0.0546875
0 0.20078125 0.29140625 0.04765625 0.0546875
0 0.17421875 0.29140625 0.05078125 0.0546875
0 0.146875 0.29140625 0.05390625 0.05546875
0 0.11796875 0.2921875 0.053125 0.0546875
0 0.29765625 0.41875 0.03671875 0.05625
0 0.27265625 0.41953125 0.0390625 0.05703125
0 0.24296875 0.42890625 0.03125 0.040625
0 0.24453125 0.38046875 0.04921875 0.05546875
0 0.2171875 0.4296875 0.03203125 0.040625
0 0.19140625 0.43046875 0.03359375 0.040625
0 0.16640625 0.43125 0.03359375 0.040625
0 0.140625 0.42578125 0.03515625 0.0546875
0 0.215625 0.38125 0.0453125 0.05625
0 0.190625 0.38203125 0.04765625 0.05625
0 0.1640625 0.3828125 0.0484375 0.05625
3 0.45078125 0.415625 0.02578125 0.009375
3 0.65625 0.30546875 0.03515625 0.0140625
3 0.62890625 0.30546875 0.034375 0.0140625
3 0.3328125 0.37421875 0.03203125 0.01796875
3 0.4203125 0.3734375 0.0296875 0.01796875
3 0.44921875 0.371875 0.02734375 0.01796875
3 0.478125 0.371875 0.02265625 0.01953125
3 0.51953125 0.3109375 0.00078125 0.01171875
3 0.53359375 0.30859375 0.02890625 0.0140625
3 0.5640625 0.30859375 0.03046875 0.0140625
3 0.47734375 0.41484375 0.02578125 0.009375
3 0.3390625 0.41953125 0.03203125 0.009375
3 0.50234375 0.4140625 0.01015625 0.00859375
0 0.628125 0.36171875 0.01796875 0.02421875
0 0.365625 0.36875 0.02109375 0.02578125
3 0.59921875 0.36796875 0.02890625 0.01484375
0 0.56640625 0.3625 0.01171875 0.025
0 0.5546875 0.36328125 0.01328125 0.0234375
0 0.54375 0.36328125 0.01328125 0.02421875
0 0.5546875 0.3515625 0.01328125 0.00859375
0 0.5296875 0.35234375 0.0109375 0.00859375
0 0.5296875 0.36640625 0.0109375 0.01953125
0 0.52109375 0.36640625 0.00546875 0.01875
0 0.5046875 0.3640625 0.00703125 0.025
0 0.521875 0.35234375 0.00390625 0.00859375
0 0.32421875 0.30859375 0.01328125 0.0203125
0 0.31328125 0.29921875 0.00859375 0.01015625
0 0.34609375 0.27578125 0.0125 0.00703125
0 0.3359375 0.27890625 0.01640625 0.0140625
0 0.3234375 0.284375 0.0171875 0.025
0 0.3828125 0.23046875 0.01640625 0.00703125
0 0.36953125 0.23046875 0.01484375 0.00703125
0 0.35703125 0.2390625 0.01484375 0.02421875
0 0.34453125 0.2390625 0.015625 0.02421875
0 0.33125 0.2390625 0.01640625 0.02421875
0 0.31953125 0.2390625 0.01640625 0.02421875
0 0.30703125 0.2390625 0.01171875 0.02421875
0 0.48515625 0.246875 0.01171875 0.0234375
0 0.4734375 0.246875 0.01171875 0.02421875
0 0.46328125 0.2484375 0.00703125 0.021875
0 0.46015625 0.22421875 0.0125 0.0234375
0 0.44765625 0.2234375 0.0125 0.02109375
0 0.4359375 0.2234375 0.01328125 0.02109375
0 0.4234375 0.2234375 0.01328125 0.02109375
3 0.965625 0.915625 0.06796875 0.14140625
3 0.740625 0.44921875 0.0234375 0.0046875