3 0.98203125 0.60078125 0.03515625 0.059375
3 0.984375 0.65546875 0.0296875 0.06875
3 0.99453125 0.884375 0.01015625 0.11171875
3 0.9875 0.72578125 0.02421875 0.08984375
3 0.43828125 0.69609375 0.06640625 0.1046875
3 0.65078125 0.25390625 0.04609375 0.03828125
3 0.64140625 0.27109375 0.03515625 0.04296875
3 0.5359375 0.409375 0.03359375 0.03828125
3 0.5765625 0.3640625 0.00546875 0.00625
3 0.58828125 0.35078125 0.01015625 0.0109375
3 0.359375 0.609375 0.08203125 0.09375
3 0.42578125 0.54140625 0.05546875 0.0765625
3 0.52265625 0.571875 0.05625 0.0765625
0 0.64296875 0.33359375 0.02734375 0.04140625
0 0.28828125 0.76796875 0.03046875 0.0546875
0 0.26796875 0.809375 0.0328125 0.06015625
0 0.2375 0.81875 0.03359375 0.07109375
0 0.17421875 0.91640625 0.0375 0.0734375
0 0.20625 0.85546875 0.034375 0.065625
3 0.6 0.4578125 0.04375 0.04375
3 0.559375 0.51953125 0.05 0.0546875
3 0.6265625 0.43046875 0.02421875 0.03984375
3 0.6421875 0.40625 0.0234375 0.03515625
3 0.47890625 0.553125 0.07421875 0.09921875
0 0.63046875 0.35859375 0.01015625 0.03828125
0 0.6140625 0.36875 0.02734375 0.03671875
0 0.6046875 0.375 0.03125 0.0484375
0 0.61640625 0.340625 0.03046875 0.03984375
0 0.5515625 0.42890625 0.01796875 0.05078125
0 0.55234375 0.46328125 0.01328125 0.04453125
0 0.5328125 0.4796875 0.02734375 0.04609375
0 0.515625 0.48671875 0.03828125 0.06640625
0 0.534375 0.44453125 0.02890625 0.05390625
0 0.4875 0.2859375 0.04453125 0.0703125
0 0.4765625 0.3015625 0.0234375 0.07421875
0 0.42734375 0.34453125 0.03046875 0.06875
0 0.45390625 0.32578125 0.02578125 0.0640625
0 0.43515625 0.26328125 0.0609375 0.09296875
0 0.40703125 0.278125 0.065625 0.09921875
0 0.37578125 0.29453125 0.07109375 0.103125
0 0.3390625 0.31640625 0.07578125 0.11484375
0 0.3984375 0.36640625 0.03359375 0.0734375
0 0.36484375 0.39140625 0.04140625 0.075
0 0.3125 0.40390625 0.078125 0.115625
0 0.19296875 0.45546875 0.1046875 0.15546875
0 0.128125 0.4984375 0.11953125 0.17421875
0 0.06015625 0.54765625 0.11953125 0.196875
0 0.01875 0.6296875 0.0375 0.09375
0 0.24921875 0.65390625 0.08203125 0.1203125
0 0.2015625 0.690625 0.090625 0.1546875
0 0.15546875 0.74453125 0.08515625 0.1703125
0 0.12265625 0.703125 0.10546875 0.15859375
0 0.0890625 0.84296875 0.10390625 0.11953125
0 0.03671875 0.9203125 0.0734375 0.128125
0 0.05625 0.76875 0.11171875 0.175
0 0.01796875 0.85390625 0.03515625 0.08046875
3 0.253125 0.42734375 0.05 0.034375
3 0.45 0.18046875 0.03515625 0.021875
3 0.42890625 0.1890625 0.0375 0.02421875
3 0.01484375 0.47109375 0.02890625 0.02578125
3 0.1921875 0.38203125 0.0609375 0.03203125
3 0.2375 0.36875 0.05546875 0.04140625
3 0.27890625 0.34375 0.04765625 0.04296875
3 0.30234375 0.2421875 0.046875 0.034375
3 0.33359375 0.2296875 0.046875 0.03125
3 0.36796875 0.21640625 0.040625 0.028125
3 0.2765625 0.4109375 0.01640625 0.03359375
3 0.15859375 0.3046875 0.0609375 0.05
3 0.1984375 0.28671875 0.05 0.0453125
0 0.075 0.43359375 0.05078125 0.04140625
0 0.359375 0.2484375 0.0140625 0.00703125
0 0.33125 0.2609375 0.0140625 0.00625
0 0.30546875 0.31328125 0.00859375 0.03046875
0 0.31796875 0.2671875 0.01484375 0.00859375
0 0.09609375 0.315625 0.04453125 0.05625
0 0.06796875 0.3265625 0.04609375 0.05859375
0 0.03984375 0.3390625 0.04609375 0.05859375
0 0.02421875 0.30078125 0.04765625 0.0609375
0 0.01640625 0.35703125 0.0328125 0.05
0 0.0078125 0.315625 0.015625 0.04375
0 0.05546875 0.1984375 0.05 0.05703125
0 0.02421875 0.20546875 0.0484375 0.0609375
0 0.0078125 0.21796875 0.015625 0.0453125
0 0.25546875 0.1640625 0.03359375 0.04296875
0 0.240625 0.16875 0.02734375 0.04375
0 0.1921875 0.184375 0.01171875 0.03671875
0 0.22421875 0.1765625 0.021875 0.03828125
0 0.21484375 0.14609375 0.02578125 0.028125
0 0.19296875 0.1515625 0.02734375 0.0296875
0 0.1703125 0.15703125 0.0296875 0.03046875
0 0.14296875 0.16171875 0.0375 0.03125
0 0.17890625 0.18828125 0.03125 0.04140625
0 0.15546875 0.19453125 0.034375 0.04375
0 0.1265625 0.19765625 0.04296875 0.053125
3 0.81015625 0.51640625 0.06640625 0.06640625