3 0.12734375 0.78359375 0.07421875 0.084375
3 0.0609375 0.57421875 0.12109375 0.05
3 0.04296875 0.61171875 0.0859375 0.07890625
3 0.17890625 0.653125 0.04140625 0.03671875
3 0.12109375 0.51875 0.08828125 0.02890625
3 0.103125 0.53203125 0.10234375 0.03828125
3 0.075 0.9328125 0.0859375 0.1265625
0 0.1578125 0.6140625 0.0171875 0.015625
0 0.15546875 0.61015625 0.02109375 0.01640625
0 0.16875 0.59921875 0.01953125 0.01875
0 0.16953125 0.58984375 0.01875 0.00703125
0 0.17421875 0.59609375 0.01796875 0.01171875
3 0.109375 0.70546875 0.06171875 0.06171875
0 0.03203125 0.7375 0.0640625 0.1125
0 0.034375 0.8125 0.06875 0.1234375
0 0.07421875 0.7703125 0.01953125 0.090625
0 0.0890625 0.74296875 0.01796875 0.08203125
0 0.046875 0.7046875 0.06640625 0.08671875
0 0.05234375 0.38671875 0.0765625 0.0640625
0 0.10546875 0.3921875 0.0125 0.0546875
0 0.12421875 0.39609375 0.01015625 0.0484375
0 0.11484375 0.39453125 0.01171875 0.0515625
0 0.08203125 0.340625 0.07265625 0.0609375
0 0.12109375 0.34921875 0.0109375 0.05078125
0 0.1296875 0.35390625 0.01015625 0.0484375
0 0.13671875 0.35703125 0.00859375 0.04453125
0 0.13203125 0.3984375 0.009375 0.04453125
0 0.1390625 0.4 0.00859375 0.04296875
0 0.1453125 0.40078125 0.0078125 0.040625
0 0.1484375 0.3890625 0.01484375 0.03671875
0 0.1625 0.390625 0.00390625 0.03359375
0 0.16640625 0.3921875 0.00546875 0.03203125
0 0.1703125 0.39375 0.0046875 0.03046875
0 0.1734375 0.3953125 0.0046875 0.0296875
0 0.17734375 0.396875 0.00390625 0.02890625
0 0.18046875 0.396875 0.00390625 0.028125
0 0.14140625 0.49375 0.03984375 0.028125
0 0.15 0.49375 0.03984375 0.034375
0 0.171875 0.49140625 0.0046875 0.03359375
0 0.15234375 0.4609375 0.03984375 0.034375
0 0.175 0.4890625 0.0046875 0.03203125
0 0.17890625 0.48671875 0.00390625 0.0296875
0 0.18203125 0.484375 0.00390625 0.02890625
0 0.184375 0.48203125 0.00390625 0.028125
0 0.15859375 0.45859375 0.034375 0.03046875
0 0.171875 0.45703125 0.01484375 0.0296875
0 0.165625 0.45625 0.03359375 0.028125
3 0.5078125 0.64765625 0.04453125 0.03828125
3 0.93984375 0.60703125 0.11875 0.08359375
3 0.83359375 0.5765625 0.14296875 0.0703125
3 0.43828125 0.53671875 0.02109375 0.01640625
3 0.484375 0.565625 0.04140625 0.02578125
3 0.50703125 0.5765625 0.04609375 0.028125
3 0.52421875 0.59296875 0.04375 0.03203125
3 0.565625 0.5078125 0.0609375 0.025
3 0.5984375 0.51640625 0.06796875 0.0296875
3 0.64375 0.53046875 0.07578125 0.03671875
3 0.64375 0.77734375 0.08046875 0.084375
3 0.53046875 0.66875 0.05 0.04453125
3 0.44453125 0.58984375 0.03125 0.021875
3 0.4828125 0.48671875 0.04375 0.01640625
3 0.49921875 0.49140625 0.04765625 0.01875
3 0.5640625 0.70234375 0.05859375 0.0546875
0 0.83203125 0.7640625 0.0921875 0.11328125
0 0.45546875 0.540625 0.015625 0.0265625
3 0.71875 0.853125 0.09921875 0.11328125
3 0.8078125 0.92890625 0.13203125 0.13984375
3 0.90078125 0.96796875 0.103125 0.06328125
3 0.73359375 0.7234375 0.10625 0.0734375
0 0.64609375 0.6515625 0.03671875 0.06484375
0 0.62890625 0.64375 0.04140625 0.0515625
0 0.6 0.63046875 0.01796875 0.0546875
0 0.63046875 0.5984375 0.04140625 0.05625
0 0.58984375 0.5796875 0.03671875 0.0484375
0 0.5890625 0.61953125 0.03671875 0.04453125
0 0.5640625 0.6109375 0.01328125 0.04140625
0 0.5515625 0.6015625 0.01171875 0.04375
0 0.575 0.5734375 0.034375 0.04609375
0 0.4703125 0.475 0.02265625 0.02421875
0 0.4640625 0.47421875 0.02109375 0.02421875
0 0.45 0.4734375 0.0046875 0.021875
0 0.4578125 0.45078125 0.02109375 0.0234375
0 0.4453125 0.471875 0.0046875 0.021875
0 0.440625 0.47109375 0.0046875 0.02109375
0 0.4359375 0.46953125 0.0046875 0.02109375
0 0.43125 0.46875 0.00390625 0.0203125
0 0.446875 0.45 0.00859375 0.021875
0 0.43984375 0.44921875 0.00390625 0.02109375
0 0.44140625 0.4484375 0.01640625 0.02109375
0 0.46953125 0.4015625 0.02109375 0.02421875
0 0.45546875 0.40234375 0.00546875 0.0234375
0 0.45 0.403125 0.00546875 0.0234375
0 0.4453125 0.40390625 0.0046875 0.021875
0 0.43984375 0.4046875 0.0046875 0.021875
0 0.43515625 0.40546875 0.00390625 0.02109375
0 0.43125 0.40546875 0.00390625 0.0203125
0 0.540625 0.40546875 0.03125 0.03359375
0 0.51953125 0.40625 0.01015625 0.03125
0 0.50078125 0.40859375 0.00859375 0.0296875
0 0.51484375 0.4078125 0.01953125 0.03046875
0 0.51875 0.3765625 0.0265625 0.03125
0 0.50078125 0.37890625 0.00859375 0.03046875
0 0.4921875 0.38046875 0.0078125 0.0296875
0 0.484375 0.38203125 0.00703125 0.028125
0 0.4921875 0.409375 0.0078125 0.028125
0 0.484375 0.409375 0.00703125 0.0265625
0 0.47734375 0.41015625 0.00625 0.02578125