2 0.7984375 0.88984375 0.23515625 0.21796875
3 0.94453125 0.81015625 0.1109375 0.115625
3 0.78125 0.39765625 0.0390625 0.015625
3 0.796875 0.40546875 0.04921875 0.0203125
3 0.9875 0.73515625 0.02265625 0.04921875
3 0.95546875 0.684375 0.08828125 0.0859375
3 0.92421875 0.625 0.10546875 0.05625
3 0.89453125 0.46875 0.09453125 0.04140625
3 0.86328125 0.44765625 0.07109375 0.02734375
3 0.8421875 0.43046875 0.059375 0.02109375
3 0.97734375 0.53828125 0.04375 0.053125
3 0.8640625 0.6703125 0.07734375 0.065625
0 0.77578125 0.46328125 0.01484375 0.02890625
0 0.77890625 0.47734375 0.00859375 0.02890625
0 0.79375 0.484375 0.02734375 0.0296875
0 0.80234375 0.490625 0.034375 0.03515625
0 0.79921875 0.459375 0.034375 0.0328125
0 0.85703125 0.51171875 0.04140625 0.0421875
0 0.83828125 0.54453125 0.01484375 0.0421875
0 0.84921875 0.55703125 0.01484375 0.04609375
0 0.88046875 0.57265625 0.0578125 0.05390625
0 0.87421875 0.52421875 0.05390625 0.05078125
0 0.93984375 0.35 0.05 0.05078125
0 0.95078125 0.35234375 0.03046875 0.05390625
0 0.990625 0.359375 0.01796875 0.0609375
0 0.97421875 0.35625 0.03515625 0.0578125
0 0.9828125 0.2984375 0.034375 0.05859375
0 0.99609375 0.309375 0.0078125 0.0390625
3 0.75703125 0.52578125 0.01171875 0.0234375
3 0.7671875 0.54296875 0.0125 0.0265625
3 0.828125 0.6171875 0.0609375 0.05
3 0.7953125 0.565625 0.04609375 0.034375
3 0.46640625 0.6671875 0.05234375 0.0640625
3 0.5453125 0.384375 0.0265625 0.0140625
3 0.5390625 0.38984375 0.02890625 0.015625
3 0.496875 0.4296875 0.05078125 0.02578125
3 0.509375 0.41640625 0.0390625 0.0203125
3 0.52421875 0.409375 0.0265625 0.0203125
3 0.32578125 0.965625 0.0765625 0.065625
3 0.44765625 0.49375 0.0609375 0.05078125
3 0.46015625 0.47109375 0.06953125 0.04140625
3 0.503125 0.58984375 0.040625 0.04140625
0 0.55 0.440625 0.0109375 0.02421875
0 0.39765625 0.66796875 0.0265625 0.02578125
0 0.39296875 0.6921875 0.02890625 0.034375
0 0.36953125 0.7015625 0.0296875 0.04765625
0 0.340625 0.76484375 0.0359375 0.04453125
0 0.35078125 0.72890625 0.03203125 0.0375
3 0.5375 0.5234375 0.0203125 0.0234375
3 0.5171875 0.5578125 0.03515625 0.03203125
3 0.546875 0.509375 0.0125 0.02265625
3 0.5515625 0.49609375 0.01171875 0.01953125
3 0.4875 0.54609375 0.05546875 0.04140625
0 0.54609375 0.45078125 0.00234375 0.0234375
0 0.5375 0.45546875 0.01171875 0.0234375
0 0.53125 0.459375 0.0203125 0.0265625
0 0.53515625 0.43359375 0.01953125 0.0265625
0 0.515625 0.46875 0.0109375 0.0328125
0 0.51953125 0.49609375 0.00390625 0.03046875
0 0.51484375 0.50390625 0.00390625 0.034375
0 0.49921875 0.51015625 0.02734375 0.0390625
0 0.50390625 0.47578125 0.0265625 0.034375
0 0.496875 0.3390625 0.0125 0.0375
0 0.49375 0.340625 0.00625 0.0390625
0 0.47890625 0.34453125 0.00859375 0.0421875
0 0.48671875 0.3421875 0.0078125 0.040625
0 0.4859375 0.3015625 0.00859375 0.04140625
0 0.47890625 0.3015625 0.00859375 0.04375
0 0.46953125 0.30078125 0.0109375 0.046875
0 0.4421875 0.30078125 0.04609375 0.05
0 0.46953125 0.346875 0.009375 0.04453125
0 0.459375 0.35 0.0109375 0.04921875
0 0.43828125 0.3515625 0.03203125 0.05390625
0 0.4125 0.3359375 0.01953125 0.0640625
0 0.39375 0.33828125 0.0234375 0.0703125
0 0.37109375 0.34140625 0.02890625 0.0765625
0 0.3421875 0.34609375 0.0359375 0.08515625
0 0.3078125 0.35 0.04453125 0.09609375
0 0.26328125 0.35546875 0.05859375 0.109375
0 0.17265625 0.3640625 0.14453125 0.1296875
0 0.4078125 0.5078125 0.03828125 0.0734375
0 0.4 0.52578125 0.02109375 0.07734375
0 0.3796875 0.5484375 0.02578125 0.08203125
0 0.35390625 0.48203125 0.07109375 0.08515625
0 0.3546875 0.57265625 0.03046875 0.09140625
0 0.32421875 0.6015625 0.03828125 0.103125
0 0.2875 0.6375 0.04921875 0.1203125
0 0.2078125 0.67578125 0.12421875 0.159375
0 0.32578125 0.49921875 0.08203125 0.09609375
0 0.2921875 0.521875 0.0921875 0.109375
0 0.25 0.54921875 0.1109375 0.12734375
3 0.19765625 0.584375 0.015625 0.03515625
3 0.13046875 0.5390625 0.05 0.040625
3 0.19765625 0.51484375 0.02890625 0.034375
3 0.225 0.48984375 0.04140625 0.015625
0 0.36328125 0.42890625 0.01796875 0.02109375
0 0.02109375 0.5859375 0.04140625 0.0625
3 0.3890625 0.4671875 0.00078125 0.00625
3 0.34375 0.43984375 0.0296875 0.009375
0 0.32421875 0.4421875 0.009375 0.0140625
0 0.30859375 0.446875 0.0234375 0.0125
0 0.30390625 0.45078125 0.0140625 0.0171875
0 0.3078125 0.434375 0.02265625 0.015625
0 0.29140625 0.44453125 0.0109375 0.0171875
0 0.2921875 0.45703125 0.0109375 0.0140625
0 0.2828125 0.46171875 0.01171875 0.01484375
0 0.2625 0.46796875 0.02734375 0.0234375
0 0.27421875 0.4484375 0.02578125 0.01796875
0 0.0453125 0.44765625 0.0328125 0.04609375
0 0.0328125 0.45546875 0.04140625 0.05078125
0 0.01015625 0.4625 0.0203125 0.046875
0 0.00546875 0.41875 0.0109375 0.04375
0 0.0328125 0.3265625 0.0140625 0.0421875
0 0.01640625 0.32734375 0.0328125 0.04453125
0 0.19375 0.29375 0.01953125 0.0109375
0 0.175 0.29296875 0.0203125 0.01171875
0 0.15859375 0.2921875 0.01484375 0.01171875
0 0.11015625 0.29140625 0.015625 0.01484375
0 0.09609375 0.3390625 0.02265625 0.03828125
3 0.67109375 0.509375 0.040625 0.02109375
3 0.4515625 0.44765625 0.015625 0.0078125