3 0.3796875 0.83671875 0.08828125 0.0703125
3 0.87578125 0.52578125 0.09765625 0.02421875
3 0.8171875 0.52578125 0.10234375 0.025
3 0.05 0.69921875 0.09921875 0.04453125
3 0.29921875 0.69296875 0.10546875 0.04375
3 0.384375 0.68828125 0.0859375 0.04140625
3 0.4671875 0.6875 0.06640625 0.04375
3 0.54765625 0.521875 0.06328125 0.0234375
3 0.6125 0.5234375 0.0671875 0.02109375
3 0.68203125 0.525 0.07109375 0.021875
3 0.69453125 0.815625 0.09765625 0.06015625
3 0.4609375 0.83125 0.07890625 0.06796875
3 0.0484375 0.8625 0.096875 0.0765625
3 0.28828125 0.515625 0.078125 0.02890625
3 0.3640625 0.5171875 0.07890625 0.0265625
3 0.55859375 0.8265625 0.08359375 0.065625
0 0.83359375 0.66015625 0.06328125 0.05390625
0 0.1359375 0.68046875 0.0828125 0.06953125
3 0.7734375 0.8109375 0.10546875 0.0546875
3 0.84765625 0.81171875 0.0828125 0.03984375
3 0.90703125 0.80546875 0.08359375 0.040625
3 0.7640625 0.67578125 0.09921875 0.0296875
0 0.69765625 0.66328125 0.02890625 0.05703125
0 0.66171875 0.6640625 0.046875 0.05703125
0 0.6375 0.66484375 0.0390625 0.059375
0 0.66015625 0.6140625 0.046875 0.0515625
0 0.60390625 0.615625 0.028125 0.053125
0 0.6046875 0.66875 0.02890625 0.05390625
0 0.5765625 0.66953125 0.02890625 0.05390625
0 0.54296875 0.6671875 0.0375 0.06015625
0 0.5703125 0.615625 0.03984375 0.053125
0 0.2203125 0.49921875 0.04921875 0.05625
0 0.178125 0.4984375 0.03984375 0.05703125
0 0.140625 0.4984375 0.040625 0.05703125
0 0.159375 0.440625 0.06953125 0.05703125
0 0.103125 0.496875 0.04140625 0.05859375
0 0.06484375 0.49609375 0.04296875 0.05859375
0 0.025 0.49453125 0.04453125 0.05859375
0 0.00390625 0.49296875 0.0078125 0.0609375
0 0.1078125 0.4390625 0.04140625 0.05859375
0 0.06953125 0.4375 0.04296875 0.05859375
0 0.03046875 0.4359375 0.04296875 0.059375
0 0.2359375 0.3359375 0.05703125 0.06484375
0 0.190625 0.3265625 0.03828125 0.05078125
0 0.1546875 0.32421875 0.03828125 0.0515625
0 0.11875 0.32109375 0.03984375 0.053125
0 0.08125 0.31796875 0.04140625 0.053125
0 0.04375 0.315625 0.04140625 0.05390625
0 0.01328125 0.3125 0.0265625 0.053125
0 0.48984375 0.36953125 0.02890625 0.0484375
0 0.46015625 0.36796875 0.0296875 0.0484375
0 0.39921875 0.36328125 0.03125 0.04921875
0 0.43046875 0.365625 0.03046875 0.0484375
0 0.43125 0.3171875 0.03046875 0.05078125
0 0.4 0.31484375 0.03046875 0.0515625
0 0.36953125 0.3125 0.03203125 0.053125
0 0.3375 0.309375 0.0328125 0.053125
0 0.36796875 0.36171875 0.0328125 0.04921875
0 0.3359375 0.35859375 0.0328125 0.04921875
0 0.30390625 0.35625 0.03359375 0.05