3 0.41484375 0.6859375 0.0765625 0.07578125
3 0.728125 0.40390625 0.04140625 0.01484375
3 0.69453125 0.40546875 0.059375 0.01484375
3 0.5328125 0.415625 0.0671875 0.02109375
3 0.57421875 0.41328125 0.0640625 0.0203125
3 0.62109375 0.41171875 0.05234375 0.0171875
3 0.05 0.82421875 0.1 0.12265625
3 0.325 0.42578125 0.07578125 0.03203125
3 0.390625 0.42265625 0.07578125 0.02890625
3 0.53828125 0.64140625 0.06796875 0.0578125
0 0.715625 0.4890625 0.03515625 0.034375
0 0.24609375 0.6 0.02109375 0.0296875
0 0.215625 0.6109375 0.02578125 0.0328125
0 0.1921875 0.60390625 0.0265625 0.04609375
0 0.11796875 0.63046875 0.0359375 0.0375
0 0.1609375 0.61484375 0.0296875 0.034375
3 0.65859375 0.59765625 0.059375 0.03203125
3 0.59453125 0.6234375 0.0640625 0.03828125
3 0.69765625 0.5875 0.0375 0.02734375
3 0.72265625 0.57734375 0.0359375 0.02421875
3 0.47734375 0.5546875 0.0703125 0.05
0 0.69609375 0.49609375 0.0125 0.0359375
0 0.67421875 0.4984375 0.0296875 0.0375
0 0.66015625 0.49921875 0.03515625 0.0390625
0 0.67421875 0.465625 0.034375 0.0375
0 0.5671875 0.48125 0.034375 0.04609375
0 0.575 0.52421875 0.01796875 0.04140625
0 0.55703125 0.52734375 0.01796875 0.04375
0 0.5296875 0.52734375 0.0359375 0.05234375
0 0.54921875 0.484375 0.0375 0.04921875
0 0.49921875 0.27578125 0.0234375 0.05234375
0 0.4734375 0.271875 0.02578125 0.05234375
0 0.41953125 0.26328125 0.0296875 0.05625
0 0.446875 0.26796875 0.02734375 0.05546875
0 0.44609375 0.215625 0.02890625 0.059375
0 0.4171875 0.209375 0.03046875 0.0625
0 0.38671875 0.2015625 0.0328125 0.06484375
0 0.35078125 0.19453125 0.04140625 0.0671875
0 0.3875 0.259375 0.0328125 0.05859375
0 0.35546875 0.25390625 0.0359375 0.06171875
0 0.31953125 0.24765625 0.040625 0.065625
0 0.22265625 0.2046875 0.053125 0.07578125
0 0.17109375 0.19453125 0.0578125 0.08046875
0 0.11640625 0.184375 0.0625 0.084375
0 0.05625 0.1734375 0.0703125 0.0890625
0 0.0140625 0.16484375 0.028125 0.0859375
0 0.23203125 0.4109375 0.05078125 0.065625
0 0.18359375 0.4125 0.05390625 0.06953125
0 0.1328125 0.41328125 0.05859375 0.07109375
0 0.1328125 0.340625 0.07421875 0.0734375
0 0.0765625 0.415625 0.065625 0.07578125
0 0.02578125 0.41640625 0.05078125 0.07734375
0 0.06875 0.3375 0.0671875 0.07734375
0 0.02109375 0.33671875 0.0421875 0.0796875
3 0.34765625 0.53046875 0.0359375 0.02265625
3 0.54765625 0.39609375 0.02109375 0.0078125
3 0.52109375 0.39609375 0.03203125 0.0078125
3 0.1734375 0.4890625 0.05546875 0.02265625
3 0.3109375 0.47578125 0.0375 0.01796875
3 0.34609375 0.47109375 0.0375 0.0171875
3 0.38046875 0.46875 0.03046875 0.015625
3 0.4109375 0.40078125 0.03046875 0.00859375
3 0.4375 0.4 0.03203125 0.00859375
3 0.465625 0.4 0.03046875 0.00859375
3 0.46953125 0.509375 0.0328125 0.0171875
3 0.37890625 0.52421875 0.03515625 0.0203125
3 0.18203125 0.5578125 0.053125 0.0296875
3 0.30234375 0.40234375 0.0328125 0.01171875
3 0.334375 0.40234375 0.03203125 0.0109375
3 0.41875 0.51875 0.03046875 0.01796875
0 0.52734375 0.44921875 0.01171875 0.01796875
0 0.23046875 0.4765625 0.03203125 0.02578125
3 0.49765625 0.50546875 0.0296875 0.0125
3 0.49765625 0.45625 0.0296875 0.00859375
0 0.47265625 0.4546875 0.0109375 0.01796875
0 0.4625 0.45546875 0.0109375 0.01953125
0 0.44921875 0.45703125 0.0140625 0.0203125
0 0.43671875 0.4578125 0.01171875 0.0203125
0 0.425 0.459375 0.01171875 0.0203125
0 0.4109375 0.46015625 0.015625 0.0203125
0 0.2640625 0.39609375 0.0171875 0.02578125
0 0.2265625 0.365625 0.02109375 0.02109375
0 0.20703125 0.365625 0.0203125 0.02109375
0 0.1875 0.36640625 0.02109375 0.02265625
0 0.1734375 0.36640625 0.00859375 0.02265625
0 0.259375 0.31484375 0.015625 0.02734375
0 0.2421875 0.3140625 0.0203125 0.02734375
0 0.2234375 0.31328125 0.01953125 0.02890625
0 0.20390625 0.3109375 0.02109375 0.02890625
0 0.184375 0.309375 0.02265625 0.0296875
0 0.1625 0.3078125 0.0234375 0.03046875
0 0.140625 0.29921875 0.02265625 0.01796875
0 0.3875 0.334375 0.0125 0.0234375
0 0.3734375 0.3328125 0.0125 0.0234375
0 0.34609375 0.33125 0.01484375 0.02421875
0 0.36015625 0.3328125 0.0140625 0.02421875
0 0.359375 0.3171875 0.0125 0.00625
0 0.3453125 0.315625 0.0140625 0.00625
0 0.33046875 0.315625 0.0140625 0.00625
0 0.3140625 0.3140625 0.015625 0.0078125
0 0.33046875 0.33046875 0.01484375 0.02421875
0 0.315625 0.32890625 0.015625 0.02421875
0 0.3 0.32890625 0.0171875 0.02578125
3 0.9578125 0.675 0.084375 0.0734375
3 0.61953125 0.49296875 0.034375 0.0140625