3 0.1109375 0.75078125 0.09140625 0.06015625
3 0.13125 0.465625 0.03359375 0.03828125
3 0.0875 0.44453125 0.06953125 0.05546875
3 0.02890625 0.4046875 0.05078125 0.06328125
3 0.1640625 0.6765625 0.05078125 0.0265625
3 0.1578125 0.49765625 0.0328125 0.01953125
3 0.15234375 0.49140625 0.02890625 0.02421875
3 0.08515625 0.83203125 0.053125 0.084375
0 0.159375 0.61015625 0.01484375 0.0109375
0 0.1671875 0.603125 0.01953125 0.01640625
0 0.17890625 0.60390625 0.00390625 0.01015625
3 0.03359375 0.9328125 0.0671875 0.13203125
3 0.12734375 0.6359375 0.0375 0.03359375
0 0.0453125 0.5765625 0.08984375 0.0796875
0 0.04296875 0.6546875 0.0859375 0.090625
0 0.09140625 0.64140625 0.015625 0.07421875
0 0.10390625 0.634375 0.01328125 0.06796875
0 0.09453125 0.5734375 0.01484375 0.06953125
0 0.12265625 0.30703125 0.0234375 0.04375
0 0.14453125 0.33359375 0.003125 0.034375
0 0.15390625 0.35390625 0.00546875 0.03515625
0 0.1484375 0.34296875 0.00625 0.0390625
0 0.1265625 0.2984375 0.05390625 0.0703125
0 0.15546875 0.31953125 0.00625 0.0515625
0 0.16015625 0.33125 0.00546875 0.04921875
0 0.16484375 0.3421875 0.00546875 0.0453125
0 0.15859375 0.3640625 0.00546875 0.03359375
0 0.16328125 0.3734375 0.0046875 0.03125
0 0.1671875 0.38203125 0.00390625 0.03046875
0 0.171875 0.38671875 0.00703125 0.03203125
0 0.18046875 0.39375 0.00078125 0.01484375
0 0.18203125 0.39765625 0.00234375 0.02109375
0 0.184375 0.40390625 0.00234375 0.0203125
0 0.18671875 0.40859375 0.00234375 0.01953125
0 0.1890625 0.4140625 0.00234375 0.01875
0 0.190625 0.41875 0.00234375 0.01796875
0 0.159375 0.48125 0.02421875 0.01640625
0 0.1765625 0.49296875 0.00078125 0.021875
0 0.178125 0.496875 0.003125 0.02890625
0 0.1625 0.465625 0.0359375 0.0359375
0 0.18125 0.4984375 0.00234375 0.028125
0 0.18359375 0.50078125 0.00234375 0.0265625
0 0.1859375 0.50234375 0.00234375 0.025
0 0.1875 0.50390625 0.00234375 0.02421875
0 0.18203125 0.471875 0.00234375 0.02890625
0 0.184375 0.4734375 0.003125 0.0296875
0 0.18671875 0.4765625 0.00234375 0.02890625
3 0.50546875 0.66953125 0.0453125 0.025
3 0.9234375 0.43515625 0.15234375 0.06328125
3 0.8015625 0.4578125 0.1140625 0.0453125
3 0.434375 0.5859375 0.021875 0.01015625
3 0.48203125 0.59375 0.040625 0.01484375
3 0.5046875 0.596875 0.0453125 0.015625
3 0.521875 0.6015625 0.04296875 0.01875
3 0.553125 0.50390625 0.03984375 0.01796875
3 0.58203125 0.4984375 0.03984375 0.01953125
3 0.63671875 0.490625 0.0703125 0.02421875
3 0.64609375 0.7375 0.0796875 0.053125
3 0.52890625 0.68046875 0.05078125 0.0296875
3 0.43984375 0.6390625 0.03203125 0.015625
3 0.4671875 0.51640625 0.01484375 0.01171875
3 0.496875 0.51328125 0.04609375 0.0140625
3 0.5640625 0.6984375 0.05859375 0.0359375
0 0.81953125 0.6359375 0.084375 0.07421875
0 0.45234375 0.58203125 0.0171875 0.0234375
3 0.721875 0.7765625 0.096875 0.06953125
3 0.81171875 0.81953125 0.12734375 0.09453125
3 0.92734375 0.8765625 0.14453125 0.13515625
3 0.728125 0.6390625 0.1 0.03359375
0 0.64375 0.609375 0.03515625 0.0484375
0 0.6171875 0.60703125 0.01953125 0.04375
0 0.5984375 0.60390625 0.0171875 0.04296875
0 0.6265625 0.565625 0.03984375 0.04140625
0 0.58671875 0.5640625 0.03515625 0.03671875
0 0.58671875 0.60078125 0.034375 0.0390625
0 0.56328125 0.59921875 0.01328125 0.03671875
0 0.55 0.596875 0.0125 0.0359375
0 0.5625 0.5640625 0.01328125 0.03515625
0 0.46796875 0.51171875 0.021875 0.0234375
0 0.45390625 0.51328125 0.00546875 0.021875
0 0.44765625 0.5140625 0.00546875 0.02109375
0 0.45625 0.49296875 0.0203125 0.021875
0 0.44296875 0.515625 0.00546875 0.02109375
0 0.4375 0.51640625 0.0046875 0.01953125
0 0.4328125 0.5171875 0.00390625 0.01953125
0 0.428125 0.51796875 0.00390625 0.01953125
0 0.44296875 0.49375 0.0046875 0.02109375
0 0.4375 0.49609375 0.0046875 0.02109375
0 0.4328125 0.496875 0.00390625 0.0203125
0 0.46640625 0.440625 0.0171875 0.021875
0 0.4546875 0.44375 0.00546875 0.0234375
0 0.44921875 0.446875 0.00546875 0.02109375
0 0.44375 0.44921875 0.0046875 0.02109375
0 0.43828125 0.45234375 0.00390625 0.01953125
0 0.43359375 0.45546875 0.00390625 0.01953125
0 0.42890625 0.45703125 0.00390625 0.01875
0 0.53671875 0.41796875 0.02890625 0.03125
0 0.5171875 0.421875 0.009375 0.03125
0 0.4984375 0.43125 0.0078125 0.028125
0 0.5078125 0.42734375 0.00859375 0.02890625
0 0.515625 0.40078125 0.02578125 0.03203125
0 0.49921875 0.40546875 0.00859375 0.03125
0 0.490625 0.4109375 0.00703125 0.02890625
0 0.4828125 0.41484375 0.00703125 0.028125
0 0.490625 0.4359375 0.00703125 0.0265625
0 0.4828125 0.4390625 0.00703125 0.02578125
0 0.47578125 0.44296875 0.00703125 0.02578125