2 0.340625 0.525 0.034375 0.10078125
3 0.14921875 0.63984375 0.07421875 0.04140625
3 0.225 0.51875 0.0375 0.0140625
3 0.1640625 0.5359375 0.06484375 0.01953125
3 0.14375 0.54609375 0.07421875 0.02421875
3 0.13046875 0.559375 0.05234375 0.02734375
3 0.0640625 0.43203125 0.12578125 0.0234375
3 0.0421875 0.42578125 0.084375 0.0296875
3 0.22578125 0.57890625 0.0375 0.0203125
3 0.1921875 0.4421875 0.01484375 0.0140625
3 0.15546875 0.43984375 0.05859375 0.015625
3 0.0796875 0.70390625 0.07890625 0.05859375
0 0.0328125 0.52421875 0.065625 0.059375
0 0.03359375 0.58046875 0.0671875 0.06484375
0 0.0765625 0.56953125 0.02109375 0.05625
0 0.09609375 0.5625 0.01953125 0.05234375
0 0.04765625 0.51953125 0.07734375 0.053125
0 0.09609375 0.30546875 0.06171875 0.053125
0 0.1328125 0.3171875 0.0140625 0.04453125
0 0.15625 0.33203125 0.0109375 0.03828125
0 0.14609375 0.325 0.0125 0.04140625
0 0.125 0.2859375 0.05234375 0.05078125
0 0.15546875 0.29765625 0.01171875 0.0421875
0 0.165625 0.30546875 0.0109375 0.040625
0 0.175 0.3125 0.009375 0.03828125
0 0.1671875 0.33828125 0.0109375 0.0359375
0 0.17578125 0.34453125 0.009375 0.034375
0 0.18515625 0.3484375 0.00859375 0.0328125
0 0.19296875 0.346875 0.02421875 0.0296875
0 0.20859375 0.35234375 0.00625 0.02734375
0 0.2140625 0.35546875 0.00625 0.0265625
0 0.21953125 0.36015625 0.00546875 0.0265625
0 0.225 0.36328125 0.00546875 0.02421875
0 0.22890625 0.36640625 0.00546875 0.02421875
0 0.234375 0.36953125 0.00390625 0.02265625
0 0.18984375 0.434375 0.03515625 0.02890625
0 0.2109375 0.43671875 0.00625 0.0265625
0 0.21640625 0.4375 0.00546875 0.02578125
0 0.203125 0.41171875 0.03203125 0.02734375
0 0.221875 0.43828125 0.00546875 0.02578125
0 0.2265625 0.4390625 0.00390625 0.02421875
0 0.23125 0.4390625 0.00546875 0.0234375
0 0.2359375 0.440625 0.00390625 0.0234375
0 0.22109375 0.4125 0.00625 0.02578125
0 0.22578125 0.41484375 0.00546875 0.0234375
0 0.23046875 0.41640625 0.00390625 0.02421875
3 0.0265625 0.765625 0.053125 0.07265625
3 0.49296875 0.59765625 0.0390625 0.02578125
3 0.80078125 0.3890625 0.20625 0.0671875
3 0.690625 0.40859375 0.13046875 0.04453125
3 0.50625 0.440625 0.0171875 0.015625
3 0.5390625 0.4375 0.04609375 0.01953125
3 0.56953125 0.4328125 0.06484375 0.02265625
3 0.459375 0.559375 0.0265625 0.01484375
3 0.47578125 0.44609375 0.0359375 0.0109375
3 0.48046875 0.44453125 0.03203125 0.0109375
3 0.515625 0.63515625 0.03828125 0.03828125
0 0.7640625 0.6546875 0.109375 0.12265625
0 0.4671875 0.51640625 0.003125 0.0078125
0 0.4734375 0.509375 0.0109375 0.00546875
0 0.46484375 0.5125 0.00625 0.00546875
3 0.60546875 0.74765625 0.06953125 0.084375
3 0.553125 0.67109375 0.065625 0.04765625
3 0.66953125 0.81796875 0.10859375 0.11953125
3 0.77734375 0.915625 0.1890625 0.165625
3 0.49296875 0.534375 0.02890625 0.0203125
0 0.67265625 0.60546875 0.06953125 0.08515625
0 0.6265625 0.5953125 0.0234375 0.07109375
0 0.60546875 0.5828125 0.01953125 0.06796875
0 0.64765625 0.5328125 0.0625 0.06953125
0 0.53828125 0.50390625 0.0359375 0.040625
0 0.5390625 0.5421875 0.03515625 0.0390625
0 0.5171875 0.5375 0.0078125 0.0390625
0 0.5109375 0.534375 0.00625 0.0375
0 0.52890625 0.5015625 0.0296875 0.0375
0 0.5109375 0.34609375 0.0296875 0.0296875
0 0.49296875 0.3515625 0.00546875 0.03046875
0 0.4828125 0.36015625 0.00390625 0.0265625
0 0.4875 0.35546875 0.00546875 0.02890625
0 0.49921875 0.32890625 0.0265625 0.034375
0 0.4828125 0.334375 0.00390625 0.0296875
0 0.47890625 0.3390625 0.00390625 0.0296875
0 0.475 0.34375 0.003125 0.02734375
0 0.47890625 0.3640625 0.00390625 0.02578125
0 0.475 0.3671875 0.003125 0.02421875
0 0.47109375 0.37109375 0.003125 0.0234375
0 0.4671875 0.36875 0.0109375 0.02265625
0 0.46015625 0.37109375 0.003125 0.02109375
0 0.4578125 0.3734375 0.00234375 0.01953125
0 0.45546875 0.3765625 0.00234375 0.01953125
0 0.45234375 0.37890625 0.00234375 0.01953125
0 0.45 0.38046875 0.00234375 0.0171875
0 0.44765625 0.38359375 0.00234375 0.015625
0 0.47265625 0.434375 0.0203125 0.0109375
0 0.46015625 0.44140625 0.003125 0.02109375
0 0.4578125 0.44140625 0.00234375 0.02109375
0 0.465625 0.4203125 0.01796875 0.02109375
0 0.45546875 0.4421875 0.00234375 0.0203125
0 0.45234375 0.4421875 0.00234375 0.0203125
0 0.45 0.44296875 0.00234375 0.0203125
0 0.44765625 0.44375 0.00234375 0.01953125
0 0.45546875 0.421875 0.00234375 0.0203125
0 0.45234375 0.42265625 0.00234375 0.0203125
0 0.45 0.4234375 0.00234375 0.01953125
3 0.7046875 0.57109375 0.04140625 0.01796875
3 0.990625 0.43125 0.01796875 0.01796875
3 0.62265625 0.5015625 0.0234375 0.0078125
3 0.6890625 0.5109375 0.01953125 0.0125
3 0.70546875 0.51484375 0.0421875 0.0125
3 0.7328125 0.5203125 0.04609375 0.01484375
3 0.86171875 0.62578125 0.07421875 0.03203125
3 0.73203125 0.58046875 0.046875 0.0203125
3 0.61171875 0.54453125 0.00234375 0.0078125
3 0.77265625 0.59453125 0.05546875 0.0234375
0 0.6421875 0.49453125 0.0171875 0.00859375
3 0.940625 0.653125 0.09375 0.0421875
3 0.98359375 0.66953125 0.0328125 0.034375
3 0.9515625 0.5546875 0.096875 0.025
0 0.875 0.53046875 0.02421875 0.0359375
0 0.83125 0.52734375 0.009375 0.03046875
0 0.81796875 0.525 0.01953125 0.0328125
0 0.84609375 0.49609375 0.0359375 0.03046875
0 0.8015625 0.49375 0.0328125 0.0296875
0 0.80078125 0.52265625 0.03203125 0.0296875
0 0.77734375 0.51953125 0.015625 0.02890625
0 0.7625 0.5171875 0.0140625 0.02890625
0 0.77890625 0.4921875 0.0171875 0.02890625
0 0.64609375 0.42578125 0.01796875 0.015625
0 0.6328125 0.4328125 0.00625 0.00546875
0 0.62578125 0.42734375 0.00546875 0.01484375
0 0.66171875 0.384375 0.01953125 0.0203125
0 0.6484375 0.38671875 0.0078125 0.0203125
0 0.640625 0.3890625 0.00625 0.01796875
0 0.634375 0.390625 0.00625 0.0171875
0 0.62890625 0.3921875 0.00390625 0.01796875
0 0.6140625 0.39609375 0.00234375 0.015625
0 0.746875 0.3671875 0.02734375 0.015625
0 0.7265625 0.37109375 0.0125 0.015625
0 0.70390625 0.37734375 0.0109375 0.015625
0 0.71484375 0.37421875 0.0109375 0.01484375
0 0.72265625 0.35546875 0.02578125 0.02578125
0 0.70390625 0.359375 0.0109375 0.02421875
0 0.69453125 0.3625 0.009375 0.02421875
0 0.684375 0.365625 0.009375 0.02265625
0 0.69453125 0.37890625 0.009375 0.0140625
0 0.684375 0.38203125 0.00859375 0.0125
0 0.67578125 0.384375 0.00859375 0.0140625
3 0.16171875 0.91328125 0.21484375 0.1734375