3 0.4078125 0.69765625 0.09765625 0.046875
3 0.6765625 0.484375 0.01953125 0.0171875
3 0.64921875 0.47578125 0.04140625 0.0203125
3 0.52890625 0.4265625 0.05390625 0.0296875
3 0.56484375 0.44140625 0.0421875 0.02578125
3 0.60078125 0.45546875 0.0296875 0.0234375
3 0.3375 0.3375 0.0875 0.065625
3 0.409375 0.36796875 0.0671875 0.053125
3 0.53125 0.6734375 0.0734375 0.034375
0 0.6703125 0.56171875 0.0234375 0.02734375
0 0.21328125 0.5375 0.02890625 0.0203125
0 0.17578125 0.53359375 0.03046875 0.02421875
0 0.1375 0.52578125 0.034375 0.034375
0 0.02421875 0.521875 0.0484375 0.028125
0 0.0890625 0.52734375 0.0390625 0.02421875
3 0.63046875 0.653125 0.05546875 0.01953125
3 0.5796875 0.6640625 0.0640625 0.02421875
3 0.6625 0.6484375 0.0296875 0.01796875
3 0.6796875 0.6453125 0.02734375 0.015625
3 0.47578125 0.55234375 0.08046875 0.02578125
0 0.65546875 0.559375 0.00859375 0.0296875
0 0.64609375 0.5578125 0.009375 0.03046875
0 0.6265625 0.55703125 0.03203125 0.0328125
0 0.634375 0.52734375 0.03046875 0.0328125
0 0.5640625 0.509375 0.0140625 0.04140625
0 0.5640625 0.5484375 0.0140625 0.0390625
0 0.54921875 0.54765625 0.015625 0.04140625
0 0.521875 0.54453125 0.0390625 0.04453125
0 0.53828125 0.50546875 0.0359375 0.04375
0 0.49921875 0.284375 0.01953125 0.046875
0 0.47890625 0.26953125 0.02109375 0.05078125
0 0.4328125 0.23671875 0.02578125 0.05625
0 0.45703125 0.253125 0.02265625 0.053125
0 0.45703125 0.2125 0.02265625 0.0609375
0 0.43359375 0.19296875 0.02421875 0.06484375
0 0.40703125 0.17109375 0.02890625 0.0703125
0 0.3703125 0.14765625 0.046875 0.07421875
0 0.40625 0.2171875 0.02734375 0.059375
0 0.3765625 0.19609375 0.03203125 0.06484375
0 0.3375 0.17265625 0.04921875 0.0703125
0 0.24765625 0.07734375 0.05078125 0.0859375
0 0.1953125 0.0421875 0.059375 0.084375
0 0.13671875 0.02265625 0.0671875 0.0453125
0 0.2328125 0.28125 0.05546875 0.084375
0 0.17734375 0.25625 0.0625 0.09375
0 0.1125 0.2265625 0.07578125 0.10390625
0 0.11796875 0.1515625 0.07421875 0.1140625
0 0.040625 0.1921875 0.08046875 0.11484375
0 0.04453125 0.1109375 0.08828125 0.12734375
0 0.003125 0.078125 0.00625 0.0734375
3 0.27421875 0.640625 0.046875 0.015625
3 0.490625 0.52265625 0.0234375 0.00859375
3 0.4671875 0.51875 0.0296875 0.01171875
3 0.35703125 0.50234375 0.03515625 0.0125
3 0.3890625 0.50703125 0.02734375 0.01171875
3 0.4171875 0.5109375 0.02734375 0.01171875
3 0.41484375 0.63046875 0.0359375 0.0125
3 0.3140625 0.6390625 0.0421875 0.01484375
3 0.0375 0.65859375 0.075 0.0234375
3 0.234375 0.48125 0.0421875 0.01796875
3 0.27265625 0.4875 0.0375 0.0171875
3 0.3578125 0.63515625 0.04140625 0.0125
3 0.44609375 0.62890625 0.0328125 0.00859375
3 0.47109375 0.6265625 0.02265625 0.00859375
3 0.490625 0.62578125 0.0234375 0.00859375
0 0.36015625 0.54453125 0.003125 0.02109375
0 0.18515625 0.46640625 0.0234375 0.03046875
0 0.1625 0.4625 0.02421875 0.03203125
0 0.1375 0.45859375 0.0265625 0.034375
0 0.13984375 0.428125 0.0265625 0.03515625
0 0.1125 0.45390625 0.02890625 0.034375
0 0.084375 0.45 0.03046875 0.0359375
0 0.0546875 0.4453125 0.0328125 0.0375
0 0.0234375 0.4390625 0.0359375 0.040625
0 0.1140625 0.4234375 0.02890625 0.0359375
0 0.0875 0.4171875 0.0296875 0.03828125
0 0.0578125 0.4109375 0.0328125 0.0390625
0 0.1921875 0.37890625 0.02265625 0.03046875
0 0.16953125 0.37265625 0.02421875 0.03203125
0 0.146875 0.365625 0.02578125 0.0328125
0 0.12109375 0.35859375 0.02734375 0.034375
0 0.09453125 0.35078125 0.0296875 0.0359375
0 0.065625 0.34296875 0.03203125 0.0375
0 0.0359375 0.33359375 0.034375 0.0390625
0 0.33671875 0.42890625 0.0140625 0.02421875
0 0.321875 0.425 0.0140625 0.0265625
0 0.2953125 0.41796875 0.009375 0.02578125
0 0.30703125 0.42109375 0.015625 0.02578125
0 0.3078125 0.40546875 0.01484375 0.0109375
0 0.29609375 0.40234375 0.00859375 0.0109375
0 0.278125 0.396875 0.00078125 0.00859375
0 0.25390625 0.390625 0.0171875 0.0125
0 0.27734375 0.4140625 0.003125 0.0234375
0 0.25546875 0.4078125 0.01484375 0.02734375
0 0.2375 0.403125 0.02265625 0.0296875
3 0.9109375 0.6421875 0.1078125 0.02734375
3 0.565625 0.6109375 0.03046875 0.00859375