2 0.07578125 0.603125 0.13828125 0.246875
3 0.44296875 0.6265625 0.0625 0.046875
3 0.98203125 0.428125 0.03515625 0.03046875
3 0.9171875 0.428125 0.15234375 0.03125
3 0.54765625 0.42421875 0.06640625 0.02109375
3 0.603125 0.42578125 0.07421875 0.021875
3 0.68125 0.428125 0.0796875 0.02421875
3 0.303125 0.5828125 0.0546875 0.03203125
3 0.38984375 0.4203125 0.06171875 0.01640625
3 0.425 0.421875 0.0640625 0.01796875
3 0.55 0.6625 0.06796875 0.06015625
0 0.97734375 0.6125 0.04375 0.084375
0 0.36796875 0.51796875 0.01640625 0.01171875
0 0.35390625 0.51796875 0.01640625 0.0140625
0 0.3515625 0.5109375 0.01640625 0.01875
0 0.328125 0.5125 0.01640625 0.01171875
0 0.340625 0.51171875 0.0109375 0.01328125
3 0.78515625 0.73515625 0.1015625 0.09296875
3 0.63359375 0.6890625 0.071875 0.07109375
3 0.89140625 0.76796875 0.125 0.10625
3 0.965625 0.79140625 0.06796875 0.09375
3 0.4859375 0.54375 0.0640625 0.03984375
0 0.8828125 0.5953125 0.0515625 0.08125
0 0.83359375 0.58671875 0.05546875 0.0796875
0 0.7921875 0.58046875 0.05078125 0.07578125
0 0.8359375 0.53203125 0.06015625 0.0734375
0 0.59296875 0.50390625 0.03359375 0.05390625
0 0.5921875 0.54921875 0.03359375 0.0546875
0 0.56328125 0.5484375 0.02421875 0.04609375
0 0.53984375 0.53984375 0.02265625 0.05390625
0 0.56796875 0.50078125 0.03203125 0.0515625
0 0.5046875 0.29375 0.03515625 0.0453125
0 0.47578125 0.296875 0.02109375 0.04453125
0 0.43671875 0.303125 0.01875 0.040625
0 0.45546875 0.3 0.01953125 0.04296875
0 0.46328125 0.25859375 0.03515625 0.0453125
0 0.4359375 0.26171875 0.01875 0.04453125
0 0.4171875 0.265625 0.01796875 0.04296875
0 0.4 0.26875 0.0171875 0.04140625
0 0.41796875 0.30546875 0.01796875 0.040625
0 0.40078125 0.3078125 0.01640625 0.03984375
0 0.384375 0.31015625 0.01640625 0.0390625
0 0.3578125 0.3015625 0.03515625 0.0390625
0 0.33359375 0.303125 0.01484375 0.03515625
0 0.31953125 0.30546875 0.01328125 0.034375
0 0.30703125 0.30703125 0.01328125 0.034375
0 0.29453125 0.309375 0.01328125 0.03359375
0 0.28203125 0.3109375 0.0125 0.03125
0 0.27109375 0.31328125 0.01171875 0.03125
0 0.359375 0.40859375 0.03359375 0.034375
0 0.3359375 0.40859375 0.01484375 0.034375
0 0.32265625 0.40859375 0.01328125 0.03203125
0 0.33203125 0.37578125 0.034375 0.03203125
0 0.31015625 0.40859375 0.01328125 0.03203125
0 0.29765625 0.40859375 0.01328125 0.03046875
0 0.2859375 0.40859375 0.0125 0.03046875
0 0.275 0.40859375 0.01171875 0.0296875
0 0.30859375 0.3765625 0.01328125 0.03203125
0 0.29609375 0.3765625 0.01328125 0.03125
0 0.284375 0.37734375 0.0125 0.03046875
3 0.8265625 0.41328125 0.04765625 0.0109375
3 0.77890625 0.41328125 0.04765625 0.0109375
3 0.459375 0.46484375 0.0296875 0.0109375
3 0.53046875 0.471875 0.03125 0.01171875
3 0.55703125 0.47265625 0.03203125 0.01171875
3 0.584375 0.47265625 0.028125 0.00859375
3 0.6171875 0.41171875 0.0265625 0.0046875
3 0.6484375 0.4140625 0.03515625 0.009375
3 0.68515625 0.41171875 0.03515625 0.00546875
3 0.684375 0.5421875 0.03515625 0.02109375
3 0.4609375 0.509375 0.02890625 0.0140625
3 0.52734375 0.4125 0.02578125 0.00859375
3 0.54921875 0.4109375 0.02890625 0.0046875
3 0.62265625 0.53359375 0.02734375 0.01875
0 0.77890625 0.484375 0.02890625 0.02890625
0 0.48515625 0.46171875 0.01875 0.01953125
3 0.73046875 0.5484375 0.03984375 0.0234375
3 0.75859375 0.553125 0.01953125 0.0203125
3 0.734375 0.4875 0.03984375 0.015625
0 0.6875 0.4765625 0.01484375 0.02578125
0 0.6734375 0.4765625 0.01484375 0.021875
0 0.659375 0.47421875 0.0140625 0.025
0 0.67421875 0.4609375 0.01484375 0.009375
0 0.6421875 0.45859375 0.01484375 0.00859375
0 0.6421875 0.4734375 0.01484375 0.0234375
0 0.628125 0.4734375 0.0125 0.02109375
0 0.615625 0.47109375 0.0125 0.02421875
0 0.62890625 0.45859375 0.0125 0.009375
0 0.50234375 0.40625 0.0078125 0.01875
0 0.49296875 0.40625 0.009375 0.01875
0 0.48359375 0.40703125 0.00859375 0.01796875
0 0.48671875 0.38828125 0.01484375 0.01875
0 0.475 0.40703125 0.00859375 0.01796875
0 0.465625 0.40625 0.00859375 0.01640625
0 0.45703125 0.40625 0.00859375 0.01640625
0 0.4484375 0.40546875 0.00859375 0.0140625
0 0.47421875 0.38828125 0.00859375 0.01796875
0 0.465625 0.38828125 0.00859375 0.01796875
0 0.45703125 0.38828125 0.00859375 0.01796875
0 0.50234375 0.3484375 0.00703125 0.01796875
0 0.49375 0.34921875 0.009375 0.01796875
0 0.484375 0.35 0.00859375 0.01640625
0 0.475 0.35078125 0.00859375 0.01796875
0 0.465625 0.35078125 0.00859375 0.01640625
0 0.45703125 0.3515625 0.0078125 0.01640625
0 0.4484375 0.35234375 0.00859375 0.015625
0 0.5953125 0.35 0.01171875 0.021875
0 0.5828125 0.35078125 0.01171875 0.02109375
0 0.559375 0.35234375 0.0109375 0.02109375
0 0.57109375 0.3515625 0.01171875 0.0203125
0 0.5734375 0.33671875 0.01484375 0.00703125
0 0.559375 0.33828125 0.0109375 0.00625
0 0.5484375 0.3390625 0.0109375 0.00625
0 0.5375 0.340625 0.01015625 0.00625
0 0.5484375 0.353125 0.01015625 0.0203125
0 0.5375 0.35390625 0.01015625 0.0203125
0 0.52734375 0.35390625 0.01015625 0.01953125
3 0.9359375 0.5921875 0.0453125 0.0359375