3 0.41015625 0.7234375 0.05859375 0.06328125
3 0.75078125 0.47265625 0.06484375 0.02109375
3 0.71484375 0.475 0.06484375 0.021875
3 0.10625 0.66796875 0.12109375 0.06796875
3 0.34296875 0.6359375 0.06875 0.0546875
3 0.40859375 0.62265625 0.06015625 0.04921875
3 0.46796875 0.615625 0.05390625 0.05
3 0.52421875 0.49140625 0.05546875 0.02890625
3 0.56796875 0.48828125 0.0625 0.02578125
3 0.61796875 0.48515625 0.06015625 0.02421875
3 0.61953125 0.678125 0.06171875 0.04921875
3 0.46484375 0.7109375 0.059375 0.05859375
3 0.12109375 0.7859375 0.11484375 0.0859375
3 0.33046875 0.50546875 0.06328125 0.03671875
3 0.3875 0.5015625 0.0546875 0.03515625
3 0.5328125 0.6984375 0.05546875 0.0546875
0 0.71640625 0.56640625 0.0375 0.0390625
0 0.20703125 0.640625 0.0625 0.06171875
3 0.66953125 0.66953125 0.0625 0.03984375
3 0.715625 0.66484375 0.04609375 0.0296875
3 0.75 0.65703125 0.04609375 0.02890625
3 0.67109375 0.5828125 0.06328125 0.02890625
0 0.62890625 0.57890625 0.01796875 0.0484375
0 0.60390625 0.58203125 0.03203125 0.04609375
0 0.5890625 0.58359375 0.02578125 0.04921875
0 0.6046875 0.546875 0.0328125 0.0453125
0 0.56171875 0.5515625 0.03046875 0.0484375
0 0.56640625 0.59375 0.01953125 0.0390625
0 0.546875 0.59609375 0.0203125 0.0390625
0 0.521875 0.59296875 0.02890625 0.053125
0 0.54140625 0.55390625 0.03046875 0.04921875
0 0.26640625 0.49453125 0.04140625 0.0546875
0 0.234375 0.496875 0.04453125 0.05625
0 0.196875 0.5015625 0.0359375 0.05
0 0.2015625 0.4515625 0.05234375 0.053125
0 0.1625 0.50390625 0.03828125 0.05078125
0 0.12734375 0.50625 0.03984375 0.053125
0 0.08984375 0.50859375 0.04140625 0.05390625
0 0.0515625 0.50703125 0.04375 0.06171875
0 0.1640625 0.45234375 0.0484375 0.053125
0 0.13203125 0.453125 0.05703125 0.0546875
0 0.09296875 0.4546875 0.05703125 0.05546875
0 0.26171875 0.34921875 0.04296875 0.0515625
0 0.22421875 0.3484375 0.03671875 0.0515625
0 0.18984375 0.346875 0.0375 0.053125
0 0.1546875 0.3453125 0.0390625 0.05390625
0 0.1171875 0.34453125 0.0421875 0.05546875
0 0.07890625 0.34296875 0.04296875 0.05625
0 0.0390625 0.34140625 0.0453125 0.05859375
0 0.484375 0.37421875 0.0234375 0.04296875
0 0.4609375 0.3734375 0.02421875 0.04375
0 0.4109375 0.37265625 0.0265625 0.0453125
0 0.43671875 0.3734375 0.025 0.04453125
0 0.4359375 0.32890625 0.02578125 0.04453125
0 0.41015625 0.32734375 0.0265625 0.0453125
0 0.3828125 0.32578125 0.02734375 0.04609375
0 0.35546875 0.32421875 0.02890625 0.046875
0 0.384375 0.371875 0.02734375 0.04609375
0 0.3578125 0.371875 0.0296875 0.046875
0 0.32890625 0.3703125 0.0296875 0.0484375
3 0.94609375 0.69140625 0.08984375 0.06796875