2 0.17265625 0.58125 0.109375 0.19453125
3 0.4546875 0.58359375 0.05234375 0.05078125
3 0.9375 0.54453125 0.12421875 0.0890625
3 0.8390625 0.51796875 0.10625 0.0765625
3 0.54140625 0.44140625 0.06015625 0.04609375
3 0.58828125 0.45390625 0.06640625 0.04921875
3 0.64921875 0.47265625 0.06796875 0.05078125
3 0.33828125 0.52265625 0.04609375 0.0359375
3 0.4078125 0.40859375 0.05546875 0.034375
3 0.43671875 0.41640625 0.05625 0.03671875
3 0.540625 0.63125 0.05703125 0.06484375
0 0.88984375 0.678125 0.07265625 0.096875
0 0.390625 0.48046875 0.0140625 0.01328125
0 0.378125 0.4796875 0.01328125 0.01484375
0 0.3765625 0.4703125 0.0140625 0.01875
0 0.35703125 0.46875 0.01328125 0.0140625
0 0.36953125 0.46953125 0.01328125 0.0140625
3 0.71484375 0.721875 0.06953125 0.09453125
3 0.60546875 0.665625 0.06171875 0.075
3 0.78984375 0.76015625 0.08203125 0.10703125
3 0.87421875 0.80390625 0.10234375 0.1234375
3 0.48984375 0.52890625 0.05546875 0.053125
0 0.796875 0.63671875 0.04140625 0.08125
0 0.7625 0.6234375 0.03828125 0.0796875
0 0.73203125 0.6109375 0.03515625 0.07578125
0 0.76953125 0.58203125 0.040625 0.07890625
0 0.57734375 0.515625 0.03125 0.05859375
0 0.57578125 0.553125 0.03046875 0.053125
0 0.55078125 0.55078125 0.01953125 0.040625
0 0.53203125 0.534375 0.01953125 0.05625
0 0.55703125 0.50859375 0.03046875 0.05625
0 0.5046875 0.325 0.0328125 0.04453125
0 0.4859375 0.3234375 0.03203125 0.04453125
0 0.44453125 0.32109375 0.0171875 0.03828125
0 0.4609375 0.3234375 0.0171875 0.0390625
0 0.46796875 0.284375 0.03359375 0.040625
0 0.45078125 0.2828125 0.03125 0.03984375
0 0.43203125 0.28125 0.0265625 0.0390625
0 0.41875 0.28125 0.03046875 0.03828125
0 0.428125 0.31875 0.01640625 0.0359375
0 0.41328125 0.3171875 0.01640625 0.0359375
0 0.39921875 0.31328125 0.015625 0.03828125
0 0.37578125 0.296875 0.03203125 0.0359375
0 0.35859375 0.2953125 0.02421875 0.03515625
0 0.35 0.29453125 0.0296875 0.034375
0 0.33828125 0.29375 0.02890625 0.03359375
0 0.32578125 0.2921875 0.02578125 0.03203125
0 0.3140625 0.29140625 0.02421875 0.03203125
0 0.30546875 0.290625 0.0265625 0.03046875
0 0.38046875 0.390625 0.03046875 0.03828125
0 0.365625 0.38671875 0.02578125 0.0390625
0 0.3484375 0.3875 0.01328125 0.03046875
0 0.3546875 0.35625 0.03125 0.0359375
0 0.33671875 0.384375 0.0125 0.0296875
0 0.3265625 0.38203125 0.0125 0.02890625
0 0.315625 0.37890625 0.01171875 0.02890625
0 0.30625 0.375 0.01171875 0.03125
0 0.34140625 0.35390625 0.02734375 0.03515625
0 0.33125 0.3515625 0.0265625 0.034375
0 0.3203125 0.34921875 0.0265625 0.03359375
3 0.82578125 0.37421875 0.04921875 0.021875
3 0.78203125 0.36875 0.04375 0.0203125
3 0.475 0.38125 0.02734375 0.01484375
3 0.5421875 0.396875 0.02734375 0.01796875
3 0.56640625 0.40078125 0.03046875 0.01875
3 0.59140625 0.40703125 0.02734375 0.02109375
3 0.62734375 0.3484375 0.03046875 0.0140625
3 0.65546875 0.353125 0.03515625 0.01484375
3 0.690625 0.35859375 0.03515625 0.01484375
3 0.6890625 0.48125 0.01328125 0.02421875
3 0.47890625 0.41875 0.02265625 0.00859375
3 0.54140625 0.33828125 0.02421875 0.0109375
3 0.56015625 0.34140625 0.02890625 0.01171875
0 0.77578125 0.43828125 0.02890625 0.03359375
0 0.49765625 0.38203125 0.01484375 0.021875
3 0.7203125 0.48046875 0.025 0.00859375
3 0.76015625 0.4921875 0.03671875 0.0140625
3 0.78203125 0.49765625 0.0078125 0.00625
3 0.7328125 0.434375 0.03671875 0.025
0 0.68984375 0.41953125 0.01640625 0.0296875
0 0.67578125 0.41953125 0.01640625 0.02421875
0 0.6625 0.4140625 0.01484375 0.02890625
0 0.67734375 0.4015625 0.015625 0.01796875
0 0.64765625 0.3953125 0.015625 0.01640625
0 0.64609375 0.41171875 0.01640625 0.02578125
0 0.6328125 0.4109375 0.0125 0.021875
0 0.62109375 0.40625 0.01328125 0.0265625
0 0.63359375 0.39375 0.0125 0.01640625
0 0.52265625 0.33046875 0.00234375 0.01953125
0 0.51796875 0.2734375 0.01171875 0.01953125
0 0.51015625 0.27265625 0.01484375 0.01953125
0 0.49921875 0.27265625 0.01171875 0.01953125
0 0.48984375 0.27265625 0.01015625 0.01953125
0 0.6078125 0.28671875 0.01640625 0.0234375
0 0.5953125 0.2859375 0.0140625 0.0234375
0 0.57109375 0.28515625 0.0109375 0.0203125
0 0.58203125 0.2859375 0.01171875 0.02109375
0 0.5859375 0.2640625 0.01640625 0.02109375
0 0.57421875 0.26328125 0.01640625 0.02109375
0 0.5625 0.26328125 0.0140625 0.02109375
0 0.55078125 0.26328125 0.01171875 0.0203125
0 0.56015625 0.284375 0.01015625 0.0203125
0 0.55 0.28359375 0.01015625 0.01953125
0 0.53984375 0.2828125 0.01015625 0.02109375
3 0.92578125 0.59453125 0.06015625 0.021875