3 0.39765625 0.74609375 0.071875 0.0703125
3 0.65390625 0.4828125 0.04296875 0.0140625
3 0.63125 0.484375 0.046875 0.0140625
3 0.04296875 0.74296875 0.0859375 0.08671875
3 0.3359375 0.659375 0.08046875 0.06171875
3 0.39765625 0.63828125 0.07265625 0.0515625
3 0.45390625 0.62265625 0.06328125 0.0453125
3 0.49921875 0.49921875 0.05703125 0.021875
3 0.53203125 0.49609375 0.0578125 0.01953125
3 0.56953125 0.49296875 0.04921875 0.01796875
3 0.57265625 0.66484375 0.05234375 0.040625
3 0.4484375 0.721875 0.06640625 0.06015625
3 0.04921875 0.90859375 0.0984375 0.12890625
3 0.3265625 0.51640625 0.06796875 0.03359375
3 0.38125 0.5109375 0.06953125 0.0296875
3 0.50546875 0.696875 0.0609375 0.05078125
0 0.63671875 0.559375 0.025 0.03046875
0 0.16171875 0.69140625 0.08125 0.084375
3 0.60625 0.65234375 0.04921875 0.0265625
3 0.63828125 0.640625 0.03046875 0.02578125
3 0.65859375 0.63046875 0.02890625 0.021875
3 0.60859375 0.5765625 0.04140625 0.0203125
0 0.58125 0.5765625 0.01171875 0.0359375
0 0.5609375 0.58046875 0.028125 0.03671875
0 0.553125 0.5828125 0.01796875 0.04140625
0 0.56015625 0.54765625 0.0296875 0.03828125
0 0.528125 0.5546875 0.03046875 0.040625
0 0.53671875 0.590625 0.0140625 0.03671875
0 0.521875 0.5953125 0.01484375 0.0390625
0 0.49765625 0.59609375 0.03203125 0.046875
0 0.51328125 0.55703125 0.03125 0.04296875
0 0.24609375 0.50625 0.03984375 0.059375
0 0.20625 0.509375 0.04296875 0.06328125
0 0.16171875 0.5140625 0.0484375 0.06328125
0 0.1609375 0.45234375 0.0515625 0.06171875
0 0.1125 0.51796875 0.05390625 0.06640625
0 0.05703125 0.521875 0.06171875 0.07109375
0 0.01484375 0.52421875 0.0296875 0.0734375
0 0.11015625 0.4515625 0.05390625 0.06640625
0 0.05390625 0.4515625 0.06171875 0.0703125
0 0.01328125 0.4515625 0.02578125 0.071875
0 0.24453125 0.3359375 0.03984375 0.06015625
0 0.20390625 0.32890625 0.04375 0.0640625
0 0.15859375 0.321875 0.04921875 0.06875
0 0.10859375 0.31484375 0.0546875 0.071875
0 0.0515625 0.30625 0.06328125 0.07890625
0 0.01171875 0.30078125 0.0234375 0.075
0 0.471875 0.3859375 0.01953125 0.040625
0 0.4515625 0.38359375 0.0203125 0.04375
0 0.40703125 0.37890625 0.02421875 0.04609375
0 0.43046875 0.38125 0.02265625 0.04453125
0 0.43046875 0.3390625 0.021875 0.04609375
0 0.40703125 0.334375 0.02421875 0.0484375
0 0.38203125 0.32890625 0.02578125 0.05078125
0 0.35 0.32421875 0.0375 0.05390625
0 0.38203125 0.37578125 0.02578125 0.046875
0 0.35546875 0.371875 0.028125 0.05
0 0.32265625 0.36875 0.03828125 0.05390625
3 0.78203125 0.62265625 0.0484375 0.03046875