3 0.984375 0.5859375 0.03046875 0.0609375
3 0.9875 0.64140625 0.02265625 0.0703125
3 0.9921875 0.7078125 0.0140625 0.07890625
3 0.4375 0.709375 0.0671875 0.1109375
3 0.3359375 0.5984375 0.12265625 0.16953125
3 0.39921875 0.52578125 0.1078125 0.1359375
3 0.52578125 0.57421875 0.05 0.0796875
0 0.2765625 0.80078125 0.034375 0.0609375
0 0.2546875 0.8484375 0.0375 0.0671875
0 0.22109375 0.86171875 0.0375 0.07890625
0 0.15 0.96640625 0.0421875 0.06484375
0 0.1859375 0.9046875 0.03828125 0.0734375
3 0.6 0.45078125 0.0421875 0.04453125
3 0.56015625 0.5171875 0.05 0.0578125
3 0.625 0.421875 0.02421875 0.04140625
3 0.63984375 0.39609375 0.02265625 0.0375
3 0.47734375 0.55703125 0.07890625 0.10546875
0 0.55234375 0.465625 0.0125 0.03203125
0 0.540625 0.48046875 0.0125 0.04140625
0 0.51484375 0.49296875 0.03828125 0.05390625
0 0.4859375 0.2765625 0.046875 0.0875
0 0.47578125 0.29453125 0.02421875 0.0875
0 0.42421875 0.34140625 0.034375 0.08515625
0 0.4515625 0.32109375 0.02890625 0.0796875
0 0.43046875 0.24765625 0.065625 0.1
0 0.40078125 0.265625 0.07265625 0.1078125
0 0.36640625 0.284375 0.0796875 0.11796875
0 0.328125 0.3078125 0.08828125 0.12890625
0 0.3921875 0.36640625 0.0390625 0.090625
0 0.35703125 0.39453125 0.04765625 0.096875
0 0.2984375 0.409375 0.090625 0.1375
0 0.159375 0.46953125 0.12578125 0.1796875
0 0.08125 0.52265625 0.14609375 0.20546875
0 0.0359375 0.57578125 0.07109375 0.215625
0 0.2296875 0.6734375 0.09375 0.1578125
0 0.17578125 0.73046875 0.10546875 0.17578125
0 0.12109375 0.79921875 0.103125 0.19453125
0 0.08046875 0.75546875 0.12890625 0.18515625
0 0.053125 0.91953125 0.10625 0.1390625
0 0.01328125 0.9828125 0.0265625 0.03203125
0 0.034375 0.83125 0.06875 0.184375
3 0.23515625 0.42734375 0.05546875 0.04765625
3 0.43984375 0.1671875 0.0375 0.02265625
3 0.41796875 0.1765625 0.03828125 0.02578125
3 0.1671875 0.38515625 0.0625 0.040625
3 0.21796875 0.36171875 0.059375 0.046875
3 0.2625 0.340625 0.05078125 0.04453125
3 0.28671875 0.2328125 0.05 0.0359375
3 0.31953125 0.21953125 0.04921875 0.0328125
3 0.3546875 0.20546875 0.04375 0.02890625
3 0.2578125 0.4125 0.01953125 0.0328125
3 0.13125 0.3015625 0.0671875 0.05390625
3 0.17109375 0.2828125 0.04609375 0.04609375
0 0.040625 0.440625 0.05625 0.04140625
0 0.290625 0.3078125 0.00859375 0.03046875
0 0.0625 0.3140625 0.05 0.06171875
0 0.03046875 0.3265625 0.05234375 0.0640625
0 0.0125 0.3421875 0.025 0.053125
0 0.00390625 0.31015625 0.0078125 0.02421875
0 0.02109375 0.1875 0.04140625 0.0625
0 0.003125 0.2109375 0.00625 0.01796875
0 0.23515625 0.15078125 0.0359375 0.04609375
0 0.21875 0.15546875 0.03046875 0.046875
0 0.18671875 0.1671875 0.01171875 0.03828125
0 0.1984375 0.1640625 0.03046875 0.0421875
0 0.1890625 0.12421875 0.0328125 0.04453125
0 0.1640625 0.1265625 0.03515625 0.040625
0 0.14609375 0.13359375 0.01796875 0.04375
0 0.10703125 0.140625 0.04140625 0.04765625
0 0.1578125 0.17421875 0.015625 0.040625
0 0.12265625 0.184375 0.034375 0.04453125
0 0.09375 0.18671875 0.04921875 0.05625
3 0.815625 0.50546875 0.06953125 0.06796875