0 0.3734375 0.50859375 0.24296875 0.97421875
0 0.0734375 0.384375 0.1421875 0.7609375
0 0.81640625 0.296875 0.2234375 0.4234375
0 0.8125 0.7265625 0.22578125 0.4875
0 0.6453125 0.67109375 0.103125 0.39296875
0 0.65234375 0.3203125 0.1078125 0.325
0 0.56015625 0.3609375 0.071875 0.278125
0 0.56640625 0.64921875 0.07421875 0.3078125
0 0.47265625 0.4765625 0.11796875 0.465625
0 0.44453125 0.18828125 0.0671875 0.1796875
0 0.4953125 0.203125 0.0484375 0.1921875
0 0.94609375 0.6109375 0.05546875 0.221875
0 0.9234375 0.3015625 0.0484375 0.1328125
0 0.975 0.296875 0.0453125 0.14921875