0 0.696875 0.6109375 0.134375 0.2390625
0 0.8125 0.61953125 0.115625 0.2390625
0 0.33515625 0.57265625 0.1515625 0.24765625
0 0.4203125 0.5640625 0.053125 0.18828125
0 0.46640625 0.5 0.0484375 0.23046875
0 0.3796875 0.4078125 0.1203125 0.1578125
0 0.303125 0.371875 0.0578125 0.1796875
0 0.43359375 0.29453125 0.0359375 0.09375
0 0.46875 0.3015625 0.03828125 0.10703125
0 0.51796875 0.29921875 0.040625 0.10234375
0 0.5625 0.30546875 0.03359375 0.10703125
0 0.54453125 0.5515625 0.0359375 0.128125
0 0.5109375 0.54296875 0.03125 0.1109375
0 0.50625 0.42734375 0.03125 0.11953125
0 0.1265625 0.4875 0.24765625 0.965625
4 0.60234375 0.553125 0.0171875 0.08984375
4 0.62734375 0.5640625 0.01953125 0.1109375
0 0.90859375 0.37578125 0.115625 0.25625
0 0.790625 0.4421875 0.1203125 0.12421875
0 0.94375 0.12578125 0.09375 0.209375
0 0.86875 0.1859375 0.06484375 0.18359375
0 0.81484375 0.25 0.04296875 0.1578125
0 0.7703125 0.278125 0.06484375 0.13671875
0 0.9265625 0.66484375 0.084375 0.21796875