0 0.634375 0.7328125 0.14453125 0.38046875
0 0.7921875 0.83359375 0.17578125 0.29921875
0 0.93984375 0.76484375 0.115625 0.4359375
0 0.43984375 0.70546875 0.22109375 0.384375
0 0.28515625 0.70078125 0.0890625 0.2140625
0 0.1625 0.68984375 0.165625 0.36328125
0 0.04296875 0.7328125 0.0859375 0.465625
0 0.25859375 0.38671875 0.1515625 0.25234375
0 0.44453125 0.3671875 0.21171875 0.29921875
0 0.709375 0.303125 0.29296875 0.384375
0 0.93515625 0.29296875 0.125 0.43125
0 0.41328125 0.10703125 0.115625 0.20546875
0 0.55546875 0.08984375 0.134375 0.1796875
0 0.296875 0.1171875 0.11328125 0.2265625
0 0.21015625 0.1390625 0.07421875 0.26953125
0 0.13828125 0.16015625 0.07421875 0.24375