4 0.7203125 0.56015625 0.03125 0.1796875
4 0.7515625 0.5640625 0.0359375 0.196875
4 0.7703125 0.5359375 0.0265625 0.12421875
4 0.66953125 0.5296875 0.0171875 0.1109375
0 0.665625 0.5234375 0.03828125 0.0984375
0 0.80078125 0.58984375 0.0625 0.325
0 0.86640625 0.61328125 0.07421875 0.38046875
0 0.94921875 0.6390625 0.09609375 0.45703125
0 0.51796875 0.62578125 0.11328125 0.38046875
0 0.40234375 0.60078125 0.12265625 0.3546875
0 0.39921875 0.20078125 0.125 0.3671875
0 0.16328125 0.2265625 0.28828125 0.453125
0 0.15 0.73046875 0.290625 0.5296875