4 0.459375 0.5765625 0.04296875 0.20546875
4 0.55546875 0.56640625 0.03828125 0.16640625
0 0.59609375 0.5515625 0.0484375 0.1453125
0 0.8015625 0.70078125 0.32421875 0.58984375
0 0.203125 0.43125 0.07421875 0.13671875
0 0.25390625 0.56171875 0.146875 0.1578125
0 0.3171875 0.5 0.15859375 0.23046875
0 0.4640625 0.49765625 0.125 0.20078125
0 0.56484375 0.49765625 0.0671875 0.14140625
0 0.0953125 0.4875 0.18515625 0.97421875
0 0.1984375 0.2796875 0.040625 0.115625
0 0.19921875 0.16015625 0.03828125 0.14921875
0 0.16328125 0.115625 0.03359375 0.10234375
0 0.23828125 0.3015625 0.04296875 0.12421875
0 0.27265625 0.31015625 0.03125 0.12421875
0 0.30390625 0.3265625 0.0265625 0.0984375
0 0.32421875 0.3375 0.02421875 0.09375
0 0.37109375 0.3609375 0.06484375 0.0984375
6 0.8578125 0.25234375 0.09140625 0.26484375
6 0.9234375 0.196875 0.09609375 0.35859375
6 0.77890625 0.3375 0.053125 0.10234375
6 0.79453125 0.08984375 0.07421875 0.1796875
6 0.73203125 0.22421875 0.05546875 0.115625