0 0.509375 0.55546875 0.23046875 0.24765625
0 0.43046875 0.34609375 0.071875 0.10234375
0 0.43046875 0.23515625 0.0765625 0.13671875
0 0.49296875 0.36953125 0.0578125 0.1328125
0 0.56015625 0.39140625 0.0765625 0.08984375
0 0.6453125 0.42734375 0.084375 0.06875
0 0.71171875 0.540625 0.16328125 0.23515625
0 0.3734375 0.6328125 0.0890625 0.4875
0 0.23203125 0.24609375 0.24296875 0.4828125
0 0.04921875 0.2375 0.09375 0.465625
0 0.0453125 0.73203125 0.090625 0.5265625
0 0.22578125 0.74765625 0.25 0.49609375
0 0.93359375 0.62421875 0.12734375 0.221875
0 0.828125 0.55546875 0.07421875 0.15390625
4 0.72734375 0.6515625 0.05546875 0.24375
4 0.83671875 0.6328125 0.0578125 0.20546875