4 0.8265625 0.66484375 0.0578125 0.278125
4 0.92578125 0.64921875 0.0578125 0.23046875
4 0.975 0.60234375 0.021875 0.13671875
4 0.9578125 0.5921875 0.021875 0.10703125
0 0.53984375 0.575 0.24296875 0.3203125
0 0.44453125 0.22421875 0.08671875 0.1328125
0 0.44609375 0.34375 0.0890625 0.12421875
0 0.5171875 0.365625 0.0625 0.1328125
0 0.5921875 0.39296875 0.0984375 0.11953125
0 0.6875 0.4125 0.08671875 0.0640625
0 0.2953125 0.2859375 0.115625 0.17109375
0 0.26953125 0.74609375 0.1734375 0.4828125
0 0.0921875 0.24609375 0.18046875 0.4828125
0 0.1 0.7328125 0.19453125 0.52578125
0 0.3125 0.5359375 0.1734375 0.3375
0 0.53828125 0.6390625 0.0765625 0.16640625
0 0.62109375 0.63671875 0.0796875 0.1453125
0 0.6140625 0.4828125 0.084375 0.1625
0 0.53515625 0.4890625 0.0796875 0.14140625
0 0.45546875 0.49765625 0.084375 0.12421875
0 0.45703125 0.615625 0.09140625 0.13671875
0 0.76953125 0.5515625 0.20703125 0.3078125
0 0.89296875 0.553125 0.0453125 0.1578125
0 0.93125 0.56875 0.040625 0.15390625