4 0.71484375 0.6171875 0.06015625 0.25234375
4 0.77265625 0.5921875 0.0359375 0.1921875
4 0.80625 0.54296875 0.01171875 0.06875
0 0.25234375 0.628125 0.22109375 0.2140625
0 0.21640625 0.44453125 0.1109375 0.17109375
0 0.37890625 0.5359375 0.2140625 0.36328125
0 0.04453125 0.4078125 0.084375 0.721875
0 0.2203125 0.24609375 0.12734375 0.16640625
0 0.22578125 0.0921875 0.125 0.175
0 0.328125 0.28828125 0.0796875 0.16640625
0 0.43125 0.3375 0.12265625 0.1453125
0 0.52421875 0.37578125 0.071875 0.08515625
0 0.59140625 0.5 0.2359375 0.35078125
0 0.87890625 0.62578125 0.146875 0.303125
0 0.7484375 0.49140625 0.11328125 0.1453125