4 0.234375 0.58125 0.0796875 0.41875
4 0.328125 0.50625 0.03125 0.16640625
0 0.4390625 0.61328125 0.19453125 0.534375
0 0.60546875 0.5984375 0.1734375 0.4359375
0 0.75703125 0.58359375 0.16328125 0.36328125
0 0.91015625 0.80546875 0.17578125 0.38046875
0 0.68046875 0.20546875 0.16796875 0.29921875
0 0.890625 0.16640625 0.2140625 0.3078125
0 0.5640625 0.303125 0.06015625 0.17109375
0 0.51796875 0.33359375 0.03125 0.128125
0 0.5296875 0.1625 0.0890625 0.18828125
0 0.46875 0.24609375 0.053125 0.1328125
0 0.428125 0.3078125 0.03828125 0.08515625
0 0.03515625 0.56171875 0.06484375 0.3890625
0 0.0453125 0.19765625 0.090625 0.3890625
0 0.11875 0.2609375 0.06484375 0.29921875
0 0.1734375 0.3015625 0.0484375 0.23515625
0 0.1046875 0.540625 0.0890625 0.278125
0 0.17578125 0.5171875 0.0484375 0.221875
0 0.2453125 0.41015625 0.10078125 0.196875
0 0.31015625 0.42109375 0.0578125 0.175