0 0.71171875 0.6796875 0.571875 0.6328125
0 0.1578125 0.3421875 0.21875 0.5296875
0 0.0359375 0.41015625 0.071875 0.8203125
0 0.3015625 0.3890625 0.09375 0.2140625
0 0.3421875 0.2859375 0.0984375 0.0765625
0 0.353125 0.39140625 0.0625 0.12421875
0 0.50625 0.24765625 0.0890625 0.11953125
0 0.60234375 0.10234375 0.0890625 0.15390625
0 0.87265625 0.23515625 0.22109375 0.25625
0 0.70546875 0.2625 0.11796875 0.20078125
0 0.62265625 0.29921875 0.0625 0.11953125
4 0.37890625 0.43984375 0.021875 0.10234375
4 0.4046875 0.4296875 0.0171875 0.05546875