2 0.22578125 0.45859375 0.078125 0.17421875
3 0.02578125 0.48828125 0.05078125 0.0546875
3 0.03828125 0.58125 0.0765625 0.075
0 0.00390625 0.35625 0.0078125 0.03046875
3 0.471875 0.57890625 0.05078125 0.06640625
3 0.55234375 0.44140625 0.1 0.0796875
3 0.60625 0.48984375 0.11953125 0.109375
3 0.68984375 0.578125 0.1484375 0.159375
3 0.4046875 0.45390625 0.03203125 0.0359375
3 0.440625 0.3484375 0.06328125 0.03984375
3 0.46015625 0.36640625 0.0703125 0.046875
3 0.5421875 0.7078125 0.0796875 0.11171875
0 0.43671875 0.42578125 0.015625 0.0140625
0 0.4296875 0.42109375 0.0109375 0.01484375
0 0.43046875 0.409375 0.0140625 0.01796875
0 0.4171875 0.403125 0.0140625 0.01328125
0 0.428125 0.403125 0.00859375 0.00546875
3 0.734375 0.9890625 0.021875 0.01953125
3 0.609375 0.8390625 0.10390625 0.1546875
3 0.4984375 0.53203125 0.07578125 0.078125
0 0.88671875 0.96875 0.02578125 0.06015625
0 0.83515625 0.92734375 0.12578125 0.14375
0 0.9296875 0.95703125 0.10859375 0.08359375
0 0.584375 0.58046875 0.05859375 0.08984375
0 0.5828125 0.6359375 0.06015625 0.07890625
0 0.54453125 0.60546875 0.01953125 0.071875
0 0.5265625 0.575 0.01796875 0.078125
0 0.553125 0.55390625 0.0359375 0.08125
0 0.51640625 0.253125 0.0546875 0.06796875
0 0.4984375 0.2484375 0.04765625 0.06328125
0 0.45625 0.24140625 0.01171875 0.053125
0 0.46796875 0.24453125 0.01328125 0.05625
0 0.484375 0.18984375 0.04921875 0.05703125
0 0.4546875 0.1890625 0.0125 0.05390625
0 0.44375 0.18828125 0.01171875 0.0515625
0 0.43359375 0.18671875 0.01015625 0.0484375
0 0.4453125 0.23828125 0.01171875 0.05
0 0.43515625 0.234375 0.01015625 0.0484375
0 0.4265625 0.23046875 0.009375 0.04609375
0 0.41640625 0.20859375 0.02578125 0.04140625
0 0.4125 0.20703125 0.0296875 0.03984375
0 0.39921875 0.20625 0.01484375 0.03828125
0 0.40078125 0.2046875 0.03046875 0.03671875
0 0.39140625 0.203125 0.021875 0.0359375
0 0.38671875 0.20234375 0.01953125 0.034375
0 0.38359375 0.20078125 0.02421875 0.03359375
0 0.4265625 0.3171875 0.0328125 0.03828125
0 0.41875 0.31484375 0.0296875 0.04296875
0 0.4015625 0.31171875 0.00703125 0.0359375
0 0.41171875 0.278125 0.03203125 0.0390625
0 0.39609375 0.30625 0.00625 0.03359375
0 0.390625 0.3015625 0.00625 0.03359375
0 0.3859375 0.29765625 0.00625 0.03203125
0 0.38125 0.29296875 0.00546875 0.03125
0 0.4 0.2734375 0.01953125 0.03828125
0 0.39765625 0.26953125 0.02421875 0.0359375
0 0.39375 0.26640625 0.0265625 0.03515625
3 0.70546875 0.44921875 0.04921875 0.03828125
3 0.8234375 0.32578125 0.06796875 0.02578125
3 0.8796875 0.34453125 0.08203125 0.040625
3 0.95390625 0.3671875 0.09140625 0.046875
3 0.90390625 0.5734375 0.08359375 0.07109375
3 0.73984375 0.4703125 0.05546875 0.04296875
3 0.60078125 0.38515625 0.03515625 0.02421875
3 0.68515625 0.29296875 0.04765625 0.021875
3 0.71328125 0.30078125 0.05234375 0.025
3 0.79140625 0.50546875 0.06171875 0.05078125
3 0.97421875 0.621875 0.05 0.06875
0 0.92109375 0.41015625 0.04140625 0.02421875
0 0.84609375 0.384375 0.01484375 0.01328125
0 0.834375 0.43046875 0.00859375 0.01171875
0 0.825 0.43203125 0.01015625 0.01640625
0 0.84140625 0.37890625 0.01953125 0.01484375
0 0.659375 0.2765625 0.02578125 0.02890625
0 0.64765625 0.2734375 0.02421875 0.02890625
0 0.63125 0.271875 0.01171875 0.025
0 0.6390625 0.246875 0.02421875 0.0265625
0 0.62109375 0.26953125 0.0109375 0.02421875
0 0.61171875 0.26640625 0.01015625 0.02421875
0 0.603125 0.2640625 0.009375 0.0234375
0 0.59453125 0.26171875 0.00859375 0.025
0 0.628125 0.2453125 0.02109375 0.02578125
0 0.61953125 0.24296875 0.02265625 0.025
0 0.609375 0.24140625 0.01953125 0.025
0 0.66796875 0.196875 0.02734375 0.02890625
0 0.65546875 0.19609375 0.02578125 0.028125
0 0.63828125 0.19609375 0.0125 0.0265625
0 0.62734375 0.19453125 0.01171875 0.025
0 0.6234375 0.19375 0.02265625 0.025
0 0.6078125 0.19375 0.01015625 0.02421875
0 0.59921875 0.19296875 0.009375 0.0234375
0 0.8 0.21953125 0.03984375 0.03828125
0 0.77890625 0.21796875 0.0375 0.03671875
0 0.73671875 0.215625 0.02109375 0.03203125
0 0.75390625 0.2171875 0.02265625 0.034375
0 0.765625 0.1828125 0.03671875 0.034375
0 0.740625 0.18203125 0.02109375 0.03359375
0 0.72421875 0.18203125 0.0203125 0.03203125
0 0.70859375 0.18125 0.01796875 0.03125
0 0.7203125 0.2140625 0.01953125 0.03125
0 0.7046875 0.2125 0.01796875 0.03046875
0 0.690625 0.2109375 0.01640625 0.03046875