3 0.41171875 0.69609375 0.06171875 0.0765625
3 0.6671875 0.41015625 0.046875 0.02578125
3 0.64296875 0.41796875 0.04921875 0.02890625
3 0.0953125 0.76484375 0.121875 0.1296875
3 0.35390625 0.64453125 0.06953125 0.08046875
3 0.40859375 0.6125 0.06484375 0.06953125
3 0.46015625 0.590625 0.05703125 0.0640625
3 0.503125 0.46796875 0.05546875 0.04453125
3 0.5375 0.45546875 0.05703125 0.03828125
3 0.5765625 0.44453125 0.04921875 0.03359375
3 0.57421875 0.59921875 0.05 0.05
3 0.45703125 0.66796875 0.05859375 0.06875
3 0.128125 0.86640625 0.10703125 0.140625
3 0.33671875 0.53046875 0.065625 0.06953125
3 0.38828125 0.51171875 0.0640625 0.06171875
3 0.509375 0.6390625 0.0546875 0.06015625
0 0.64375 0.490625 0.02734375 0.03515625
0 0.2125 0.69609375 0.06328125 0.07890625
3 0.60859375 0.5828125 0.04765625 0.034375
3 0.64140625 0.56796875 0.03046875 0.03046875
3 0.6625 0.55390625 0.0296875 0.0265625
3 0.6109375 0.5140625 0.0484375 0.0296875
0 0.584375 0.52109375 0.01328125 0.04140625
0 0.56484375 0.528125 0.02734375 0.03984375
0 0.55625 0.53203125 0.01796875 0.046875
0 0.56484375 0.496875 0.02890625 0.04453125
0 0.53359375 0.51171875 0.028125 0.046875
0 0.53984375 0.54765625 0.01484375 0.0359375
0 0.51796875 0.5515625 0.028125 0.04375
0 0.5015625 0.55546875 0.0296875 0.053125
0 0.51796875 0.51796875 0.0296875 0.04921875
0 0.265625 0.53515625 0.03828125 0.07578125
0 0.23125 0.54609375 0.04140625 0.0796875
0 0.19453125 0.56171875 0.04609375 0.075
0 0.18671875 0.509375 0.05 0.08046875
0 0.15390625 0.58203125 0.05078125 0.06328125
0 0.11015625 0.596875 0.05625 0.06640625
0 0.06328125 0.61328125 0.06171875 0.06953125
0 0.02265625 0.615625 0.0453125 0.096875
0 0.14375 0.5203125 0.05234375 0.08515625
0 0.0984375 0.5328125 0.05859375 0.08984375
0 0.05078125 0.5453125 0.06796875 0.09609375
0 0.24921875 0.390625 0.0421875 0.06796875
0 0.2109375 0.39609375 0.046875 0.07109375
0 0.16953125 0.4015625 0.0515625 0.07421875
0 0.125 0.40859375 0.05703125 0.07890625
0 0.07578125 0.415625 0.06484375 0.08359375
0 0.03125 0.4234375 0.06171875 0.08828125
0 0.00546875 0.42734375 0.0109375 0.08203125
0 0.46796875 0.371875 0.03359375 0.04921875
0 0.453125 0.37578125 0.021875 0.05078125
0 0.4078125 0.38671875 0.02578125 0.04609375
0 0.43125 0.3828125 0.0234375 0.0453125
0 0.425 0.33828125 0.03515625 0.05
0 0.40078125 0.340625 0.03671875 0.0515625
0 0.37578125 0.34375 0.0375 0.05390625
0 0.34921875 0.346875 0.03828125 0.05625
0 0.3828125 0.39140625 0.02734375 0.0484375
0 0.35703125 0.396875 0.03046875 0.05
0 0.32578125 0.396875 0.03828125 0.0609375
3 0.78359375 0.56171875 0.04765625 0.0453125