3 0.4796875 0.69765625 0.05546875 0.034375
3 0.9671875 0.475 0.0640625 0.0390625
3 0.89140625 0.4796875 0.12578125 0.040625
3 0.36484375 0.596875 0.03515625 0.01484375
3 0.44375 0.60859375 0.0515625 0.0203125
3 0.47890625 0.61171875 0.05546875 0.021875
3 0.51484375 0.61796875 0.05859375 0.025
3 0.55625 0.50703125 0.0421875 0.01875
3 0.6078125 0.50390625 0.0609375 0.0203125
3 0.675 0.49921875 0.07265625 0.021875
3 0.6875 0.76640625 0.0796875 0.0640625
3 0.515625 0.709375 0.06015625 0.0390625
3 0.36953125 0.66328125 0.04296875 0.021875
3 0.4328125 0.515625 0.03515625 0.0140625
3 0.4671875 0.5140625 0.05390625 0.01484375
3 0.5703125 0.728125 0.06640625 0.046875
0 0.9046875 0.6546875 0.08515625 0.07578125
0 0.39375 0.59296875 0.025 0.02890625
3 0.79140625 0.79921875 0.09765625 0.08125
3 0.9015625 0.83359375 0.1328125 0.1015625
3 0.9734375 0.85546875 0.05234375 0.08203125
3 0.79140625 0.65546875 0.09453125 0.04296875
0 0.68828125 0.62734375 0.0359375 0.0546875
0 0.65859375 0.62578125 0.03203125 0.04921875
0 0.63046875 0.62109375 0.025 0.04921875
0 0.66015625 0.5796875 0.03515625 0.04609375
0 0.60390625 0.5765625 0.03359375 0.04296875
0 0.60390625 0.61796875 0.03359375 0.0453125
0 0.57734375 0.61640625 0.0203125 0.04140625
0 0.55703125 0.6125 0.01875 0.04375
0 0.57890625 0.57578125 0.025 0.040625
0 0.41796875 0.509375 0.02734375 0.028125
0 0.4 0.51015625 0.01015625 0.028125
0 0.38984375 0.5109375 0.009375 0.02578125
0 0.3984375 0.484375 0.02578125 0.0265625
0 0.38046875 0.51171875 0.00859375 0.02578125
0 0.371875 0.51328125 0.00859375 0.02578125
0 0.36328125 0.5140625 0.0078125 0.02421875
0 0.3546875 0.5140625 0.0078125 0.02421875
0 0.38125 0.4859375 0.00859375 0.02578125
0 0.371875 0.48828125 0.00859375 0.02578125
0 0.36328125 0.4890625 0.00859375 0.025
0 0.41953125 0.425 0.02578125 0.0296875
0 0.4015625 0.4265625 0.01015625 0.028125
0 0.39140625 0.4296875 0.00859375 0.02578125
0 0.38203125 0.43203125 0.00859375 0.02578125
0 0.3734375 0.43515625 0.00859375 0.02578125
0 0.36484375 0.4375 0.0078125 0.025
0 0.35703125 0.43984375 0.00703125 0.02421875
0 0.5296875 0.40625 0.03046875 0.0359375
0 0.50625 0.409375 0.015625 0.0359375
0 0.47578125 0.41796875 0.01328125 0.03203125
0 0.490625 0.4140625 0.01484375 0.03359375
0 0.4984375 0.38203125 0.0296875 0.03515625
0 0.47578125 0.38671875 0.01328125 0.03515625
0 0.4625 0.39140625 0.01328125 0.03359375
0 0.45 0.39609375 0.01171875 0.03203125
0 0.4625 0.42109375 0.0125 0.03125
0 0.45 0.425 0.01171875 0.03125
0 0.4375 0.428125 0.01171875 0.03046875