3 0.9265625 0.49609375 0.06953125 0.01640625
3 0.94140625 0.5015625 0.08046875 0.02109375
3 0.984375 0.54609375 0.03046875 0.04296875
3 0.97578125 0.53203125 0.046875 0.03203125
3 0.97109375 0.51875 0.05625 0.0234375
3 0.98515625 0.92109375 0.02890625 0.09921875
0 0.9109375 0.5953125 0.0109375 0.0390625
3 0.93984375 0.746875 0.06328125 0.05390625
3 0.96875 0.8359375 0.06171875 0.090625
3 0.90390625 0.7140625 0.01328125 0.040625
3 0.89375 0.6890625 0.0109375 0.034375
0 0.91328125 0.609375 0.00625 0.04375
0 0.94140625 0.61640625 0.053125 0.04453125
0 0.94921875 0.63125 0.05859375 0.05703125
0 0.9453125 0.58125 0.05703125 0.0515625
0 0.98828125 0.64296875 0.02265625 0.0734375
0 0.98125 0.703125 0.01484375 0.075
0 0.99296875 0.7203125 0.0125 0.0796875
0 0.99453125 0.65390625 0.01015625 0.0734375
3 0.4 0.7484375 0.07421875 0.07109375
3 0.590625 0.48203125 0.03515625 0.0109375
3 0.5765625 0.484375 0.03828125 0.01171875
3 0.03984375 0.809375 0.0796875 0.115625
3 0.3484375 0.66875 0.08984375 0.065625
3 0.4015625 0.640625 0.07578125 0.05078125
3 0.4484375 0.61953125 0.06484375 0.04140625
3 0.48203125 0.5 0.05390625 0.0203125
3 0.50703125 0.49609375 0.05 0.01796875
3 0.534375 0.49296875 0.040625 0.015625
3 0.53671875 0.64921875 0.04609375 0.034375
3 0.4421875 0.7171875 0.06484375 0.05859375
3 0.04765625 0.9609375 0.0953125 0.075
3 0.33828125 0.521875 0.0875 0.034375
3 0.38828125 0.5140625 0.07734375 0.02890625
3 0.4875 0.6859375 0.05546875 0.04609375
0 0.58359375 0.55078125 0.0171875 0.0265625
0 0.1765625 0.72578125 0.0828125 0.10546875
3 0.5609375 0.634375 0.04140625 0.02421875
3 0.58515625 0.621875 0.021875 0.021875
3 0.5984375 0.61171875 0.0203125 0.01953125
3 0.5640625 0.56796875 0.02890625 0.01640625
0 0.5453125 0.56875 0.0078125 0.03203125
0 0.53125 0.5734375 0.01953125 0.03203125
0 0.52578125 0.5765625 0.01328125 0.0359375
0 0.52734375 0.54296875 0.02734375 0.034375
0 0.5046875 0.55078125 0.028125 0.03671875
0 0.5140625 0.584375 0.01015625 0.03515625
0 0.503125 0.58828125 0.01015625 0.0359375
0 0.48125 0.59140625 0.03203125 0.04296875
0 0.4953125 0.5546875 0.0265625 0.0390625
0 0.2625 0.5140625 0.05390625 0.0640625
0 0.23046875 0.51875 0.04375 0.06953125
0 0.184375 0.52578125 0.05078125 0.0734375
0 0.1828125 0.45546875 0.0515625 0.0703125
0 0.13046875 0.53125 0.06171875 0.0796875
0 0.065625 0.5390625 0.07265625 0.08828125
0 0.01640625 0.54453125 0.03203125 0.0890625
0 0.128125 0.45546875 0.06171875 0.078125
0 0.0625 0.45546875 0.0734375 0.08515625
0 0.0140625 0.45546875 0.028125 0.0890625
0 0.26953125 0.33125 0.03828125 0.06796875
0 0.22890625 0.32109375 0.04453125 0.071875
0 0.18203125 0.31015625 0.0515625 0.0796875
0 0.1265625 0.296875 0.0625 0.08828125
0 0.06015625 0.28125 0.075 0.09921875
0 0.01328125 0.27109375 0.0265625 0.09296875
0 0.465625 0.39296875 0.01484375 0.03984375
0 0.45 0.390625 0.015625 0.04140625
0 0.4140625 0.38359375 0.01953125 0.04609375
0 0.4328125 0.38671875 0.0171875 0.04296875
0 0.4328125 0.3453125 0.01796875 0.04609375
0 0.4140625 0.33984375 0.01953125 0.0484375
0 0.39296875 0.33359375 0.02109375 0.0515625
0 0.36015625 0.3265625 0.04453125 0.05546875
0 0.39375 0.3796875 0.02109375 0.0484375
0 0.37109375 0.37578125 0.02421875 0.05078125
0 0.33671875 0.36953125 0.04375 0.05546875
3 0.68984375 0.59375 0.0375 0.0203125