3 0.4078125 0.7515625 0.06484375 0.05390625
3 0.83203125 0.50234375 0.065625 0.015625
3 0.77265625 0.503125 0.0828125 0.01640625
3 0.12890625 0.65078125 0.11171875 0.04140625
3 0.34296875 0.64375 0.07734375 0.03984375
3 0.40859375 0.6390625 0.065625 0.03828125
3 0.47421875 0.6390625 0.05234375 0.040625
3 0.53984375 0.50703125 0.05234375 0.01875
3 0.59453125 0.50703125 0.05703125 0.01796875
3 0.653125 0.50703125 0.0609375 0.01796875
3 0.65625 0.73671875 0.07421875 0.04921875
3 0.4703125 0.746875 0.0609375 0.0515625
3 0.13359375 0.7703125 0.11015625 0.0609375
3 0.3328125 0.50859375 0.06640625 0.0203125
3 0.3890625 0.50859375 0.0609375 0.0203125
3 0.546875 0.74453125 0.06640625 0.0515625
0 0.78046875 0.6140625 0.04921875 0.04609375
0 0.215625 0.634375 0.06015625 0.05625
3 0.721875 0.7328125 0.07890625 0.0453125
3 0.78125 0.734375 0.06484375 0.03359375
3 0.83125 0.72890625 0.06640625 0.03515625
3 0.7203125 0.6265625 0.078125 0.0296875
0 0.66328125 0.61640625 0.02265625 0.05
0 0.63359375 0.61796875 0.0359375 0.05
0 0.61328125 0.61875 0.03046875 0.0515625
0 0.63359375 0.57734375 0.0359375 0.046875
0 0.58203125 0.57890625 0.03046875 0.0484375
0 0.5859375 0.62421875 0.02265625 0.04296875
0 0.55859375 0.62109375 0.03046875 0.05078125
0 0.5359375 0.62109375 0.02890625 0.0515625
0 0.55859375 0.5796875 0.03046875 0.0484375
0 0.275 0.49453125 0.03828125 0.04609375
0 0.240625 0.49375 0.02890625 0.046875
0 0.21171875 0.49453125 0.02890625 0.04609375
0 0.221875 0.446875 0.0484375 0.04609375
0 0.18203125 0.49453125 0.02890625 0.04609375
0 0.15234375 0.49453125 0.03046875 0.046875
0 0.12265625 0.49453125 0.03046875 0.0484375
0 0.0921875 0.49375 0.03046875 0.04921875
0 0.18203125 0.446875 0.02890625 0.046875
0 0.15234375 0.446875 0.0296875 0.046875
0 0.121875 0.44609375 0.0296875 0.0484375
0 0.275 0.3515625 0.0359375 0.0453125
0 0.2421875 0.35078125 0.02890625 0.0453125
0 0.21328125 0.34921875 0.02890625 0.04609375
0 0.18359375 0.3484375 0.02890625 0.04609375
0 0.15390625 0.346875 0.03046875 0.046875
0 0.12421875 0.34609375 0.0296875 0.046875
0 0.09375 0.34453125 0.03046875 0.046875
0 0.4921875 0.378125 0.025 0.04296875
0 0.4671875 0.3765625 0.02421875 0.04296875
0 0.415625 0.37578125 0.02578125 0.04375
0 0.44140625 0.3765625 0.025 0.04375
0 0.44140625 0.33203125 0.025 0.04453125
0 0.415625 0.33125 0.02578125 0.04453125
0 0.38984375 0.33046875 0.02578125 0.04609375
0 0.3625 0.32890625 0.0265625 0.0453125
0 0.38984375 0.37421875 0.02578125 0.04375
0 0.36328125 0.3734375 0.02578125 0.04375
0 0.3359375 0.371875 0.0265625 0.04453125