3 0.403125 0.73359375 0.06796875 0.05390625
3 0.64765625 0.5078125 0.03671875 0.01015625
3 0.62421875 0.5078125 0.04453125 0.01015625
3 0.06171875 0.690625 0.12265625 0.06640625
3 0.34921875 0.64140625 0.07265625 0.04140625
3 0.4046875 0.62890625 0.06796875 0.03515625
3 0.45625 0.6203125 0.06015625 0.03125
3 0.49921875 0.5078125 0.053125 0.0140625
3 0.5359375 0.50859375 0.0421875 0.0140625
3 0.56796875 0.509375 0.03984375 0.01328125
3 0.56953125 0.67578125 0.05078125 0.03125
3 0.4515625 0.71640625 0.06328125 0.046875
3 0.06328125 0.85234375 0.1265625 0.11015625
3 0.34375 0.50546875 0.06015625 0.01953125
3 0.3984375 0.50625 0.0484375 0.01796875
3 0.50546875 0.6984375 0.0578125 0.03984375
0 0.63046875 0.58046875 0.02421875 0.028125
0 0.19296875 0.6515625 0.07109375 0.06640625
3 0.60234375 0.66640625 0.04765625 0.021875
3 0.6328125 0.65859375 0.03046875 0.0203125
3 0.65390625 0.65078125 0.028125 0.01875
3 0.603125 0.59375 0.03984375 0.01484375
0 0.57734375 0.5890625 0.01171875 0.03203125
0 0.55703125 0.59140625 0.028125 0.03359375
0 0.55 0.59296875 0.0171875 0.0359375
0 0.55703125 0.56171875 0.028125 0.03203125
0 0.52890625 0.5640625 0.02421875 0.034375
0 0.534375 0.59765625 0.01328125 0.034375
0 0.5203125 0.6 0.0140625 0.03515625
0 0.49765625 0.60078125 0.03046875 0.03984375
0 0.5125 0.565625 0.0296875 0.03515625
0 0.27265625 0.4890625 0.03359375 0.05078125
0 0.23828125 0.48828125 0.03515625 0.053125
0 0.20078125 0.48671875 0.03984375 0.05546875
0 0.2015625 0.4328125 0.03984375 0.05625
0 0.1609375 0.4859375 0.0453125 0.05859375
0 0.1140625 0.48359375 0.0484375 0.06015625
0 0.06328125 0.48203125 0.05390625 0.0640625
0 0.01875 0.48046875 0.03671875 0.06796875
0 0.1609375 0.42890625 0.04296875 0.059375
0 0.11484375 0.42421875 0.0484375 0.0640625
0 0.0640625 0.41875 0.05390625 0.06796875
0 0.2765625 0.3390625 0.0328125 0.053125
0 0.24296875 0.33125 0.03515625 0.05625
0 0.20546875 0.321875 0.03828125 0.059375
0 0.16484375 0.3125 0.04296875 0.06171875
0 0.1203125 0.3015625 0.04765625 0.06640625
0 0.0703125 0.28984375 0.05234375 0.0703125
0 0.02265625 0.27890625 0.04453125 0.071875
0 0.475 0.40078125 0.0171875 0.03671875
0 0.45625 0.396875 0.01796875 0.0390625
0 0.41640625 0.3890625 0.02109375 0.040625
0 0.4375 0.39296875 0.01953125 0.03984375
0 0.4375 0.35625 0.01953125 0.04140625
0 0.41640625 0.35078125 0.02109375 0.04375
0 0.39453125 0.34453125 0.02265625 0.04609375
0 0.36640625 0.33828125 0.03359375 0.0484375
0 0.39453125 0.384375 0.02265625 0.04296875
0 0.37109375 0.37890625 0.02421875 0.0453125
0 0.3421875 0.3734375 0.03359375 0.046875
3 0.77109375 0.6390625 0.04609375 0.025