3 0.43125 0.65078125 0.05546875 0.05703125
3 0.86875 0.4671875 0.0984375 0.046875
3 0.8078125 0.46640625 0.09296875 0.046875
3 0.2078125 0.56328125 0.07890625 0.05078125
3 0.37109375 0.57421875 0.065625 0.05390625
3 0.42734375 0.57109375 0.06015625 0.05390625
3 0.48203125 0.57578125 0.04765625 0.0609375
3 0.546875 0.46328125 0.05 0.053125
3 0.6 0.4640625 0.0640625 0.0484375
3 0.66328125 0.46796875 0.071875 0.040625
3 0.65 0.6625 0.06484375 0.06015625
3 0.48046875 0.653125 0.0515625 0.05703125
3 0.228125 0.64375 0.07421875 0.05546875
3 0.35546875 0.4640625 0.06640625 0.0515625
3 0.40390625 0.465625 0.0609375 0.053125
3 0.54765625 0.65859375 0.053125 0.05859375
0 0.79453125 0.5734375 0.05078125 0.06328125
0 0.26953125 0.55859375 0.04609375 0.059375
3 0.715625 0.6640625 0.07109375 0.06015625
3 0.775 0.67578125 0.0625 0.04375
3 0.828125 0.671875 0.06640625 0.0546875
3 0.72734375 0.5765625 0.07578125 0.053125
0 0.66484375 0.565625 0.0265625 0.0609375
0 0.6390625 0.565625 0.03046875 0.06015625
0 0.615625 0.5640625 0.03046875 0.06015625
0 0.640625 0.53125 0.03515625 0.05703125
0 0.58828125 0.53046875 0.02734375 0.05859375
0 0.5875 0.5765625 0.02421875 0.034375
0 0.56484375 0.57578125 0.0234375 0.034375
0 0.54140625 0.5625 0.02421875 0.06015625
0 0.56484375 0.5296875 0.02734375 0.05703125
0 0.30390625 0.44765625 0.04296875 0.05625
0 0.278125 0.446875 0.03984375 0.05703125
0 0.24921875 0.45625 0.02890625 0.03828125
0 0.25234375 0.40859375 0.04921875 0.05546875
0 0.22578125 0.45546875 0.0296875 0.0390625
0 0.20234375 0.45546875 0.03046875 0.03828125
0 0.17890625 0.4546875 0.03046875 0.0390625
0 0.15625 0.446875 0.03046875 0.0515625
0 0.22578125 0.40703125 0.04453125 0.05546875
0 0.20234375 0.40703125 0.04609375 0.05546875
0 0.17890625 0.40703125 0.04765625 0.05546875
0 0.28984375 0.321875 0.04765625 0.0546875
0 0.2625 0.321875 0.04453125 0.0546875
0 0.2375 0.321875 0.04609375 0.0546875
0 0.2125 0.32109375 0.04765625 0.05390625
0 0.18671875 0.32109375 0.04921875 0.0546875
0 0.16328125 0.32109375 0.05234375 0.0546875
0 0.1390625 0.32109375 0.05390625 0.0546875
0 0.49921875 0.3421875 0.02578125 0.05625
0 0.4734375 0.34140625 0.028125 0.05546875
0 0.4203125 0.346875 0.02734375 0.0453125
0 0.446875 0.346875 0.0265625 0.0453125
0 0.446875 0.29609375 0.03203125 0.05390625
0 0.42109375 0.29609375 0.03359375 0.05390625
0 0.39453125 0.29609375 0.034375 0.05390625
0 0.36875 0.29609375 0.0359375 0.05390625
0 0.39453125 0.34609375 0.028125 0.04453125
0 0.36953125 0.34609375 0.028125 0.04453125
0 0.34375 0.340625 0.02890625 0.0546875