3 0.40390625 0.74765625 0.06328125 0.06015625
3 0.778125 0.4953125 0.05546875 0.01640625
3 0.73125 0.49609375 0.0703125 0.01640625
3 0.09140625 0.6671875 0.12890625 0.0546875
3 0.33515625 0.64609375 0.075 0.046875
3 0.4046875 0.63671875 0.06328125 0.04296875
3 0.46875 0.6328125 0.05546875 0.04375
3 0.528125 0.50390625 0.05703125 0.0203125
3 0.5765625 0.50234375 0.06171875 0.01953125
3 0.6296875 0.5015625 0.0609375 0.01875
3 0.6328125 0.7125 0.06796875 0.046875
3 0.4640625 0.73828125 0.06171875 0.05546875
3 0.1 0.796875 0.12578125 0.07890625
3 0.3265625 0.5078125 0.06796875 0.025
3 0.38359375 0.50703125 0.05625 0.0234375
3 0.5375 0.728125 0.0609375 0.053125
0 0.73671875 0.59453125 0.04140625 0.040625
0 0.19453125 0.64375 0.065625 0.06171875
3 0.68828125 0.70546875 0.06953125 0.03984375
3 0.7375 0.70234375 0.05390625 0.02890625
3 0.77734375 0.69453125 0.0515625 0.02890625
3 0.6875 0.609375 0.06796875 0.0265625
0 0.640625 0.60234375 0.01953125 0.046875
0 0.6140625 0.60546875 0.03359375 0.046875
0 0.59765625 0.60625 0.02734375 0.04921875
0 0.6140625 0.56640625 0.034375 0.04453125
0 0.56796875 0.5703125 0.03046875 0.04609375
0 0.5734375 0.61328125 0.02109375 0.040625
0 0.5515625 0.615625 0.02109375 0.04140625
0 0.52578125 0.61171875 0.03046875 0.0515625
0 0.546875 0.571875 0.03125 0.046875
0 0.2625 0.49453125 0.04296875 0.04921875
0 0.22421875 0.4953125 0.03359375 0.05
0 0.190625 0.4953125 0.034375 0.05
0 0.19921875 0.44453125 0.05234375 0.05
0 0.15625 0.49609375 0.03515625 0.05078125
0 0.1203125 0.49609375 0.03671875 0.0515625
0 0.084375 0.496875 0.03828125 0.053125
0 0.04609375 0.496875 0.03984375 0.0546875
0 0.15546875 0.44375 0.03515625 0.05078125
0 0.11953125 0.44375 0.03671875 0.053125
0 0.0828125 0.44296875 0.03828125 0.053125
0 0.26171875 0.34453125 0.04140625 0.05
0 0.22421875 0.34140625 0.03359375 0.05078125
0 0.190625 0.3390625 0.03359375 0.0515625
0 0.15625 0.33671875 0.0359375 0.053125
0 0.1203125 0.334375 0.03671875 0.05390625
0 0.0828125 0.33125 0.03828125 0.0546875
0 0.04453125 0.32890625 0.03984375 0.05546875
0 0.48671875 0.378125 0.02421875 0.04296875
0 0.46171875 0.3765625 0.02421875 0.04375
0 0.41015625 0.3734375 0.02578125 0.0453125
0 0.43671875 0.375 0.025 0.04453125
0 0.43671875 0.33125 0.025 0.0453125
0 0.41015625 0.32890625 0.02578125 0.04609375
0 0.38359375 0.3265625 0.02734375 0.046875
0 0.35546875 0.32421875 0.028125 0.0484375
0 0.38359375 0.371875 0.02734375 0.0453125
0 0.35625 0.3703125 0.02734375 0.04609375
0 0.328125 0.36796875 0.02890625 0.046875
3 0.9765625 0.71796875 0.04609375 0.05