3 0.0671875 0.93671875 0.0640625 0.11640625
3 0.021875 0.796875 0.04375 0.134375
3 0.00546875 0.8703125 0.01015625 0.0796875
3 0.09609375 0.7046875 0.01953125 0.05
3 0.02890625 0.58671875 0.0578125 0.0484375
3 0.02578125 0.62734375 0.05078125 0.06953125
0 0.05703125 0.69921875 0.03046875 0.03125
0 0.053125 0.6890625 0.0234375 0.02890625
0 0.065625 0.67109375 0.03046875 0.02421875
0 0.05625 0.65546875 0.01484375 0.021875
0 0.0703125 0.65546875 0.02890625 0.01875
3 0.03515625 0.90625 0.0703125 0.13125
0 0.0171875 0.97734375 0.0296875 0.04375
0 0.0046875 0.97890625 0.00859375 0.03984375
0 0.00078125 0.40078125 0.0015625 0.0109375
0 0.003125 0.46171875 0.00546875 0.03984375
0 0.00625 0.4390625 0.0125 0.065625
0 0.009375 0.43125 0.0171875 0.06328125
0 0.01171875 0.39921875 0.0234375 0.05546875
0 0.0171875 0.390625 0.034375 0.046875
0 0.01953125 0.38828125 0.03828125 0.04609375
0 0.02109375 0.384375 0.04140625 0.04375
0 0.021875 0.38125 0.04375 0.04375
0 0.0234375 0.3796875 0.046875 0.040625
0 0.02421875 0.5484375 0.0484375 0.05703125
0 0.025 0.51796875 0.03046875 0.01484375
0 0.0546875 0.53984375 0.00546875 0.01875
0 0.03203125 0.48671875 0.03515625 0.05625
0 0.05625 0.51640625 0.0078125 0.04609375
0 0.0578125 0.50859375 0.00859375 0.04375
0 0.06015625 0.5015625 0.0078125 0.04140625
0 0.06171875 0.49375 0.00859375 0.040625
0 0.046875 0.475 0.0125 0.04453125
0 0.03671875 0.46953125 0.0375 0.04453125
0 0.0375 0.46328125 0.040625 0.04140625
3 0.4921875 0.63203125 0.04921875 0.04921875
3 0.96953125 0.659375 0.059375 0.09296875
3 0.8796875 0.62578125 0.12734375 0.1046875
3 0.3984375 0.50390625 0.03046875 0.02578125
3 0.46171875 0.54609375 0.046875 0.03671875
3 0.49140625 0.56171875 0.05078125 0.04140625
3 0.52109375 0.5828125 0.05546875 0.04921875
3 0.56796875 0.503125 0.0625 0.04296875
3 0.609375 0.51953125 0.07109375 0.05
3 0.6671875 0.5453125 0.07734375 0.05703125
3 0.65546875 0.77421875 0.06953125 0.096875
3 0.52109375 0.65625 0.053125 0.05625
3 0.4046875 0.559375 0.03671875 0.03046875
3 0.45859375 0.46171875 0.04921875 0.028125
3 0.48046875 0.47109375 0.05234375 0.03046875
3 0.56484375 0.6953125 0.06015625 0.06875
0 0.86640625 0.7859375 0.08515625 0.11640625
0 0.42109375 0.5109375 0.02109375 0.03359375
3 0.74140625 0.84453125 0.090625 0.1265625
3 0.828125 0.91875 0.10625 0.1609375
3 0.9359375 0.9546875 0.11640625 0.0890625
3 0.759375 0.73828125 0.09453125 0.08828125
0 0.6703125 0.6609375 0.04140625 0.07421875
0 0.6453125 0.65234375 0.0390625 0.05625
0 0.6171875 0.63203125 0.02421875 0.06484375
0 0.6484375 0.60703125 0.03984375 0.06640625
0 0.5984375 0.58046875 0.03671875 0.059375
0 0.59765625 0.62109375 0.03515625 0.05078125
0 0.57109375 0.61171875 0.01796875 0.04453125
0 0.5546875 0.59453125 0.01640625 0.0546875
0 0.58046875 0.57109375 0.034375 0.05546875
0 0.4390625 0.44375 0.02578125 0.03203125
0 0.4296875 0.440625 0.0234375 0.03125
0 0.4140625 0.43984375 0.0078125 0.02578125
0 0.42109375 0.41328125 0.025 0.02890625
0 0.40625 0.43671875 0.0078125 0.02578125
0 0.39921875 0.43359375 0.00703125 0.025
0 0.3921875 0.43125 0.00703125 0.02421875
0 0.3859375 0.428125 0.00703125 0.025
0 0.41328125 0.4109375 0.0234375 0.028125
0 0.40546875 0.409375 0.02265625 0.028125
0 0.3984375 0.40703125 0.02265625 0.0265625
0 0.4375 0.36328125 0.0265625 0.0296875
0 0.42421875 0.36171875 0.0171875 0.028125
0 0.41953125 0.3609375 0.02265625 0.028125
0 0.41015625 0.359375 0.0203125 0.0265625
0 0.4015625 0.359375 0.01796875 0.02578125
0 0.396875 0.35859375 0.02265625 0.02578125
0 0.3875 0.35703125 0.01640625 0.025
0 0.53671875 0.3890625 0.0328125 0.03984375
0 0.51875 0.38671875 0.02578125 0.0390625
0 0.4859375 0.384375 0.01171875 0.03359375
0 0.4984375 0.3859375 0.01328125 0.03515625
0 0.5078125 0.3515625 0.03125 0.03515625
0 0.4875 0.35078125 0.01484375 0.03359375
0 0.47890625 0.35 0.02265625 0.03359375
0 0.46796875 0.34921875 0.02265625 0.03125
0 0.4734375 0.38203125 0.01171875 0.03203125
0 0.4625 0.38046875 0.0109375 0.03125
0 0.4515625 0.378125 0.01015625 0.03125