3 0.4453125 0.64921875 0.0578125 0.0609375
3 0.940625 0.521875 0.11796875 0.06640625
3 0.86171875 0.51171875 0.11484375 0.06328125
3 0.2609375 0.53203125 0.065625 0.04375
3 0.3921875 0.5625 0.06328125 0.053125
3 0.44296875 0.56875 0.06171875 0.05390625
3 0.49296875 0.58125 0.053125 0.06328125
3 0.55625 0.47578125 0.05390625 0.05390625
3 0.6125 0.48203125 0.06484375 0.0515625
3 0.68359375 0.49375 0.07578125 0.04921875
3 0.66953125 0.70703125 0.06640625 0.0765625
3 0.490625 0.6609375 0.0546875 0.0640625
3 0.27421875 0.60625 0.06328125 0.05
3 0.38046875 0.45625 0.06484375 0.04609375
3 0.42265625 0.46171875 0.0625 0.0484375
3 0.55546875 0.6796875 0.05546875 0.06875
0 0.8453125 0.6359375 0.06015625 0.07890625
0 0.3078125 0.534375 0.03828125 0.053125
3 0.746875 0.72578125 0.08046875 0.08203125
3 0.8203125 0.7484375 0.0796875 0.0734375
3 0.89140625 0.7640625 0.090625 0.08046875
3 0.76171875 0.6265625 0.08671875 0.0703125
0 0.68359375 0.6015625 0.03046875 0.06796875
0 0.65625 0.59609375 0.02890625 0.06796875
0 0.63046875 0.59140625 0.02890625 0.06640625
0 0.65859375 0.55859375 0.03359375 0.06640625
0 0.6 0.54921875 0.0265625 0.0640625
0 0.59765625 0.59765625 0.02578125 0.03984375
0 0.57421875 0.59296875 0.02421875 0.03984375
0 0.5515625 0.5765625 0.02421875 0.06328125
0 0.57578125 0.5453125 0.02578125 0.06328125
0 0.33828125 0.43671875 0.03828125 0.05078125
0 0.31796875 0.434375 0.03671875 0.05
0 0.29296875 0.43828125 0.021875 0.0359375
0 0.2984375 0.396875 0.04140625 0.0484375
0 0.275 0.4359375 0.02109375 0.03671875
0 0.25703125 0.43359375 0.02109375 0.0359375
0 0.23984375 0.43125 0.02109375 0.03515625
0 0.2234375 0.42578125 0.02109375 0.04296875
0 0.27890625 0.3953125 0.03828125 0.04609375
0 0.2609375 0.39375 0.03828125 0.04609375
0 0.24375 0.3921875 0.0390625 0.0453125
0 0.3296875 0.32265625 0.04140625 0.046875
0 0.30859375 0.32109375 0.03828125 0.04609375
0 0.2890625 0.32109375 0.03984375 0.0453125
0 0.26875 0.31953125 0.03671875 0.04453125
0 0.2515625 0.31875 0.03828125 0.04453125
0 0.234375 0.31796875 0.040625 0.04375
0 0.2171875 0.31640625 0.040625 0.04296875
0 0.509375 0.35 0.02421875 0.05390625
0 0.4875 0.3484375 0.03203125 0.0515625
0 0.43671875 0.3484375 0.0234375 0.04375
0 0.46015625 0.35 0.02421875 0.04453125
0 0.4640625 0.30390625 0.03359375 0.05
0 0.43984375 0.303125 0.034375 0.0484375
0 0.4171875 0.3015625 0.03359375 0.0484375
0 0.3953125 0.3015625 0.0359375 0.046875
0 0.4140625 0.34765625 0.02421875 0.04375
0 0.3921875 0.34609375 0.0234375 0.04296875
0 0.3703125 0.34140625 0.0234375 0.04921875