3 0.98984375 0.8359375 0.01953125 0.08125
3 0.99453125 0.95625 0.01015625 0.08515625
3 0.98125 0.7796875 0.01015625 0.059375
3 0.98046875 0.73828125 0.01484375 0.04921875
3 0.40546875 0.72578125 0.06796875 0.07890625
3 0.63125 0.43671875 0.040625 0.01953125
3 0.61171875 0.4421875 0.04375 0.02109375
3 0.05625 0.815625 0.1125 0.140625
3 0.35 0.66640625 0.07421875 0.08046875
3 0.40390625 0.63125 0.07109375 0.065625
3 0.453125 0.60625 0.06171875 0.05703125
3 0.49375 0.48125 0.05546875 0.034375
3 0.52265625 0.47109375 0.05546875 0.0296875
3 0.55703125 0.4625 0.04609375 0.025
3 0.5578125 0.61875 0.04765625 0.04453125
3 0.45 0.69296875 0.06171875 0.06796875
3 0.071875 0.934375 0.13046875 0.1296875
3 0.33203125 0.5359375 0.07734375 0.059375
3 0.38515625 0.51875 0.07109375 0.05078125
3 0.49921875 0.6609375 0.05625 0.05625
0 0.615625 0.51171875 0.02265625 0.03203125
0 0.1890625 0.73046875 0.07265625 0.0953125
3 0.5875 0.6015625 0.04453125 0.0296875
3 0.615625 0.5859375 0.02578125 0.028125
3 0.6328125 0.5734375 0.025 0.02421875
3 0.58984375 0.53359375 0.03984375 0.02421875
0 0.5671875 0.5390625 0.0109375 0.03671875
0 0.5484375 0.54609375 0.0265625 0.0359375
0 0.5421875 0.55 0.01640625 0.04296875
0 0.5484375 0.51484375 0.02890625 0.040625
0 0.5203125 0.52734375 0.02890625 0.04375
0 0.528125 0.5625 0.0125 0.0359375
0 0.51484375 0.56953125 0.01328125 0.03671875
0 0.4921875 0.57109375 0.03046875 0.05
0 0.50625 0.53359375 0.03046875 0.04609375
0 0.25625 0.540625 0.04609375 0.075
0 0.2203125 0.5515625 0.046875 0.08046875
0 0.178125 0.57109375 0.05078125 0.0703125
0 0.171875 0.50703125 0.05234375 0.08046875
0 0.13046875 0.5859375 0.05859375 0.075
0 0.07578125 0.6015625 0.0671875 0.08125
0 0.02578125 0.61875 0.0515625 0.084375
0 0.121875 0.5171875 0.06015625 0.08828125
0 0.065625 0.52890625 0.06953125 0.0953125
0 0.02109375 0.5390625 0.0421875 0.096875
0 0.2484375 0.378125 0.04453125 0.0609375
0 0.20625 0.38046875 0.05 0.0640625
0 0.1609375 0.38203125 0.05546875 0.06875
0 0.10859375 0.38515625 0.06328125 0.07421875
0 0.0484375 0.38828125 0.07421875 0.07890625
0 0.0109375 0.3890625 0.021875 0.08125
0 0.4609375 0.38203125 0.034375 0.04140625
0 0.45078125 0.38359375 0.01953125 0.04453125
0 0.40859375 0.3875 0.02421875 0.0453125
0 0.43046875 0.3859375 0.02109375 0.04375
0 0.42890625 0.3421875 0.021875 0.04375
0 0.40703125 0.3421875 0.02421875 0.0453125
0 0.3828125 0.34296875 0.0265625 0.0484375
0 0.34921875 0.3421875 0.04296875 0.05078125
0 0.384375 0.390625 0.02578125 0.046875
0 0.35859375 0.39296875 0.02890625 0.05
0 0.32421875 0.39375 0.04375 0.05546875
3 0.73984375 0.56484375 0.04140625 0.03125