3 0.475 0.65859375 0.05625 0.05390625
3 0.9875 0.5671875 0.02421875 0.025
3 0.92890625 0.5734375 0.14140625 0.08203125
3 0.34921875 0.52890625 0.03828125 0.02890625
3 0.4359375 0.56640625 0.05546875 0.03984375
3 0.4734375 0.57890625 0.0578125 0.04453125
3 0.5125 0.59609375 0.06015625 0.0515625
3 0.56953125 0.49921875 0.06484375 0.040625
3 0.62109375 0.509375 0.07421875 0.0453125
3 0.69140625 0.52734375 0.078125 0.04921875
3 0.684375 0.77890625 0.07578125 0.0984375
3 0.51328125 0.6796875 0.059375 0.0609375
3 0.3578125 0.59375 0.0453125 0.03515625
3 0.43046875 0.46953125 0.05546875 0.02890625
3 0.46015625 0.4765625 0.05859375 0.03125
3 0.56875 0.7140625 0.06484375 0.071875
0 0.9171875 0.74140625 0.08515625 0.1109375
0 0.38046875 0.53359375 0.0265625 0.03828125
3 0.78515625 0.83359375 0.09140625 0.121875
3 0.8875 0.8890625 0.1203125 0.1453125
3 0.965625 0.9328125 0.06796875 0.1265625
3 0.8015625 0.70703125 0.096875 0.09453125
0 0.6953125 0.65234375 0.03671875 0.0765625
0 0.66640625 0.646875 0.0359375 0.0609375
0 0.63671875 0.63125 0.02890625 0.06953125
0 0.66953125 0.5984375 0.03671875 0.06953125
0 0.609375 0.57890625 0.03515625 0.06171875
0 0.6078125 0.621875 0.034375 0.05703125
0 0.5796875 0.61796875 0.02265625 0.04609375
0 0.559375 0.6015625 0.02109375 0.059375
0 0.58671875 0.571875 0.03359375 0.059375
0 0.40390625 0.453125 0.0296875 0.0359375
0 0.38984375 0.45078125 0.02421875 0.03515625
0 0.37265625 0.45078125 0.01171875 0.0296875
0 0.38046875 0.42109375 0.0296875 0.03203125
0 0.36171875 0.44921875 0.0109375 0.0296875
0 0.3515625 0.446875 0.01015625 0.02890625
0 0.3421875 0.44453125 0.01015625 0.028125
0 0.3328125 0.44140625 0.01015625 0.0296875
0 0.36796875 0.41953125 0.02578125 0.03125
0 0.35859375 0.41796875 0.02578125 0.03046875
0 0.34921875 0.41640625 0.0265625 0.0296875
0 0.40234375 0.36015625 0.03046875 0.03125
0 0.38125 0.36015625 0.0125 0.03125
0 0.36953125 0.359375 0.01171875 0.03046875
0 0.35859375 0.36015625 0.01171875 0.0296875
0 0.3484375 0.359375 0.01015625 0.02890625
0 0.33828125 0.359375 0.01015625 0.02890625
0 0.3296875 0.359375 0.01015625 0.028125
0 0.53125 0.378125 0.03359375 0.040625
0 0.50390625 0.37734375 0.01875 0.03984375
0 0.46875 0.37578125 0.01640625 0.03671875
0 0.4859375 0.3765625 0.01640625 0.03828125
0 0.49375 0.3375 0.03359375 0.03828125
0 0.46875 0.33828125 0.01640625 0.03671875
0 0.45234375 0.33828125 0.015625 0.0359375
0 0.4375 0.3390625 0.01484375 0.03515625
0 0.453125 0.37578125 0.015625 0.0359375
0 0.43828125 0.375 0.01484375 0.03515625
0 0.42421875 0.37421875 0.0140625 0.034375