2 0.07265625 0.63515625 0.1453125 0.2703125
3 0.44140625 0.57265625 0.065625 0.07890625
3 0.9609375 0.609375 0.07734375 0.13828125
3 0.559375 0.43359375 0.0828125 0.09921875
3 0.62734375 0.4625 0.09453125 0.10859375
3 0.72265625 0.51015625 0.103125 0.11171875
3 0.29453125 0.47109375 0.05859375 0.05546875
3 0.36875 0.35546875 0.07734375 0.0703125
3 0.41015625 0.3734375 0.0796875 0.0765625
3 0.5515625 0.64921875 0.07109375 0.10546875
0 0.99375 0.809375 0.0125 0.0734375
0 0.3578125 0.4328125 0.0125 0.0234375
0 0.3359375 0.43203125 0.0125 0.02578125
0 0.334375 0.415625 0.01484375 0.02578125
0 0.3109375 0.4109375 0.01953125 0.0234375
0 0.32578125 0.4125 0.01796875 0.02265625
3 0.778125 0.8015625 0.0921875 0.15234375
3 0.634375 0.70625 0.0765625 0.12109375
3 0.875 0.8796875 0.11171875 0.1421875
3 0.959375 0.92578125 0.08046875 0.14609375
3 0.4859375 0.52578125 0.07109375 0.096875
0 0.91640625 0.75390625 0.0734375 0.11484375
0 0.8671875 0.71875 0.065625 0.1265625
0 0.82109375 0.69453125 0.0625 0.12109375
0 0.88515625 0.6890625 0.08046875 0.1078125
0 0.60546875 0.54296875 0.040625 0.07578125
0 0.60234375 0.5796875 0.04140625 0.07890625
0 0.56953125 0.57578125 0.02890625 0.05078125
0 0.5453125 0.5421875 0.03046875 0.08515625
0 0.57578125 0.52734375 0.0359375 0.07265625
0 0.50703125 0.26015625 0.05 0.0859375
0 0.47734375 0.2515625 0.05 0.084375
0 0.4140625 0.24609375 0.02890625 0.0609375
0 0.43984375 0.25390625 0.02890625 0.0625
0 0.44921875 0.1875 0.053125 0.0796875
0 0.42109375 0.18203125 0.05078125 0.0765625
0 0.396875 0.17734375 0.05078125 0.07578125
0 0.37265625 0.17265625 0.05 0.07265625
0 0.390625 0.2390625 0.02734375 0.05859375
0 0.3671875 0.2328125 0.0265625 0.0578125
0 0.34765625 0.22109375 0.0265625 0.065625
0 0.3109375 0.1875 0.053125 0.065625
0 0.2890625 0.1828125 0.046875 0.0640625
0 0.27265625 0.178125 0.04453125 0.0625
0 0.25703125 0.17421875 0.04609375 0.059375
0 0.240625 0.1703125 0.04453125 0.059375
0 0.2265625 0.1671875 0.04453125 0.0578125
0 0.2125 0.1625 0.04375 0.05546875
0 0.33046875 0.32109375 0.046875 0.06484375
0 0.3125 0.31328125 0.04140625 0.0625
0 0.2859375 0.31484375 0.02109375 0.04453125
0 0.29140625 0.26796875 0.04921875 0.059375
0 0.27109375 0.30859375 0.02265625 0.0421875
0 0.25625 0.30234375 0.02109375 0.0421875
0 0.2421875 0.29609375 0.02109375 0.04140625
0 0.22890625 0.2875 0.0203125 0.046875
0 0.27265625 0.2625 0.04140625 0.05859375
0 0.2578125 0.25625 0.04140625 0.0578125
0 0.24375 0.2515625 0.040625 0.05625
3 0.9140625 0.26640625 0.06484375 0.04140625
3 0.8546875 0.2546875 0.0625 0.0390625
3 0.54609375 0.26953125 0.0296875 0.02578125
3 0.5734375 0.2765625 0.03828125 0.02734375
3 0.60546875 0.28515625 0.034375 0.02734375
3 0.653125 0.2171875 0.03828125 0.03046875
3 0.6890625 0.225 0.04453125 0.03046875
3 0.73515625 0.234375 0.046875 0.03046875
3 0.540625 0.19765625 0.0375 0.0265625
3 0.5671875 0.20234375 0.0375 0.0265625
0 0.82734375 0.3390625 0.02734375 0.04140625
3 0.78046875 0.33359375 0.04765625 0.0390625
0 0.72578125 0.3109375 0.02265625 0.04140625
0 0.709375 0.3078125 0.0203125 0.03828125
0 0.69375 0.30234375 0.02109375 0.040625
0 0.7140625 0.28046875 0.02265625 0.04140625
0 0.6765625 0.27109375 0.02109375 0.03828125
0 0.6734375 0.2984375 0.02109375 0.03515625
0 0.65625 0.2984375 0.0171875 0.02890625
0 0.64296875 0.28828125 0.01796875 0.03828125
0 0.6609375 0.2671875 0.0203125 0.03828125
0 0.5078125 0.18359375 0.00546875 0.02890625
0 0.50078125 0.18046875 0.0171875 0.03046875
0 0.48671875 0.18046875 0.01171875 0.02578125
0 0.490625 0.15390625 0.01953125 0.03046875
0 0.47890625 0.17890625 0.00625 0.02421875
0 0.4796875 0.15234375 0.01953125 0.0296875
0 0.46796875 0.1421875 0.01953125 0.01484375
0 0.45703125 0.14140625 0.01796875 0.01484375
0 0.51640625 0.103125 0.0203125 0.0296875
0 0.50234375 0.1015625 0.0171875 0.0328125
0 0.490625 0.1 0.0203125 0.03203125
0 0.47890625 0.0984375 0.0203125 0.03046875
0 0.4671875 0.09765625 0.0203125 0.0296875
0 0.45625 0.096875 0.01953125 0.0296875
0 0.4453125 0.09609375 0.01796875 0.0296875
0 0.63046875 0.12734375 0.01953125 0.0359375
0 0.61640625 0.12578125 0.02265625 0.0359375
0 0.584375 0.12421875 0.015625 0.0296875
0 0.59921875 0.12578125 0.0171875 0.03046875
0 0.60390625 0.09453125 0.02265625 0.03515625
0 0.5890625 0.0921875 0.02265625 0.034375
0 0.57421875 0.09140625 0.02109375 0.034375
0 0.56015625 0.08984375 0.0203125 0.0328125
0 0.5703125 0.12265625 0.01484375 0.03046875
0 0.55546875 0.12109375 0.0140625 0.0296875
0 0.5421875 0.11875 0.0140625 0.03046875
3 0.97734375 0.540625 0.0421875 0.05078125