3 0.99609375 0.78203125 0.00703125 0.06484375
3 0.9921875 0.73359375 0.0140625 0.05625
3 0.396875 0.74296875 0.07421875 0.096875
3 0.6328125 0.40703125 0.0421875 0.0234375
3 0.6140625 0.41484375 0.04453125 0.02578125
3 0.02734375 0.8953125 0.0546875 0.14296875
3 0.33359375 0.6953125 0.08671875 0.10546875
3 0.39375 0.64609375 0.07890625 0.084375
3 0.4484375 0.6109375 0.06796875 0.0703125
3 0.48984375 0.4703125 0.06171875 0.04453125
3 0.52109375 0.45546875 0.06015625 0.03671875
3 0.55703125 0.44296875 0.0484375 0.03203125
3 0.55703125 0.60546875 0.05078125 0.0515625
3 0.44453125 0.70078125 0.0671875 0.08125
3 0.059375 0.97421875 0.06796875 0.04921875
3 0.31484375 0.55625 0.08203125 0.084375
3 0.37109375 0.528125 0.08203125 0.0703125
3 0.496875 0.65859375 0.059375 0.06796875
0 0.615625 0.48828125 0.02578125 0.03515625
0 0.14375 0.79765625 0.0921875 0.1234375
3 0.5859375 0.584375 0.04609375 0.03359375
3 0.6140625 0.565625 0.0296875 0.03046875
3 0.6328125 0.54921875 0.025 0.028125
3 0.5875 0.5140625 0.0453125 0.028125
0 0.5671875 0.52421875 0.0109375 0.040625
0 0.5484375 0.53359375 0.0265625 0.0390625
0 0.5421875 0.5375 0.01640625 0.046875
0 0.54765625 0.49921875 0.03046875 0.0453125
0 0.51875 0.51640625 0.03046875 0.04921875
0 0.52734375 0.55390625 0.01328125 0.03984375
0 0.50625 0.5625 0.02890625 0.04375
0 0.4890625 0.56640625 0.03359375 0.05703125
0 0.50390625 0.52421875 0.03359375 0.053125
0 0.21875 0.5703125 0.0578125 0.0984375
0 0.17265625 0.58984375 0.06171875 0.10703125
0 0.11953125 0.61328125 0.06953125 0.11484375
0 0.10625 0.546875 0.0734375 0.11171875
0 0.05625 0.65234375 0.08203125 0.096875
0 0.015625 0.67265625 0.03125 0.08828125
0 0.0421875 0.5671875 0.08359375 0.1234375
0 0.00703125 0.57890625 0.0140625 0.11328125
0 0.196875 0.38125 0.06328125 0.08359375
0 0.14453125 0.38828125 0.06875 0.08984375
0 0.08203125 0.396875 0.08125 0.096875
0 0.02890625 0.4046875 0.05703125 0.10390625
0 0.4546875 0.3640625 0.03828125 0.0515625
0 0.44296875 0.36796875 0.02265625 0.05390625
0 0.3953125 0.378125 0.02890625 0.0546875
0 0.4203125 0.3734375 0.025 0.053125
0 0.40859375 0.3234375 0.04453125 0.053125
0 0.3859375 0.32578125 0.04296875 0.0546875
0 0.359375 0.328125 0.04140625 0.059375
0 0.325 0.33046875 0.05234375 0.06171875
0 0.3671875 0.38359375 0.03125 0.05703125
0 0.33671875 0.3890625 0.0359375 0.0609375
0 0.29609375 0.39140625 0.05390625 0.07109375
3 0.74296875 0.53984375 0.04453125 0.03515625