3 0.4671875 0.62421875 0.05390625 0.059375
3 0.96015625 0.60078125 0.07890625 0.08671875
3 0.88671875 0.57890625 0.12265625 0.09296875
3 0.32890625 0.49296875 0.04921875 0.03828125
3 0.425 0.53828125 0.05546875 0.05
3 0.465625 0.5515625 0.05703125 0.05390625
3 0.50625 0.57265625 0.05546875 0.06171875
3 0.5640625 0.48515625 0.06015625 0.05703125
3 0.61484375 0.50078125 0.06796875 0.06015625
3 0.68359375 0.52421875 0.07109375 0.0609375
3 0.66640625 0.7328125 0.06328125 0.09140625
3 0.50625 0.64453125 0.05546875 0.06484375
3 0.33828125 0.55625 0.0484375 0.04296875
3 0.41640625 0.44453125 0.05703125 0.04296875
3 0.44921875 0.4546875 0.0578125 0.04609375
3 0.5609375 0.6765625 0.05859375 0.07421875
0 0.8625 0.709375 0.0671875 0.096875
0 0.3625 0.5015625 0.0296875 0.04453125
3 0.75078125 0.77578125 0.07421875 0.10546875
3 0.8296875 0.8171875 0.08828125 0.115625
3 0.91796875 0.8640625 0.10859375 0.13125
3 0.76953125 0.678125 0.08203125 0.09296875
0 0.68125 0.6296875 0.03203125 0.07421875
0 0.653125 0.63125 0.02890625 0.04609375
0 0.6296875 0.60859375 0.02890625 0.06953125
0 0.65859375 0.584375 0.03203125 0.06875
0 0.60234375 0.56328125 0.03125 0.06328125
0 0.6 0.60078125 0.03046875 0.05859375
0 0.575 0.5984375 0.02265625 0.04140625
0 0.5546875 0.57890625 0.021875 0.06171875
0 0.5796875 0.55546875 0.0296875 0.06015625
0 0.3859375 0.4234375 0.03203125 0.04296875
0 0.3703125 0.41875 0.02890625 0.04375
0 0.35078125 0.41953125 0.01484375 0.03203125
0 0.35703125 0.3859375 0.0328125 0.040625
0 0.33828125 0.41640625 0.01484375 0.03203125
0 0.32578125 0.4125 0.0140625 0.03046875
0 0.3140625 0.40859375 0.01328125 0.03046875
0 0.303125 0.40390625 0.01328125 0.03515625
0 0.34296875 0.3828125 0.02890625 0.03984375
0 0.33046875 0.3796875 0.0296875 0.0390625
0 0.31875 0.37734375 0.0296875 0.03828125
0 0.38046875 0.32578125 0.03359375 0.040625
0 0.36328125 0.3234375 0.028125 0.03984375
0 0.35078125 0.321875 0.03046875 0.03984375
0 0.33828125 0.31953125 0.03125 0.03828125
0 0.325 0.31796875 0.02890625 0.03828125
0 0.31328125 0.31640625 0.03046875 0.0359375
0 0.3015625 0.3140625 0.02890625 0.0359375
0 0.52578125 0.36328125 0.03359375 0.0515625
0 0.5046875 0.359375 0.0328125 0.05078125
0 0.459375 0.35703125 0.01875 0.040625
0 0.478125 0.3609375 0.01875 0.04140625
0 0.484375 0.31796875 0.03359375 0.046875
0 0.465625 0.31640625 0.03359375 0.0453125
0 0.446875 0.3140625 0.03203125 0.04453125
0 0.4296875 0.31171875 0.03203125 0.04375
0 0.44140625 0.35390625 0.01796875 0.03984375
0 0.42421875 0.3515625 0.0171875 0.03828125
0 0.4078125 0.3453125 0.0171875 0.04296875