3 0.40625 0.725 0.06640625 0.06484375
3 0.64140625 0.4734375 0.040625 0.0140625
3 0.6203125 0.47578125 0.04453125 0.01484375
3 0.0640625 0.7421875 0.128125 0.103125
3 0.3515625 0.64921875 0.07109375 0.059375
3 0.40625 0.6265625 0.06796875 0.05
3 0.45625 0.61171875 0.059375 0.04375
3 0.49765625 0.49453125 0.05390625 0.0234375
3 0.528125 0.490625 0.05390625 0.0203125
3 0.5625 0.48671875 0.0453125 0.01796875
3 0.565625 0.64609375 0.04921875 0.03828125
3 0.45234375 0.7015625 0.06171875 0.05625
3 0.0734375 0.89140625 0.13671875 0.14375
3 0.34296875 0.51875 0.06171875 0.0359375
3 0.38984375 0.51171875 0.065625 0.03203125
3 0.50390625 0.678125 0.05625 0.0484375
0 0.625 0.54609375 0.0234375 0.0296875
0 0.19765625 0.68203125 0.06875 0.07890625
3 0.596875 0.634375 0.04609375 0.02578125
3 0.6265625 0.621875 0.02734375 0.02421875
3 0.6453125 0.61171875 0.0265625 0.021875
3 0.59921875 0.5640625 0.03828125 0.01875
0 0.5734375 0.5640625 0.01171875 0.03515625
0 0.55390625 0.56875 0.02734375 0.03515625
0 0.54765625 0.57109375 0.01640625 0.03984375
0 0.55390625 0.53828125 0.028125 0.03671875
0 0.52578125 0.5453125 0.02734375 0.0390625
0 0.5328125 0.5796875 0.01328125 0.03515625
0 0.51875 0.58359375 0.01328125 0.0359375
0 0.496875 0.58515625 0.0296875 0.04453125
0 0.5109375 0.54921875 0.0296875 0.040625
0 0.26875 0.5125 0.03828125 0.05859375
0 0.23515625 0.51640625 0.03828125 0.06171875
0 0.196875 0.5234375 0.0421875 0.05859375
0 0.19375 0.46796875 0.04296875 0.05859375
0 0.15390625 0.52890625 0.04765625 0.06171875
0 0.10625 0.534375 0.05390625 0.065625
0 0.05390625 0.54140625 0.059375 0.06953125
0 0.0140625 0.54140625 0.028125 0.078125
0 0.15078125 0.4703125 0.04765625 0.0609375
0 0.10390625 0.47265625 0.05703125 0.065625
0 0.05078125 0.47578125 0.0640625 0.06953125
0 0.2671875 0.35703125 0.0359375 0.0546875
0 0.23125 0.35390625 0.03984375 0.05703125
0 0.19140625 0.35 0.04375 0.0609375
0 0.14765625 0.3453125 0.04921875 0.06484375
0 0.0984375 0.340625 0.05546875 0.06875
0 0.04375 0.3359375 0.06171875 0.0734375
0 0.00859375 0.3328125 0.0171875 0.07109375
0 0.47265625 0.3921875 0.01796875 0.03828125
0 0.4546875 0.39140625 0.01875 0.03984375
0 0.4140625 0.38828125 0.021875 0.04140625
0 0.43515625 0.38984375 0.0203125 0.040625
0 0.434375 0.34921875 0.0203125 0.04140625
0 0.41328125 0.346875 0.02265625 0.04375
0 0.390625 0.34375 0.02421875 0.04609375
0 0.3609375 0.33984375 0.03671875 0.0484375
0 0.39140625 0.38671875 0.0234375 0.04453125
0 0.3671875 0.3859375 0.02578125 0.0453125
0 0.3359375 0.38359375 0.03671875 0.0484375
3 0.7578125 0.60390625 0.04296875 0.02890625