3 0.409375 0.74609375 0.06953125 0.06015625
3 0.8765625 0.4890625 0.1046875 0.02578125
3 0.8171875 0.4890625 0.09921875 0.02578125
3 0.13125 0.63984375 0.11171875 0.0484375
3 0.33984375 0.6390625 0.08203125 0.0484375
3 0.40859375 0.63359375 0.071875 0.046875
3 0.475 0.634375 0.05546875 0.053125
3 0.546875 0.4953125 0.0578125 0.0296875
3 0.60390625 0.49453125 0.07421875 0.0265625
3 0.67109375 0.49453125 0.07890625 0.0265625
3 0.6734375 0.73984375 0.08203125 0.059375
3 0.47265625 0.74375 0.06328125 0.06015625
3 0.14296875 0.75390625 0.1078125 0.0640625
3 0.32890625 0.49921875 0.07890625 0.03125
3 0.3859375 0.4984375 0.06953125 0.03125
3 0.553125 0.74375 0.06796875 0.06015625
0 0.81953125 0.61328125 0.05703125 0.05859375
0 0.21328125 0.6265625 0.06015625 0.0640625
3 0.746875 0.73828125 0.0890625 0.05703125
3 0.815625 0.74375 0.07265625 0.040625
3 0.8734375 0.73984375 0.07734375 0.04453125
3 0.74921875 0.625 0.0890625 0.040625
0 0.68359375 0.6140625 0.02734375 0.059375
0 0.6515625 0.61484375 0.0390625 0.059375
0 0.62734375 0.615625 0.034375 0.06015625
0 0.6515625 0.57109375 0.03984375 0.05625
0 0.59375 0.571875 0.03359375 0.05703125
0 0.59765625 0.6234375 0.02578125 0.04453125
0 0.56875 0.61796875 0.03125 0.05703125
0 0.54296875 0.61640625 0.03046875 0.0609375
0 0.56875 0.57265625 0.0328125 0.05625
0 0.26953125 0.484375 0.04765625 0.0515625
0 0.2390625 0.484375 0.04609375 0.0515625
0 0.2015625 0.4859375 0.03046875 0.0484375
0 0.21171875 0.43671875 0.05546875 0.0484375
0 0.17265625 0.48671875 0.03125 0.04921875
0 0.14296875 0.48671875 0.03203125 0.04921875
0 0.1140625 0.48671875 0.03203125 0.0484375
0 0.084375 0.48515625 0.03203125 0.0515625
0 0.1703125 0.43671875 0.03203125 0.0484375
0 0.140625 0.4375 0.03203125 0.04921875
0 0.1109375 0.4375 0.03203125 0.04921875
0 0.26640625 0.3359375 0.05 0.0546875
0 0.2265625 0.3328125 0.03203125 0.05078125
0 0.196875 0.33203125 0.03203125 0.05
0 0.16640625 0.33203125 0.03203125 0.05
0 0.13671875 0.33203125 0.0328125 0.05078125
0 0.10625 0.33203125 0.0328125 0.05078125
0 0.0765625 0.33125 0.0328125 0.0515625
0 0.4953125 0.35625 0.02734375 0.04921875
0 0.4671875 0.35546875 0.02734375 0.04921875
0 0.4109375 0.35546875 0.02890625 0.04921875
0 0.4390625 0.35546875 0.028125 0.0484375
0 0.43984375 0.30546875 0.03046875 0.05
0 0.41015625 0.30546875 0.02890625 0.05
0 0.38125 0.30546875 0.02890625 0.05078125
0 0.35234375 0.3046875 0.02890625 0.05
0 0.38203125 0.35546875 0.02890625 0.04921875
0 0.35390625 0.35546875 0.02890625 0.04921875
0 0.325 0.3546875 0.0296875 0.05