3 0.39140625 0.76796875 0.07265625 0.07421875
3 0.7140625 0.490625 0.05234375 0.01484375
3 0.6828125 0.49140625 0.05859375 0.01484375
3 0.03671875 0.71875 0.07265625 0.071875
3 0.3171875 0.6671875 0.08203125 0.06171875
3 0.3921875 0.64921875 0.0734375 0.05390625
3 0.45703125 0.6375 0.065625 0.04921875
3 0.5125 0.50234375 0.06328125 0.02109375
3 0.55703125 0.50078125 0.06015625 0.01953125
3 0.603125 0.4984375 0.0546875 0.01796875
3 0.60546875 0.69765625 0.06328125 0.046875
3 0.4515625 0.746875 0.06953125 0.065625
3 0.04140625 0.88046875 0.0828125 0.1078125
3 0.3046875 0.5125 0.07109375 0.03046875
3 0.371875 0.509375 0.065625 0.028125
3 0.5203125 0.7265625 0.06796875 0.05703125
0 0.68828125 0.58046875 0.03359375 0.0359375
0 0.13515625 0.68203125 0.08671875 0.0796875
3 0.65 0.6859375 0.06015625 0.03515625
3 0.69140625 0.6765625 0.03984375 0.02890625
3 0.71875 0.66640625 0.0390625 0.02578125
3 0.65 0.59765625 0.05546875 0.025
0 0.6140625 0.59453125 0.01640625 0.04375
0 0.5890625 0.5984375 0.03359375 0.04453125
0 0.578125 0.6 0.0234375 0.0484375
0 0.5890625 0.5609375 0.03359375 0.04296875
0 0.54921875 0.56640625 0.0328125 0.04609375
0 0.55703125 0.60859375 0.01796875 0.04140625
0 0.5375 0.61171875 0.01953125 0.04296875
0 0.51328125 0.61171875 0.0296875 0.053125
0 0.53046875 0.56875 0.03359375 0.046875
0 0.2234375 0.4984375 0.04765625 0.05859375
0 0.17734375 0.5 0.04453125 0.0609375
0 0.13203125 0.5015625 0.04765625 0.06328125
0 0.13828125 0.43828125 0.06484375 0.06171875
0 0.08359375 0.503125 0.05234375 0.065625
0 0.0296875 0.5046875 0.0578125 0.06875
0 0.0015625 0.50546875 0.00234375 0.06875
0 0.08125 0.43671875 0.05234375 0.06484375
0 0.028125 0.4359375 0.05625 0.06875
0 0.22265625 0.32109375 0.04765625 0.06171875
0 0.1765625 0.3140625 0.0453125 0.0640625
0 0.13125 0.3078125 0.0484375 0.06796875
0 0.08125 0.30078125 0.05234375 0.0703125
0 0.028125 0.29375 0.05625 0.07421875
0 0.4765625 0.37421875 0.0234375 0.04609375
0 0.4515625 0.37109375 0.02421875 0.046875
0 0.39921875 0.365625 0.02734375 0.04921875
0 0.4265625 0.36875 0.02578125 0.0484375
0 0.42578125 0.321875 0.02578125 0.05078125
0 0.39921875 0.3171875 0.028125 0.053125
0 0.3703125 0.3125 0.0296875 0.0546875
0 0.3390625 0.30703125 0.0328125 0.05625
0 0.3703125 0.36171875 0.02890625 0.0515625
0 0.33984375 0.35859375 0.03203125 0.05390625
0 0.30703125 0.35390625 0.03359375 0.05625
3 0.8890625 0.671875 0.071875 0.04609375