3 0.46875 0.6421875 0.0609375 0.06953125
3 0.9578125 0.61171875 0.0828125 0.103125
3 0.32734375 0.4890625 0.05 0.0390625
3 0.4234375 0.54296875 0.06171875 0.05546875
3 0.4671875 0.56015625 0.0640625 0.0609375
3 0.51171875 0.58671875 0.065625 0.0734375
3 0.578125 0.48828125 0.0734375 0.065625
3 0.6390625 0.50859375 0.08515625 0.07421875
3 0.72578125 0.540625 0.09296875 0.0796875
3 0.7 0.7953125 0.0796875 0.12421875
3 0.5109375 0.66875 0.0640625 0.0765625
3 0.3375 0.5578125 0.0515625 0.0453125
3 0.41484375 0.43671875 0.06484375 0.04453125
3 0.44921875 0.44921875 0.06640625 0.05
3 0.5734375 0.71328125 0.06953125 0.09296875
0 0.96015625 0.8 0.078125 0.1390625
0 0.36015625 0.49921875 0.03046875 0.0484375
3 0.81015625 0.86484375 0.10234375 0.15
3 0.92109375 0.92578125 0.128125 0.14609375
3 0.98515625 0.9578125 0.02890625 0.08203125
3 0.83984375 0.74375 0.11484375 0.13359375
0 0.71953125 0.67109375 0.04140625 0.0953125
0 0.68515625 0.66953125 0.03671875 0.0609375
0 0.65546875 0.640625 0.0375 0.0859375
0 0.6921875 0.6125 0.04140625 0.0859375
0 0.62265625 0.58203125 0.0390625 0.07578125
0 0.6203125 0.628125 0.03828125 0.06875
0 0.58984375 0.62265625 0.02734375 0.05078125
0 0.565625 0.5984375 0.02578125 0.07421875
0 0.596875 0.57109375 0.03671875 0.0734375
0 0.38359375 0.41328125 0.03515625 0.046875
0 0.36640625 0.40859375 0.02890625 0.0453125
0 0.346875 0.40859375 0.01484375 0.0359375
0 0.3546875 0.371875 0.03671875 0.04296875
0 0.334375 0.4046875 0.0140625 0.03515625
0 0.32265625 0.40078125 0.0140625 0.03359375
0 0.31171875 0.396875 0.01328125 0.03359375
0 0.30078125 0.3921875 0.01328125 0.0359375
0 0.340625 0.36875 0.03203125 0.04140625
0 0.32890625 0.36640625 0.03203125 0.03984375
0 0.31796875 0.36328125 0.03203125 0.03984375
0 0.37734375 0.30546875 0.0375 0.04375
0 0.35859375 0.303125 0.02734375 0.04140625
0 0.346875 0.3015625 0.03203125 0.040625
0 0.334375 0.3 0.03203125 0.0390625
0 0.32265625 0.2984375 0.03203125 0.03828125
0 0.31171875 0.296875 0.03203125 0.03671875
0 0.30078125 0.29609375 0.03203125 0.0359375
0 0.534375 0.34296875 0.03984375 0.05859375
0 0.5109375 0.33984375 0.0390625 0.05546875
0 0.459375 0.3359375 0.0203125 0.04609375
0 0.4796875 0.33984375 0.02109375 0.0484375
0 0.4890625 0.2921875 0.03984375 0.05078125
0 0.465625 0.290625 0.0359375 0.04921875
0 0.4453125 0.28828125 0.03359375 0.046875
0 0.42734375 0.28671875 0.03203125 0.04609375
0 0.43984375 0.33359375 0.01953125 0.04453125
0 0.421875 0.33046875 0.01875 0.04296875
0 0.4046875 0.32578125 0.01796875 0.04609375