3 0.3890625 0.77265625 0.07421875 0.07109375
3 0.7 0.503125 0.04921875 0.01171875
3 0.67109375 0.503125 0.05625 0.01328125
3 0.03046875 0.715625 0.06015625 0.06484375
3 0.3171875 0.6671875 0.08203125 0.05625
3 0.390625 0.65078125 0.075 0.0484375
3 0.4546875 0.640625 0.06640625 0.04453125
3 0.50859375 0.5078125 0.0625 0.01796875
3 0.5546875 0.5078125 0.05234375 0.015625
3 0.6015625 0.50703125 0.040625 0.01484375
3 0.59921875 0.70390625 0.06171875 0.04375
3 0.44921875 0.75234375 0.07109375 0.06171875
3 0.03359375 0.88828125 0.0671875 0.1
3 0.3078125 0.51015625 0.0703125 0.02421875
3 0.37421875 0.509375 0.06328125 0.02109375
3 0.51640625 0.73203125 0.06796875 0.0546875
0 0.678125 0.5890625 0.03203125 0.034375
0 0.12890625 0.68125 0.08984375 0.08046875
3 0.6421875 0.69296875 0.05859375 0.03203125
3 0.68046875 0.68359375 0.03828125 0.0265625
3 0.70703125 0.67421875 0.03671875 0.025
3 0.6421875 0.60625 0.05234375 0.02109375
0 0.6078125 0.6015625 0.01484375 0.040625
0 0.58359375 0.60546875 0.03125 0.04140625
0 0.57265625 0.60625 0.02265625 0.04453125
0 0.58359375 0.56875 0.03359375 0.040625
0 0.5453125 0.57265625 0.03046875 0.04375
0 0.553125 0.61328125 0.0171875 0.03984375
0 0.534375 0.61640625 0.01796875 0.04140625
0 0.5109375 0.61640625 0.02890625 0.05
0 0.5265625 0.575 0.034375 0.04453125
0 0.2234375 0.49296875 0.0453125 0.059375
0 0.17890625 0.49296875 0.04453125 0.0609375
0 0.13203125 0.49296875 0.04765625 0.06328125
0 0.13828125 0.42890625 0.06171875 0.065625
0 0.08125 0.4921875 0.05234375 0.06796875
0 0.02734375 0.4921875 0.0546875 0.06953125
0 0.08125 0.42578125 0.05234375 0.06875
0 0.02734375 0.421875 0.0546875 0.071875
0 0.2265625 0.315625 0.04453125 0.06328125
0 0.18203125 0.30703125 0.04453125 0.06484375
0 0.1359375 0.29921875 0.04765625 0.06875
0 0.08515625 0.2890625 0.05234375 0.07109375
0 0.0296875 0.27890625 0.0578125 0.07578125
0 0.00078125 0.27421875 0.00078125 0.06640625
0 0.475 0.38046875 0.02265625 0.04453125
0 0.4515625 0.3765625 0.0234375 0.0453125
0 0.40078125 0.36796875 0.0265625 0.04921875
0 0.42734375 0.37265625 0.025 0.046875
0 0.42734375 0.328125 0.025 0.05
0 0.40078125 0.321875 0.0265625 0.0515625
0 0.37265625 0.315625 0.02890625 0.05390625
0 0.34140625 0.309375 0.03359375 0.05546875
0 0.37265625 0.36328125 0.02890625 0.05078125
0 0.34296875 0.35859375 0.03046875 0.053125
0 0.3109375 0.353125 0.0328125 0.05546875
3 0.86796875 0.67265625 0.06640625 0.03984375