3 0.4 0.7453125 0.06640625 0.06640625
3 0.71171875 0.48515625 0.0515625 0.01484375
3 0.68046875 0.48671875 0.05703125 0.015625
3 0.05859375 0.70234375 0.11640625 0.075
3 0.33203125 0.65234375 0.07421875 0.05625
3 0.40078125 0.63671875 0.06796875 0.04921875
3 0.46015625 0.6265625 0.06015625 0.046875
3 0.51328125 0.49921875 0.05859375 0.021875
3 0.5546875 0.49609375 0.06015625 0.0203125
3 0.59921875 0.49453125 0.05546875 0.01875
3 0.603125 0.68359375 0.06015625 0.0453125
3 0.45625 0.72734375 0.06484375 0.06015625
3 0.06328125 0.84765625 0.1265625 0.1109375
3 0.3203125 0.5109375 0.0640625 0.03125
3 0.38125 0.5078125 0.06015625 0.02890625
3 0.5203125 0.71015625 0.06328125 0.05390625
0 0.68515625 0.571875 0.03359375 0.03515625
0 0.171875 0.665625 0.07421875 0.0703125
3 0.646875 0.6734375 0.0578125 0.03359375
3 0.68671875 0.66484375 0.0390625 0.028125
3 0.71484375 0.65625 0.03828125 0.025
3 0.646875 0.5890625 0.0546875 0.02421875
0 0.61171875 0.5859375 0.015625 0.04296875
0 0.58828125 0.5890625 0.03125 0.04140625
0 0.57578125 0.59140625 0.02265625 0.0453125
0 0.58828125 0.55390625 0.03203125 0.04140625
0 0.5484375 0.56015625 0.03125 0.04453125
0 0.55546875 0.6 0.0171875 0.0390625
0 0.5375 0.603125 0.01796875 0.03984375
0 0.51328125 0.6015625 0.028125 0.05
0 0.53046875 0.5625 0.03203125 0.0453125
0 0.246875 0.5 0.04140625 0.05546875
0 0.209375 0.5015625 0.04296875 0.05625
0 0.1671875 0.50390625 0.0421875 0.05625
0 0.171875 0.4484375 0.0546875 0.05546875
0 0.12578125 0.50625 0.04453125 0.059375
0 0.08046875 0.50859375 0.04921875 0.0609375
0 0.03203125 0.5109375 0.05234375 0.06328125
0 0.00390625 0.509375 0.0078125 0.065625
0 0.1234375 0.44765625 0.0453125 0.05859375
0 0.078125 0.4484375 0.04921875 0.0609375
0 0.02890625 0.44765625 0.053125 0.0640625
0 0.2453125 0.33828125 0.0421875 0.05625
0 0.2046875 0.334375 0.03984375 0.05703125
0 0.16484375 0.33046875 0.04296875 0.06015625
0 0.121875 0.32578125 0.04609375 0.06171875
0 0.07578125 0.32109375 0.05 0.065625
0 0.0265625 0.315625 0.053125 0.06875
0 0.00078125 0.32109375 0.0015625 0.0484375
0 0.47890625 0.3796875 0.021875 0.04296875
0 0.45546875 0.378125 0.02265625 0.04453125
0 0.40625 0.37421875 0.02578125 0.04609375
0 0.43125 0.37578125 0.02421875 0.04453125
0 0.43125 0.33203125 0.02421875 0.046875
0 0.40546875 0.32890625 0.02578125 0.0484375
0 0.37890625 0.325 0.02734375 0.05
0 0.35 0.32109375 0.03046875 0.0515625
0 0.3796875 0.371875 0.02734375 0.046875
0 0.3515625 0.36953125 0.02890625 0.0484375
0 0.32109375 0.36640625 0.03125 0.0515625
3 0.87890625 0.6640625 0.06875 0.04609375