2 0.10546875 0.57734375 0.09140625 0.21796875
3 0.44921875 0.6671875 0.07109375 0.04140625
3 0.5390625 0.39296875 0.05546875 0.0375
3 0.6125 0.3734375 0.08828125 0.046875
3 0.7171875 0.34140625 0.11953125 0.06171875
3 0.3375 0.6265625 0.05078125 0.0234375
3 0.39609375 0.4359375 0.04375 0.02421875
3 0.434375 0.4265625 0.065625 0.02734375
3 0.5609375 0.709375 0.09609375 0.065625
0 0.38984375 0.553125 0.0140625 0.0109375
0 0.37578125 0.55234375 0.015625 0.0109375
0 0.37734375 0.54453125 0.0171875 0.0078125
0 0.35703125 0.5515625 0.01171875 0.009375
0 0.36640625 0.55078125 0.00546875 0.00859375
3 0.9203125 0.83984375 0.159375 0.15234375
3 0.66953125 0.753125 0.11796875 0.0875
3 0.4890625 0.559375 0.07734375 0.02421875
0 0.98671875 0.55703125 0.0265625 0.1078125
0 0.9296875 0.55546875 0.09375 0.10546875
0 0.9765625 0.44921875 0.046875 0.1078125
0 0.60703125 0.4859375 0.05234375 0.0625
0 0.6078125 0.54765625 0.05234375 0.0625
0 0.56796875 0.54765625 0.02734375 0.05859375
0 0.540625 0.54609375 0.02421875 0.05625
0 0.56796875 0.4875 0.02734375 0.05859375
0 0.51015625 0.27265625 0.04375 0.0625
0 0.47734375 0.27734375 0.01953125 0.05
0 0.44296875 0.29921875 0.015625 0.04453125
0 0.459375 0.28828125 0.0171875 0.046875
0 0.471875 0.2484375 0.0390625 0.05390625
0 0.44296875 0.2609375 0.015625 0.05078125
0 0.428125 0.27265625 0.0140625 0.04921875
0 0.41484375 0.28125 0.0125 0.04609375
0 0.428125 0.30859375 0.0140625 0.0421875
0 0.4140625 0.3171875 0.0125 0.040625
0 0.40078125 0.325 0.0125 0.0390625
0 0.38203125 0.32890625 0.02578125 0.03515625
0 0.3640625 0.33515625 0.009375 0.034375
0 0.3546875 0.340625 0.009375 0.0328125
0 0.34609375 0.34765625 0.00859375 0.03046875
0 0.3375 0.353125 0.00859375 0.0296875
0 0.33046875 0.3578125 0.0078125 0.02890625
0 0.32265625 0.3625 0.00625 0.02734375
0 0.384375 0.43515625 0.03203125 0.034375
0 0.3625 0.4375 0.0109375 0.034375
0 0.35234375 0.440625 0.009375 0.03046875
0 0.36328125 0.409375 0.02890625 0.034375
0 0.34453125 0.44453125 0.009375 0.03046875
0 0.3359375 0.446875 0.0078125 0.0296875
0 0.328125 0.44921875 0.0078125 0.02890625
0 0.32109375 0.4515625 0.0078125 0.02890625
0 0.34453125 0.4140625 0.00859375 0.034375
0 0.3359375 0.4171875 0.00859375 0.03203125
0 0.328125 0.42109375 0.0078125 0.03046875
3 0.621875 0.6078125 0.03046875 0.01171875
3 0.925 0.44140625 0.05625 0.0234375
3 0.5203125 0.54453125 0.01484375 0.00625
3 0.63671875 0.54609375 0.00546875 0.009375
3 0.65703125 0.546875 0.03515625 0.0109375
3 0.69609375 0.46875 0.034375 0.0140625
3 0.7375 0.4640625 0.04921875 0.01484375
3 0.7828125 0.459375 0.040625 0.015625
3 0.7875 0.63046875 0.034375 0.015625
3 0.65859375 0.6125 0.0421875 0.0125
3 0.52421875 0.59453125 0.0203125 0.00859375
3 0.63359375 0.4765625 0.00078125 0.00390625
3 0.70546875 0.61953125 0.046875 0.015625
3 0.87109375 0.64140625 0.0640625 0.02109375
3 0.94296875 0.65078125 0.07734375 0.02421875
3 0.990625 0.65703125 0.01796875 0.01796875
3 0.8625 0.55234375 0.04375 0.0125
0 0.79609375 0.54140625 0.01953125 0.0296875
0 0.775 0.54140625 0.0203125 0.0296875
0 0.75546875 0.540625 0.01953125 0.02890625
0 0.77578125 0.5109375 0.0234375 0.02890625
0 0.73125 0.51328125 0.02265625 0.0265625
0 0.7328125 0.540625 0.02265625 0.0265625
0 0.7125 0.53984375 0.0171875 0.0265625
0 0.69609375 0.53984375 0.015625 0.0265625
0 0.7125 0.5125 0.015625 0.02578125
0 0.55078125 0.47734375 0.00390625 0.0203125
0 0.54609375 0.478125 0.00546875 0.0203125
0 0.55078125 0.459375 0.0140625 0.0203125
0 0.5328125 0.4796875 0.00390625 0.01953125
0 0.5265625 0.48046875 0.00859375 0.01796875
0 0.51875 0.48125 0.0078125 0.01796875
0 0.51328125 0.48203125 0.00078125 0.0171875
0 0.5328125 0.4609375 0.00390625 0.01796875
0 0.5265625 0.4625 0.00859375 0.01796875
0 0.51875 0.4625 0.0078125 0.01953125