3 0.40625 0.71875 0.06171875 0.07578125
3 0.7765625 0.44296875 0.07265625 0.03046875
3 0.73671875 0.446875 0.0734375 0.03125
3 0.078125 0.68125 0.13515625 0.0890625
3 0.33125 0.6375 0.07578125 0.07109375
3 0.40234375 0.61953125 0.065625 0.06484375
3 0.46640625 0.609375 0.05703125 0.065625
3 0.52734375 0.47421875 0.0609375 0.04296875
3 0.57578125 0.46796875 0.06875 0.03828125
3 0.63125 0.46328125 0.06640625 0.034375
3 0.6265625 0.66328125 0.06640625 0.05859375
3 0.46328125 0.703125 0.06171875 0.07109375
3 0.10546875 0.7953125 0.12265625 0.10390625
3 0.3125 0.5015625 0.0734375 0.05546875
3 0.375 0.49453125 0.0609375 0.053125
3 0.53515625 0.68828125 0.05859375 0.065625
0 0.734375 0.54453125 0.04140625 0.04453125
0 0.18515625 0.6484375 0.06796875 0.07109375
3 0.6796875 0.653125 0.06640625 0.0484375
3 0.72890625 0.64765625 0.0484375 0.034375
3 0.765625 0.6375 0.04921875 0.03203125
3 0.684375 0.56328125 0.06875 0.03828125
0 0.63984375 0.5609375 0.02109375 0.05546875
0 0.61328125 0.56640625 0.034375 0.05390625
0 0.596875 0.56875 0.02734375 0.05703125
0 0.6140625 0.52890625 0.03671875 0.0546875
0 0.5671875 0.53671875 0.0328125 0.05625
0 0.571875 0.5828125 0.02109375 0.04140625
0 0.546875 0.58046875 0.03046875 0.05390625
0 0.52421875 0.58125 0.03203125 0.0609375
0 0.54609375 0.540625 0.03359375 0.05859375
0 0.24140625 0.49140625 0.05078125 0.06875
0 0.20546875 0.4953125 0.05234375 0.0703125
0 0.16328125 0.50703125 0.04453125 0.05546875
0 0.16640625 0.4484375 0.065625 0.06875
0 0.125 0.51171875 0.046875 0.05625
0 0.08515625 0.515625 0.04921875 0.059375
0 0.04375 0.5203125 0.05234375 0.059375
0 0.0140625 0.51640625 0.02734375 0.07421875
0 0.125 0.45078125 0.06484375 0.0703125
0 0.0859375 0.45390625 0.07109375 0.071875
0 0.04453125 0.45703125 0.07734375 0.0734375
0 0.2265625 0.33359375 0.05390625 0.059375
0 0.1828125 0.33359375 0.04609375 0.06015625
0 0.14296875 0.334375 0.0484375 0.0609375
0 0.1015625 0.334375 0.05078125 0.06171875
0 0.0578125 0.33515625 0.0546875 0.06484375
0 0.02109375 0.3359375 0.04140625 0.065625
0 0.48046875 0.34921875 0.03203125 0.05
0 0.45625 0.34921875 0.028125 0.05078125
0 0.39921875 0.35234375 0.03046875 0.05078125
0 0.428125 0.3515625 0.02890625 0.05
0 0.4265625 0.3 0.0296875 0.0515625
0 0.396875 0.29921875 0.03203125 0.053125
0 0.36640625 0.29921875 0.03359375 0.0546875
0 0.334375 0.29921875 0.03515625 0.05546875
0 0.36875 0.353125 0.0328125 0.0515625
0 0.3375 0.35390625 0.034375 0.05390625
0 0.30546875 0.35390625 0.03671875 0.05546875
3 0.96484375 0.68828125 0.06953125 0.075