3 0.45625 0.6140625 0.06015625 0.07109375
3 0.98671875 0.56953125 0.025 0.03984375
3 0.93359375 0.57890625 0.13203125 0.115625
3 0.2890625 0.46953125 0.06015625 0.04921875
3 0.40546875 0.52421875 0.06484375 0.06484375
3 0.453125 0.5390625 0.06484375 0.06875
3 0.4984375 0.56328125 0.0546875 0.0796875
3 0.5703125 0.46875 0.06640625 0.0765625
3 0.63046875 0.4875 0.07578125 0.08046875
3 0.71328125 0.51640625 0.08515625 0.07890625
3 0.6828125 0.728125 0.06875 0.1046875
3 0.5015625 0.6359375 0.06015625 0.078125
3 0.30390625 0.5390625 0.05703125 0.05390625
3 0.3921875 0.41953125 0.06796875 0.059375
3 0.43203125 0.43203125 0.06796875 0.06328125
3 0.5640625 0.67109375 0.06171875 0.08671875
0 0.9015625 0.7109375 0.07734375 0.10703125
0 0.32890625 0.48125 0.03515625 0.0546875
3 0.77109375 0.77109375 0.08515625 0.11796875
3 0.85546875 0.81953125 0.09296875 0.109375
3 0.94453125 0.86171875 0.11015625 0.12421875
3 0.7984375 0.68125 0.09765625 0.096875
0 0.703125 0.6265625 0.03671875 0.08359375
0 0.67265625 0.615625 0.034375 0.08046875
0 0.6453125 0.603125 0.03359375 0.08046875
0 0.6796875 0.5828125 0.0359375 0.0734375
0 0.61328125 0.55859375 0.0328125 0.06796875
0 0.6109375 0.59375 0.0328125 0.06875
0 0.58359375 0.5953125 0.02734375 0.04453125
0 0.56015625 0.5703125 0.02734375 0.07421875
0 0.58828125 0.54921875 0.03125 0.06484375
0 0.353125 0.39296875 0.03984375 0.0546875
0 0.33359375 0.38671875 0.03515625 0.05546875
0 0.31015625 0.38984375 0.0203125 0.0390625
0 0.315625 0.34765625 0.0421875 0.053125
0 0.29453125 0.3859375 0.0203125 0.03828125
0 0.27890625 0.38046875 0.01953125 0.03671875
0 0.26484375 0.37578125 0.01953125 0.03671875
0 0.25078125 0.36875 0.01953125 0.04296875
0 0.29765625 0.34375 0.0375 0.0515625
0 0.28203125 0.33984375 0.03828125 0.05
0 0.2671875 0.3359375 0.03828125 0.05
0 0.34140625 0.2765625 0.04453125 0.0546875
0 0.31875 0.2734375 0.0359375 0.05390625
0 0.303125 0.26953125 0.0390625 0.053125
0 0.28671875 0.2671875 0.040625 0.05078125
0 0.2703125 0.2640625 0.03984375 0.05078125
0 0.25546875 0.26171875 0.03984375 0.04921875
0 0.23984375 0.259375 0.03828125 0.0484375
0 0.525 0.328125 0.03828125 0.06875
0 0.49921875 0.321875 0.03828125 0.06640625
0 0.44375 0.3203125 0.02421875 0.05
0 0.4671875 0.32421875 0.025 0.05078125
0 0.4734375 0.27109375 0.040625 0.06328125
0 0.44921875 0.26796875 0.040625 0.0609375
0 0.42578125 0.2640625 0.040625 0.06015625
0 0.403125 0.2609375 0.03984375 0.059375
0 0.4203125 0.315625 0.02421875 0.0484375
0 0.39921875 0.31171875 0.0234375 0.046875
0 0.378125 0.3015625 0.0234375 0.05703125