2 0.30546875 0.44140625 0.05078125 0.13359375
3 0.1203125 0.70703125 0.0703125 0.09375
3 0.16171875 0.45859375 0.0515625 0.04375
3 0.1015625 0.57109375 0.0796875 0.06640625
3 0.0859375 0.62265625 0.08515625 0.08046875
3 0.053125 0.696875 0.10546875 0.096875
3 0.0171875 0.6359375 0.034375 0.065625
3 0.1796875 0.52265625 0.0453125 0.04921875
3 0.07890625 0.45859375 0.08671875 0.0453125
3 0.0515625 0.50390625 0.103125 0.075
3 0.0515625 0.91328125 0.103125 0.165625
0 0.009375 0.86875 0.01796875 0.08125
0 0.01875 0.81875 0.0375 0.08671875
0 0.03046875 0.7734375 0.04921875 0.0796875
0 0.009375 0.7765625 0.01875 0.08046875
0 0.003125 0.4296875 0.00546875 0.021875
0 0.02421875 0.384375 0.0328125 0.06171875
0 0.0125 0.40078125 0.02421875 0.06640625
0 0.003125 0.35859375 0.00625 0.0265625
0 0.0125 0.334375 0.025 0.0640625
0 0.0203125 0.3234375 0.040625 0.059375
0 0.02734375 0.31171875 0.0546875 0.05546875
0 0.040625 0.3703125 0.0296875 0.05703125
0 0.0546875 0.3578125 0.0265625 0.0546875
0 0.06640625 0.34609375 0.0265625 0.0515625
0 0.07109375 0.309375 0.05546875 0.0484375
0 0.07890625 0.3 0.05859375 0.04453125
0 0.08828125 0.29296875 0.05546875 0.04140625
0 0.10234375 0.28671875 0.04140625 0.03984375
0 0.10625 0.28046875 0.04765625 0.0390625
0 0.11328125 0.275 0.046875 0.03671875
0 0.1203125 0.2703125 0.04296875 0.03515625
0 0.1015625 0.41875 0.0546875 0.0484375
0 0.11015625 0.40546875 0.0515625 0.04296875
0 0.13515625 0.39453125 0.0140625 0.03984375
0 0.11015625 0.365625 0.04921875 0.04609375
0 0.14140625 0.38515625 0.01328125 0.03671875
0 0.14765625 0.37578125 0.0125 0.0359375
0 0.153125 0.36796875 0.01171875 0.03515625
0 0.1578125 0.359375 0.01171875 0.034375
0 0.1203125 0.35390625 0.04140625 0.03828125
0 0.12734375 0.34609375 0.03984375 0.03671875
0 0.13359375 0.33828125 0.0375 0.03515625
3 0.4875 0.55390625 0.04296875 0.04921875
3 0.89375 0.925 0.18984375 0.1484375
3 0.77734375 0.82265625 0.17578125 0.24375
3 0.53359375 0.4640625 0.06796875 0.06015625
3 0.56171875 0.50390625 0.07421875 0.07890625
3 0.5984375 0.56796875 0.08359375 0.10078125
3 0.4359375 0.4453125 0.02109375 0.0296875
3 0.46484375 0.37421875 0.04765625 0.03515625
3 0.47734375 0.39296875 0.0515625 0.040625
3 0.521875 0.65234375 0.0453125 0.075
0 0.4625 0.428125 0.0125 0.01171875
0 0.45625 0.42421875 0.009375 0.01328125
0 0.4578125 0.41640625 0.01171875 0.01015625
0 0.4484375 0.40546875 0.0109375 0.0109375
0 0.45546875 0.409375 0.009375 0.01015625
3 0.63203125 0.915625 0.08125 0.15703125
3 0.5578125 0.74140625 0.05625 0.09296875
3 0.65703125 0.97578125 0.03515625 0.04609375
3 0.49921875 0.521875 0.05234375 0.05625
0 0.71640625 0.91484375 0.07734375 0.13515625
0 0.6828125 0.86640625 0.06640625 0.0953125
0 0.64921875 0.803125 0.04453125 0.10859375
0 0.68671875 0.821875 0.05859375 0.1046875
0 0.546875 0.565625 0.03359375 0.05859375
0 0.54921875 0.60078125 0.03984375 0.05390625
0 0.52421875 0.57890625 0.01015625 0.05078125
0 0.51484375 0.55703125 0.01015625 0.053125
0 0.528125 0.54453125 0.01640625 0.05390625
0 0.5125 0.32890625 0.0375 0.053125
0 0.503125 0.31953125 0.0359375 0.05078125
0 0.4734375 0.30625 0.00703125 0.040625
0 0.48125 0.3140625 0.0078125 0.04375
0 0.49375 0.275 0.03515625 0.04609375
0 0.4828125 0.26953125 0.02734375 0.04453125
0 0.478125 0.2640625 0.03125 0.04296875
0 0.47109375 0.259375 0.0296875 0.040625
0 0.4671875 0.3 0.00703125 0.0390625
0 0.4609375 0.29375 0.00703125 0.03828125
0 0.4546875 0.28671875 0.00546875 0.03671875
0 0.4484375 0.26328125 0.0171875 0.03515625
0 0.4453125 0.2578125 0.02109375 0.034375
0 0.4421875 0.25390625 0.02265625 0.03203125
0 0.4390625 0.25078125 0.0234375 0.03203125
0 0.434375 0.246875 0.021875 0.0296875
0 0.42890625 0.24375 0.01875 0.03046875
0 0.4265625 0.240625 0.0203125 0.02890625
0 0.45546875 0.34453125 0.02578125 0.03203125
0 0.45 0.340625 0.02265625 0.034375
0 0.43671875 0.3359375 0.0046875 0.0296875
0 0.44453125 0.309375 0.02265625 0.03359375
0 0.4328125 0.33046875 0.00390625 0.02890625
0 0.42890625 0.32421875 0.00390625 0.0265625
0 0.42578125 0.31875 0.00390625 0.0265625
0 0.42265625 0.31328125 0.00390625 0.0265625
0 0.43984375 0.30390625 0.02109375 0.03046875
0 0.43125 0.3 0.01171875 0.0296875
0 0.428125 0.29453125 0.01171875 0.02890625
3 0.7015625 0.4609375 0.03359375 0.03515625
3 0.6140625 0.34609375 0.02890625 0.02109375
3 0.678125 0.38984375 0.03984375 0.0296875
3 0.71015625 0.40625 0.03515625 0.03359375
3 0.73359375 0.428125 0.04921875 0.03515625
3 0.7921875 0.371875 0.06015625 0.03515625
3 0.8328125 0.3921875 0.06953125 0.04140625
3 0.8875 0.42109375 0.0765625 0.05
3 0.84375 0.58828125 0.06484375 0.0640625
3 0.72421875 0.48359375 0.04765625 0.03984375
3 0.61328125 0.39140625 0.02890625 0.0234375
3 0.67734375 0.3203125 0.03125 0.021875
3 0.70625 0.33203125 0.04609375 0.02578125
3 0.7640625 0.51875 0.0546875 0.046875
0 0.63671875 0.353125 0.01875 0.02109375
3 0.915625 0.64609375 0.08359375 0.0796875
3 0.9671875 0.70078125 0.0640625 0.08828125
3 0.95 0.57421875 0.09140625 0.065625
0 0.87265625 0.50859375 0.04453125 0.05078125
0 0.85078125 0.4984375 0.0421875 0.040625
0 0.82578125 0.48125 0.0296875 0.046875
0 0.85859375 0.465625 0.04296875 0.0484375
0 0.8125 0.43828125 0.03828125 0.04375
0 0.80625 0.46875 0.03671875 0.03671875
0 0.78203125 0.45703125 0.02109375 0.03515625
0 0.76875 0.44375 0.02265625 0.03984375
0 0.7953125 0.428125 0.0359375 0.040625
0 0.66328125 0.30390625 0.0234375 0.028125
0 0.6578125 0.29921875 0.0140625 0.0265625
0 0.63671875 0.2953125 0.00390625 0.0203125
0 0.64765625 0.27421875 0.021875 0.021875
0 0.63125 0.29296875 0.00859375 0.021875
0 0.6234375 0.2890625 0.00859375 0.021875
0 0.61640625 0.2859375 0.0078125 0.02109375
0 0.609375 0.28125 0.0078125 0.021875
0 0.634375 0.27109375 0.0109375 0.02421875
0 0.628125 0.26796875 0.01484375 0.0234375
0 0.6203125 0.265625 0.01328125 0.0234375
0 0.775 0.275 0.03515625 0.03515625
0 0.75859375 0.2703125 0.03359375 0.03515625
0 0.7234375 0.26328125 0.01640625 0.03046875
0 0.7375 0.26796875 0.01796875 0.03125
0 0.74765625 0.24296875 0.03046875 0.0234375
0 0.72734375 0.23984375 0.015625 0.021875
0 0.71875 0.2375 0.00546875 0.01953125
0 0.715625 0.2609375 0.00703125 0.02578125
0 0.69609375 0.259375 0.00703125 0.01875
0 0.6875 0.25703125 0.0125 0.01953125