3 0.47578125 0.696875 0.06015625 0.05078125
3 0.95 0.53125 0.0984375 0.04609375
3 0.35 0.56875 0.03828125 0.021875
3 0.4359375 0.59609375 0.0578125 0.03359375
3 0.47578125 0.60625 0.06171875 0.03828125
3 0.515625 0.6203125 0.06484375 0.04453125
3 0.575 0.50625 0.06953125 0.0265625
3 0.63046875 0.5109375 0.08046875 0.03046875
3 0.70859375 0.51796875 0.08671875 0.034375
3 0.71171875 0.81640625 0.08828125 0.10390625
3 0.51640625 0.71640625 0.06484375 0.05859375
3 0.35703125 0.63828125 0.046875 0.03125
3 0.43203125 0.49453125 0.05859375 0.01875
3 0.46171875 0.496875 0.0609375 0.0203125
3 0.57734375 0.74921875 0.07265625 0.07109375
0 0.96875 0.73671875 0.0609375 0.10625
0 0.38125 0.56953125 0.02734375 0.0359375
3 0.8390625 0.878125 0.11796875 0.13671875
3 0.9453125 0.928125 0.10859375 0.14140625
3 0.84921875 0.7171875 0.121875 0.09140625
0 0.71875 0.6625 0.03984375 0.07890625
0 0.68515625 0.65703125 0.0390625 0.065625
0 0.65078125 0.64453125 0.03046875 0.06953125
0 0.6859375 0.603125 0.0390625 0.06796875
0 0.61953125 0.5890625 0.0375 0.06015625
0 0.61875 0.6375 0.0375 0.05859375
0 0.58828125 0.6328125 0.02421875 0.05078125
0 0.56484375 0.62109375 0.02265625 0.059375
0 0.59453125 0.584375 0.03671875 0.05703125
0 0.40625 0.48203125 0.03046875 0.03125
0 0.39140625 0.48125 0.02265625 0.03125
0 0.37421875 0.48125 0.01015625 0.0296875
0 0.38359375 0.4515625 0.02890625 0.02890625
0 0.3640625 0.48125 0.01015625 0.02890625
0 0.3546875 0.48046875 0.009375 0.028125
0 0.3453125 0.4796875 0.00859375 0.028125
0 0.33671875 0.47890625 0.00859375 0.028125
0 0.3640625 0.4515625 0.01015625 0.02890625
0 0.35390625 0.4515625 0.009375 0.028125
0 0.3453125 0.4515625 0.00859375 0.0265625
0 0.40625 0.38515625 0.03046875 0.03359375
0 0.38515625 0.38671875 0.0109375 0.03125
0 0.37421875 0.38828125 0.01015625 0.03046875
0 0.3640625 0.390625 0.01015625 0.0296875
0 0.35390625 0.3921875 0.009375 0.02890625
0 0.34453125 0.39375 0.00859375 0.028125
0 0.3359375 0.3953125 0.00859375 0.028125
0 0.53359375 0.38046875 0.03515625 0.04296875
0 0.50625 0.3828125 0.01875 0.04140625
0 0.47109375 0.38828125 0.01640625 0.0390625
0 0.48828125 0.3859375 0.01640625 0.03984375
0 0.49609375 0.346875 0.034375 0.04140625
0 0.47109375 0.35078125 0.01640625 0.03984375
0 0.4546875 0.35390625 0.01484375 0.0390625
0 0.440625 0.35703125 0.0140625 0.03671875
0 0.45546875 0.390625 0.01484375 0.0359375
0 0.440625 0.3921875 0.0140625 0.0359375
0 0.4265625 0.39375 0.01328125 0.034375