3 0.91328125 0.98359375 0.0515625 0.03125
3 0.8609375 0.4890625 0.05234375 0.021875
3 0.86953125 0.49765625 0.059375 0.0265625
3 0.92734375 0.571875 0.11953125 0.06171875
3 0.91015625 0.5390625 0.09375 0.02890625
3 0.8984375 0.52578125 0.07265625 0.0296875
3 0.984375 0.715625 0.03046875 0.0859375
3 0.96640625 0.66328125 0.06640625 0.0859375
3 0.8859375 0.846875 0.05078125 0.1
0 0.84453125 0.56484375 0.00625 0.01484375
3 0.8484375 0.69921875 0.02578125 0.04453125
3 0.8671875 0.771875 0.03984375 0.07109375
3 0.834375 0.67109375 0.00703125 0.034375
3 0.8296875 0.6484375 0.00625 0.02890625
3 0.94140625 0.80234375 0.11640625 0.1234375
0 0.84375 0.5859375 0.0046875 0.0359375
0 0.8609375 0.5953125 0.0328125 0.028125
0 0.86953125 0.60546875 0.0375 0.0453125
0 0.86328125 0.5640625 0.0328125 0.04375
0 0.88125 0.62578125 0.01484375 0.053125
0 0.8734375 0.671875 0.00703125 0.05625
0 0.87890625 0.7015625 0.0078125 0.034375
0 0.921875 0.71875 0.065625 0.08828125
0 0.90703125 0.6484375 0.05546875 0.07578125
0 0.93046875 0.4046875 0.01640625 0.06640625
0 0.94375 0.4046875 0.01953125 0.071875
0 0.9765625 0.40546875 0.02734375 0.08671875
0 0.95859375 0.40546875 0.02265625 0.07890625
0 0.965625 0.3265625 0.02421875 0.084375
0 0.98515625 0.31796875 0.02890625 0.09375
0 0.9953125 0.31640625 0.00859375 0.0890625
0 0.990625 0.40625 0.01796875 0.09296875
3 0.41640625 0.71171875 0.0625 0.06171875
3 0.57890625 0.46171875 0.03046875 0.01328125
3 0.56484375 0.465625 0.03515625 0.01484375
3 0.12265625 0.803125 0.1390625 0.13984375
3 0.37578125 0.6515625 0.07421875 0.06015625
3 0.41640625 0.62265625 0.0640625 0.04921875
3 0.45390625 0.6015625 0.05625 0.03984375
3 0.4828125 0.49296875 0.04765625 0.0234375
3 0.50546875 0.4859375 0.04140625 0.01953125
3 0.52734375 0.4796875 0.03671875 0.01875
3 0.52890625 0.61796875 0.040625 0.03359375
3 0.45 0.6828125 0.05546875 0.053125
3 0.140625 0.93125 0.13203125 0.13515625
3 0.36640625 0.53125 0.07265625 0.03984375
3 0.4046875 0.51796875 0.0671875 0.034375
3 0.4875 0.65390625 0.0484375 0.04296875
0 0.57109375 0.52578125 0.015625 0.025
0 0.2515625 0.709375 0.05859375 0.08671875
3 0.55 0.60234375 0.03671875 0.0234375
3 0.571875 0.5890625 0.01953125 0.02109375
3 0.5828125 0.57890625 0.01796875 0.01875
3 0.55390625 0.54296875 0.025 0.01796875
0 0.53671875 0.546875 0.00703125 0.0296875
0 0.52421875 0.55234375 0.01796875 0.02890625
0 0.5203125 0.55546875 0.0109375 0.03359375
0 0.52109375 0.525 0.02421875 0.03125
0 0.5015625 0.534375 0.02578125 0.034375
0 0.51015625 0.5640625 0.00859375 0.03125
0 0.50078125 0.56953125 0.00859375 0.03203125
0 0.48203125 0.57265625 0.028125 0.03984375
0 0.49140625 0.5390625 0.02734375 0.0359375
0 0.30703125 0.53203125 0.04765625 0.06015625
0 0.28671875 0.540625 0.0328125 0.065625
0 0.2546875 0.553125 0.03671875 0.06328125
0 0.24375 0.496875 0.05234375 0.0640625
0 0.2171875 0.56328125 0.04296875 0.06796875
0 0.1734375 0.57578125 0.04921875 0.07421875
0 0.12421875 0.590625 0.05859375 0.08046875
0 0.0625 0.60078125 0.07578125 0.103125
0 0.20625 0.503125 0.05859375 0.06953125
0 0.16328125 0.5109375 0.06328125 0.07578125
0 0.1140625 0.51953125 0.06953125 0.084375
0 0.3125 0.38359375 0.03046875 0.0515625
0 0.28203125 0.38203125 0.03359375 0.05546875
0 0.2484375 0.38046875 0.0390625 0.059375
0 0.209375 0.37890625 0.0453125 0.0640625
0 0.1640625 0.37734375 0.05234375 0.06953125
0 0.1109375 0.375 0.06171875 0.07578125
0 0.046875 0.371875 0.07890625 0.08359375
0 0.46875 0.40390625 0.0125 0.03359375
0 0.45546875 0.40390625 0.01328125 0.03515625
0 0.4265625 0.40390625 0.01640625 0.03828125
0 0.44140625 0.40390625 0.01484375 0.0359375
0 0.44140625 0.3671875 0.01484375 0.03828125
0 0.42578125 0.365625 0.01640625 0.03984375
0 0.40859375 0.36328125 0.01796875 0.04140625
0 0.3796875 0.36171875 0.03984375 0.04375
0 0.409375 0.40390625 0.01796875 0.03984375
0 0.39140625 0.40390625 0.01953125 0.04140625
0 0.36484375 0.40390625 0.03359375 0.0453125
3 0.66484375 0.56171875 0.03203125 0.01953125