3 0.428125 0.6859375 0.06171875 0.05859375
3 0.90078125 0.48515625 0.11328125 0.04296875
3 0.8328125 0.48359375 0.1046875 0.04296875
3 0.2015625 0.58125 0.08046875 0.04609375
3 0.36796875 0.59453125 0.07109375 0.05078125
3 0.42578125 0.59453125 0.06484375 0.05
3 0.4828125 0.6 0.05234375 0.059375
3 0.55078125 0.478125 0.05234375 0.04375
3 0.6078125 0.4796875 0.06796875 0.040625
3 0.67578125 0.48359375 0.07734375 0.03515625
3 0.6671875 0.70546875 0.07265625 0.0640625
3 0.48125 0.6890625 0.05703125 0.059375
3 0.21796875 0.6703125 0.0796875 0.05390625
3 0.35390625 0.47578125 0.0703125 0.04140625
3 0.403125 0.4765625 0.06484375 0.04296875
3 0.55390625 0.69765625 0.05703125 0.06171875
0 0.82421875 0.6046875 0.05703125 0.06640625
0 0.2640625 0.5765625 0.04765625 0.05859375
3 0.740625 0.71015625 0.08203125 0.06484375
3 0.80859375 0.721875 0.07265625 0.05
3 0.8703125 0.72109375 0.08046875 0.06171875
3 0.75 0.6078125 0.0859375 0.053125
0 0.6796875 0.59375 0.02890625 0.06171875
0 0.65078125 0.5921875 0.034375 0.06171875
0 0.62578125 0.59140625 0.03359375 0.06171875
0 0.653125 0.553125 0.03671875 0.0609375
0 0.59609375 0.55078125 0.02890625 0.06015625
0 0.59609375 0.60078125 0.02578125 0.03984375
0 0.57109375 0.59921875 0.025 0.03984375
0 0.546875 0.58671875 0.02578125 0.0609375
0 0.57109375 0.54921875 0.02734375 0.06015625
0 0.30390625 0.45859375 0.04375 0.053125
0 0.27890625 0.45859375 0.0421875 0.053125
0 0.24765625 0.46328125 0.02734375 0.04140625
0 0.25390625 0.41796875 0.04765625 0.05
0 0.225 0.46328125 0.02734375 0.040625
0 0.20234375 0.46171875 0.02734375 0.040625
0 0.1796875 0.46171875 0.0265625 0.03984375
0 0.15703125 0.45703125 0.02734375 0.04921875
0 0.22890625 0.4171875 0.04609375 0.04921875
0 0.20546875 0.41640625 0.04609375 0.05
0 0.184375 0.41640625 0.04921875 0.04921875
0 0.29453125 0.33046875 0.046875 0.046875
0 0.2609375 0.3296875 0.02890625 0.04609375
0 0.2359375 0.3296875 0.02890625 0.04609375
0 0.21171875 0.3296875 0.02890625 0.04609375
0 0.1875 0.3296875 0.02890625 0.04609375
0 0.16328125 0.3296875 0.02890625 0.04609375
0 0.13984375 0.32890625 0.02890625 0.0453125
0 0.50234375 0.34921875 0.02734375 0.04921875
0 0.47578125 0.34921875 0.02890625 0.04921875
0 0.421875 0.35 0.0265625 0.04609375
0 0.4484375 0.35 0.0265625 0.04609375
0 0.45 0.3015625 0.0328125 0.0484375
0 0.4203125 0.3015625 0.02734375 0.0484375
0 0.39453125 0.30234375 0.028125 0.046875
0 0.36875 0.30234375 0.02734375 0.046875
0 0.39609375 0.35 0.02734375 0.04609375
0 0.37109375 0.34921875 0.02734375 0.0453125
0 0.34609375 0.3484375 0.02734375 0.0484375