3 0.94140625 0.35546875 0.07265625 0.03828125
3 0.95859375 0.39140625 0.0828125 0.0609375
3 0.9984375 0.84375 0.003125 0.009375
3 0.99375 0.53125 0.0125 0.04375
3 0.98515625 0.48515625 0.0296875 0.0578125
3 0.95859375 0.84609375 0.0828125 0.13828125
0 0.91171875 0.4453125 0.03828125 0.04609375
0 0.90703125 0.4828125 0.0203125 0.04375
0 0.93046875 0.4984375 0.05625 0.04609375
0 0.9375 0.52421875 0.059375 0.0640625
0 0.93828125 0.47421875 0.04921875 0.0609375
0 0.98828125 0.640625 0.0234375 0.0703125
0 0.97265625 0.67734375 0.0296875 0.0671875
0 0.98359375 0.7125 0.0328125 0.071875
0 0.98984375 0.75546875 0.0203125 0.0765625
0 0.99375 0.6796875 0.0125 0.053125
3 0.871875 0.5171875 0.03046875 0.04375
3 0.875 0.55546875 0.02265625 0.05
3 0.9328125 0.73125 0.07578125 0.115625
3 0.9015625 0.6125 0.05859375 0.08046875
3 0.45390625 0.6953125 0.05546875 0.09453125
3 0.6 0.27734375 0.03203125 0.0265625
3 0.57890625 0.29140625 0.02578125 0.02734375
3 0.50546875 0.40078125 0.06484375 0.06171875
3 0.52734375 0.36953125 0.0578125 0.046875
3 0.5515625 0.3453125 0.04140625 0.04375
3 0.3859375 0.57890625 0.10546875 0.12421875
3 0.42890625 0.51875 0.09140625 0.10078125
3 0.5171875 0.57109375 0.0390625 0.065625
0 0.334375 0.7765625 0.03046875 0.04921875
0 0.32109375 0.81796875 0.034375 0.05546875
0 0.29296875 0.83515625 0.03515625 0.0640625
0 0.2421875 0.9390625 0.040625 0.0703125
0 0.265625 0.87578125 0.0375 0.0609375
3 0.57109375 0.4609375 0.03046875 0.03828125
3 0.5421875 0.51953125 0.0375 0.04921875
3 0.5828125 0.446875 0.0109375 0.0125
3 0.48203125 0.553125 0.06796875 0.08046875
0 0.5359375 0.434375 0.0125 0.04609375
0 0.5375 0.465625 0.00859375 0.04140625
0 0.51953125 0.48046875 0.02421875 0.0421875
0 0.50625 0.49140625 0.034375 0.05546875
0 0.5171875 0.4484375 0.034375 0.04765625
0 0.49140625 0.31015625 0.0296875 0.0671875
0 0.48515625 0.32578125 0.01484375 0.0671875
0 0.4515625 0.36015625 0.0203125 0.06953125
0 0.4703125 0.34453125 0.0171875 0.06484375
0 0.45078125 0.2875 0.053125 0.0765625
0 0.43125 0.30078125 0.05859375 0.08046875
0 0.41015625 0.3171875 0.0625 0.0875
0 0.3859375 0.334375 0.06953125 0.09453125
0 0.43203125 0.38046875 0.0234375 0.0734375
0 0.409375 0.40234375 0.02734375 0.07890625
0 0.36484375 0.4171875 0.0703125 0.10390625
0 0.27890625 0.4625 0.09609375 0.13203125
0 0.23125 0.50234375 0.109375 0.14921875
0 0.17421875 0.55078125 0.1265625 0.17109375
0 0.10234375 0.61015625 0.15 0.19921875
0 0.05078125 0.6875 0.1015625 0.2375
0 0.00234375 0.8046875 0.0046875 0.015625
0 0.3125 0.64453125 0.07890625 0.12421875
0 0.284375 0.6921875 0.07109375 0.1390625
0 0.25234375 0.76953125 0.06171875 0.1140625
0 0.22578125 0.70390625 0.0875 0.140625
0 0.19921875 0.83984375 0.08046875 0.1265625
0 0.13828125 0.9265625 0.09609375 0.1421875
0 0.0890625 0.97421875 0.06953125 0.04921875
0 0.16875 0.771875 0.10546875 0.1609375
0 0.09765625 0.85546875 0.12734375 0.1859375
0 0.04453125 0.92578125 0.0890625 0.146875
3 0.40390625 0.23125 0.034375 0.0203125
3 0.38515625 0.240625 0.0359375 0.02265625
3 0.15625 0.4625 0.065625 0.05625
3 0.2015625 0.42890625 0.0625 0.05
3 0.2453125 0.40078125 0.05234375 0.0390625
3 0.26640625 0.3 0.05 0.03203125
3 0.30078125 0.284375 0.03515625 0.0296875
3 0.32890625 0.26796875 0.04140625 0.02109375
3 0.1234375 0.37421875 0.065625 0.05234375
3 0.165625 0.35078125 0.065625 0.046875
3 0.3125 0.4203125 0.01484375 0.0125
0 0.0296875 0.53203125 0.059375 0.06796875
3 0.3515625 0.3203125 0.003125 0.00859375
0 0.34609375 0.3296875 0.0140625 0.03203125
0 0.33046875 0.3359375 0.02578125 0.02109375
0 0.32109375 0.34375 0.01484375 0.034375
0 0.32734375 0.3140625 0.02578125 0.02734375
0 0.30078125 0.33046875 0.0265625 0.03515625
0 0.31015625 0.35546875 0.0140625 0.03046875
0 0.3 0.36328125 0.0125 0.02890625
0 0.2765625 0.36953125 0.01484375 0.03828125
0 0.29609375 0.3375 0.01484375 0.034375
0 0.05078125 0.39140625 0.05390625 0.059375
0 0.02421875 0.40703125 0.04765625 0.0625
0 0.0078125 0.42421875 0.015625 0.04453125
0 0.01875 0.27109375 0.0375 0.0609375
0 0.00078125 0.2984375 0.0015625 0.00625
0 0.21953125 0.225 0.0375 0.04140625
0 0.20625 0.23125 0.02734375 0.04375
0 0.16640625 0.24609375 0.03046875 0.04140625
0 0.1875 0.2390625 0.02734375 0.040625
0 0.18125 0.2140625 0.02421875 0.02109375
0 0.159375 0.21953125 0.0265625 0.0234375
0 0.1359375 0.22578125 0.02890625 0.02578125
0 0.10390625 0.23203125 0.0421875 0.02578125
0 0.14296875 0.25390625 0.0328125 0.04375
0 0.11796875 0.26171875 0.0359375 0.04453125
0 0.0859375 0.265625 0.05234375 0.053125
3 0.7421875 0.47734375 0.053125 0.04375