3 0.940625 0.35546875 0.07265625 0.03828125
3 0.95859375 0.3921875 0.08125 0.06015625
3 0.9984375 0.84453125 0.0015625 0.009375
3 0.99375 0.53203125 0.01171875 0.0453125
3 0.98515625 0.48515625 0.02890625 0.05703125
3 0.95859375 0.84609375 0.08203125 0.13828125
0 0.91171875 0.4453125 0.0390625 0.04609375
0 0.90703125 0.48203125 0.0203125 0.04375
0 0.93046875 0.4984375 0.05703125 0.0453125
0 0.93671875 0.52421875 0.059375 0.0640625
0 0.93828125 0.47421875 0.04921875 0.0609375
0 0.9875 0.640625 0.0234375 0.06953125
0 0.97265625 0.67734375 0.03046875 0.06796875
0 0.98359375 0.7125 0.03125 0.07109375
0 0.98984375 0.75625 0.01953125 0.0765625
0 0.99375 0.68125 0.01171875 0.053125
3 0.87109375 0.5171875 0.03046875 0.04375
3 0.875 0.55546875 0.02265625 0.05
3 0.9328125 0.73125 0.07578125 0.115625
3 0.9015625 0.6125 0.05859375 0.08046875
3 0.4546875 0.6953125 0.0546875 0.09453125
3 0.6 0.27734375 0.03203125 0.0265625
3 0.57890625 0.290625 0.02578125 0.028125
3 0.50546875 0.40078125 0.065625 0.0609375
3 0.52734375 0.36875 0.05703125 0.046875
3 0.5515625 0.34453125 0.0421875 0.04375
3 0.3859375 0.57890625 0.1046875 0.125
3 0.42890625 0.51875 0.09140625 0.1015625
3 0.51796875 0.57109375 0.03984375 0.065625
0 0.334375 0.7765625 0.03125 0.04921875
0 0.32109375 0.81796875 0.03359375 0.0546875
0 0.2921875 0.834375 0.03515625 0.0640625
0 0.2421875 0.9390625 0.03984375 0.06953125
0 0.265625 0.87578125 0.03671875 0.0609375
3 0.5703125 0.4609375 0.03046875 0.03828125
3 0.5421875 0.51875 0.03671875 0.04921875
3 0.5828125 0.446875 0.0109375 0.01171875
3 0.48203125 0.553125 0.06796875 0.08046875
0 0.53515625 0.434375 0.0125 0.0453125
0 0.53671875 0.465625 0.00859375 0.04140625
0 0.51953125 0.48046875 0.025 0.04296875
0 0.50625 0.49140625 0.03359375 0.05546875
0 0.51640625 0.4484375 0.03359375 0.046875
0 0.49140625 0.31015625 0.02890625 0.06640625
0 0.48515625 0.32578125 0.01484375 0.06640625
0 0.4515625 0.36015625 0.0203125 0.06875
0 0.46953125 0.34375 0.0171875 0.06484375
0 0.45078125 0.28671875 0.053125 0.07578125
0 0.43125 0.30078125 0.0578125 0.08125
0 0.41015625 0.3171875 0.0625 0.08828125
0 0.38515625 0.334375 0.06875 0.0953125
0 0.43203125 0.38046875 0.0234375 0.0734375
0 0.409375 0.4015625 0.02734375 0.07890625
0 0.36484375 0.4171875 0.07109375 0.1046875
0 0.27890625 0.4625 0.0953125 0.13203125
0 0.23046875 0.50234375 0.109375 0.14921875
0 0.1734375 0.55078125 0.1265625 0.17109375
0 0.10234375 0.609375 0.15 0.19921875
0 0.05078125 0.6859375 0.1015625 0.2375
0 0.003125 0.80546875 0.00546875 0.015625
0 0.31328125 0.64375 0.078125 0.125
0 0.284375 0.6921875 0.07109375 0.13984375
0 0.25234375 0.76875 0.06171875 0.1140625
0 0.225 0.70390625 0.0875 0.13984375
0 0.19921875 0.8390625 0.08046875 0.1265625
0 0.13828125 0.92578125 0.09609375 0.14296875
0 0.08828125 0.97421875 0.06953125 0.04921875
0 0.16796875 0.771875 0.10546875 0.16015625
0 0.09765625 0.85625 0.128125 0.1859375
0 0.04453125 0.925 0.0890625 0.146875
3 0.40390625 0.23125 0.034375 0.0203125
3 0.38515625 0.240625 0.03671875 0.021875
3 0.15625 0.46171875 0.06640625 0.05625
3 0.2015625 0.42890625 0.06171875 0.05
3 0.24453125 0.40078125 0.05234375 0.03984375
3 0.26640625 0.3 0.04921875 0.03125
3 0.30078125 0.284375 0.03515625 0.0296875
3 0.3296875 0.26796875 0.04140625 0.02109375
3 0.12265625 0.37421875 0.06640625 0.0515625
3 0.16640625 0.35078125 0.06640625 0.04609375
3 0.3125 0.41953125 0.01484375 0.01328125
0 0.0296875 0.53203125 0.059375 0.06796875
3 0.3515625 0.3203125 0.00234375 0.009375
0 0.34609375 0.3296875 0.01328125 0.03125
0 0.33046875 0.3359375 0.025 0.02109375
0 0.3203125 0.34296875 0.01484375 0.034375
0 0.32734375 0.3140625 0.02578125 0.028125
0 0.30078125 0.3296875 0.0265625 0.03515625
0 0.31015625 0.35625 0.0140625 0.03046875
0 0.3 0.36328125 0.0125 0.02890625
0 0.2765625 0.36875 0.01484375 0.03828125
0 0.2953125 0.33671875 0.01484375 0.034375
0 0.05078125 0.39140625 0.05390625 0.059375
0 0.0234375 0.40546875 0.046875 0.0640625
0 0.0078125 0.42421875 0.015625 0.04453125
0 0.01875 0.27109375 0.0375 0.06015625
0 0.00078125 0.2984375 0.0015625 0.00625
0 0.21953125 0.225 0.03671875 0.040625
0 0.20625 0.23125 0.02734375 0.04375
0 0.165625 0.24609375 0.03046875 0.04140625
0 0.1875 0.2390625 0.02734375 0.03984375
0 0.18125 0.21328125 0.025 0.02109375
0 0.159375 0.21875 0.0265625 0.0234375
0 0.13515625 0.22578125 0.02890625 0.025
0 0.10390625 0.23203125 0.04296875 0.025
0 0.14296875 0.253125 0.0328125 0.04375
0 0.11796875 0.2609375 0.03671875 0.04453125
0 0.0859375 0.26640625 0.0515625 0.053125
3 0.7421875 0.4765625 0.05390625 0.04375