3 0.4046875 0.7453125 0.0640625 0.06328125
3 0.8078125 0.4859375 0.0765625 0.0203125
3 0.7609375 0.4875 0.0796875 0.02109375
3 0.10078125 0.66015625 0.125 0.05703125
3 0.33515625 0.64375 0.07890625 0.05078125
3 0.40390625 0.63515625 0.065625 0.0484375
3 0.47109375 0.63125 0.05390625 0.05
3 0.5375 0.496875 0.05234375 0.02578125
3 0.58515625 0.4953125 0.06875 0.02421875
3 0.64375 0.49453125 0.06953125 0.0234375
3 0.646875 0.71640625 0.07265625 0.053125
3 0.46796875 0.7375 0.06171875 0.06015625
3 0.1125 0.7828125 0.1203125 0.0765625
3 0.3234375 0.50390625 0.0734375 0.03046875
3 0.38203125 0.503125 0.06171875 0.0296875
3 0.54296875 0.73046875 0.0640625 0.05703125
0 0.7640625 0.59453125 0.04609375 0.04609375
0 0.19765625 0.6390625 0.06484375 0.0640625
3 0.7078125 0.71015625 0.07578125 0.04609375
3 0.76328125 0.709375 0.05703125 0.03203125
3 0.8078125 0.70234375 0.059375 0.034375
3 0.70859375 0.60859375 0.075 0.03203125
0 0.65546875 0.6015625 0.021875 0.053125
0 0.62734375 0.60390625 0.03515625 0.05078125
0 0.6078125 0.60546875 0.0296875 0.0546875
0 0.62734375 0.5640625 0.03671875 0.05
0 0.57734375 0.5671875 0.03203125 0.05078125
0 0.58203125 0.61328125 0.02265625 0.04375
0 0.5546875 0.6109375 0.03046875 0.053125
0 0.53203125 0.6109375 0.03046875 0.05625
0 0.5546875 0.56875 0.03203125 0.0515625
0 0.25859375 0.490625 0.04296875 0.0515625
0 0.228125 0.49140625 0.04765625 0.05390625
0 0.18828125 0.49375 0.034375 0.05078125
0 0.196875 0.44296875 0.05546875 0.05078125
0 0.15546875 0.49453125 0.03515625 0.05078125
0 0.12109375 0.4953125 0.03671875 0.0515625
0 0.08671875 0.49609375 0.0375 0.0515625
0 0.05078125 0.4953125 0.03828125 0.05546875
0 0.153125 0.44296875 0.0359375 0.05078125
0 0.11875 0.44296875 0.03671875 0.053125
0 0.08359375 0.44296875 0.0375 0.053125
0 0.2546875 0.33828125 0.04140625 0.0515625
0 0.21796875 0.3359375 0.034375 0.0515625
0 0.184375 0.334375 0.03515625 0.053125
0 0.15 0.33359375 0.0359375 0.053125
0 0.115625 0.33203125 0.0375 0.05390625
0 0.0796875 0.33125 0.03828125 0.0546875
0 0.04375 0.3296875 0.03984375 0.05546875
0 0.4890625 0.36640625 0.02578125 0.04609375
0 0.4625 0.365625 0.02578125 0.046875
0 0.40859375 0.3640625 0.02734375 0.0484375
0 0.4359375 0.36484375 0.02734375 0.04609375
0 0.43515625 0.31796875 0.02734375 0.0484375
0 0.4078125 0.31640625 0.028125 0.04921875
0 0.3796875 0.31484375 0.02890625 0.05
0 0.35078125 0.31328125 0.0296875 0.05
0 0.38046875 0.36328125 0.02890625 0.0484375
0 0.3515625 0.36171875 0.02890625 0.0484375
0 0.32265625 0.3609375 0.03046875 0.05