3 0.29609375 0.8734375 0.17265625 0.14140625
3 0.97734375 0.415625 0.04453125 0.03515625
3 0.90859375 0.40625 0.11640625 0.0390625
3 0.57421875 0.36328125 0.115625 0.078125
3 0.67421875 0.36796875 0.08828125 0.03984375
3 0.7609375 0.38203125 0.08671875 0.03984375
3 0.11953125 0.2578125 0.178125 0.0953125
3 0.27265625 0.2859375 0.14921875 0.08515625
3 0.59765625 0.8296875 0.14453125 0.10703125
0 0.96875 0.58359375 0.06171875 0.06015625
0 0.02578125 0.61171875 0.01015625 0.0296875
3 0.86796875 0.78515625 0.153125 0.06875
3 0.72578125 0.8109375 0.15078125 0.08203125
3 0.95546875 0.77890625 0.08828125 0.05078125
3 0.98359375 0.7546875 0.03125 0.01328125
3 0.46171875 0.6078125 0.11484375 0.04375
0 0.9265625 0.58359375 0.03046875 0.06484375
0 0.90078125 0.5828125 0.03046875 0.065625
0 0.84765625 0.5828125 0.08515625 0.06796875
0 0.87578125 0.51796875 0.071875 0.06484375
0 0.66171875 0.5015625 0.03984375 0.0796875
0 0.66484375 0.58125 0.040625 0.08046875
0 0.62578125 0.58046875 0.04296875 0.08203125
0 0.57265625 0.5796875 0.065625 0.08515625
0 0.609375 0.49921875 0.06953125 0.08125
0 0.49609375 0.109375 0.0453125 0.07109375
0 0.45 0.09453125 0.04765625 0.0734375
0 0.34921875 0.0625 0.05546875 0.07890625
0 0.40078125 0.07890625 0.05078125 0.07578125
0 0.40234375 0.02890625 0.05078125 0.05703125
0 0.35078125 0.0203125 0.05390625 0.040625
0 0.29453125 0.01171875 0.0578125 0.0234375
0 0.29296875 0.04453125 0.06015625 0.08125
0 0.2328125 0.03359375 0.065625 0.0671875
0 0.1703125 0.02421875 0.06875 0.0484375
0 0.0953125 0.01015625 0.0234375 0.0203125
0 0.03984375 0.2265625 0.0796875 0.096875
3 0.3734375 0.67109375 0.04140625 0.01875
3 0.21171875 0.5984375 0.01640625 0.0109375
3 0.38125 0.596875 0.03203125 0.0109375
3 0.41796875 0.596875 0.03203125 0.0109375
3 0.459375 0.51640625 0.03125 0.01171875
3 0.48828125 0.51796875 0.02578125 0.0109375
3 0.5296875 0.51953125 0.03203125 0.0109375
3 0.534375 0.6640625 0.03671875 0.015625
3 0.4140625 0.66953125 0.0390625 0.01875
3 0.18515625 0.68046875 0.06796875 0.021875
3 0.3296875 0.50859375 0.03671875 0.0140625
3 0.36640625 0.5109375 0.03515625 0.0140625
3 0.4625 0.6671875 0.03984375 0.01796875
3 0.57265625 0.66328125 0.04140625 0.01484375
3 0.60703125 0.66171875 0.03515625 0.0140625
3 0.6359375 0.659375 0.0359375 0.0140625
0 0.51953125 0.5890625 0.0109375 0.025
0 0.4984375 0.58125 0.00625 0.009375
0 0.51953125 0.56328125 0.0109375 0.025
0 0.4875 0.56328125 0.0140625 0.02578125
0 0.4875 0.58125 0.0140625 0.009375
0 0.4734375 0.58125 0.0140625 0.009375
0 0.45703125 0.58125 0.01640625 0.01015625
0 0.471875 0.56328125 0.0171875 0.02578125
0 0.2921875 0.49921875 0.02421875 0.02890625
0 0.27109375 0.4984375 0.01953125 0.02890625
0 0.25234375 0.49765625 0.01953125 0.02890625
0 0.25703125 0.46875 0.02734375 0.02890625
0 0.2328125 0.496875 0.0203125 0.02890625
0 0.21328125 0.4953125 0.02109375 0.0296875
0 0.19296875 0.49453125 0.02109375 0.0296875
0 0.17265625 0.49296875 0.02265625 0.03046875
0 0.234375 0.46796875 0.0203125 0.0296875
0 0.21484375 0.46640625 0.02109375 0.03046875
0 0.1953125 0.46484375 0.02109375 0.0296875
0 0.29765625 0.415625 0.02265625 0.025
0 0.2765625 0.41328125 0.01875 0.02421875
0 0.2578125 0.4109375 0.01953125 0.02421875
0 0.2390625 0.40859375 0.01953125 0.025
0 0.21953125 0.40703125 0.02109375 0.025
0 0.2 0.40546875 0.02109375 0.025
0 0.18046875 0.403125 0.02109375 0.02578125
0 0.43203125 0.43828125 0.015625 0.025
0 0.41640625 0.43671875 0.01484375 0.025
0 0.384375 0.43359375 0.01640625 0.025
0 0.40078125 0.4359375 0.015625 0.025
0 0.40078125 0.41875 0.015625 0.00859375
0 0.38515625 0.4171875 0.015625 0.00859375
0 0.36875 0.41640625 0.01640625 0.01015625
0 0.35234375 0.4140625 0.01640625 0.009375
0 0.36875 0.43203125 0.01640625 0.02578125
0 0.35234375 0.43046875 0.01640625 0.02578125
0 0.33515625 0.42890625 0.0171875 0.02578125
3 0.74609375 0.65234375 0.04296875 0.01171875