2 0.17578125 0.575 0.10390625 0.19296875
3 0.45546875 0.5859375 0.05234375 0.05
3 0.94140625 0.540625 0.115625 0.08515625
3 0.84609375 0.515625 0.11015625 0.07578125
3 0.5421875 0.44140625 0.0609375 0.04375
3 0.58828125 0.453125 0.06796875 0.046875
3 0.65 0.47109375 0.06953125 0.05
3 0.3421875 0.52578125 0.0453125 0.0359375
3 0.409375 0.409375 0.0546875 0.03203125
3 0.43828125 0.4171875 0.05625 0.034375
3 0.540625 0.634375 0.05859375 0.06484375
0 0.90078125 0.6828125 0.0765625 0.10078125
0 0.3921875 0.48203125 0.0140625 0.01328125
0 0.38046875 0.48125 0.01328125 0.01484375
0 0.37890625 0.47265625 0.0140625 0.01796875
0 0.36015625 0.47109375 0.01328125 0.01328125
0 0.371875 0.471875 0.01328125 0.0140625
3 0.71796875 0.72890625 0.071875 0.096875
3 0.60625 0.66953125 0.06328125 0.07578125
3 0.79609375 0.76953125 0.0859375 0.1109375
3 0.8859375 0.81640625 0.10859375 0.1296875
3 0.48984375 0.53046875 0.05546875 0.05078125
0 0.80234375 0.640625 0.04296875 0.084375
0 0.7671875 0.62578125 0.0390625 0.08125
0 0.734375 0.61328125 0.0359375 0.078125
0 0.7734375 0.58359375 0.04140625 0.0796875
0 0.57734375 0.515625 0.03203125 0.05859375
0 0.5765625 0.5546875 0.03203125 0.0515625
0 0.55078125 0.5515625 0.01953125 0.04140625
0 0.53203125 0.5359375 0.01953125 0.05546875
0 0.55703125 0.50859375 0.03125 0.05625
0 0.50546875 0.3234375 0.03359375 0.04375
0 0.4859375 0.321875 0.03203125 0.04296875
0 0.4453125 0.3203125 0.01640625 0.03671875
0 0.46171875 0.321875 0.0171875 0.0390625
0 0.46953125 0.28359375 0.03359375 0.0390625
0 0.4453125 0.2828125 0.01796875 0.03828125
0 0.428125 0.28203125 0.01640625 0.03671875
0 0.41328125 0.28203125 0.015625 0.0359375
0 0.4296875 0.31875 0.01640625 0.0359375
0 0.41484375 0.31796875 0.01484375 0.03515625
0 0.40078125 0.31484375 0.01484375 0.03671875
0 0.378125 0.29921875 0.03203125 0.03515625
0 0.36328125 0.2984375 0.025 0.03359375
0 0.35078125 0.296875 0.0234375 0.03359375
0 0.34140625 0.29609375 0.0265625 0.03125
0 0.32890625 0.2953125 0.02265625 0.03125
0 0.32109375 0.29453125 0.02578125 0.03046875
0 0.30859375 0.29375 0.01953125 0.03046875
0 0.38359375 0.3921875 0.03046875 0.03828125
0 0.36875 0.3890625 0.02421875 0.03671875
0 0.3515625 0.3890625 0.0125 0.03046875
0 0.35859375 0.3578125 0.03046875 0.034375
0 0.340625 0.3859375 0.01171875 0.0296875
0 0.33046875 0.38359375 0.01171875 0.02890625
0 0.3203125 0.38125 0.0109375 0.028125
0 0.3109375 0.378125 0.0109375 0.0296875
0 0.34609375 0.35625 0.02734375 0.034375
0 0.3359375 0.35390625 0.02734375 0.03203125
0 0.32578125 0.35234375 0.02734375 0.03203125
3 0.834375 0.375 0.0484375 0.009375
3 0.78984375 0.36953125 0.04296875 0.00859375
3 0.48046875 0.390625 0.028125 0.01484375
3 0.54609375 0.40546875 0.03046875 0.01796875
3 0.57109375 0.409375 0.03125 0.01875
3 0.59609375 0.415625 0.02734375 0.0203125
3 0.6359375 0.35234375 0.02578125 0.0046875
3 0.66328125 0.35625 0.03125 0.0046875
3 0.69375 0.49609375 0.00078125 0.00703125
0 0.78359375 0.44609375 0.03046875 0.03359375
0 0.50390625 0.39140625 0.0171875 0.02109375
3 0.73984375 0.44375 0.03828125 0.02421875
0 0.69453125 0.428125 0.01484375 0.0296875
0 0.68125 0.428125 0.01640625 0.0234375
0 0.66796875 0.42265625 0.01484375 0.02890625
0 0.684375 0.40390625 0.0171875 0.028125
0 0.653125 0.3984375 0.01640625 0.0265625
0 0.6515625 0.42109375 0.01640625 0.025
0 0.63828125 0.41953125 0.01328125 0.021875
0 0.6265625 0.41484375 0.01328125 0.02578125
0 0.640625 0.396875 0.01640625 0.0265625
0 0.5265625 0.334375 0.01015625 0.01015625
0 0.52578125 0.2828125 0.015625 0.01953125
0 0.515625 0.28203125 0.0078125 0.01953125
0 0.50625 0.28203125 0.0140625 0.01953125
0 0.49609375 0.28125 0.01015625 0.01875
0 0.48828125 0.28125 0.00390625 0.01875
0 0.61328125 0.29453125 0.01640625 0.021875
0 0.59921875 0.29375 0.01328125 0.021875
0 0.57578125 0.29375 0.01171875 0.0203125
0 0.5875 0.29375 0.01171875 0.02109375
0 0.590625 0.271875 0.01640625 0.0203125
0 0.5765625 0.271875 0.0109375 0.0203125
0 0.565625 0.271875 0.0109375 0.0203125
0 0.55546875 0.271875 0.01015625 0.01953125
0 0.565625 0.29296875 0.0109375 0.0203125
0 0.5546875 0.2921875 0.01015625 0.01953125
0 0.54453125 0.29140625 0.01015625 0.0203125
3 0.93515625 0.5984375 0.08125 0.0390625