3 0.375 0.7890625 0.09140625 0.04921875
3 0.64609375 0.57265625 0.02734375 0.015625
3 0.61953125 0.56640625 0.04453125 0.01875
3 0.31171875 0.64453125 0.09765625 0.028125
3 0.3921875 0.64765625 0.06640625 0.0234375
3 0.453125 0.64921875 0.05546875 0.02109375
3 0.4953125 0.5296875 0.0546875 0.02578125
3 0.53203125 0.540625 0.04453125 0.021875
3 0.56484375 0.55078125 0.04140625 0.0203125
3 0.56953125 0.746875 0.05859375 0.0265625
3 0.4359375 0.77578125 0.0796875 0.04140625
3 0.31640625 0.46796875 0.07734375 0.0484375
3 0.38125 0.48828125 0.06171875 0.040625
3 0.49921875 0.7625 0.06953125 0.034375
0 0.62734375 0.646875 0.02890625 0.0296875
0 0.0890625 0.6140625 0.11484375 0.08203125
3 0.60390625 0.740625 0.05234375 0.0203125
3 0.6359375 0.73515625 0.03046875 0.01875
3 0.65546875 0.73046875 0.02890625 0.01640625
3 0.603125 0.65546875 0.03984375 0.0109375
0 0.5765625 0.64375 0.01171875 0.034375
0 0.5640625 0.64375 0.0125 0.03515625
0 0.5484375 0.64296875 0.01796875 0.03671875
0 0.5546875 0.60859375 0.03046875 0.03515625
0 0.53203125 0.60390625 0.0140625 0.0390625
0 0.53203125 0.64140625 0.01484375 0.03828125
0 0.5171875 0.640625 0.015625 0.03984375
0 0.49140625 0.6390625 0.03671875 0.04140625
0 0.50703125 0.6015625 0.03515625 0.03984375
0 0.2265625 0.42734375 0.04921875 0.06796875
0 0.1796875 0.41171875 0.0546875 0.0734375
0 0.12734375 0.39453125 0.06328125 0.07890625
0 0.13671875 0.3328125 0.06171875 0.084375
0 0.06796875 0.375 0.07421875 0.08515625
0 0.02109375 0.35703125 0.04140625 0.08125
0 0.07890625 0.309375 0.071875 0.090625
0 0.0265625 0.2859375 0.053125 0.09375
0 0.246875 0.259375 0.04296875 0.065625
0 0.2046875 0.234375 0.04921875 0.07109375
0 0.1578125 0.20703125 0.05546875 0.07578125
0 0.1046875 0.1765625 0.0640625 0.08359375
0 0.04375 0.140625 0.07421875 0.090625
0 0.00859375 0.11640625 0.0171875 0.06640625
0 0.46875 0.40390625 0.01875 0.04140625
0 0.44921875 0.39296875 0.01953125 0.04375
0 0.40703125 0.36953125 0.02421875 0.046875
0 0.42890625 0.38203125 0.021875 0.0453125
0 0.4296875 0.34609375 0.02109375 0.05078125
0 0.4078125 0.33203125 0.02421875 0.053125
0 0.38359375 0.31640625 0.02578125 0.05546875
0 0.35234375 0.30078125 0.03984375 0.05859375
0 0.38203125 0.35625 0.02578125 0.05
0 0.35546875 0.3421875 0.02890625 0.053125
0 0.321875 0.32578125 0.0421875 0.05625
3 0.77890625 0.709375 0.053125 0.01796875