3 0.953125 0.49140625 0.07578125 0.02421875
3 0.9609375 0.509375 0.0765625 0.0390625
3 0.98671875 0.615625 0.02578125 0.065625
3 0.98125 0.5765625 0.0359375 0.04609375
3 0.9796875 0.553125 0.03984375 0.04296875
3 0.975 0.95625 0.04921875 0.0859375
0 0.928125 0.59609375 0.01171875 0.03984375
3 0.93203125 0.759375 0.03984375 0.06328125
3 0.95625 0.86328125 0.05234375 0.09609375
3 0.91015625 0.71796875 0.01015625 0.04609375
3 0.90390625 0.68671875 0.009375 0.03984375
3 0.99765625 0.8953125 0.00390625 0.0390625
0 0.92734375 0.61640625 0.00859375 0.04609375
0 0.95234375 0.63359375 0.0515625 0.0359375
0 0.9625 0.6484375 0.06328125 0.06484375
0 0.95546875 0.59375 0.04765625 0.06015625
0 0.98828125 0.69609375 0.02265625 0.07890625
0 0.97734375 0.75390625 0.01640625 0.0796875
0 0.98515625 0.78125 0.01484375 0.08828125
0 0.99375 0.8140625 0.01015625 0.0453125
0 0.99296875 0.7125 0.01328125 0.0734375
3 0.40546875 0.73359375 0.06953125 0.07578125
3 0.60234375 0.45078125 0.03515625 0.015625
3 0.58828125 0.45546875 0.0359375 0.01796875
3 0.05625 0.8421875 0.1125 0.15
3 0.353125 0.67109375 0.08359375 0.0765625
3 0.4046875 0.63515625 0.071875 0.0609375
3 0.45078125 0.6109375 0.0625 0.05078125
3 0.4859375 0.48828125 0.05390625 0.02890625
3 0.51171875 0.47890625 0.05234375 0.025
3 0.540625 0.471875 0.0421875 0.02109375
3 0.5421875 0.6234375 0.0453125 0.03984375
3 0.446875 0.69921875 0.06171875 0.06328125
3 0.06796875 0.95234375 0.1359375 0.0921875
3 0.33984375 0.53671875 0.0828125 0.0515625
3 0.3890625 0.52109375 0.075 0.04375
3 0.49140625 0.665625 0.05390625 0.053125
0 0.5921875 0.52109375 0.01796875 0.02890625
0 0.1953125 0.74296875 0.0734375 0.10390625
3 0.5671875 0.60625 0.04140625 0.0265625
3 0.5921875 0.59140625 0.02265625 0.025
3 0.60625 0.57890625 0.02109375 0.021875
3 0.57109375 0.54140625 0.03046875 0.01953125
0 0.5515625 0.54609375 0.00859375 0.034375
0 0.5359375 0.553125 0.02109375 0.03203125
0 0.53046875 0.55625 0.01328125 0.0390625
0 0.53359375 0.521875 0.02734375 0.03671875
0 0.50859375 0.534375 0.02890625 0.040625
0 0.51796875 0.56640625 0.0109375 0.03515625
0 0.50703125 0.5734375 0.01171875 0.0359375
0 0.48515625 0.578125 0.03046875 0.04453125
0 0.4984375 0.5390625 0.028125 0.04140625
0 0.26640625 0.540625 0.0515625 0.0734375
0 0.234375 0.55078125 0.04453125 0.0796875
0 0.1921875 0.56875 0.05078125 0.0734375
0 0.1828125 0.503125 0.06015625 0.078125
0 0.1421875 0.58359375 0.059375 0.0796875
0 0.084375 0.60078125 0.06875 0.08828125
0 0.02890625 0.61875 0.0578125 0.09296875
0 0.13359375 0.51171875 0.06484375 0.08515625
0 0.0765625 0.5234375 0.07109375 0.09453125
0 0.025 0.53359375 0.04921875 0.1
0 0.26484375 0.3703125 0.040625 0.0609375
0 0.225 0.36953125 0.04609375 0.065625
0 0.1796875 0.36875 0.05390625 0.07109375
0 0.12578125 0.36796875 0.06328125 0.0765625
0 0.06328125 0.3671875 0.075 0.084375
0 0.0171875 0.365625 0.034375 0.0875
0 0.46640625 0.3890625 0.015625 0.03828125
0 0.45 0.38984375 0.0171875 0.040625
0 0.41328125 0.39140625 0.02109375 0.04375
0 0.4328125 0.390625 0.01875 0.04140625
0 0.43203125 0.3484375 0.01875 0.04296875
0 0.4125 0.34609375 0.02109375 0.04453125
0 0.390625 0.34453125 0.0234375 0.046875
0 0.35703125 0.34296875 0.04453125 0.05
0 0.39140625 0.39140625 0.02265625 0.04609375
0 0.36796875 0.39296875 0.02578125 0.0484375
0 0.33359375 0.39296875 0.04609375 0.0515625
3 0.70078125 0.5640625 0.0375 0.02421875