3 0.43828125 0.76796875 0.075 0.0546875
3 0.93671875 0.496875 0.125 0.03671875
3 0.24453125 0.634375 0.065625 0.025
3 0.3828125 0.6484375 0.07578125 0.03203125
3 0.4390625 0.65234375 0.07421875 0.034375
3 0.49453125 0.65859375 0.0640625 0.03984375
3 0.565625 0.51328125 0.06015625 0.021875
3 0.63359375 0.5109375 0.07578125 0.02421875
3 0.72109375 0.50859375 0.09453125 0.02578125
3 0.74140625 0.82890625 0.1046875 0.08203125
3 0.49296875 0.7796875 0.06875 0.059375
3 0.2484375 0.73125 0.07421875 0.03984375
3 0.371875 0.51875 0.05703125 0.01953125
3 0.421875 0.51640625 0.0703125 0.0203125
3 0.578125 0.7984375 0.07421875 0.06796875
0 0.9640625 0.68046875 0.0703125 0.08046875
0 0.29609375 0.62890625 0.04140625 0.04453125
3 0.86328125 0.853125 0.14296875 0.0953125
3 0.95703125 0.87421875 0.084375 0.08046875
3 0.85625 0.68828125 0.134375 0.05078125
0 0.73984375 0.66171875 0.0390625 0.06796875
0 0.70078125 0.65859375 0.04140625 0.065625
0 0.6671875 0.65546875 0.03671875 0.06484375
0 0.69921875 0.6046875 0.04140625 0.059375
0 0.62421875 0.6015625 0.03125 0.05546875
0 0.62578125 0.65625 0.03125 0.0546875
0 0.5953125 0.65390625 0.0296875 0.05390625
0 0.565625 0.6484375 0.02890625 0.059375
0 0.59453125 0.60078125 0.03046875 0.05390625
0 0.3390625 0.50859375 0.03984375 0.03984375
0 0.31015625 0.509375 0.01796875 0.03984375
0 0.2921875 0.5109375 0.01796875 0.03828125
0 0.3046875 0.47265625 0.03984375 0.03828125
0 0.275 0.51171875 0.0171875 0.03828125
0 0.25859375 0.51171875 0.01640625 0.03671875
0 0.24296875 0.51328125 0.01640625 0.03515625
0 0.22734375 0.51328125 0.015625 0.0359375
0 0.2765625 0.47421875 0.0171875 0.03671875
0 0.26015625 0.47578125 0.01640625 0.03671875
0 0.24375 0.4765625 0.01640625 0.03671875
0 0.3421875 0.39140625 0.0390625 0.0453125
0 0.3140625 0.390625 0.01875 0.03671875
0 0.29609375 0.39375 0.01796875 0.03671875
0 0.2796875 0.396875 0.0171875 0.0359375
0 0.26328125 0.39921875 0.01640625 0.03515625
0 0.24765625 0.4015625 0.015625 0.034375
0 0.23203125 0.40390625 0.01484375 0.034375
0 0.51796875 0.37734375 0.0328125 0.0453125
0 0.48828125 0.38125 0.025 0.0453125
0 0.44140625 0.38828125 0.02265625 0.04296875
0 0.4640625 0.384375 0.0234375 0.04375
0 0.4703125 0.34296875 0.034375 0.04609375
0 0.44140625 0.346875 0.02265625 0.0453125
0 0.41953125 0.35078125 0.021875 0.04453125
0 0.3984375 0.3546875 0.0203125 0.04296875
0 0.41875 0.39140625 0.02109375 0.04140625
0 0.39765625 0.39453125 0.0203125 0.040625
0 0.37734375 0.396875 0.0203125 0.040625