3 0.41796875 0.77421875 0.07421875 0.0515625
3 0.9390625 0.50703125 0.1203125 0.0265625
3 0.86328125 0.5078125 0.11875 0.0265625
3 0.17890625 0.646875 0.08984375 0.0296875
3 0.35546875 0.65390625 0.08046875 0.03359375
3 0.41953125 0.65390625 0.07421875 0.034375
3 0.4828125 0.6578125 0.06015625 0.03828125
3 0.5546875 0.5140625 0.05546875 0.0203125
3 0.61796875 0.5140625 0.06953125 0.0203125
3 0.6921875 0.51328125 0.0796875 0.0203125
3 0.70625 0.79453125 0.09296875 0.06015625
3 0.4796875 0.778125 0.06953125 0.05390625
3 0.18046875 0.75859375 0.09453125 0.04609375
3 0.33984375 0.515625 0.053125 0.01953125
3 0.4015625 0.51484375 0.06953125 0.0203125
3 0.5671875 0.7859375 0.0703125 0.05625
0 0.8796875 0.65390625 0.07109375 0.06328125
0 0.24609375 0.6375 0.05234375 0.05078125
3 0.7984375 0.80078125 0.11015625 0.06171875
3 0.88828125 0.8109375 0.1 0.0515625
3 0.95625 0.81328125 0.08671875 0.05625
3 0.7921875 0.6640625 0.10546875 0.0359375
0 0.70859375 0.64765625 0.03125 0.05859375
0 0.67265625 0.646875 0.04140625 0.05859375
0 0.64453125 0.64609375 0.03828125 0.05703125
0 0.671875 0.5984375 0.04140625 0.053125
0 0.60703125 0.59765625 0.03203125 0.05078125
0 0.61015625 0.6484375 0.028125 0.04921875
0 0.58125 0.64453125 0.03046875 0.0546875
0 0.5546875 0.64375 0.02734375 0.05546875
0 0.58046875 0.59765625 0.0296875 0.05078125
0 0.3015625 0.50390625 0.04375 0.04375
0 0.26796875 0.50390625 0.02421875 0.04375
0 0.24453125 0.5046875 0.0234375 0.04296875
0 0.25703125 0.46171875 0.04609375 0.04296875
0 0.221875 0.50546875 0.0234375 0.04140625
0 0.19921875 0.50546875 0.0234375 0.04140625
0 0.1765625 0.50625 0.02265625 0.04140625
0 0.1546875 0.50546875 0.02265625 0.04296875
0 0.2234375 0.4625 0.0234375 0.04140625
0 0.2 0.46328125 0.0234375 0.04296875
0 0.178125 0.46328125 0.02265625 0.04140625
0 0.30625 0.375 0.0421875 0.05
0 0.27265625 0.371875 0.02421875 0.03984375
0 0.25 0.37265625 0.0234375 0.03984375
0 0.22734375 0.3734375 0.0234375 0.03984375
0 0.2046875 0.375 0.0234375 0.0390625
0 0.1828125 0.37578125 0.02265625 0.0390625
0 0.1609375 0.3765625 0.02265625 0.0390625
0 0.503125 0.378125 0.0265625 0.04375
0 0.47734375 0.3796875 0.02578125 0.04296875
0 0.42578125 0.38203125 0.025 0.04140625
0 0.45078125 0.38046875 0.025 0.04296875
0 0.45390625 0.33828125 0.03125 0.04453125
0 0.42578125 0.3390625 0.025 0.04375
0 0.40078125 0.340625 0.025 0.04453125
0 0.3765625 0.3421875 0.02421875 0.04375
0 0.40078125 0.38359375 0.025 0.04296875
0 0.37578125 0.384375 0.02421875 0.04140625
0 0.3515625 0.3859375 0.02421875 0.04140625