3 0.88671875 0.50546875 0.02890625 0.0140625
3 0.89921875 0.503125 0.03828125 0.015625
3 0.96640625 0.49921875 0.065625 0.0296875
3 0.9484375 0.50234375 0.053125 0.0234375
3 0.91875 0.5046875 0.00546875 0.01875
3 0.97734375 0.87109375 0.04453125 0.09453125
0 0.89296875 0.59921875 0.00625 0.034375
3 0.92890625 0.73671875 0.06328125 0.04375
3 0.96171875 0.80390625 0.075 0.07578125
3 0.92265625 0.71171875 0.07265625 0.03359375
3 0.8828125 0.69296875 0.01015625 0.02890625
3 0.99453125 0.72890625 0.01015625 0.0390625
0 0.8953125 0.60703125 0.0046875 0.0390625
0 0.9203125 0.61328125 0.0453125 0.03828125
0 0.92578125 0.61953125 0.04609375 0.04921875
0 0.92265625 0.57578125 0.05078125 0.04375
0 0.97421875 0.60234375 0.05078125 0.06171875
0 0.95546875 0.66015625 0.01171875 0.06640625
0 0.9671875 0.67109375 0.01328125 0.07109375
0 0.9859375 0.678125 0.0265625 0.06875
0 0.9796875 0.61015625 0.03984375 0.0703125
0 0.996875 0.27265625 0.0046875 0.06171875
3 0.40234375 0.740625 0.0734375 0.05859375
3 0.59765625 0.50859375 0.01171875 0.00859375
3 0.57265625 0.50859375 0.03671875 0.009375
3 0.05234375 0.73828125 0.1046875 0.0890625
3 0.35390625 0.64921875 0.08671875 0.046875
3 0.4046875 0.63203125 0.0734375 0.03828125
3 0.44921875 0.61953125 0.06328125 0.03125
3 0.4828125 0.5078125 0.0515625 0.0140625
3 0.51484375 0.50859375 0.03046875 0.01171875
3 0.5359375 0.509375 0.03125 0.0109375
3 0.53515625 0.66484375 0.0453125 0.0296875
3 0.44296875 0.71640625 0.06328125 0.046875
3 0.0546875 0.934375 0.109375 0.12890625
3 0.34765625 0.503125 0.08359375 0.02109375
3 0.4015625 0.5046875 0.05703125 0.01875
3 0.4875 0.69296875 0.05546875 0.0390625
0 0.58046875 0.5734375 0.01640625 0.025
0 0.19375 0.67734375 0.07578125 0.0859375
3 0.55859375 0.653125 0.040625 0.02109375
3 0.58203125 0.64375 0.02109375 0.01953125
3 0.5953125 0.6359375 0.0203125 0.01796875
3 0.56171875 0.58671875 0.02734375 0.0140625
0 0.54375 0.584375 0.0078125 0.0296875
0 0.5328125 0.5875 0.01328125 0.03046875
0 0.52421875 0.5890625 0.01171875 0.03203125
0 0.52578125 0.55859375 0.0265625 0.0296875
0 0.5046875 0.56171875 0.02578125 0.03203125
0 0.5125 0.59375 0.01015625 0.03359375
0 0.50234375 0.59609375 0.01015625 0.03359375
0 0.48125 0.5984375 0.03125 0.0390625
0 0.4953125 0.56328125 0.025 0.034375
0 0.27890625 0.48515625 0.05 0.05703125
0 0.25078125 0.4828125 0.03828125 0.06171875
0 0.209375 0.48046875 0.04453125 0.065625
0 0.21015625 0.4171875 0.04453125 0.06953125
0 0.1609375 0.47734375 0.053125 0.07109375
0 0.1015625 0.47421875 0.06796875 0.078125
0 0.0375 0.46953125 0.07421875 0.08671875
0 0.00078125 0.46875 0.0015625 0.08671875
0 0.16171875 0.40859375 0.05234375 0.07578125
0 0.10546875 0.39921875 0.06171875 0.08359375
0 0.0390625 0.3875 0.07421875 0.09375
0 0.290625 0.31640625 0.0328125 0.06328125
0 0.2546875 0.303125 0.03671875 0.06875
0 0.21484375 0.28671875 0.04296875 0.075
0 0.16796875 0.26796875 0.05078125 0.08203125
0 0.1125 0.24609375 0.06015625 0.09140625
0 0.04765625 0.21953125 0.071875 0.1015625
0 0.00625 0.20390625 0.01171875 0.084375
0 0.4671875 0.4015625 0.01328125 0.03671875
0 0.45234375 0.396875 0.01484375 0.03984375
0 0.41953125 0.384375 0.01796875 0.04375
0 0.43671875 0.39140625 0.015625 0.04140625
0 0.4375 0.35390625 0.01640625 0.04453125
0 0.41953125 0.34609375 0.01796875 0.046875
0 0.4015625 0.33671875 0.01953125 0.05
0 0.3703125 0.328125 0.04140625 0.05390625
0 0.40078125 0.378125 0.01953125 0.0453125
0 0.38046875 0.37109375 0.021875 0.04921875
0 0.35 0.3625 0.03828125 0.053125
3 0.68515625 0.61796875 0.03671875 0.01640625