3 0.4171875 0.6640625 0.0546875 0.075
3 0.7609375 0.3984375 0.06640625 0.040625
3 0.72265625 0.40625 0.06875 0.04375
3 0.1296875 0.6640625 0.10703125 0.0953125
3 0.35 0.60859375 0.0640625 0.07890625
3 0.41171875 0.58671875 0.059375 0.07109375
3 0.46875 0.5734375 0.053125 0.0734375
3 0.52421875 0.44921875 0.0578125 0.05859375
3 0.56953125 0.43984375 0.06484375 0.05
3 0.621875 0.43203125 0.0625 0.0453125
3 0.61171875 0.60234375 0.05859375 0.06015625
3 0.46640625 0.64765625 0.05546875 0.07109375
3 0.1625 0.74765625 0.09296875 0.09921875
3 0.32734375 0.49765625 0.0625 0.075
3 0.38515625 0.4859375 0.05625 0.07109375
3 0.53046875 0.63046875 0.0515625 0.06640625
0 0.71484375 0.49296875 0.03828125 0.04453125
0 0.2203125 0.63046875 0.06015625 0.065625
3 0.66015625 0.58984375 0.05859375 0.0484375
3 0.70390625 0.5828125 0.04296875 0.034375
3 0.7375 0.57109375 0.04296875 0.03125
3 0.66796875 0.51328125 0.06171875 0.04375
0 0.6265625 0.515625 0.0203125 0.05546875
0 0.60234375 0.52265625 0.03125 0.053125
0 0.58671875 0.52578125 0.02578125 0.05703125
0 0.60390625 0.4921875 0.034375 0.05078125
0 0.5625 0.50390625 0.02734375 0.053125
0 0.56484375 0.54375 0.01953125 0.0359375
0 0.5421875 0.54375 0.0265625 0.0484375
0 0.52109375 0.54296875 0.02890625 0.06171875
0 0.54140625 0.50859375 0.03046875 0.0546875
0 0.26015625 0.49375 0.04609375 0.07578125
0 0.22578125 0.5 0.04375 0.078125
0 0.19140625 0.52109375 0.04296875 0.05
0 0.1875 0.46328125 0.059375 0.078125
0 0.15703125 0.528125 0.04609375 0.05078125
0 0.12109375 0.5359375 0.04921875 0.0515625
0 0.084375 0.54375 0.05234375 0.053125
0 0.04609375 0.5390625 0.05546875 0.0796875
0 0.14765625 0.46875 0.05546875 0.08046875
0 0.11171875 0.47578125 0.06015625 0.08203125
0 0.07421875 0.48203125 0.06484375 0.084375
0 0.2359375 0.353125 0.05234375 0.0734375
0 0.196875 0.35703125 0.0515625 0.07578125
0 0.16015625 0.36171875 0.05625 0.0765625
0 0.12265625 0.36640625 0.06171875 0.07890625
0 0.0828125 0.37109375 0.06796875 0.08046875
0 0.04140625 0.37578125 0.0734375 0.08359375
0 0.01953125 0.37890625 0.0390625 0.0828125
0 0.4796875 0.34140625 0.03203125 0.06171875
0 0.45625 0.34453125 0.02734375 0.06328125
0 0.40234375 0.359375 0.03046875 0.05
0 0.43046875 0.35625 0.02890625 0.04921875
0 0.4265625 0.30234375 0.0328125 0.06171875
0 0.3984375 0.30546875 0.0328125 0.0640625
0 0.36875 0.3078125 0.03359375 0.065625
0 0.33828125 0.3109375 0.03671875 0.06640625
0 0.3734375 0.359375 0.0328125 0.059375
0 0.34375 0.36796875 0.03515625 0.0515625
0 0.31328125 0.36328125 0.03671875 0.06953125
3 0.9140625 0.63515625 0.08203125 0.08515625