3 0.4078125 0.70625 0.06484375 0.08515625
3 0.65703125 0.3984375 0.04609375 0.0265625
3 0.634375 0.40703125 0.04921875 0.0296875
3 0.06484375 0.81953125 0.1296875 0.16015625
3 0.346875 0.6609375 0.07578125 0.09140625
3 0.40390625 0.62109375 0.06953125 0.07578125
3 0.45625 0.59375 0.0609375 0.06875
3 0.49921875 0.4640625 0.05859375 0.046875
3 0.53203125 0.45 0.05859375 0.040625
3 0.5703125 0.43671875 0.04921875 0.03515625
3 0.56875 0.59296875 0.05078125 0.05078125
3 0.453125 0.6734375 0.0609375 0.07421875
3 0.1 0.91953125 0.11953125 0.159375
3 0.328125 0.54140625 0.07109375 0.07890625
3 0.38203125 0.51796875 0.0703125 0.06875
3 0.50546875 0.6390625 0.05625 0.0640625
0 0.634375 0.48046875 0.02734375 0.0359375
0 0.19375 0.73046875 0.07109375 0.09140625
3 0.6015625 0.575 0.04765625 0.03359375
3 0.6328125 0.55703125 0.02890625 0.03125
3 0.653125 0.54140625 0.028125 0.028125
3 0.603125 0.50546875 0.04765625 0.0296875
0 0.5796875 0.51484375 0.01328125 0.04296875
0 0.559375 0.5234375 0.028125 0.040625
0 0.5515625 0.52734375 0.01796875 0.04921875
0 0.56015625 0.4921875 0.03046875 0.0453125
0 0.5296875 0.50859375 0.02734375 0.0484375
0 0.5359375 0.54453125 0.0140625 0.03671875
0 0.5140625 0.55 0.02890625 0.04453125
0 0.49765625 0.55390625 0.03125 0.0546875
0 0.51328125 0.515625 0.03125 0.05
0 0.25078125 0.5515625 0.04453125 0.084375
0 0.21328125 0.565625 0.046875 0.090625
0 0.17109375 0.58671875 0.053125 0.08359375
0 0.16171875 0.5296875 0.05625 0.09296875
0 0.12578125 0.61328125 0.059375 0.071875
0 0.075 0.63359375 0.0671875 0.078125
0 0.028125 0.65625 0.05625 0.08125
0 0.11328125 0.54453125 0.0625 0.09921875
0 0.059375 0.56171875 0.07109375 0.10625
0 0.0203125 0.5765625 0.040625 0.10859375
0 0.23046875 0.39453125 0.0484375 0.07578125
0 0.1875 0.40234375 0.05390625 0.08046875
0 0.140625 0.4109375 0.0609375 0.0859375
0 0.0875 0.42109375 0.06953125 0.09140625
0 0.034375 0.43125 0.06875 0.0984375
0 0.0046875 0.43515625 0.009375 0.0921875
0 0.4625 0.36640625 0.0359375 0.0515625
0 0.44921875 0.37109375 0.02265625 0.0546875
0 0.40234375 0.38515625 0.02734375 0.05
0 0.4265625 0.3796875 0.02421875 0.0484375
0 0.41796875 0.33203125 0.0390625 0.05390625
0 0.39375 0.3359375 0.040625 0.05625
0 0.36796875 0.33984375 0.04140625 0.059375
0 0.33984375 0.34375 0.04375 0.06171875
0 0.3765625 0.39140625 0.02890625 0.053125
0 0.3484375 0.39765625 0.03203125 0.0546875
0 0.3140625 0.39921875 0.04375 0.06875
3 0.7703125 0.54453125 0.04609375 0.04296875