3 0.48046875 0.7 0.06015625 0.0484375
3 0.95390625 0.5234375 0.090625 0.040625
3 0.3625 0.57421875 0.0359375 0.02109375
3 0.44296875 0.59921875 0.05625 0.03046875
3 0.48046875 0.609375 0.06015625 0.03515625
3 0.51875 0.62265625 0.06484375 0.04140625
3 0.5765625 0.5078125 0.0703125 0.0234375
3 0.63046875 0.5109375 0.08203125 0.0265625
3 0.7078125 0.51640625 0.08984375 0.03046875
3 0.7140625 0.8234375 0.09375 0.1046875
3 0.51953125 0.71953125 0.065625 0.05625
3 0.36875 0.64296875 0.0453125 0.0296875
3 0.4375 0.49921875 0.053125 0.015625
3 0.4671875 0.5015625 0.06015625 0.01796875
3 0.5796875 0.75390625 0.07421875 0.0703125
0 0.97421875 0.73828125 0.05078125 0.10390625
0 0.39140625 0.57421875 0.02578125 0.034375
3 0.8453125 0.890625 0.125 0.14375
3 0.95078125 0.934375 0.09765625 0.12890625
3 0.85390625 0.72109375 0.1265625 0.09140625
0 0.71953125 0.6640625 0.04296875 0.07890625
0 0.6859375 0.65859375 0.04140625 0.06640625
0 0.65078125 0.64609375 0.03046875 0.06875
0 0.68671875 0.60390625 0.04140625 0.06640625
0 0.61953125 0.590625 0.0390625 0.05859375
0 0.61953125 0.6390625 0.0390625 0.05859375
0 0.58828125 0.63359375 0.0234375 0.05078125
0 0.565625 0.6234375 0.02109375 0.05703125
0 0.5953125 0.5859375 0.0375 0.05546875
0 0.415625 0.48828125 0.0296875 0.03046875
0 0.3953125 0.48828125 0.01015625 0.0296875
0 0.38515625 0.48828125 0.009375 0.02890625
0 0.39453125 0.45859375 0.02890625 0.02890625
0 0.37578125 0.48828125 0.00859375 0.028125
0 0.36640625 0.4875 0.00859375 0.0265625
0 0.3578125 0.48671875 0.0078125 0.02578125
0 0.35 0.48671875 0.0078125 0.02578125
0 0.37578125 0.459375 0.00859375 0.028125
0 0.36640625 0.459375 0.00859375 0.0265625
0 0.3578125 0.46015625 0.0078125 0.02578125
0 0.415625 0.39375 0.0296875 0.03203125
0 0.3953125 0.39609375 0.01015625 0.03046875
0 0.38515625 0.3984375 0.009375 0.0296875
0 0.37578125 0.40078125 0.00859375 0.02890625
0 0.36640625 0.4015625 0.00859375 0.028125
0 0.3578125 0.40390625 0.0078125 0.0265625
0 0.35 0.40546875 0.0078125 0.02578125
0 0.5359375 0.384375 0.0359375 0.04296875
0 0.50859375 0.38671875 0.01796875 0.040625
0 0.47578125 0.39375 0.01484375 0.03671875
0 0.49140625 0.390625 0.01640625 0.0390625
0 0.50078125 0.353125 0.034375 0.040625
0 0.47578125 0.35703125 0.01484375 0.03984375
0 0.4609375 0.3609375 0.0140625 0.0390625
0 0.446875 0.36484375 0.01328125 0.03671875
0 0.4609375 0.396875 0.0140625 0.0359375
0 0.446875 0.39921875 0.0125 0.03515625
0 0.434375 0.40078125 0.01171875 0.03359375