3 0.46171875 0.6109375 0.059375 0.0734375
3 0.940625 0.6046875 0.11796875 0.121875
3 0.30390625 0.459375 0.05703125 0.0484375
3 0.4125 0.51796875 0.06328125 0.0640625
3 0.45859375 0.5359375 0.0640625 0.06953125
3 0.50546875 0.5625 0.06171875 0.08046875
3 0.5734375 0.4734375 0.06953125 0.0796875
3 0.63359375 0.49453125 0.0796875 0.08515625
3 0.7171875 0.528125 0.08671875 0.08515625
3 0.684375 0.74296875 0.0703125 0.1109375
3 0.5046875 0.63515625 0.0609375 0.0796875
3 0.3171875 0.52734375 0.0546875 0.053125
3 0.4 0.415625 0.0671875 0.05859375
3 0.43828125 0.42890625 0.06796875 0.0640625
3 0.56640625 0.675 0.0640625 0.090625
0 0.915625 0.74453125 0.0828125 0.11640625
0 0.340625 0.471875 0.03359375 0.05390625
3 0.7765625 0.79453125 0.0859375 0.128125
3 0.865625 0.853125 0.0984375 0.1234375
3 0.9515625 0.896875 0.09609375 0.1484375
3 0.80859375 0.7 0.09609375 0.11640625
0 0.70625 0.640625 0.03828125 0.08828125
0 0.675 0.62578125 0.03515625 0.08515625
0 0.6484375 0.6125 0.0359375 0.084375
0 0.68203125 0.59453125 0.03671875 0.07421875
0 0.615625 0.565625 0.03515625 0.06875
0 0.61328125 0.6015625 0.03515625 0.06953125
0 0.58515625 0.6 0.02734375 0.04609375
0 0.56171875 0.5734375 0.02734375 0.075
0 0.58984375 0.5546875 0.03203125 0.06640625
0 0.3640625 0.38671875 0.0390625 0.05390625
0 0.3453125 0.38125 0.0328125 0.0546875
0 0.32265625 0.3828125 0.01875 0.03828125
0 0.32890625 0.34140625 0.040625 0.0515625
0 0.30859375 0.37734375 0.01875 0.03828125
0 0.29453125 0.371875 0.01875 0.03671875
0 0.28046875 0.36796875 0.01796875 0.03515625
0 0.26796875 0.359375 0.0171875 0.04140625
0 0.31171875 0.3375 0.03671875 0.05078125
0 0.29765625 0.3328125 0.0359375 0.04921875
0 0.28359375 0.32890625 0.03515625 0.0484375
0 0.353125 0.2734375 0.04296875 0.05390625
0 0.33125 0.26953125 0.0328125 0.0515625
0 0.31796875 0.26640625 0.0390625 0.05078125
0 0.30234375 0.26328125 0.03828125 0.05
0 0.28671875 0.259375 0.0375 0.04921875
0 0.2734375 0.25703125 0.03671875 0.046875
0 0.26015625 0.25390625 0.03828125 0.04609375
0 0.52890625 0.32890625 0.03984375 0.06875
0 0.50390625 0.3234375 0.03984375 0.06640625
0 0.4484375 0.31875 0.0234375 0.04921875
0 0.471875 0.32421875 0.02421875 0.05078125
0 0.47890625 0.27109375 0.04140625 0.06328125
0 0.45546875 0.2671875 0.04140625 0.06171875
0 0.4328125 0.26328125 0.04140625 0.06015625
0 0.41171875 0.259375 0.03984375 0.05859375
0 0.42734375 0.3140625 0.02265625 0.0484375
0 0.40625 0.30859375 0.02265625 0.046875
0 0.38671875 0.29921875 0.021875 0.05625