3 0.4640625 0.634375 0.0546875 0.05703125
3 0.9578125 0.58203125 0.08359375 0.07890625
3 0.884375 0.5640625 0.12265625 0.08359375
3 0.32109375 0.50625 0.0484375 0.0359375
3 0.42109375 0.546875 0.05625 0.0484375
3 0.4625 0.559375 0.05703125 0.0515625
3 0.5046875 0.578125 0.05546875 0.06015625
3 0.56328125 0.48671875 0.059375 0.053125
3 0.6140625 0.49921875 0.06796875 0.05546875
3 0.68359375 0.51875 0.07109375 0.05546875
3 0.66875 0.73359375 0.06328125 0.08828125
3 0.50390625 0.653125 0.05625 0.06328125
3 0.33125 0.571875 0.04921875 0.04140625
3 0.4125 0.4515625 0.0578125 0.040625
3 0.44609375 0.46015625 0.05859375 0.04296875
3 0.5609375 0.6828125 0.05859375 0.07109375
0 0.8640625 0.696875 0.06484375 0.09375
0 0.35625 0.51328125 0.03046875 0.04453125
3 0.75390625 0.77265625 0.07578125 0.10078125
3 0.83359375 0.809375 0.08984375 0.11015625
3 0.92265625 0.85078125 0.11015625 0.12421875
3 0.771875 0.6703125 0.08359375 0.08671875
0 0.68203125 0.62734375 0.03046875 0.0734375
0 0.6546875 0.628125 0.02890625 0.05
0 0.63046875 0.60859375 0.02890625 0.06796875
0 0.659375 0.58046875 0.03046875 0.06875
0 0.60234375 0.5625 0.03046875 0.0640625
0 0.6 0.6015625 0.0296875 0.05703125
0 0.575 0.60078125 0.02265625 0.04140625
0 0.5546875 0.58203125 0.02265625 0.0609375
0 0.5796875 0.55546875 0.0296875 0.0609375
0 0.38125 0.43203125 0.03203125 0.04296875
0 0.36640625 0.428125 0.03046875 0.04140625
0 0.3453125 0.42890625 0.01484375 0.03203125
0 0.3515625 0.39453125 0.03359375 0.03984375
0 0.33203125 0.4265625 0.01484375 0.03203125
0 0.31953125 0.4234375 0.01484375 0.03125
0 0.3078125 0.41953125 0.0140625 0.03046875
0 0.29609375 0.415625 0.0140625 0.034375
0 0.3375 0.39296875 0.03046875 0.0390625
0 0.325 0.390625 0.0296875 0.03828125
0 0.3125 0.38828125 0.02890625 0.03671875
0 0.3765625 0.33359375 0.034375 0.0390625
0 0.359375 0.33203125 0.0296875 0.03828125
0 0.34609375 0.33046875 0.03125 0.03828125
0 0.33359375 0.32890625 0.03203125 0.03671875
0 0.3203125 0.32734375 0.03203125 0.0359375
0 0.3078125 0.3265625 0.03046875 0.0359375
0 0.29609375 0.325 0.03046875 0.03515625
0 0.5234375 0.365625 0.0328125 0.04921875
0 0.50234375 0.36328125 0.03203125 0.0484375
0 0.45703125 0.3609375 0.01875 0.03984375
0 0.4765625 0.36328125 0.01953125 0.040625
0 0.4828125 0.32109375 0.0328125 0.04453125
0 0.46328125 0.31953125 0.0328125 0.04375
0 0.44453125 0.31875 0.03359375 0.04296875
0 0.42734375 0.3171875 0.0328125 0.04140625
0 0.4390625 0.35859375 0.01796875 0.0390625
0 0.42109375 0.35625 0.01796875 0.03828125
0 0.4046875 0.3515625 0.0171875 0.04140625