3 0.98125 0.49921875 0.03671875 0.034375
3 0.984375 0.52265625 0.03046875 0.04140625
3 0.9984375 0.6484375 0.00234375 0.02578125
3 0.95625 0.99375 0.0171875 0.01015625
0 0.96796875 0.61171875 0.01875 0.04453125
3 0.9453125 0.79453125 0.0265625 0.07578125
3 0.95546875 0.92421875 0.03515625 0.11328125
3 0.93359375 0.74140625 0.00859375 0.0546875
3 0.934375 0.70078125 0.0140625 0.04609375
0 0.9625 0.63828125 0.01328125 0.04375
0 0.9765625 0.65859375 0.03515625 0.05390625
0 0.9828125 0.6859375 0.03359375 0.0703125
0 0.9796875 0.6234375 0.02734375 0.06484375
0 0.99765625 0.79765625 0.003125 0.03203125
0 0.99140625 0.8390625 0.01640625 0.08671875
0 0.99375 0.8828125 0.01171875 0.0859375
0 0.996875 0.93046875 0.00546875 0.0296875
3 0.4078125 0.71875 0.06640625 0.08125
3 0.61875 0.41640625 0.03984375 0.02109375
3 0.60234375 0.4234375 0.040625 0.0234375
3 0.0640625 0.86328125 0.12734375 0.17578125
3 0.35703125 0.67109375 0.07265625 0.08671875
3 0.40546875 0.63046875 0.0703125 0.07109375
3 0.453125 0.60078125 0.06171875 0.06015625
3 0.48984375 0.47421875 0.05546875 0.03984375
3 0.51796875 0.4609375 0.05390625 0.03359375
3 0.55 0.44921875 0.04453125 0.02890625
3 0.55 0.5984375 0.04609375 0.0453125
3 0.44921875 0.68203125 0.06015625 0.0703125
3 0.096875 0.94375 0.1234375 0.1109375
3 0.33671875 0.54765625 0.08046875 0.06953125
3 0.38671875 0.52421875 0.07265625 0.06015625
3 0.49609375 0.64609375 0.05390625 0.05859375
0 0.60390625 0.490625 0.02265625 0.03125
0 0.2015625 0.75234375 0.06953125 0.10078125
3 0.57734375 0.5796875 0.04296875 0.03125
3 0.60390625 0.5625 0.02421875 0.02890625
3 0.6203125 0.54765625 0.02265625 0.025
3 0.57890625 0.51484375 0.040625 0.02421875
0 0.559375 0.5234375 0.01015625 0.03671875
0 0.54296875 0.53203125 0.0234375 0.034375
0 0.53671875 0.5359375 0.01484375 0.04296875
0 0.54140625 0.50078125 0.028125 0.040625
0 0.515625 0.51640625 0.028125 0.04453125
0 0.5234375 0.55078125 0.01171875 0.0359375
0 0.50546875 0.55859375 0.02421875 0.03671875
0 0.4890625 0.56171875 0.03046875 0.05078125
0 0.50234375 0.5234375 0.03046875 0.04609375
0 0.2625 0.559375 0.05 0.08203125
0 0.228125 0.57578125 0.0484375 0.08828125
0 0.1875 0.603125 0.0515625 0.0734375
0 0.17734375 0.53671875 0.05703125 0.090625
0 0.140625 0.6234375 0.059375 0.07890625
0 0.0859375 0.64453125 0.06953125 0.08984375
0 0.03203125 0.6734375 0.0640625 0.09375
0 0.13046875 0.553125 0.0625 0.09921875
0 0.0734375 0.571875 0.07265625 0.10859375
0 0.02578125 0.58984375 0.05078125 0.11328125
0 0.24765625 0.39921875 0.05390625 0.0703125
0 0.20703125 0.40625 0.05703125 0.075
0 0.16328125 0.41328125 0.06015625 0.08046875
0 0.1109375 0.421875 0.06796875 0.08828125
0 0.04921875 0.43125 0.0796875 0.09609375
0 0.0125 0.43828125 0.025 0.09453125
0 0.45859375 0.38046875 0.0359375 0.0453125
0 0.44921875 0.38359375 0.01875 0.046875
0 0.409375 0.39375 0.0234375 0.046875
0 0.43046875 0.38984375 0.02109375 0.04609375
0 0.4203125 0.34609375 0.03828125 0.046875
0 0.40078125 0.3484375 0.03671875 0.05
0 0.37578125 0.35078125 0.0421875 0.0515625
0 0.35 0.35390625 0.0453125 0.05546875
0 0.3859375 0.39921875 0.02578125 0.05
0 0.3609375 0.40390625 0.028125 0.053125
0 0.32578125 0.40625 0.046875 0.06171875
3 0.72109375 0.53828125 0.03828125 0.03125