3 0.42421875 0.6484375 0.05625 0.06328125
3 0.859375 0.440625 0.09453125 0.05
3 0.8015625 0.4421875 0.0921875 0.05078125
3 0.17734375 0.5765625 0.08984375 0.0609375
3 0.36015625 0.5765625 0.06953125 0.06171875
3 0.41953125 0.56875 0.06171875 0.06015625
3 0.478125 0.56953125 0.0484375 0.06953125
3 0.54453125 0.4515625 0.05390625 0.05703125
3 0.5984375 0.45 0.06796875 0.05
3 0.6625 0.4515625 0.0734375 0.046875
3 0.6453125 0.64140625 0.06484375 0.0609375
3 0.4765625 0.64609375 0.05234375 0.06171875
3 0.20390625 0.65703125 0.08125 0.06484375
3 0.33984375 0.46328125 0.06953125 0.06171875
3 0.39296875 0.46171875 0.06328125 0.06171875
3 0.54453125 0.64609375 0.05625 0.06328125
0 0.7859375 0.54609375 0.05078125 0.0609375
0 0.24765625 0.56796875 0.05234375 0.06484375
3 0.70859375 0.63984375 0.06953125 0.059375
3 0.765625 0.646875 0.05859375 0.03984375
3 0.81484375 0.63671875 0.06171875 0.05390625
3 0.721875 0.55390625 0.075 0.05390625
0 0.6625 0.546875 0.02734375 0.06171875
0 0.6359375 0.5484375 0.0328125 0.06171875
0 0.61328125 0.54921875 0.03125 0.06328125
0 0.63828125 0.5171875 0.0375 0.05625
0 0.58671875 0.51875 0.028125 0.05625
0 0.5859375 0.5640625 0.025 0.03515625
0 0.5609375 0.5515625 0.02734375 0.06171875
0 0.53828125 0.5515625 0.02734375 0.06328125
0 0.5625 0.51953125 0.0296875 0.05625
0 0.28203125 0.4484375 0.04765625 0.06484375
0 0.253125 0.44921875 0.04453125 0.06484375
0 0.22109375 0.46171875 0.03515625 0.04140625
0 0.221875 0.40859375 0.05546875 0.06484375
0 0.19375 0.4625 0.03671875 0.04140625
0 0.16640625 0.46328125 0.03671875 0.04140625
0 0.1390625 0.4640625 0.03828125 0.04140625
0 0.11171875 0.45625 0.03828125 0.059375
0 0.190625 0.409375 0.05078125 0.06484375
0 0.1625 0.409375 0.05390625 0.065625
0 0.13515625 0.4109375 0.05546875 0.065625
0 0.26171875 0.31328125 0.0546875 0.06484375
0 0.22890625 0.31328125 0.05078125 0.06484375
0 0.19921875 0.3140625 0.053125 0.06484375
0 0.17109375 0.3140625 0.05625 0.065625
0 0.140625 0.31484375 0.05859375 0.06484375
0 0.11171875 0.315625 0.06171875 0.065625
0 0.08203125 0.315625 0.06484375 0.065625
0 0.4953125 0.328125 0.02734375 0.06328125
0 0.4671875 0.32890625 0.02890625 0.06328125
0 0.41015625 0.33671875 0.03046875 0.0484375
0 0.4390625 0.33046875 0.03046875 0.0609375
0 0.4375 0.28125 0.03359375 0.06171875
0 0.40859375 0.28125 0.034375 0.06171875
0 0.3796875 0.28125 0.03671875 0.06328125
0 0.35078125 0.28203125 0.0390625 0.06328125
0 0.38203125 0.3375 0.03203125 0.04921875
0 0.353125 0.33828125 0.0328125 0.0484375
0 0.325 0.33125 0.03359375 0.0640625