2 0.25625 0.51953125 0.0578125 0.14296875
3 0.025 0.79921875 0.05 0.0953125
3 0.05625 0.54140625 0.0734375 0.04375
3 0.01953125 0.615625 0.0390625 0.04375
3 0.0125 0.6625 0.025 0.06875
3 0.07109375 0.62890625 0.0671875 0.05546875
3 0.01484375 0.46875 0.0296875 0.034375
3 0.0046875 0.48046875 0.009375 0.0296875
0 0.00625 0.29921875 0.01171875 0.04609375
0 0.0140625 0.3 0.01640625 0.0484375
0 0.02265625 0.30234375 0.01484375 0.0453125
0 0.03046875 0.30390625 0.01328125 0.04375
0 0.03828125 0.30625 0.01171875 0.040625
0 0.0453125 0.30859375 0.0109375 0.0390625
0 0.05078125 0.309375 0.01015625 0.03671875
0 0.0171875 0.43984375 0.034375 0.04296875
0 0.02109375 0.43671875 0.0421875 0.04609375
0 0.04296875 0.4328125 0.0125 0.04375
0 0.021875 0.39296875 0.04296875 0.0453125
0 0.04921875 0.42890625 0.01171875 0.04140625
0 0.05546875 0.42578125 0.01015625 0.03984375
0 0.06171875 0.421875 0.01015625 0.03671875
0 0.06640625 0.41875 0.009375 0.0359375
0 0.025 0.38984375 0.05 0.040625
0 0.02890625 0.38828125 0.05390625 0.0390625
0 0.040625 0.3859375 0.0421875 0.03671875
3 0.4734375 0.59140625 0.04921875 0.04375
3 0.9609375 0.5546875 0.07734375 0.08671875
3 0.85546875 0.5265625 0.15703125 0.08984375
3 0.53828125 0.440625 0.06796875 0.03125
3 0.57734375 0.4515625 0.07578125 0.03671875
3 0.62578125 0.46875 0.07421875 0.04453125
3 0.4015625 0.528125 0.03515625 0.02578125
3 0.44296875 0.415625 0.04921875 0.0203125
3 0.46171875 0.42109375 0.05390625 0.021875
3 0.53671875 0.6515625 0.06328125 0.0640625
0 0.946875 0.79921875 0.10546875 0.16484375
0 0.434375 0.4890625 0.0125 0.0109375
0 0.42578125 0.48671875 0.0125 0.0109375
0 0.4265625 0.478125 0.0125 0.01015625
0 0.4140625 0.478125 0.01171875 0.009375
0 0.42265625 0.47890625 0.0109375 0.00859375
3 0.71015625 0.8109375 0.10703125 0.13203125
3 0.59296875 0.7078125 0.07734375 0.0734375
3 0.8046875 0.8984375 0.13359375 0.18359375
3 0.89609375 0.94609375 0.08359375 0.10546875
3 0.49296875 0.534375 0.05234375 0.0390625
0 0.8078125 0.70234375 0.06953125 0.11796875
0 0.7625 0.68671875 0.06328125 0.084375
0 0.71640625 0.653125 0.04296875 0.0953125
0 0.76875 0.61796875 0.06484375 0.1
0 0.56640625 0.52109375 0.03984375 0.05625
0 0.565625 0.56484375 0.03984375 0.05
0 0.53828125 0.55546875 0.01484375 0.04609375
0 0.5234375 0.54375 0.01484375 0.05
0 0.54921875 0.51328125 0.03671875 0.05390625
0 0.509375 0.3234375 0.03515625 0.0390625
0 0.48515625 0.32421875 0.01171875 0.03671875
0 0.4671875 0.3265625 0.01796875 0.034375
0 0.4828125 0.32578125 0.02890625 0.0359375
0 0.48359375 0.2890625 0.03203125 0.03828125
0 0.4625 0.29140625 0.01015625 0.0359375
0 0.45234375 0.29375 0.01015625 0.03515625
0 0.44296875 0.2953125 0.00859375 0.03359375
0 0.453125 0.3265625 0.01015625 0.03359375
0 0.44375 0.328125 0.009375 0.03125
0 0.43515625 0.328125 0.00859375 0.03125
0 0.42578125 0.31796875 0.02578125 0.02890625
0 0.41015625 0.31875 0.00703125 0.028125
0 0.403125 0.31953125 0.00703125 0.028125
0 0.39765625 0.3203125 0.00625 0.02578125
0 0.39140625 0.32109375 0.00546875 0.025
0 0.3859375 0.321875 0.00546875 0.025
0 0.38046875 0.321875 0.00546875 0.02421875
0 0.428125 0.4015625 0.02578125 0.028125
0 0.4203125 0.40078125 0.02421875 0.02890625
0 0.40546875 0.4 0.00625 0.02578125
0 0.41328125 0.37421875 0.025 0.02578125
0 0.39921875 0.3984375 0.00546875 0.025
0 0.39375 0.396875 0.00546875 0.02421875
0 0.38828125 0.3953125 0.00546875 0.02421875
0 0.38359375 0.39375 0.00546875 0.0234375
0 0.40546875 0.3734375 0.02109375 0.02578125
0 0.396875 0.37265625 0.01484375 0.025
0 0.39296875 0.37109375 0.01796875 0.02421875
3 0.6390625 0.51328125 0.02734375 0.01796875
3 0.984375 0.43125 0.03046875 0.0234375
3 0.934375 0.42578125 0.07421875 0.025
3 0.6265625 0.4484375 0.02109375 0.00546875
3 0.65078125 0.45390625 0.025 0.00546875
3 0.68203125 0.46796875 0.0171875 0.01875
3 0.7203125 0.40390625 0.03046875 0.01484375
3 0.75 0.40703125 0.05078125 0.01640625
3 0.7953125 0.41328125 0.05234375 0.01875
3 0.78359375 0.56875 0.04921875 0.0296875
3 0.66640625 0.5234375 0.03125 0.01953125
3 0.5578125 0.48125 0.02734375 0.01171875
3 0.61875 0.39375 0.03203125 0.0109375
3 0.640625 0.39609375 0.03671875 0.01171875
3 0.71328125 0.540625 0.034375 0.02109375
0 0.9296875 0.5125 0.04921875 0.0265625
0 0.5796875 0.43203125 0.01640625 0.00859375
3 0.84453125 0.59140625 0.05703125 0.03515625
3 0.90390625 0.6140625 0.0671875 0.03984375
3 0.9671875 0.6390625 0.0640625 0.04375
0 0.7953125 0.48359375 0.02734375 0.025
0 0.7765625 0.4859375 0.02578125 0.0296875
0 0.75625 0.48046875 0.01875 0.03203125
0 0.7796875 0.4578125 0.0265625 0.03203125
0 0.73984375 0.45078125 0.025 0.03046875
0 0.73828125 0.4765625 0.02421875 0.028125
0 0.71953125 0.4734375 0.015625 0.02578125
0 0.70703125 0.46796875 0.0125 0.02890625
0 0.725 0.44765625 0.02421875 0.02890625
0 0.6 0.38515625 0.01796875 0.0203125
0 0.590625 0.384375 0.01640625 0.01953125
0 0.578125 0.384375 0.0078125 0.01875
0 0.58359375 0.3671875 0.0171875 0.015625
0 0.5703125 0.38359375 0.0078125 0.01796875
0 0.56328125 0.38203125 0.00703125 0.01640625
0 0.55625 0.38125 0.00703125 0.01640625
0 0.54921875 0.38125 0.00625 0.01796875
0 0.57109375 0.36640625 0.0078125 0.01484375
0 0.56328125 0.36640625 0.00703125 0.0140625
0 0.55625 0.36640625 0.00703125 0.0140625
0 0.60234375 0.3265625 0.01796875 0.01953125
0 0.5890625 0.3265625 0.00859375 0.01875
0 0.58046875 0.32734375 0.0078125 0.01953125
0 0.57265625 0.328125 0.0078125 0.01875
0 0.56484375 0.328125 0.0078125 0.01796875
0 0.5578125 0.328125 0.00703125 0.01796875
0 0.55 0.32890625 0.00703125 0.01640625
0 0.690625 0.33046875 0.01875 0.021875
0 0.675 0.33125 0.0125 0.0203125
0 0.6515625 0.33203125 0.01171875 0.0203125
0 0.66328125 0.33203125 0.0125 0.02109375
0 0.66484375 0.309375 0.0140625 0.0234375
0 0.65234375 0.31015625 0.01171875 0.021875
0 0.64140625 0.31171875 0.01171875 0.02109375
0 0.63046875 0.3125 0.01015625 0.02109375
0 0.63984375 0.3328125 0.01171875 0.01953125
0 0.6296875 0.3328125 0.0109375 0.01953125
0 0.61953125 0.3328125 0.01015625 0.01953125