2 0.11640625 0.509375 0.2328125 0.9796875
3 0.42265625 0.66953125 0.07734375 0.04453125
3 0.66484375 0.4625 0.02734375 0.01484375
3 0.63984375 0.459375 0.04375 0.015625
3 0.52265625 0.4328125 0.0578125 0.02265625
3 0.553125 0.440625 0.053125 0.01953125
3 0.5890625 0.44765625 0.0390625 0.0171875
3 0.3578125 0.3890625 0.0796875 0.040625
3 0.42109375 0.403125 0.05546875 0.034375
3 0.528125 0.64296875 0.0625 0.0328125
0 0.6609375 0.53515625 0.02265625 0.02578125
0 0.2734375 0.55546875 0.02109375 0.0171875
0 0.2484375 0.55546875 0.02265625 0.0203125
0 0.22109375 0.55 0.02265625 0.03203125
0 0.14765625 0.559375 0.02734375 0.02109375
0 0.18828125 0.55703125 0.0234375 0.0203125
3 0.62109375 0.62109375 0.05 0.01953125
3 0.57265625 0.634375 0.05625 0.0234375
3 0.65078125 0.615625 0.02734375 0.01796875
3 0.66875 0.6109375 0.0265625 0.015625
3 0.4796875 0.5484375 0.06796875 0.0203125
0 0.64609375 0.5359375 0.00859375 0.0265625
0 0.6375 0.53515625 0.00859375 0.02734375
0 0.61796875 0.5359375 0.02734375 0.02890625
0 0.62734375 0.5078125 0.0265625 0.02734375
0 0.5578125 0.50078125 0.0125 0.03515625
0 0.55859375 0.5359375 0.0125 0.034375
0 0.54453125 0.5359375 0.0140625 0.0359375
0 0.5203125 0.5359375 0.034375 0.0375
0 0.534375 0.5 0.0328125 0.0359375
0 0.49921875 0.31015625 0.0171875 0.04140625
0 0.48046875 0.30078125 0.0171875 0.04453125
0 0.43984375 0.28125 0.02265625 0.04765625
0 0.46171875 0.29140625 0.01953125 0.046875
0 0.46171875 0.25234375 0.01953125 0.05078125
0 0.440625 0.240625 0.02109375 0.05390625
0 0.41796875 0.22734375 0.0234375 0.0578125
0 0.38671875 0.21328125 0.0390625 0.0609375
0 0.41796875 0.2703125 0.0234375 0.05078125
0 0.3921875 0.2578125 0.02578125 0.05234375
0 0.359375 0.24453125 0.04140625 0.0578125
0 0.2890625 0.18515625 0.0375 0.065625
0 0.25 0.1640625 0.040625 0.07265625
0 0.2078125 0.14140625 0.046875 0.0765625
0 0.15859375 0.115625 0.053125 0.084375
0 0.10234375 0.08671875 0.06171875 0.0921875
0 0.03828125 0.05234375 0.06796875 0.10078125
0 0.00234375 0.009375 0.00390625 0.01796875
0 0.284375 0.3578125 0.03828125 0.0640625
0 0.24375 0.34609375 0.0421875 0.06953125
0 0.19921875 0.33515625 0.04921875 0.07265625
0 0.2 0.2734375 0.04921875 0.07890625
0 0.1484375 0.321875 0.05390625 0.07734375
0 0.08984375 0.309375 0.0625 0.07734375
0 0.0296875 0.2890625 0.059375 0.0890625
0 0.15 0.25546875 0.05546875 0.084375
0 0.09765625 0.240625 0.053125 0.0828125
0 0.02109375 0.24609375 0.0421875 0.0234375
3 0.30234375 0.6046875 0.0296875 0.015625
3 0.5015625 0.4875 0.01796875 0.009375
3 0.47890625 0.4859375 0.0296875 0.00859375
3 0.12265625 0.54453125 0.04375 0.0125
3 0.271875 0.54296875 0.04375 0.009375
3 0.31171875 0.5421875 0.0359375 0.00859375
3 0.33515625 0.54140625 0.0109375 0.00859375
3 0.3765625 0.47734375 0.03203125 0.009375
3 0.40546875 0.4796875 0.02578125 0.00859375
3 0.43046875 0.4828125 0.02578125 0.009375
3 0.43046875 0.590625 0.0328125 0.01171875
3 0.34375 0.6 0.03203125 0.01484375
3 0.1234375 0.62421875 0.04453125 0.02265625
3 0.26875 0.465625 0.03515625 0.0140625
3 0.30234375 0.46953125 0.03046875 0.0125
3 0.3796875 0.596875 0.0359375 0.0125
0 0.47890625 0.5328125 0.01171875 0.0125
0 0.18359375 0.53515625 0.0375 0.02734375
3 0.459375 0.58828125 0.02890625 0.0109375
3 0.48203125 0.5875 0.0234375 0.00859375
3 0.5015625 0.584375 0.01796875 0.00859375
3 0.45859375 0.540625 0.0296875 0.00546875
0 0.434375 0.53046875 0.009375 0.009375
0 0.425 0.53046875 0.009375 0.009375
0 0.4125 0.534375 0.0125 0.0203125
0 0.42109375 0.515625 0.0171875 0.01953125
0 0.40078125 0.515625 0.0109375 0.0203125
0 0.40078125 0.528125 0.0109375 0.00546875
0 0.3890625 0.5359375 0.0109375 0.0203125
0 0.37578125 0.5359375 0.0171875 0.0203125
0 0.3875 0.5140625 0.0171875 0.0203125
0 0.22734375 0.4546875 0.01953125 0.0265625
0 0.20859375 0.45234375 0.01953125 0.02734375
0 0.18828125 0.45078125 0.02109375 0.02890625
0 0.18984375 0.4234375 0.0203125 0.0296875
0 0.1671875 0.4484375 0.02265625 0.02890625
0 0.1453125 0.44609375 0.02265625 0.0296875
0 0.121875 0.44296875 0.02421875 0.03046875
0 0.10546875 0.440625 0.00859375 0.03046875
0 0.16796875 0.41953125 0.02109375 0.03046875
0 0.146875 0.41640625 0.0234375 0.03046875
0 0.12265625 0.41328125 0.02421875 0.0328125
0 0.31796875 0.38046875 0.00390625 0.02265625
0 0.30390625 0.37890625 0.00390625 0.0234375
3 0.8625 0.62109375 0.084375 0.0296875
3 0.56953125 0.57265625 0.02890625 0.00859375