3 0.8984375 0.48125 0.0375 0.02890625
3 0.90390625 0.50546875 0.04296875 0.04296875
3 0.94375 0.684375 0.10390625 0.11953125
3 0.93046875 0.61875 0.07265625 0.07109375
3 0.925 0.58359375 0.05234375 0.06796875
3 0.97890625 0.9859375 0.04140625 0.0265625
3 0.9671875 0.915625 0.0640625 0.16328125
3 0.86640625 0.9203125 0.02109375 0.1109375
0 0.88046875 0.56796875 0.00859375 0.01953125
3 0.86015625 0.72109375 0.01328125 0.05703125
3 0.86328125 0.81875 0.0171875 0.08125
3 0.85546875 0.6796875 0.0046875 0.04453125
3 0.85703125 0.64765625 0.00859375 0.03828125
3 0.9109375 0.93046875 0.06484375 0.13828125
0 0.87734375 0.590625 0.00703125 0.025
0 0.88359375 0.59921875 0.01484375 0.01484375
0 0.88515625 0.63125 0.01796875 0.053125
0 0.88515625 0.5828125 0.01171875 0.0453125
0 0.89765625 0.71640625 0.01171875 0.04453125
0 0.88828125 0.74765625 0.0109375 0.06171875
0 0.89765625 0.77578125 0.0234375 0.06875
0 0.90625 0.81875 0.0390625 0.1
0 0.90390625 0.7375 0.01953125 0.07890625
0 0.98359375 0.54140625 0.03125 0.09296875
0 0.9890625 0.56640625 0.02109375 0.10078125
0 0.9953125 0.61171875 0.00859375 0.05625
3 0.41796875 0.69921875 0.06015625 0.07421875
3 0.59609375 0.409375 0.03515625 0.02109375
3 0.5828125 0.41796875 0.034375 0.0234375
3 0.13515625 0.8515625 0.11953125 0.16328125
3 0.3734375 0.6609375 0.07265625 0.08046875
3 0.415625 0.6203125 0.06328125 0.06640625
3 0.45546875 0.590625 0.05625 0.05625
3 0.48671875 0.47421875 0.05 0.03828125
3 0.509375 0.459375 0.0484375 0.03359375
3 0.53671875 0.446875 0.03984375 0.02890625
3 0.5375 0.58125 0.04140625 0.04140625
3 0.45234375 0.6640625 0.05390625 0.06328125
3 0.16484375 0.934375 0.109375 0.1296875
3 0.35859375 0.553125 0.07421875 0.06640625
3 0.40078125 0.528125 0.06796875 0.05703125
3 0.4921875 0.628125 0.0484375 0.05390625
0 0.5828125 0.47890625 0.02109375 0.03046875
0 0.24921875 0.74375 0.05390625 0.09140625
3 0.5609375 0.56171875 0.03828125 0.02890625
3 0.5828125 0.54453125 0.0234375 0.02578125
3 0.59765625 0.5296875 0.021875 0.02421875
3 0.5609375 0.503125 0.03671875 0.0234375
0 0.54609375 0.51328125 0.00859375 0.03359375
0 0.53203125 0.521875 0.01953125 0.03125
0 0.52734375 0.5265625 0.0125 0.03828125
0 0.5296875 0.49375 0.02578125 0.0359375
0 0.509375 0.5109375 0.02265625 0.03984375
0 0.515625 0.53984375 0.01015625 0.03359375
0 0.50546875 0.5484375 0.01015625 0.034375
0 0.4859375 0.55390625 0.028125 0.04453125
0 0.4984375 0.51796875 0.02578125 0.040625
0 0.296875 0.56875 0.04765625 0.075
0 0.27265625 0.5859375 0.0390625 0.08046875
0 0.240625 0.6140625 0.04140625 0.06640625
0 0.228125 0.55625 0.05546875 0.084375
0 0.203125 0.634375 0.04765625 0.07109375
0 0.1609375 0.659375 0.05390625 0.078125
0 0.1125 0.68671875 0.06171875 0.08359375
0 0.05703125 0.70234375 0.07421875 0.1234375
0 0.190625 0.5734375 0.05859375 0.09140625
0 0.146875 0.59375 0.0640625 0.09921875
0 0.09921875 0.61640625 0.06875 0.109375
0 0.284375 0.428125 0.05078125 0.06796875
0 0.25234375 0.43828125 0.05390625 0.071875
0 0.215625 0.4484375 0.0578125 0.078125
0 0.175 0.459375 0.0625 0.084375
0 0.12890625 0.4734375 0.06796875 0.09140625
0 0.07578125 0.48828125 0.0734375 0.10078125
0 0.02734375 0.50390625 0.0546875 0.1078125
0 0.4609375 0.3921875 0.03046875 0.04375
0 0.45390625 0.396875 0.015625 0.04453125
0 0.4203125 0.4109375 0.01953125 0.04375
0 0.4375 0.40546875 0.0171875 0.04140625
0 0.42734375 0.36484375 0.03671875 0.04609375
0 0.41015625 0.36875 0.0375 0.046875
0 0.390625 0.3734375 0.03828125 0.05078125
0 0.36875 0.378125 0.04296875 0.053125
0 0.40078125 0.4171875 0.02109375 0.0453125
0 0.38046875 0.42421875 0.0234375 0.0484375
0 0.35 0.428125 0.04140625 0.059375
3 0.6859375 0.51640625 0.03359375 0.028125