3 0.37890625 0.7921875 0.08515625 0.0640625
3 0.67265625 0.54140625 0.03203125 0.01484375
3 0.64296875 0.5390625 0.05078125 0.01640625
3 0.3078125 0.66640625 0.09453125 0.03984375
3 0.38359375 0.65703125 0.0828125 0.03359375
3 0.4484375 0.6515625 0.071875 0.0296875
3 0.5 0.52109375 0.0625 0.02109375
3 0.54296875 0.5265625 0.04921875 0.01953125
3 0.5796875 0.53125 0.0453125 0.01640625
3 0.584375 0.73125 0.0609375 0.03515625
3 0.440625 0.7734375 0.07734375 0.05390625
3 0.30546875 0.490625 0.07890625 0.0359375
3 0.37421875 0.5 0.06484375 0.03125
3 0.5078125 0.75546875 0.0703125 0.0453125
0 0.65078125 0.6234375 0.03046875 0.0296875
0 0.09296875 0.665625 0.10703125 0.08046875
3 0.62265625 0.721875 0.05625 0.02578125
3 0.6578125 0.7140625 0.03515625 0.021875
3 0.68046875 0.70703125 0.0328125 0.0203125
3 0.621875 0.63515625 0.04609375 0.01484375
0 0.59140625 0.62734375 0.01328125 0.0359375
0 0.57265625 0.62890625 0.02421875 0.03671875
0 0.56015625 0.6296875 0.02109375 0.0390625
0 0.56796875 0.59296875 0.03359375 0.03515625
0 0.54140625 0.59296875 0.015625 0.0390625
0 0.5421875 0.63203125 0.01640625 0.03984375
0 0.52578125 0.63359375 0.01640625 0.040625
0 0.4984375 0.63359375 0.0359375 0.04375
0 0.51640625 0.59296875 0.03515625 0.0390625
0 0.21484375 0.4625 0.04609375 0.065625
0 0.16796875 0.4546875 0.053125 0.0703125
0 0.115625 0.446875 0.06015625 0.0734375
0 0.12421875 0.38125 0.06640625 0.078125
0 0.05625 0.4375 0.06796875 0.07890625
0 0.01484375 0.43046875 0.02890625 0.07578125
0 0.06328125 0.36796875 0.06640625 0.08203125
0 0.01796875 0.35703125 0.0359375 0.08046875
0 0.22890625 0.28359375 0.04375 0.065625
0 0.184375 0.26640625 0.04921875 0.0703125
0 0.13515625 0.24765625 0.05546875 0.075
0 0.08046875 0.22734375 0.0625 0.08046875
0 0.02734375 0.20546875 0.0546875 0.08359375
0 0.47109375 0.39296875 0.02109375 0.04375
0 0.44921875 0.38515625 0.021875 0.04453125
0 0.4015625 0.36875 0.0265625 0.04921875
0 0.4265625 0.37734375 0.02421875 0.046875
0 0.42734375 0.33671875 0.0234375 0.05078125
0 0.40234375 0.32578125 0.02578125 0.05390625
0 0.37578125 0.31484375 0.028125 0.05546875
0 0.34375 0.303125 0.03828125 0.059375
0 0.375 0.359375 0.028125 0.0515625
0 0.34609375 0.34921875 0.03046875 0.05390625
0 0.31171875 0.33828125 0.03984375 0.05703125
3 0.8203125 0.69140625 0.06015625 0.02578125