3 0.4140625 0.81875 0.0875 0.06484375
3 0.9375 0.5046875 0.1234375 0.03671875
3 0.16640625 0.66796875 0.090625 0.03125
3 0.346875 0.67890625 0.0921875 0.0390625
3 0.415625 0.68046875 0.0859375 0.0390625
3 0.4859375 0.6859375 0.07265625 0.04453125
3 0.56796875 0.51796875 0.065625 0.025
3 0.6421875 0.51640625 0.08359375 0.02578125
3 0.734375 0.5140625 0.10078125 0.0265625
3 0.759375 0.86328125 0.1234375 0.08671875
3 0.4828125 0.8265625 0.0828125 0.06875
3 0.16875 0.78828125 0.1015625 0.0515625
3 0.33671875 0.52421875 0.07109375 0.02421875
3 0.396875 0.521875 0.08046875 0.02421875
3 0.58359375 0.84140625 0.084375 0.07578125
0 0.96640625 0.6890625 0.065625 0.0765625
0 0.23515625 0.6578125 0.05390625 0.0546875
3 0.8828125 0.878125 0.15703125 0.09453125
3 0.96640625 0.89609375 0.06640625 0.06953125
3 0.86875 0.703125 0.14609375 0.04921875
0 0.75703125 0.6796875 0.04140625 0.071875
0 0.7125 0.678125 0.0515625 0.0703125
0 0.67734375 0.6765625 0.04765625 0.06953125
0 0.71015625 0.61875 0.05234375 0.06171875
0 0.63125 0.61796875 0.03828125 0.06015625
0 0.63515625 0.678125 0.03515625 0.06015625
0 0.6015625 0.6765625 0.03359375 0.06015625
0 0.56796875 0.67109375 0.03203125 0.06484375
0 0.59921875 0.61796875 0.034375 0.059375
0 0.29375 0.5125 0.04921875 0.046875
0 0.2578125 0.5140625 0.025 0.04609375
0 0.234375 0.5140625 0.02421875 0.0453125
0 0.25 0.46875 0.05078125 0.0453125
0 0.21171875 0.515625 0.02421875 0.04453125
0 0.18984375 0.51640625 0.02421875 0.04453125
0 0.16796875 0.5171875 0.02265625 0.04375
0 0.14765625 0.5171875 0.02265625 0.04375
0 0.2140625 0.47109375 0.02421875 0.0453125
0 0.1921875 0.471875 0.0234375 0.04453125
0 0.17109375 0.4734375 0.02265625 0.04453125
0 0.3 0.37578125 0.04765625 0.05546875
0 0.26484375 0.3734375 0.025 0.04296875
0 0.2421875 0.37578125 0.02421875 0.04140625
0 0.2203125 0.37734375 0.0234375 0.04140625
0 0.1984375 0.38046875 0.02265625 0.04140625
0 0.17734375 0.38203125 0.02265625 0.040625
0 0.15703125 0.384375 0.021875 0.03984375
0 0.50859375 0.3671875 0.02890625 0.04921875
0 0.47890625 0.36953125 0.02890625 0.0484375
0 0.42265625 0.37578125 0.02734375 0.046875
0 0.45 0.37265625 0.02734375 0.046875
0 0.45546875 0.32578125 0.03671875 0.05
0 0.4234375 0.32890625 0.02734375 0.04921875
0 0.396875 0.3328125 0.0265625 0.04921875
0 0.37109375 0.3359375 0.02578125 0.04921875
0 0.39609375 0.378125 0.0265625 0.0453125
0 0.3703125 0.38125 0.02578125 0.0453125
0 0.3453125 0.3828125 0.02578125 0.0453125