3 0.3703125 0.82578125 0.08515625 0.10078125
3 0.75546875 0.49375 0.06953125 0.01640625
3 0.721875 0.49375 0.07109375 0.01796875
3 0.2703125 0.70546875 0.10859375 0.08203125
3 0.3703125 0.68125 0.0859375 0.06875
3 0.45078125 0.66796875 0.07578125 0.06484375
3 0.51953125 0.5046875 0.07421875 0.02421875
3 0.5734375 0.503125 0.07109375 0.021875
3 0.6265625 0.5015625 0.0671875 0.02109375
3 0.63125 0.73828125 0.0765625 0.0609375
3 0.44453125 0.79921875 0.08203125 0.08828125
3 0.25625 0.5140625 0.09921875 0.0359375
3 0.34296875 0.51171875 0.07890625 0.03203125
3 0.528125 0.77421875 0.08046875 0.07578125
0 0.7296875 0.5984375 0.03984375 0.04296875
0 0.05078125 0.725 0.10078125 0.1015625
3 0.68359375 0.7234375 0.0734375 0.0453125
3 0.7328125 0.7125 0.04765625 0.0359375
3 0.765625 0.7015625 0.046875 0.03203125
3 0.684375 0.61875 0.06640625 0.03046875
0 0.64140625 0.615625 0.01953125 0.053125
0 0.61171875 0.61953125 0.040625 0.05390625
0 0.59765625 0.621875 0.028125 0.05859375
0 0.61171875 0.57578125 0.040625 0.0515625
0 0.56328125 0.58203125 0.03984375 0.05625
0 0.571875 0.63203125 0.02265625 0.05
0 0.54921875 0.63671875 0.0234375 0.0515625
0 0.51875 0.63515625 0.03671875 0.06484375
0 0.540625 0.58515625 0.040625 0.05703125
0 0.15703125 0.49609375 0.07265625 0.0734375
0 0.0921875 0.496875 0.059375 0.0765625
0 0.03203125 0.4984375 0.06328125 0.07890625
0 0.0484375 0.41875 0.09609375 0.0796875
0 0.00078125 0.51875 0.00078125 0.03828125
0 0.15546875 0.27421875 0.06953125 0.0796875
0 0.09140625 0.2640625 0.06015625 0.08125
0 0.03125 0.25390625 0.0625 0.0859375
0 0.47421875 0.3484375 0.02890625 0.0546875
0 0.44375 0.34453125 0.03046875 0.05703125
0 0.378125 0.33515625 0.03515625 0.0609375
0 0.41171875 0.340625 0.03203125 0.05859375
0 0.41171875 0.28359375 0.0328125 0.06171875
0 0.37734375 0.27734375 0.03515625 0.065625
0 0.34140625 0.26953125 0.0375 0.06796875
0 0.30234375 0.26171875 0.040625 0.0703125
0 0.34140625 0.33046875 0.0375 0.06328125
0 0.303125 0.32421875 0.03984375 0.065625
0 0.2609375 0.31875 0.04375 0.0703125
3 0.96796875 0.71171875 0.0625 0.05390625