3 0.953125 0.4796875 0.0734375 0.03359375
3 0.96171875 0.509375 0.07578125 0.05390625
3 0.98203125 0.696875 0.03515625 0.0953125
3 0.97890625 0.62890625 0.04140625 0.0640625
3 0.97734375 0.59140625 0.04375 0.06875
3 0.93359375 0.96171875 0.04296875 0.075
0 0.92421875 0.58046875 0.02109375 0.04296875
3 0.9078125 0.75234375 0.0328125 0.0765625
3 0.9234375 0.871875 0.04296875 0.1140625
3 0.89296875 0.6984375 0.009375 0.05078125
3 0.8921875 0.66171875 0.01484375 0.04296875
3 0.97890625 0.96875 0.04140625 0.0609375
0 0.91796875 0.6109375 0.0125 0.046875
0 0.93359375 0.625 0.03828125 0.0484375
0 0.94453125 0.653125 0.053125 0.07421875
0 0.9375 0.59375 0.03046875 0.06015625
0 0.9671875 0.74296875 0.0203125 0.07890625
0 0.95390625 0.79140625 0.01875 0.078125
0 0.96640625 0.8265625 0.03203125 0.084375
0 0.97890625 0.878125 0.04140625 0.11640625
0 0.98203125 0.78359375 0.03515625 0.10078125
3 0.409375 0.72109375 0.0671875 0.0859375
3 0.603125 0.40390625 0.03671875 0.021875
3 0.5890625 0.4125 0.0359375 0.025
3 0.06875 0.9078125 0.13671875 0.18203125
3 0.35703125 0.68203125 0.08203125 0.0953125
3 0.40625 0.634375 0.07109375 0.07578125
3 0.4515625 0.6 0.06171875 0.06328125
3 0.48515625 0.471875 0.0546875 0.040625
3 0.51015625 0.45546875 0.053125 0.03515625
3 0.53984375 0.4421875 0.04296875 0.03046875
3 0.540625 0.5875 0.04453125 0.0453125
3 0.4484375 0.68046875 0.06015625 0.071875
3 0.12109375 0.96328125 0.0921875 0.07109375
3 0.3390625 0.56015625 0.084375 0.078125
3 0.38828125 0.53125 0.07578125 0.06484375
3 0.49140625 0.6390625 0.05234375 0.06015625
0 0.5890625 0.478125 0.0234375 0.03125
0 0.2078125 0.784375 0.06953125 0.1109375
3 0.56484375 0.565625 0.040625 0.03125
3 0.5890625 0.54765625 0.02421875 0.02890625
3 0.60390625 0.53203125 0.02265625 0.025
3 0.565625 0.503125 0.0390625 0.025
0 0.55 0.5140625 0.00859375 0.0359375
0 0.534375 0.52421875 0.02265625 0.03359375
0 0.5296875 0.52890625 0.01328125 0.040625
0 0.5328125 0.49375 0.02734375 0.0390625
0 0.51015625 0.51171875 0.025 0.04375
0 0.5171875 0.54375 0.01015625 0.0359375
0 0.49921875 0.553125 0.02421875 0.03828125
0 0.484375 0.55859375 0.03046875 0.04921875
0 0.4984375 0.51953125 0.02734375 0.0453125
0 0.265625 0.58046875 0.05546875 0.08828125
0 0.2328125 0.6 0.05078125 0.09609375
0 0.19296875 0.634375 0.053125 0.0796875
0 0.17890625 0.56640625 0.065625 0.10078125
0 0.1421875 0.6609375 0.06796875 0.08671875
0 0.08828125 0.69296875 0.07421875 0.0953125
0 0.03359375 0.7296875 0.06640625 0.10390625
0 0.1296875 0.58828125 0.071875 0.11015625
0 0.0734375 0.6140625 0.07890625 0.1234375
0 0.025 0.6390625 0.05 0.128125
0 0.2484375 0.41640625 0.06015625 0.078125
0 0.20703125 0.4265625 0.06484375 0.084375
0 0.1609375 0.43828125 0.0703125 0.09140625
0 0.1078125 0.45234375 0.07734375 0.10078125
0 0.04375 0.46796875 0.0875 0.11171875
0 0.009375 0.4765625 0.01875 0.10546875
0 0.45625 0.38046875 0.034375 0.046875
0 0.4484375 0.3859375 0.01796875 0.04921875
0 0.41015625 0.39921875 0.02265625 0.04921875
0 0.4296875 0.39296875 0.0203125 0.046875
0 0.41953125 0.3484375 0.0390625 0.05
0 0.3984375 0.35234375 0.04140625 0.053125
0 0.37578125 0.35625 0.04453125 0.05546875
0 0.35 0.3609375 0.0484375 0.059375
0 0.3875 0.40625 0.02421875 0.053125
0 0.36328125 0.41328125 0.028125 0.05546875
0 0.32734375 0.4171875 0.05078125 0.06796875
3 0.6984375 0.51796875 0.03671875 0.0296875