3 0.19609375 0.76328125 0.03125 0.06328125
3 0.15 0.65078125 0.078125 0.084375
3 0.1296875 0.7015625 0.0921875 0.103125
3 0.08828125 0.81484375 0.09921875 0.1703125
3 0.2125 0.6265625 0.0109375 0.03203125
3 0.17421875 0.53359375 0.03828125 0.03046875
3 0.165625 0.56015625 0.04921875 0.0484375
3 0.1921875 0.9109375 0.01796875 0.1046875
0 0.1921875 0.6109375 0.01484375 0.015625
0 0.18984375 0.6015625 0.00859375 0.00859375
0 0.1953125 0.59453125 0.0171875 0.01640625
0 0.19140625 0.58359375 0.00703125 0.0109375
0 0.19765625 0.58671875 0.01640625 0.01171875
3 0.1921875 0.98828125 0.00703125 0.02109375
3 0.1828125 0.721875 0.03046875 0.06171875
0 0.16015625 0.78828125 0.01875 0.08515625
0 0.14140625 0.85234375 0.06953125 0.12109375
0 0.17421875 0.7984375 0.009375 0.0734375
0 0.1765625 0.7703125 0.01171875 0.06875
0 0.16796875 0.75390625 0.009375 0.06796875
0 0.11875 0.47578125 0.06796875 0.06796875
0 0.1203125 0.44140625 0.05234375 0.01171875
0 0.1625 0.44765625 0.0078125 0.0453125
0 0.15859375 0.45390625 0.00859375 0.0484375
0 0.1265625 0.41328125 0.06171875 0.05390625
0 0.13203125 0.40625 0.05703125 0.0453125
0 0.13984375 0.4015625 0.04921875 0.04375
0 0.1421875 0.39765625 0.05 0.04140625
0 0.16484375 0.44140625 0.00703125 0.04296875
0 0.16796875 0.43671875 0.00703125 0.04140625
0 0.1703125 0.43125 0.00703125 0.03984375
0 0.1703125 0.40859375 0.01171875 0.03671875
0 0.17265625 0.40078125 0.0171875 0.03046875
0 0.1734375 0.39921875 0.01875 0.03125
0 0.17421875 0.396875 0.02109375 0.03046875
0 0.175 0.39453125 0.02265625 0.0296875
0 0.175 0.39140625 0.0234375 0.028125
0 0.1765625 0.50625 0.021875 0.034375
0 0.17890625 0.4859375 0.01171875 0.00703125
0 0.19140625 0.50234375 0.00078125 0.00859375
0 0.18203125 0.46796875 0.01328125 0.03046875
0 0.19140625 0.48828125 0.003125 0.03125
0 0.19140625 0.4828125 0.003125 0.03046875
0 0.19375 0.47734375 0.00390625 0.0265625
0 0.19453125 0.471875 0.00390625 0.028125
0 0.1875 0.459375 0.00390625 0.03125
0 0.1828125 0.45546875 0.0171875 0.03046875
0 0.1828125 0.45078125 0.01875 0.02890625
3 0.50390625 0.61328125 0.040625 0.0390625
3 0.86484375 0.675 0.13046875 0.11328125
3 0.77109375 0.621875 0.10390625 0.08515625
3 0.4359375 0.4984375 0.02578125 0.02109375
3 0.48125 0.5375 0.03828125 0.03046875
3 0.503125 0.5515625 0.04140625 0.03359375
3 0.5234375 0.571875 0.04609375 0.03671875
3 0.5578125 0.50625 0.05390625 0.03515625
3 0.5875 0.52265625 0.05859375 0.04140625
3 0.6265625 0.546875 0.06328125 0.046875
3 0.621875 0.740625 0.0640625 0.07578125
3 0.52421875 0.634375 0.04453125 0.0453125
3 0.440625 0.546875 0.0296875 0.025
3 0.4796875 0.46640625 0.04140625 0.0234375
3 0.4953125 0.475 0.04375 0.02578125
3 0.5546875 0.66953125 0.05078125 0.0546875
0 0.7625 0.75546875 0.06328125 0.090625
0 0.45234375 0.50625 0.01640625 0.028125
3 0.678125 0.80546875 0.07421875 0.09296875
3 0.73984375 0.87109375 0.09140625 0.11640625
3 0.81875 0.934375 0.11171875 0.12890625
3 0.69375 0.71484375 0.08046875 0.06640625
0 0.6265625 0.64453125 0.03203125 0.059375
0 0.6125 0.63671875 0.03515625 0.0453125
0 0.58828125 0.61953125 0.01640625 0.0515625
0 0.6140625 0.59921875 0.03515625 0.05390625
0 0.57890625 0.57421875 0.03203125 0.04609375
0 0.578125 0.60859375 0.03125 0.03984375
0 0.55703125 0.59765625 0.0125 0.03828125
0 0.5453125 0.5859375 0.01171875 0.04140625
0 0.565625 0.56484375 0.02890625 0.04453125
0 0.465625 0.44921875 0.02109375 0.02578125
0 0.459375 0.446875 0.01953125 0.0265625
0 0.446875 0.4453125 0.00546875 0.021875
0 0.4515625 0.4234375 0.0171875 0.02421875
0 0.44140625 0.44296875 0.00546875 0.021875
0 0.4359375 0.4390625 0.00546875 0.02109375
0 0.43125 0.43671875 0.0046875 0.0203125
0 0.4265625 0.43359375 0.0046875 0.02109375
0 0.44765625 0.4203125 0.01953125 0.02421875
0 0.44140625 0.41875 0.01796875 0.02421875
0 0.43671875 0.41640625 0.0171875 0.0234375
0 0.465625 0.38203125 0.021875 0.025
0 0.45859375 0.38046875 0.0203125 0.02421875
0 0.45 0.37890625 0.01484375 0.02421875
0 0.446875 0.37734375 0.01875 0.0234375
0 0.44140625 0.3765625 0.01796875 0.0234375
0 0.4359375 0.375 0.01640625 0.021875
0 0.43125 0.37421875 0.01640625 0.021875
0 0.5359375 0.409375 0.02890625 0.034375
0 0.52421875 0.40703125 0.02578125 0.03359375
0 0.49765625 0.403125 0.00859375 0.02890625
0 0.50625 0.40546875 0.00859375 0.0296875
0 0.51484375 0.3765625 0.02578125 0.0296875
0 0.50546875 0.37578125 0.02421875 0.02890625
0 0.496875 0.3734375 0.02421875 0.02890625
0 0.4890625 0.371875 0.0234375 0.028125
0 0.4890625 0.40078125 0.00859375 0.028125
0 0.48125 0.3984375 0.00703125 0.0265625
0 0.4734375 0.39609375 0.00703125 0.0265625