3 0.3984375 0.73671875 0.06640625 0.08359375
3 0.775 0.4421875 0.071875 0.02890625
3 0.7359375 0.446875 0.07421875 0.03046875
3 0.05546875 0.7046875 0.1109375 0.09296875
3 0.31796875 0.65234375 0.08203125 0.07890625
3 0.3953125 0.63125 0.06953125 0.06953125
3 0.46328125 0.61875 0.06171875 0.06953125
3 0.52578125 0.475 0.06484375 0.04296875
3 0.57578125 0.46875 0.071875 0.03828125
3 0.63125 0.46328125 0.06875 0.034375
3 0.62734375 0.67109375 0.06875 0.0609375
3 0.459375 0.71875 0.06640625 0.0765625
3 0.0671875 0.8359375 0.134375 0.12109375
3 0.29765625 0.50625 0.0796875 0.059375
3 0.365625 0.49765625 0.06640625 0.0546875
3 0.53515625 0.70078125 0.0609375 0.07109375
0 0.734375 0.54609375 0.04296875 0.04453125
0 0.15546875 0.66875 0.078125 0.07890625
3 0.68046875 0.65859375 0.06875 0.04921875
3 0.7296875 0.6515625 0.04765625 0.0359375
3 0.765625 0.640625 0.04765625 0.03203125
3 0.68515625 0.56640625 0.06953125 0.03828125
0 0.640625 0.565625 0.02109375 0.05546875
0 0.61328125 0.57109375 0.03671875 0.0546875
0 0.59765625 0.5734375 0.028125 0.059375
0 0.61484375 0.53125 0.03828125 0.05546875
0 0.5671875 0.540625 0.03515625 0.05859375
0 0.57265625 0.58828125 0.02265625 0.04296875
0 0.5453125 0.58671875 0.0328125 0.05625
0 0.52265625 0.58828125 0.03359375 0.0640625
0 0.5453125 0.54375 0.03515625 0.06015625
0 0.21875 0.49609375 0.05703125 0.07421875
0 0.178125 0.50078125 0.05859375 0.0765625
0 0.13046875 0.51328125 0.05078125 0.06328125
0 0.13359375 0.4484375 0.075 0.0734375
0 0.08671875 0.51796875 0.05390625 0.0640625
0 0.03984375 0.5234375 0.05859375 0.065625
0 0.0109375 0.52734375 0.021875 0.0640625
0 0.0875 0.4515625 0.07578125 0.07578125
0 0.0421875 0.45546875 0.08359375 0.07890625
0 0.01953125 0.45703125 0.0390625 0.0765625
0 0.20234375 0.321875 0.06015625 0.0640625
0 0.153125 0.32109375 0.05234375 0.06640625
0 0.1078125 0.32109375 0.05546875 0.06875
0 0.06015625 0.32109375 0.059375 0.0703125
0 0.02109375 0.32109375 0.04140625 0.07109375
0 0.48046875 0.34375 0.028125 0.0515625
0 0.45234375 0.34375 0.02890625 0.053125
0 0.39140625 0.34453125 0.03359375 0.0546875
0 0.42265625 0.34453125 0.03125 0.05390625
0 0.42109375 0.28984375 0.03203125 0.05546875
0 0.3890625 0.28828125 0.03359375 0.05625
0 0.35625 0.2875 0.03671875 0.05859375
0 0.321875 0.28671875 0.03828125 0.06015625
0 0.359375 0.3453125 0.03515625 0.05546875
0 0.32578125 0.34609375 0.0375 0.05625
0 0.28984375 0.34609375 0.03984375 0.06015625
3 0.96640625 0.68359375 0.06640625 0.071875