3 0.48671875 0.72421875 0.0625 0.04453125
3 0.9703125 0.4734375 0.0578125 0.046875
3 0.3734375 0.603125 0.03359375 0.01640625
3 0.44921875 0.61953125 0.05703125 0.025
3 0.4859375 0.62734375 0.06171875 0.02890625
3 0.5234375 0.63671875 0.06875 0.034375
3 0.56796875 0.50703125 0.04921875 0.021875
3 0.6296875 0.503125 0.075 0.025
3 0.71640625 0.496875 0.09921875 0.03046875
3 0.73359375 0.84609375 0.109375 0.10703125
3 0.525 0.7421875 0.06953125 0.053125
3 0.37890625 0.6734375 0.04453125 0.02578125
3 0.43515625 0.5171875 0.034375 0.015625
3 0.4734375 0.51484375 0.0609375 0.01640625
3 0.58671875 0.77421875 0.08125 0.06640625
0 0.40078125 0.60078125 0.025 0.03203125
3 0.890625 0.9203125 0.15703125 0.15703125
3 0.978125 0.9484375 0.04296875 0.10078125
3 0.8890625 0.71640625 0.15078125 0.08203125
0 0.734375 0.66328125 0.05 0.0765625
0 0.696875 0.65859375 0.046875 0.06640625
0 0.6578125 0.65 0.03203125 0.06640625
0 0.696875 0.6 0.04765625 0.06328125
0 0.62578125 0.59296875 0.04296875 0.0546875
0 0.6265625 0.64453125 0.04296875 0.05703125
0 0.59296875 0.640625 0.02421875 0.053125
0 0.56953125 0.6328125 0.02265625 0.0546875
0 0.5984375 0.590625 0.03671875 0.0515625
0 0.425 0.51015625 0.0296875 0.03125
0 0.40546875 0.5109375 0.009375 0.0296875
0 0.3953125 0.5125 0.00859375 0.02890625
0 0.40546875 0.48359375 0.02734375 0.0296875
0 0.38671875 0.51328125 0.00859375 0.028125
0 0.37890625 0.51328125 0.0078125 0.0265625
0 0.37109375 0.51484375 0.00703125 0.02578125
0 0.3640625 0.515625 0.00703125 0.025
0 0.3875 0.48515625 0.0078125 0.028125
0 0.37890625 0.48671875 0.0078125 0.028125
0 0.37109375 0.48828125 0.00703125 0.0265625
0 0.42421875 0.41640625 0.02578125 0.03125
0 0.40625 0.4203125 0.009375 0.0296875
0 0.396875 0.4234375 0.00859375 0.02890625
0 0.38828125 0.4265625 0.00859375 0.028125
0 0.38046875 0.43046875 0.0078125 0.0265625
0 0.37265625 0.43359375 0.00703125 0.02578125
0 0.365625 0.4359375 0.00703125 0.02578125
0 0.53984375 0.3890625 0.03671875 0.04296875
0 0.5125 0.39453125 0.01640625 0.04140625
0 0.48125 0.40625 0.0140625 0.03828125
0 0.49609375 0.40078125 0.01484375 0.03984375
0 0.50546875 0.36484375 0.034375 0.04296875
0 0.48125 0.37109375 0.0140625 0.040625
0 0.4671875 0.37734375 0.01328125 0.03984375
0 0.45390625 0.3828125 0.01171875 0.03828125
0 0.4671875 0.4109375 0.01328125 0.0359375
0 0.45390625 0.415625 0.01171875 0.034375
0 0.44140625 0.41953125 0.01171875 0.03359375