3 0.38359375 0.8015625 0.0828125 0.08515625
3 0.8734375 0.48828125 0.10546875 0.02421875
3 0.81953125 0.48828125 0.103125 0.025
3 0.0453125 0.69375 0.08984375 0.06796875
3 0.296875 0.678125 0.1046875 0.06796875
3 0.3828125 0.6671875 0.08515625 0.06171875
3 0.46640625 0.66328125 0.065625 0.065625
3 0.54765625 0.4984375 0.06484375 0.03046875
3 0.60703125 0.496875 0.084375 0.028125
3 0.67734375 0.496875 0.08671875 0.0265625
3 0.68046875 0.76640625 0.09140625 0.0703125
3 0.46171875 0.7921875 0.075 0.08046875
3 0.05234375 0.84453125 0.1046875 0.096875
3 0.2828125 0.50625 0.10078125 0.0359375
3 0.3546875 0.5046875 0.0828125 0.03515625
3 0.55390625 0.784375 0.07890625 0.078125
0 0.8234375 0.61875 0.0609375 0.059375
0 0.1265625 0.67265625 0.0859375 0.08203125
3 0.7546875 0.75859375 0.09609375 0.06171875
3 0.82421875 0.759375 0.071875 0.04375
3 0.878125 0.75078125 0.07421875 0.04296875
3 0.7546875 0.6359375 0.09609375 0.04296875
0 0.69296875 0.6265625 0.02734375 0.06484375
0 0.65703125 0.6296875 0.04609375 0.06484375
0 0.634375 0.63125 0.03671875 0.06796875
0 0.65703125 0.58125 0.046875 0.06171875
0 0.5953125 0.584375 0.04140625 0.0640625
0 0.60234375 0.64140625 0.028125 0.053125
0 0.56875 0.63671875 0.03828125 0.06640625
0 0.540625 0.63828125 0.0375 0.0703125
0 0.56875 0.5859375 0.03984375 0.06484375
0 0.19921875 0.4890625 0.053125 0.0640625
0 0.1640625 0.48984375 0.06484375 0.06484375
0 0.11171875 0.49140625 0.04375 0.06328125
0 0.1265625 0.42734375 0.07890625 0.0640625
0 0.0703125 0.4921875 0.0453125 0.0640625
0 0.0265625 0.49296875 0.04765625 0.06484375
0 0.003125 0.49296875 0.00625 0.0640625
0 0.0671875 0.42734375 0.0453125 0.0640625
0 0.0234375 0.42734375 0.046875 0.065625
0 0.0015625 0.4359375 0.00234375 0.04921875
0 0.20234375 0.3015625 0.06796875 0.07421875
0 0.1484375 0.29453125 0.04375 0.06484375
0 0.10625 0.2921875 0.04453125 0.065625
0 0.06328125 0.28984375 0.04609375 0.06640625
0 0.02109375 0.2875 0.0421875 0.065625
0 0.4875 0.3359375 0.03203125 0.05625
0 0.4546875 0.334375 0.0328125 0.05703125
0 0.3875 0.33203125 0.03515625 0.05859375
0 0.421875 0.33359375 0.03359375 0.05703125
0 0.42109375 0.27578125 0.034375 0.06015625
0 0.3875 0.2734375 0.03515625 0.0609375
0 0.3515625 0.27109375 0.0359375 0.06171875
0 0.315625 0.26875 0.03671875 0.06328125
0 0.353125 0.33046875 0.0359375 0.059375
0 0.3171875 0.32890625 0.03671875 0.059375
0 0.28046875 0.3265625 0.03828125 0.0609375