3 0.43671875 0.71953125 0.06484375 0.0515625
3 0.9421875 0.50703125 0.11484375 0.02890625
3 0.86484375 0.50546875 0.1171875 0.02890625
3 0.240625 0.60078125 0.06953125 0.03125
3 0.38203125 0.61640625 0.06875 0.03671875
3 0.43671875 0.61953125 0.065625 0.0390625
3 0.490625 0.62578125 0.05703125 0.04453125
3 0.55546875 0.50234375 0.05390625 0.025
3 0.6140625 0.50390625 0.065625 0.02421875
3 0.6859375 0.50625 0.07890625 0.025
3 0.690625 0.75859375 0.0796875 0.065625
3 0.48828125 0.7265625 0.06171875 0.05390625
3 0.246875 0.690625 0.07109375 0.04296875
3 0.37421875 0.49921875 0.0640625 0.021875
3 0.41875 0.5 0.06328125 0.021875
3 0.56171875 0.740625 0.06171875 0.05859375
0 0.86875 0.64609375 0.06640625 0.06953125
0 0.29296875 0.596875 0.04140625 0.046875
3 0.778125 0.771875 0.09765625 0.0703125
3 0.8640625 0.7890625 0.0953125 0.06484375
3 0.9453125 0.79921875 0.10859375 0.07109375
3 0.78125 0.64921875 0.096875 0.0484375
0 0.69609375 0.62890625 0.0296875 0.0609375
0 0.66484375 0.62578125 0.03359375 0.059375
0 0.63828125 0.6234375 0.03125 0.05859375
0 0.665625 0.58203125 0.03515625 0.05546875
0 0.60390625 0.57890625 0.0265625 0.05390625
0 0.60390625 0.62734375 0.02578125 0.0453125
0 0.578125 0.625 0.02578125 0.04453125
0 0.553125 0.61640625 0.02421875 0.05546875
0 0.57890625 0.5765625 0.025 0.05390625
0 0.33359375 0.4859375 0.0375 0.0390625
0 0.30546875 0.4859375 0.0203125 0.0390625
0 0.2859375 0.4859375 0.01875 0.03671875
0 0.2953125 0.4484375 0.0390625 0.03671875
0 0.2671875 0.4859375 0.01796875 0.0359375
0 0.24921875 0.4859375 0.01875 0.0359375
0 0.23203125 0.48515625 0.01796875 0.03515625
0 0.21484375 0.484375 0.01796875 0.03671875
0 0.26640625 0.4484375 0.01875 0.03671875
0 0.2484375 0.4484375 0.01875 0.0359375
0 0.23046875 0.4484375 0.01796875 0.0359375
0 0.3328125 0.36875 0.03828125 0.04296875
0 0.3046875 0.36796875 0.0203125 0.03828125
0 0.28515625 0.36875 0.01953125 0.03828125
0 0.26640625 0.36953125 0.01875 0.03828125
0 0.24765625 0.37109375 0.01875 0.03671875
0 0.23046875 0.371875 0.01796875 0.0359375
0 0.2125 0.37265625 0.0171875 0.0359375
0 0.5078125 0.37421875 0.02421875 0.04375
0 0.48359375 0.37578125 0.0234375 0.04296875
0 0.4375 0.378125 0.02265625 0.04140625
0 0.46015625 0.37734375 0.02265625 0.04140625
0 0.4640625 0.334375 0.03125 0.04375
0 0.43671875 0.3359375 0.02265625 0.04296875
0 0.41484375 0.33828125 0.021875 0.04296875
0 0.39296875 0.3390625 0.02109375 0.04140625
0 0.41484375 0.3796875 0.021875 0.040625
0 0.39296875 0.38046875 0.02109375 0.03984375
0 0.371875 0.38046875 0.0203125 0.040625