3 0.40234375 0.7453125 0.06640625 0.06875
3 0.81796875 0.4765625 0.08515625 0.025
3 0.77109375 0.478125 0.08359375 0.025
3 0.08671875 0.6640625 0.13125 0.06484375
3 0.32890625 0.64453125 0.08203125 0.05859375
3 0.40078125 0.634375 0.06796875 0.05390625
3 0.4703125 0.63046875 0.05546875 0.05703125
3 0.5390625 0.490625 0.0546875 0.03125
3 0.5890625 0.48828125 0.07265625 0.02890625
3 0.65 0.4875 0.07265625 0.0265625
3 0.65 0.71328125 0.07421875 0.05703125
3 0.4671875 0.73671875 0.06328125 0.065625
3 0.103125 0.7875 0.12421875 0.084375
3 0.315625 0.5015625 0.078125 0.03828125
3 0.3765625 0.49921875 0.065625 0.03671875
3 0.54375 0.72890625 0.06484375 0.06328125
0 0.77265625 0.58828125 0.0484375 0.05
0 0.18671875 0.6421875 0.06796875 0.06953125
3 0.7125 0.70625 0.07734375 0.05078125
3 0.7703125 0.70546875 0.05859375 0.03515625
3 0.81484375 0.696875 0.06015625 0.03671875
3 0.71484375 0.60390625 0.078125 0.03671875
0 0.6609375 0.596875 0.02265625 0.05625
0 0.63125 0.59921875 0.03671875 0.0546875
0 0.61171875 0.60078125 0.03125 0.05703125
0 0.63203125 0.55859375 0.03828125 0.05390625
0 0.5796875 0.56328125 0.03359375 0.05546875
0 0.584375 0.6109375 0.0234375 0.04453125
0 0.55703125 0.60703125 0.03203125 0.05625
0 0.5328125 0.6078125 0.03203125 0.06015625
0 0.55703125 0.5640625 0.03359375 0.05625
0 0.246875 0.4875 0.04609375 0.05859375
0 0.215625 0.4890625 0.05234375 0.059375
0 0.1734375 0.49296875 0.03671875 0.053125
0 0.18125 0.4390625 0.06171875 0.0546875
0 0.13828125 0.49453125 0.0390625 0.05390625
0 0.10234375 0.49609375 0.040625 0.0546875
0 0.065625 0.496875 0.04140625 0.0546875
0 0.028125 0.4953125 0.04296875 0.0609375
0 0.14375 0.43984375 0.0578125 0.05546875
0 0.11015625 0.440625 0.06484375 0.05625
0 0.0609375 0.44140625 0.0421875 0.05625
0 0.23984375 0.328125 0.04609375 0.05546875
0 0.2 0.3265625 0.03828125 0.05546875
0 0.16484375 0.32578125 0.03828125 0.05625
0 0.128125 0.32421875 0.03984375 0.05703125
0 0.090625 0.3234375 0.0421875 0.05859375
0 0.053125 0.321875 0.04296875 0.059375
0 0.01796875 0.32109375 0.0359375 0.06015625
0 0.48828125 0.35546875 0.02734375 0.04921875
0 0.4609375 0.3546875 0.02734375 0.05
0 0.40390625 0.35390625 0.03046875 0.05078125
0 0.43203125 0.3546875 0.02890625 0.05
0 0.43203125 0.30390625 0.02890625 0.0515625
0 0.40234375 0.303125 0.0296875 0.0515625
0 0.37265625 0.3015625 0.03125 0.053125
0 0.34140625 0.3 0.03203125 0.05390625
0 0.3734375 0.353125 0.03046875 0.05078125
0 0.34375 0.353125 0.03203125 0.0515625
0 0.3125 0.3515625 0.0328125 0.053125