4 0.57578125 0.52578125 0.2734375 0.94453125
4 0.2546875 0.49765625 0.17109375 0.89453125
4 0.4546875 0.43046875 0.1375 0.8609375
4 0.89453125 0.50234375 0.20859375 0.98828125
4 0.08515625 0.50546875 0.1703125 0.98828125
4 0.38046875 0.315625 0.11171875 0.63046875
4 0.45703125 0.43359375 0.1140625 0.86484375
4 0.67421875 0.325 0.196875 0.65
4 0.1578125 0.34765625 0.19453125 0.6140625
4 0.68828125 0.15078125 0.1234375 0.3015625
4 0.5171875 0.128125 0.08828125 0.203125
4 0.26953125 0.1390625 0.0796875 0.1328125
4 0.26171875 0.05546875 0.0703125 0.1109375
4 0.17890625 0.1140625 0.065625 0.1375