2 0.18203125 0.47109375 0.3640625 0.89140625
4 0.38828125 0.3515625 0.0765625 0.24140625
3 0.55859375 0.315625 0.1390625 0.05859375
3 0.559375 0.34609375 0.121875 0.03046875
3 0.5578125 0.371875 0.1375 0.05
3 0.56171875 0.4015625 0.1609375 0.04140625
3 0.565625 0.42890625 0.159375 0.0359375
3 0.5609375 0.446875 0.153125 0.0390625
3 0.56171875 0.471875 0.1484375 0.04453125
3 0.56484375 0.5 0.1640625 0.028125
3 0.5578125 0.515625 0.165625 0.046875
3 0.56796875 0.5625 0.1640625 0.0640625
3 0.46796875 0.353125 0.0671875 0.04453125
3 0.46796875 0.3734375 0.0765625 0.04140625
3 0.46640625 0.39453125 0.0671875 0.0390625
3 0.47421875 0.43203125 0.0859375 0.03046875
3 0.46796875 0.44609375 0.0484375 0.03046875
3 0.4640625 0.46953125 0.046875 0.03359375
3 0.46015625 0.49140625 0.0453125 0.0609375
3 0.95390625 0.4140625 0.0921875 0.20546875