0 0.36666666666666664 0.1994047619047619 0.14166666666666666 0.14285714285714285 0.08333333333333334 0.28273809523809523 0.08499999999999999 0.42857142857142855 0.29166666666666663 0.47619047619047616 0.36333333333333334 0.2589285714285714 0.36666666666666664 0.1994047619047619
0 0.18166666666666667 0.13690476190476192 0.20166666666666666 0.08928571428571427 0.25833333333333336 0.13690476190476192 0.2683333333333333 0.16666666666666666 0.35833333333333334 0.19047619047619047 0.37333333333333335 0.18154761904761904 0.4 0.07440476190476189 0.3983333333333333 0.05357142857142857 0.32633333333333336 0 0.224047619047619 0 0.18333333333333332 0.05654761904761905 0.18166666666666667 0.13690476190476192
0 0.37 0.20535714285714285 0.525 0.29761904761904756 0.6683333333333333 0.21428571428571427 0.7033333333333334 0.04464285714285714 0.6930392156862745 0 0.41954545454545455 0 0.41 0.026785714285714284 0.37 0.20535714285714285
0 0.45166666666666666 0.8154761904761905 0.53 0.47916666666666663 0.52 0.3005952380952381 0.3783333333333333 0.23214285714285712 0.3 0.46726190476190477 0.27 0.5982142857142857 0.27666666666666667 0.6696428571428571 0.4116666666666666 0.8035714285714285 0.45166666666666666 0.8154761904761905
0 0.12 0.8958333333333333 0.15166666666666667 0.744047619047619 0.25666666666666665 0.7529761904761905 0.2633333333333333 0.5982142857142857 0.29166666666666663 0.47619047619047616 0 0.4110863095238095 0 0.712202380952381 0.06333333333333332 0.7291666666666666 0.075 0.9047619047619048 0.12 0.8958333333333333
0 0.05166666666666666 0.7261904761904762 0 0.7204241071428571 0 0.9912098560354373 0.06833333333333333 0.994047619047619 0.06333333333333332 0.7470238095238095 0.05166666666666666 0.7261904761904762
0 0.42666666666666664 0.8303571428571429 0.35833333333333334 0.7797619047619048 0.155 0.75 0.13 0.8601190476190477 0.12 0.9613095238095237 0.145 0.994047619047619 0.18166666666666667 0.994047619047619 0.20166666666666666 0.9285714285714285 0.42666666666666664 0.8303571428571429
0 0.19166666666666668 0.9464285714285714 0.19166666666666668 0.994047619047619 0.5833333333333333 0.9910714285714285 0.4716666666666667 0.8214285714285714 0.19166666666666668 0.9464285714285714
0 0.575 0.4821428571428571 0.47333333333333333 0.7946428571428571 0.48166666666666663 0.8333333333333333 0.5683333333333334 0.9583333333333333 0.6799999999999999 0.5922619047619048 0.575 0.4821428571428571
0 0.9949999999999999 0.7797619047619048 0.8383333333333333 0.7142857142857142 0.725 0.7261904761904762 0.6733333333333333 0.7827380952380951 0.675 0.994047619047619 0.865 0.994047619047619 0.9966666666666667 0.8303571428571429 0.9949999999999999 0.7797619047619048
0 0.7383333333333333 0.20238095238095238 0.5333333333333333 0.306547619047619 0.5333333333333333 0.46726190476190477 0.5483333333333333 0.49404761904761896 0.5816666666666667 0.4821428571428571 0.7816666666666666 0.6666666666666666 0.9516666666666665 0.5654761904761905 0.9866666666666667 0.5208333333333333 0.9966666666666667 0.4732142857142857 0.9966666666666667 0.36607142857142855 0.985 0.34523809523809523 0.7383333333333333 0.20238095238095238
0 0.9533333333333334 0.5744047619047619 0.8016666666666665 0.6666666666666666 0.8116666666666668 0.7083333333333333 0.9116666666666667 0.738095238095238 0.9566666666666667 0.6994047619047619 0.9533333333333334 0.5744047619047619
0 0.9866666666666667 0.1636904761904762 0.985 0.047619047619047616 0.9227777777777778 0 0.7894444444444445 0 0.7266666666666667 0.002976190476190476 0.7216666666666667 0.19642857142857142 0.96 0.31845238095238093 0.9666666666666666 0.2113095238095238 0.9866666666666667 0.1636904761904762