0 0.862500 0.597656 0.001563 0.015625
0 0.864844 0.603125 0.005469 0.033594
0 0.867188 0.602344 0.004687 0.034375
0 0.887500 0.599219 0.029687 0.038281
0 0.880469 0.565625 0.037500 0.039062
0 0.898438 0.541406 0.010937 0.051562
0 0.903906 0.591406 0.011719 0.050781
0 0.910937 0.588281 0.013281 0.054688
0 0.958594 0.578906 0.071875 0.056250
0 0.940625 0.531250 0.076563 0.065625
0 0.896875 0.225000 0.010156 0.050000
0 0.905469 0.193750 0.011719 0.055469
0 0.926562 0.116406 0.016406 0.071094
0 0.914844 0.157812 0.013281 0.061719
0 0.909375 0.114062 0.016406 0.096875
0 0.920312 0.070312 0.019531 0.109375
0 0.933594 0.039062 0.022656 0.078125
0 0.946094 0.010937 0.009375 0.021875
0 0.939844 0.066406 0.017969 0.082031
0 0.955469 0.027344 0.019531 0.054688
0 0.575000 0.610938 0.016406 0.021875
0 0.230469 0.585156 0.063281 0.060937
0 0.539844 0.608594 0.007031 0.026562
0 0.531250 0.607812 0.007812 0.026562
0 0.521875 0.607031 0.011719 0.028125
0 0.525781 0.580469 0.019531 0.028125
0 0.510938 0.576562 0.008594 0.029687
0 0.510938 0.606250 0.008594 0.029687
0 0.501563 0.606250 0.010156 0.030469
0 0.481250 0.604688 0.028906 0.031250
0 0.494531 0.575781 0.022656 0.030469
0 0.315625 0.440625 0.028906 0.053906
0 0.286719 0.428906 0.032813 0.057031
0 0.253906 0.416406 0.037500 0.060937
0 0.257812 0.366406 0.036719 0.066406
0 0.217188 0.401562 0.042969 0.066406
0 0.174219 0.385156 0.049219 0.071875
0 0.125000 0.365625 0.058594 0.079687
0 0.066406 0.342187 0.071875 0.088281
0 0.221094 0.348438 0.042188 0.071094
0 0.179688 0.328125 0.049219 0.078906
0 0.128125 0.305469 0.064062 0.085938
0 0.325000 0.303906 0.027344 0.053906
0 0.297656 0.284375 0.030469 0.057031
0 0.267188 0.263281 0.034375 0.063281
0 0.232813 0.239063 0.039844 0.067969
0 0.193750 0.211719 0.044531 0.075000
0 0.149219 0.180469 0.052344 0.081250
0 0.096094 0.144531 0.064062 0.090625
0 0.470313 0.417969 0.011719 0.033594
0 0.457813 0.409375 0.013281 0.035156
0 0.429688 0.390625 0.014844 0.039062
0 0.443750 0.400781 0.014063 0.035937
0 0.444531 0.369531 0.014063 0.041406
0 0.429688 0.359375 0.014844 0.042969
0 0.414062 0.346875 0.016406 0.046094
0 0.388281 0.334375 0.036719 0.048438
0 0.413281 0.380469 0.016406 0.040625
0 0.396094 0.368750 0.017969 0.043750
0 0.371875 0.356250 0.031250 0.046094
