0 0.647656 0.466406 0.025000 0.028125
0 0.310156 0.607031 0.019531 0.028125
0 0.291406 0.621094 0.020313 0.030469
0 0.268750 0.617188 0.020313 0.041406
0 0.215625 0.648438 0.021875 0.034375
0 0.243750 0.630469 0.020313 0.031250
0 0.634375 0.475000 0.008594 0.029687
0 0.621094 0.478906 0.018750 0.028906
0 0.609375 0.480469 0.026562 0.034375
0 0.621094 0.451562 0.021875 0.031250
0 0.544531 0.476562 0.028906 0.039844
0 0.552344 0.509375 0.011719 0.034375
0 0.539844 0.515625 0.013281 0.035937
0 0.517969 0.516406 0.030469 0.044531
0 0.532031 0.480469 0.030469 0.041406
0 0.499219 0.323437 0.016406 0.039844
0 0.481250 0.323437 0.017969 0.040625
0 0.442188 0.321875 0.021094 0.043750
0 0.462500 0.322656 0.019531 0.041406
0 0.461719 0.279687 0.019531 0.044531
0 0.441406 0.278125 0.021875 0.046094
0 0.419531 0.275000 0.023438 0.048438
0 0.388281 0.271875 0.040625 0.050781
0 0.421094 0.321094 0.022656 0.046094
0 0.396875 0.321094 0.025781 0.046875
0 0.364844 0.318750 0.041406 0.050781
0 0.299219 0.294531 0.038281 0.059375
0 0.262500 0.292187 0.042188 0.061719
0 0.222656 0.289062 0.046875 0.065625
0 0.178125 0.285938 0.053906 0.070312
0 0.127344 0.282813 0.062500 0.075000
0 0.070312 0.278906 0.071094 0.080469
0 0.023438 0.276562 0.046875 0.083594
0 0.303125 0.455469 0.042969 0.063281
0 0.273438 0.461719 0.039844 0.066406
0 0.236719 0.472656 0.043750 0.061719
0 0.229687 0.414062 0.047656 0.064844
0 0.195312 0.480469 0.049219 0.065625
0 0.148438 0.487500 0.055469 0.073438
0 0.096094 0.498437 0.063281 0.075000
0 0.037500 0.503125 0.074219 0.093750
0 0.189062 0.417969 0.050781 0.069531
0 0.140625 0.423438 0.057813 0.074219
0 0.086719 0.428906 0.066406 0.079687
0 0.480469 0.427344 0.012500 0.017969
0 0.436719 0.431250 0.009375 0.010156
0 0.415625 0.431250 0.011719 0.004687
0 0.424219 0.419531 0.016406 0.021094
0 0.400781 0.423438 0.016406 0.021875
0 0.381250 0.437500 0.014844 0.006250
0 0.390625 0.424219 0.017188 0.023438
0 0.198437 0.371094 0.021094 0.024219
0 0.178906 0.371875 0.021875 0.024219
0 0.157812 0.373437 0.023438 0.026562
0 0.135937 0.374219 0.024219 0.025781
0 0.343750 0.329688 0.003906 0.021875
0 0.328906 0.321094 0.007031 0.005469
0 0.328125 0.306250 0.007812 0.021875
