0 0.878125 0.686719 0.076563 0.054688
0 0.171875 0.684375 0.071094 0.058594
0 0.717187 0.685937 0.035937 0.055469
0 0.686719 0.685937 0.035156 0.055469
0 0.651563 0.685937 0.043750 0.055469
0 0.674219 0.632031 0.049219 0.053125
0 0.612500 0.631250 0.032031 0.053125
0 0.615625 0.685937 0.032813 0.055469
0 0.585156 0.685937 0.032031 0.055469
0 0.552344 0.685937 0.036719 0.055469
0 0.579688 0.631250 0.038281 0.053125
0 0.253906 0.521875 0.042969 0.045312
0 0.219531 0.521094 0.035937 0.046094
0 0.189062 0.521094 0.035937 0.045312
0 0.208594 0.475000 0.060156 0.046094
0 0.159375 0.521094 0.036719 0.045312
0 0.129688 0.521094 0.038281 0.045312
0 0.099219 0.519531 0.038281 0.045312
0 0.068750 0.519531 0.039062 0.046094
0 0.167187 0.475000 0.036719 0.046094
0 0.137500 0.474219 0.037500 0.046094
0 0.108594 0.474219 0.037500 0.046094
0 0.277344 0.390625 0.047656 0.054688
0 0.240625 0.380469 0.032813 0.035937
0 0.212500 0.380469 0.032813 0.035937
0 0.185156 0.378906 0.033594 0.035937
0 0.157031 0.378906 0.033594 0.036719
0 0.128906 0.378125 0.034375 0.035937
0 0.101562 0.378125 0.035156 0.036719
0 0.496875 0.416406 0.026562 0.064062
0 0.468750 0.401562 0.027344 0.036719
0 0.414062 0.400781 0.028125 0.036719
0 0.441406 0.401562 0.027344 0.036719
0 0.443750 0.363281 0.030469 0.040625
0 0.415625 0.361719 0.028125 0.040625
0 0.389062 0.361719 0.028906 0.040625
0 0.361719 0.360938 0.028906 0.040625
0 0.386719 0.400781 0.028906 0.036719
0 0.359375 0.400000 0.029687 0.036719
0 0.332031 0.399219 0.030469 0.038281
