0 0.345313 0.565625 0.020313 0.010156
0 0.327344 0.564844 0.017969 0.010937
0 0.326562 0.560937 0.019531 0.018750
0 0.300000 0.565625 0.016406 0.009375
0 0.312500 0.565625 0.008594 0.010156
0 0.971875 0.531250 0.055469 0.085938
0 0.903906 0.532813 0.090625 0.082031
0 0.953906 0.447656 0.091406 0.089844
0 0.615625 0.484375 0.041406 0.064844
0 0.617188 0.542188 0.041406 0.060156
0 0.580469 0.543750 0.032031 0.057031
0 0.550000 0.544531 0.029687 0.055469
0 0.579688 0.485938 0.032031 0.059375
0 0.505469 0.271875 0.039844 0.070312
0 0.473438 0.271094 0.023438 0.048438
0 0.428906 0.289844 0.020313 0.044531
0 0.450000 0.280469 0.021875 0.046094
0 0.459375 0.239844 0.039844 0.051562
0 0.429688 0.249219 0.020313 0.050781
0 0.409375 0.258594 0.019531 0.049219
0 0.390625 0.267969 0.017969 0.046875
0 0.408594 0.298438 0.019531 0.042969
0 0.389844 0.305469 0.017969 0.041406
0 0.371875 0.312500 0.017188 0.039844
0 0.345313 0.315625 0.036719 0.041406
0 0.319531 0.319531 0.015625 0.035937
0 0.304688 0.325781 0.014063 0.035156
0 0.291406 0.332031 0.013281 0.034375
0 0.278125 0.338281 0.013281 0.033594
0 0.266406 0.342969 0.011719 0.032031
0 0.254688 0.348438 0.011719 0.031250
0 0.339844 0.430469 0.034375 0.038281
0 0.314844 0.433594 0.015625 0.038281
0 0.300781 0.437500 0.014844 0.035937
0 0.314063 0.403125 0.039062 0.039062
0 0.286719 0.440625 0.013281 0.035156
0 0.274219 0.443750 0.013281 0.034375
0 0.261719 0.446875 0.012500 0.032031
0 0.250000 0.449219 0.011719 0.033594
0 0.288281 0.407031 0.013281 0.038281
0 0.275000 0.410156 0.013281 0.036719
0 0.263281 0.414062 0.012500 0.035937
0 0.826562 0.556250 0.028906 0.028906
0 0.716406 0.557031 0.017969 0.025781
0 0.699219 0.557813 0.016406 0.025000
0 0.682813 0.557813 0.015625 0.025000
0 0.698438 0.532031 0.016406 0.025000
0 0.661719 0.533594 0.016406 0.024219
0 0.662500 0.558594 0.016406 0.024219
0 0.646875 0.558594 0.014844 0.024219
0 0.639062 0.558594 0.001563 0.024219
0 0.646094 0.534375 0.014844 0.024219
0 0.504687 0.497656 0.006250 0.019531
0 0.496094 0.498437 0.010156 0.019531
0 0.485938 0.499219 0.009375 0.019531
0 0.489844 0.480469 0.016406 0.020313
0 0.476562 0.500781 0.008594 0.018750
0 0.467187 0.501563 0.008594 0.018750
0 0.457813 0.502344 0.008594 0.017969
0 0.449219 0.503125 0.008594 0.017969
0 0.476562 0.482031 0.009375 0.019531
0 0.467187 0.482812 0.008594 0.019531
0 0.457813 0.484375 0.008594 0.018750
0 0.604688 0.436719 0.012500 0.006250
0 0.591406 0.438281 0.012500 0.006250
0 0.566406 0.442969 0.011719 0.005469
0 0.578906 0.440625 0.011719 0.005469
0 0.554688 0.444531 0.010937 0.005469
0 0.543750 0.446094 0.010937 0.005469
0 0.527344 0.448437 0.001000 0.004687
