0 0.931250 0.692969 0.099219 0.096094
0 0.403906 0.580469 0.024219 0.029687
0 0.693750 0.639844 0.039844 0.063281
0 0.664844 0.635938 0.038281 0.055469
0 0.632812 0.628125 0.025000 0.056250
0 0.664844 0.588281 0.038281 0.053906
0 0.607031 0.580469 0.035937 0.048438
0 0.607812 0.623437 0.035937 0.049219
0 0.578906 0.620313 0.019531 0.044531
0 0.559375 0.613281 0.018750 0.046875
0 0.585156 0.577344 0.032031 0.045312
0 0.426563 0.499219 0.026562 0.028125
0 0.407813 0.499219 0.009375 0.026562
0 0.398438 0.500000 0.008594 0.025781
0 0.407813 0.473438 0.025781 0.025781
0 0.389844 0.500781 0.008594 0.025000
0 0.382031 0.500781 0.007031 0.025000
0 0.374219 0.500781 0.007031 0.024219
0 0.367188 0.500781 0.007031 0.024219
0 0.389844 0.474219 0.008594 0.025781
0 0.382031 0.475781 0.007812 0.025000
0 0.374219 0.475781 0.007031 0.024219
0 0.426563 0.413281 0.026562 0.028906
0 0.408594 0.415625 0.008594 0.028125
0 0.399219 0.417969 0.008594 0.026562
0 0.390625 0.420312 0.007812 0.025781
0 0.382812 0.422656 0.007812 0.025000
0 0.375000 0.424219 0.007031 0.025000
0 0.367188 0.426563 0.007031 0.024219
0 0.533594 0.399219 0.032031 0.036719
0 0.509375 0.403125 0.015625 0.036719
0 0.479687 0.409375 0.013281 0.034375
0 0.493750 0.406250 0.014063 0.035156
0 0.502344 0.373437 0.030469 0.036719
0 0.479687 0.378125 0.013281 0.035156
0 0.467187 0.382031 0.011719 0.034375
0 0.454688 0.385937 0.011719 0.033594
0 0.467187 0.413281 0.011719 0.032031
0 0.454688 0.415625 0.011719 0.031250
0 0.442969 0.418750 0.010937 0.031250
