0 0.864844 0.678125 0.064844 0.091406
0 0.379688 0.464062 0.014844 0.017969
0 0.367188 0.464062 0.014844 0.018750
0 0.363281 0.452344 0.014844 0.021094
0 0.342187 0.450000 0.014844 0.016406
0 0.355469 0.450781 0.014063 0.017969
0 0.785156 0.639844 0.039844 0.078125
0 0.755469 0.624219 0.036719 0.078906
0 0.726562 0.612500 0.034375 0.076563
0 0.762500 0.595313 0.041406 0.070312
0 0.578125 0.521094 0.028906 0.056250
0 0.576562 0.551562 0.028906 0.055469
0 0.552344 0.551562 0.021094 0.038281
0 0.533594 0.531250 0.021094 0.060156
0 0.557031 0.512500 0.026562 0.054688
0 0.503906 0.325000 0.033594 0.057031
0 0.483594 0.320312 0.033594 0.055469
0 0.438281 0.317969 0.019531 0.040625
0 0.457031 0.321875 0.020313 0.042969
0 0.462500 0.278125 0.035156 0.053906
0 0.443750 0.274219 0.033594 0.051562
0 0.425000 0.271094 0.033594 0.050781
0 0.407031 0.267969 0.033594 0.050000
0 0.420312 0.313281 0.019531 0.039844
0 0.402344 0.309375 0.018750 0.039062
0 0.385937 0.300781 0.019531 0.048438
0 0.357031 0.278125 0.036719 0.046094
0 0.337500 0.274219 0.028906 0.045312
0 0.325781 0.271094 0.032813 0.044531
0 0.311719 0.268750 0.032031 0.044531
0 0.299219 0.265625 0.032031 0.042969
0 0.285938 0.263281 0.032813 0.042969
0 0.273438 0.260156 0.032031 0.040625
0 0.366406 0.375781 0.033594 0.046094
0 0.350000 0.371094 0.028906 0.046875
0 0.330469 0.372656 0.016406 0.032031
0 0.335156 0.336719 0.035156 0.044531
0 0.317188 0.367969 0.016406 0.032031
0 0.304688 0.364063 0.016406 0.031250
0 0.292187 0.359375 0.014844 0.030469
0 0.280469 0.353125 0.015625 0.036719
0 0.320312 0.332813 0.031250 0.043750
0 0.307031 0.328906 0.030469 0.043750
0 0.295312 0.325781 0.030469 0.042969
0 0.757031 0.381250 0.027344 0.026562
0 0.675000 0.360938 0.014844 0.025781
0 0.661719 0.361719 0.014844 0.016406
0 0.649219 0.355469 0.014844 0.025000
0 0.664062 0.340625 0.016406 0.031250
0 0.634375 0.334375 0.015625 0.029687
0 0.632812 0.353125 0.015625 0.021875
0 0.619531 0.352344 0.013281 0.015625
0 0.607812 0.346094 0.013281 0.023438
0 0.622656 0.331250 0.015625 0.029687
0 0.500000 0.266406 0.013281 0.025781
0 0.491406 0.265625 0.015625 0.025000
0 0.482031 0.266406 0.002344 0.018750
0 0.481250 0.244531 0.016406 0.024219
0 0.471875 0.241406 0.015625 0.021094
0 0.462500 0.239844 0.015625 0.020313
0 0.453125 0.239063 0.014844 0.020313
0 0.500000 0.205469 0.013281 0.025000
0 0.490625 0.203906 0.014844 0.024219
0 0.481250 0.203125 0.014844 0.024219
0 0.471094 0.201563 0.014844 0.024219
0 0.461719 0.200781 0.014844 0.023438
0 0.451562 0.199219 0.014063 0.023438
0 0.442969 0.198437 0.014844 0.023438
0 0.592187 0.226562 0.010156 0.023438
0 0.581250 0.224219 0.013281 0.023438
0 0.557031 0.221875 0.011719 0.021875
0 0.568750 0.223438 0.011719 0.023438
0 0.546094 0.220312 0.011719 0.021875
0 0.535937 0.219531 0.008594 0.021875
0 0.521094 0.217969 0.006250 0.021094
