0 0.626563 0.580469 0.026562 0.029687
0 0.126562 0.695312 0.096094 0.092969
0 0.575781 0.593750 0.011719 0.035156
0 0.556250 0.596875 0.026562 0.035937
0 0.548438 0.598437 0.017969 0.039844
0 0.554688 0.563281 0.030469 0.035937
0 0.525000 0.567969 0.028125 0.039062
0 0.532813 0.603906 0.013281 0.038281
0 0.517969 0.608594 0.014844 0.039062
0 0.493750 0.609375 0.033594 0.046094
0 0.508594 0.570312 0.033594 0.040625
0 0.231250 0.490625 0.042188 0.061719
0 0.186719 0.489063 0.046875 0.065625
0 0.135937 0.489063 0.053906 0.069531
0 0.136719 0.420312 0.054688 0.071875
0 0.078125 0.488281 0.061719 0.074219
0 0.023438 0.485938 0.046875 0.078125
0 0.078906 0.414062 0.061719 0.078906
0 0.024219 0.409375 0.047656 0.081250
0 0.235156 0.306250 0.042188 0.066406
0 0.190625 0.293750 0.046094 0.071875
0 0.140625 0.280469 0.053125 0.078906
0 0.083594 0.264062 0.060156 0.084375
0 0.026562 0.247656 0.053125 0.089063
0 0.469531 0.388281 0.018750 0.042969
0 0.449219 0.382031 0.020313 0.044531
0 0.404687 0.371875 0.024219 0.048438
0 0.428125 0.378125 0.021094 0.046094
0 0.428125 0.334375 0.021094 0.049219
0 0.404687 0.328125 0.024219 0.051562
0 0.378906 0.319531 0.025781 0.055469
0 0.346094 0.310937 0.040625 0.058594
0 0.378906 0.366406 0.025781 0.050781
0 0.351562 0.359375 0.028906 0.053906
0 0.316406 0.351562 0.041406 0.057031
