0 0.775781 0.582031 0.046094 0.053125
0 0.255469 0.596094 0.049219 0.056250
0 0.657031 0.582031 0.024219 0.053906
0 0.630469 0.583594 0.032031 0.053906
0 0.609375 0.583594 0.030469 0.054688
0 0.631250 0.546875 0.033594 0.053125
0 0.581250 0.548438 0.028125 0.051562
0 0.582812 0.593750 0.022656 0.036719
0 0.560937 0.593750 0.022656 0.036719
0 0.537500 0.585938 0.025781 0.054688
0 0.559375 0.548438 0.027344 0.053125
0 0.296875 0.474219 0.035156 0.050781
0 0.273438 0.475781 0.039844 0.050781
0 0.242188 0.480469 0.028125 0.040625
0 0.247656 0.435156 0.046094 0.048438
0 0.217188 0.480469 0.028906 0.040625
0 0.192188 0.481250 0.028906 0.041406
0 0.167187 0.481250 0.029687 0.040625
0 0.142187 0.478125 0.029687 0.050000
0 0.221094 0.435156 0.044531 0.048438
0 0.196875 0.435937 0.047656 0.049219
0 0.170313 0.435937 0.046094 0.048438
0 0.288281 0.347656 0.035156 0.045312
0 0.258594 0.347656 0.028906 0.045312
0 0.232813 0.347656 0.029687 0.045312
0 0.206250 0.347656 0.030469 0.045312
0 0.179688 0.347656 0.030469 0.045312
0 0.153906 0.347656 0.031250 0.045312
0 0.127344 0.347656 0.032031 0.045312
0 0.496094 0.364844 0.024219 0.044531
0 0.471094 0.364844 0.025000 0.044531
0 0.421094 0.365625 0.025781 0.043750
0 0.446094 0.365625 0.025000 0.043750
0 0.446094 0.320312 0.027344 0.044531
0 0.420312 0.320312 0.025781 0.044531
0 0.394531 0.320312 0.026562 0.044531
0 0.368750 0.320312 0.026562 0.044531
0 0.396094 0.365625 0.026562 0.043750
0 0.371094 0.365625 0.026562 0.043750
0 0.346094 0.364844 0.026562 0.044531
