0 0.642969 0.544531 0.020313 0.023438
0 0.242969 0.527344 0.014063 0.023438
0 0.225781 0.533594 0.007812 0.015625
0 0.628906 0.542969 0.007812 0.024219
0 0.621094 0.542188 0.008594 0.025781
0 0.603906 0.542188 0.025781 0.026562
0 0.611719 0.516406 0.025781 0.026562
0 0.551562 0.504687 0.011719 0.032813
0 0.550781 0.537500 0.010937 0.034375
0 0.539062 0.535937 0.012500 0.034375
0 0.516406 0.535937 0.032813 0.035156
0 0.530469 0.502344 0.029687 0.034375
0 0.499219 0.324219 0.014844 0.038281
0 0.483594 0.315625 0.015625 0.039062
0 0.447656 0.294531 0.019531 0.044531
0 0.467187 0.305469 0.017188 0.041406
0 0.467187 0.270313 0.017188 0.049219
0 0.448437 0.258594 0.017969 0.049219
0 0.428125 0.244531 0.020313 0.053125
0 0.399219 0.230469 0.037500 0.055469
0 0.428125 0.282813 0.020313 0.046094
0 0.407031 0.270313 0.022656 0.049219
0 0.375781 0.255469 0.039062 0.050781
0 0.317188 0.193750 0.032813 0.055469
0 0.287500 0.180469 0.029687 0.053125
0 0.010937 0.020313 0.014063 0.040625
0 0.301563 0.349219 0.015625 0.053125
0 0.281250 0.340625 0.026562 0.059375
0 0.234375 0.324219 0.037500 0.064844
0 0.235937 0.268750 0.035156 0.071094
0 0.192969 0.309375 0.050000 0.073438
0 0.142187 0.290625 0.055469 0.079687
0 0.085938 0.269531 0.064844 0.085938
0 0.028125 0.249219 0.056250 0.089063
0 0.196094 0.250781 0.049219 0.079687
0 0.146094 0.227344 0.055469 0.087500
0 0.089063 0.202344 0.064844 0.096094
0 0.467187 0.546094 0.012500 0.005469
0 0.182031 0.455469 0.019531 0.027344
0 0.184375 0.428906 0.021094 0.029687
0 0.162500 0.453125 0.022656 0.029687
0 0.139063 0.449219 0.024219 0.030469
0 0.115625 0.446094 0.024219 0.032031
0 0.090625 0.441406 0.027344 0.034375
0 0.162500 0.425781 0.023438 0.029687
0 0.140625 0.421094 0.023438 0.032813
0 0.117188 0.416406 0.025781 0.032813
0 0.353125 0.432031 0.003906 0.008594
0 0.337500 0.428125 0.009375 0.009375
0 0.307031 0.421094 0.005469 0.009375
0 0.296094 0.417969 0.014063 0.012500
0 0.281250 0.414062 0.014063 0.011719
0 0.270313 0.412500 0.006250 0.011719
