0 0.659375 0.534375 0.028906 0.036719
0 0.114844 0.736719 0.096094 0.104688
0 0.596094 0.560156 0.014844 0.044531
0 0.573438 0.566406 0.032031 0.043750
0 0.564063 0.569531 0.020313 0.050000
0 0.573438 0.530469 0.033594 0.046875
0 0.536719 0.541406 0.033594 0.050781
0 0.545312 0.582812 0.016406 0.041406
0 0.524219 0.589063 0.024219 0.043750
0 0.501563 0.590625 0.035156 0.058594
0 0.519531 0.546875 0.035156 0.053125
0 0.201563 0.524219 0.052344 0.081250
0 0.151562 0.532031 0.058594 0.088281
0 0.096875 0.548438 0.064062 0.078125
0 0.095312 0.474219 0.078906 0.084375
0 0.035937 0.558594 0.071875 0.082812
0 0.004687 0.568750 0.008594 0.068750
0 0.037500 0.480469 0.075000 0.089063
0 0.008594 0.442188 0.016406 0.004687
0 0.189062 0.328125 0.057031 0.071094
0 0.135156 0.325781 0.063281 0.075781
0 0.076563 0.322656 0.070312 0.080469
0 0.025781 0.321094 0.051562 0.084375
0 0.469531 0.360938 0.023438 0.048438
0 0.445312 0.360938 0.025000 0.049219
0 0.390625 0.360156 0.030469 0.053906
0 0.419531 0.360938 0.027344 0.050781
0 0.417969 0.309375 0.028125 0.053906
0 0.389844 0.306250 0.031250 0.055469
0 0.358594 0.303125 0.033594 0.058594
0 0.321875 0.300781 0.042969 0.061719
0 0.360156 0.359375 0.033594 0.054688
0 0.327344 0.359375 0.036719 0.057031
0 0.289844 0.357812 0.042969 0.061719
