0 0.885156 0.688281 0.070312 0.098437
0 0.329688 0.509375 0.035156 0.051562
0 0.696094 0.623437 0.034375 0.078125
0 0.666406 0.613281 0.031250 0.076563
0 0.639062 0.604688 0.029687 0.074219
0 0.671875 0.576562 0.032813 0.071875
0 0.608594 0.558594 0.030469 0.067969
0 0.606250 0.596875 0.029687 0.064844
0 0.579688 0.599219 0.025781 0.043750
0 0.557031 0.578906 0.025781 0.067969
0 0.583594 0.551562 0.030469 0.065625
0 0.357031 0.418750 0.037500 0.050781
0 0.338281 0.415625 0.035156 0.049219
0 0.314844 0.417969 0.018750 0.036719
0 0.321094 0.378125 0.039844 0.046875
0 0.299219 0.414062 0.017969 0.035937
0 0.284375 0.410938 0.017969 0.035156
0 0.269531 0.407031 0.017969 0.035156
0 0.255469 0.401562 0.017969 0.039844
0 0.303125 0.375781 0.035937 0.045312
0 0.288281 0.372656 0.035937 0.045312
0 0.273438 0.370312 0.035156 0.044531
0 0.348438 0.308594 0.041406 0.046094
0 0.328125 0.306250 0.035937 0.045312
0 0.312500 0.303906 0.038281 0.045312
0 0.295312 0.303125 0.036719 0.044531
0 0.278906 0.300781 0.035156 0.042969
0 0.265625 0.299219 0.038281 0.042969
0 0.250781 0.297656 0.036719 0.041406
0 0.521094 0.344531 0.034375 0.057031
0 0.496875 0.341406 0.035156 0.056250
0 0.445312 0.340625 0.022656 0.045312
0 0.467969 0.342969 0.022656 0.046094
0 0.473438 0.294531 0.036719 0.053125
0 0.450000 0.292969 0.035937 0.050781
0 0.428125 0.291406 0.035156 0.050781
0 0.408594 0.289062 0.037500 0.049219
0 0.423438 0.337500 0.022656 0.043750
0 0.403125 0.334375 0.021875 0.043750
0 0.383594 0.328906 0.021094 0.050000
