0 0.873437 0.715625 0.074219 0.103125
0 0.400781 0.468750 0.012500 0.014063
0 0.388281 0.467187 0.010937 0.015625
0 0.387500 0.457031 0.011719 0.017969
0 0.371094 0.454688 0.012500 0.014063
0 0.382031 0.455469 0.012500 0.014063
0 0.779687 0.662500 0.040625 0.085156
0 0.747656 0.646094 0.037500 0.082031
0 0.718750 0.630469 0.037500 0.079687
0 0.754687 0.609375 0.039062 0.078906
0 0.572656 0.523438 0.032813 0.057813
0 0.572656 0.558594 0.032031 0.050781
0 0.546875 0.553906 0.019531 0.041406
0 0.529687 0.535937 0.017188 0.056250
0 0.553125 0.514062 0.029687 0.055469
0 0.505469 0.332031 0.032813 0.046875
0 0.487500 0.328125 0.032813 0.047656
0 0.448437 0.324219 0.015625 0.038281
0 0.464062 0.327344 0.015625 0.038281
0 0.471875 0.289844 0.032813 0.043750
0 0.454688 0.286719 0.030469 0.041406
0 0.439063 0.284375 0.029687 0.040625
0 0.425000 0.282031 0.028906 0.040625
0 0.434375 0.321094 0.014844 0.035937
0 0.419531 0.317969 0.014063 0.035937
0 0.407031 0.312500 0.014063 0.038281
0 0.385937 0.294531 0.030469 0.037500
0 0.370312 0.291406 0.021094 0.035937
0 0.362500 0.289062 0.027344 0.035937
0 0.352344 0.287500 0.027344 0.034375
0 0.341406 0.285156 0.027344 0.034375
0 0.332031 0.283594 0.025781 0.032813
0 0.323437 0.282031 0.027344 0.032031
0 0.390625 0.382812 0.028906 0.040625
0 0.377344 0.378906 0.022656 0.038281
0 0.360938 0.378906 0.011719 0.029687
0 0.367969 0.347656 0.029687 0.035937
0 0.350781 0.375781 0.012500 0.029687
0 0.342187 0.371094 0.011719 0.027344
0 0.332813 0.367969 0.011719 0.027344
0 0.324219 0.362500 0.011719 0.029687
0 0.355469 0.344531 0.026562 0.035937
0 0.347656 0.342187 0.026562 0.035156
0 0.337500 0.339062 0.025781 0.032813
0 0.692187 0.379688 0.012500 0.012500
0 0.663281 0.373437 0.015625 0.012500
0 0.650781 0.370312 0.015625 0.010937
0 0.535937 0.314063 0.010937 0.022656
0 0.524219 0.312500 0.014844 0.022656
0 0.514062 0.307031 0.005469 0.005469
0 0.517969 0.293750 0.012500 0.021094
0 0.502344 0.303906 0.003906 0.003906
0 0.496094 0.303125 0.007812 0.006250
0 0.489844 0.302344 0.003125 0.003906
0 0.507812 0.290625 0.014063 0.020313
0 0.498437 0.290625 0.011719 0.021094
0 0.493750 0.289062 0.010937 0.020313
0 0.537500 0.256250 0.011719 0.021094
0 0.525000 0.255469 0.014063 0.020313
0 0.517969 0.253906 0.012500 0.021094
0 0.509375 0.253125 0.015625 0.019531
0 0.498437 0.252344 0.011719 0.020313
0 0.491406 0.251563 0.012500 0.020313
0 0.484375 0.251563 0.014844 0.020313
0 0.623437 0.273438 0.017188 0.025781
0 0.611719 0.271875 0.017188 0.024219
0 0.586719 0.271094 0.011719 0.021094
0 0.597656 0.272656 0.011719 0.022656
0 0.601562 0.250000 0.017969 0.023438
0 0.589063 0.249219 0.014844 0.023438
0 0.578906 0.247656 0.014844 0.023438
0 0.568750 0.247656 0.015625 0.022656
0 0.575000 0.270313 0.011719 0.021094
0 0.564844 0.268750 0.010937 0.020313
0 0.554688 0.265625 0.009375 0.023438
