0 0.135156 0.614844 0.017969 0.010937
0 0.146875 0.609375 0.021094 0.018750
0 0.160156 0.611719 0.005469 0.009375
0 0.018750 0.528125 0.036719 0.089063
0 0.014844 0.614062 0.029687 0.088281
0 0.035156 0.613281 0.027344 0.079687
0 0.053906 0.610938 0.022656 0.073438
0 0.042969 0.534375 0.025000 0.078906
0 0.095312 0.265625 0.024219 0.045312
0 0.119531 0.300000 0.008594 0.044531
0 0.133594 0.332031 0.008594 0.040625
0 0.126562 0.317188 0.009375 0.043750
0 0.105469 0.269531 0.058594 0.080469
0 0.136719 0.297656 0.009375 0.056250
0 0.142969 0.313281 0.008594 0.054688
0 0.148438 0.328125 0.007031 0.050000
0 0.139844 0.346875 0.007031 0.038281
0 0.146094 0.358594 0.007031 0.034375
0 0.150781 0.371094 0.006250 0.032031
0 0.157031 0.379688 0.008594 0.033594
0 0.167187 0.390625 0.002344 0.023438
0 0.169531 0.396094 0.003906 0.024219
0 0.172656 0.404687 0.003906 0.021875
0 0.175781 0.410938 0.003906 0.021875
0 0.178906 0.417969 0.003125 0.021094
0 0.181250 0.424219 0.002344 0.020313
0 0.146875 0.478125 0.014063 0.014844
0 0.160156 0.493750 0.003906 0.028906
0 0.163281 0.496875 0.005469 0.029687
0 0.147656 0.465625 0.039844 0.041406
0 0.166406 0.500781 0.003906 0.028125
0 0.169531 0.504687 0.003906 0.028125
0 0.172656 0.508594 0.003906 0.025781
0 0.175781 0.510938 0.003125 0.025000
0 0.168750 0.473438 0.004687 0.033594
0 0.171875 0.478125 0.004687 0.031250
0 0.174219 0.482031 0.003906 0.030469
0 0.860156 0.611719 0.100781 0.075781
0 0.451562 0.598437 0.017969 0.023438
0 0.656250 0.605469 0.039844 0.049219
0 0.625781 0.603906 0.021875 0.045312
0 0.606250 0.603125 0.018750 0.043750
0 0.635938 0.558594 0.042969 0.046094
0 0.592969 0.562500 0.037500 0.039844
0 0.585938 0.603125 0.021875 0.040625
0 0.567969 0.602344 0.014844 0.038281
0 0.553906 0.601562 0.013281 0.036719
0 0.567187 0.564063 0.014063 0.038281
0 0.467187 0.524219 0.022656 0.024219
0 0.453125 0.525781 0.005469 0.023438
0 0.446875 0.528125 0.005469 0.021875
0 0.455469 0.505469 0.021094 0.024219
0 0.441406 0.529687 0.005469 0.021875
0 0.435937 0.531250 0.004687 0.020313
0 0.431250 0.533594 0.004687 0.020313
0 0.427344 0.534375 0.003906 0.020313
0 0.441406 0.508594 0.005469 0.021875
0 0.436719 0.510156 0.004687 0.021875
0 0.432031 0.512500 0.003906 0.021094
0 0.464844 0.450781 0.015625 0.023438
0 0.453906 0.453906 0.005469 0.023438
0 0.447656 0.458594 0.005469 0.021875
0 0.442969 0.462500 0.005469 0.021094
0 0.437500 0.465625 0.004687 0.020313
0 0.432812 0.468750 0.003906 0.019531
0 0.428125 0.471875 0.003906 0.018750
0 0.539062 0.415625 0.029687 0.033594
0 0.518750 0.421875 0.010156 0.031250
0 0.499219 0.434375 0.008594 0.028906
0 0.508594 0.428906 0.009375 0.029687
0 0.517188 0.402344 0.026562 0.034375
0 0.499219 0.408594 0.007812 0.032031
0 0.490625 0.414844 0.007812 0.031250
0 0.482812 0.421094 0.007031 0.030469
0 0.490625 0.439844 0.007812 0.028125
0 0.482812 0.444531 0.007031 0.026562
0 0.475000 0.450000 0.007031 0.025781
