0 0.882812 0.576562 0.005469 0.014844
0 0.882031 0.602344 0.005469 0.039844
0 0.896094 0.629687 0.025000 0.053906
0 0.892969 0.589063 0.008594 0.029687
0 0.907813 0.678125 0.010937 0.064844
0 0.900781 0.725781 0.009375 0.064844
0 0.903125 0.743750 0.007812 0.059375
0 0.930469 0.789062 0.047656 0.100781
0 0.918750 0.703906 0.026562 0.081250
0 0.982031 0.458594 0.035156 0.083594
0 0.987500 0.468750 0.024219 0.092969
0 0.993750 0.482812 0.011719 0.089844
0 0.585156 0.508594 0.017969 0.028125
0 0.242188 0.717969 0.055469 0.086719
0 0.546875 0.534375 0.008594 0.031250
0 0.532813 0.541406 0.019531 0.030469
0 0.527344 0.544531 0.012500 0.035937
0 0.530469 0.513281 0.025781 0.035156
0 0.507812 0.525000 0.026562 0.039062
0 0.516406 0.555469 0.009375 0.031250
0 0.505469 0.561719 0.010156 0.033594
0 0.485938 0.566406 0.028125 0.041406
0 0.498437 0.530469 0.025000 0.039844
0 0.297656 0.544531 0.046094 0.066406
0 0.272656 0.555469 0.036719 0.071094
0 0.239844 0.574219 0.039844 0.063281
0 0.229687 0.517188 0.052344 0.071094
0 0.201563 0.588281 0.046094 0.068750
0 0.157812 0.604688 0.051562 0.074219
0 0.108594 0.623437 0.060156 0.079687
0 0.051562 0.633594 0.071094 0.109375
0 0.191406 0.528125 0.055469 0.078125
0 0.148438 0.539844 0.059375 0.085156
0 0.100000 0.553906 0.064062 0.092969
0 0.290625 0.400781 0.046094 0.054688
0 0.259375 0.403125 0.047656 0.058594
0 0.222656 0.407031 0.053906 0.061719
0 0.183594 0.410938 0.057031 0.067969
0 0.137500 0.414844 0.060937 0.071875
0 0.085938 0.419531 0.066406 0.078906
0 0.031250 0.425000 0.062500 0.084375
0 0.461719 0.397656 0.028906 0.038281
0 0.454688 0.400000 0.014844 0.039062
0 0.421875 0.405469 0.018750 0.039844
0 0.439063 0.403125 0.016406 0.039062
0 0.438281 0.365625 0.016406 0.038281
0 0.421094 0.365625 0.018750 0.039844
0 0.401562 0.366406 0.020313 0.041406
0 0.372656 0.367188 0.039844 0.043750
0 0.403125 0.407813 0.019531 0.041406
0 0.382812 0.410156 0.022656 0.044531
0 0.353906 0.411719 0.039062 0.049219
