0 0.682031 0.468750 0.032031 0.034375
0 0.200781 0.659375 0.028906 0.046094
0 0.160156 0.682031 0.032031 0.053906
0 0.121875 0.677344 0.036719 0.071094
0 0.017969 0.734375 0.035156 0.060937
0 0.074219 0.700781 0.043750 0.057031
0 0.668750 0.478125 0.010156 0.035156
0 0.648438 0.480469 0.032031 0.036719
0 0.637500 0.483594 0.033594 0.040625
0 0.649219 0.447656 0.033594 0.038281
0 0.559375 0.472656 0.038281 0.050781
0 0.569531 0.517188 0.015625 0.045312
0 0.553906 0.523438 0.016406 0.048438
0 0.525000 0.525781 0.041406 0.058594
0 0.542188 0.477344 0.041406 0.053125
0 0.498437 0.249219 0.024219 0.059375
0 0.473438 0.242969 0.025781 0.063281
0 0.414844 0.228906 0.034375 0.071094
0 0.445312 0.235937 0.029687 0.066406
0 0.444531 0.174219 0.030469 0.074219
0 0.413281 0.162500 0.034375 0.078906
0 0.377344 0.149219 0.039062 0.085938
0 0.329688 0.135156 0.060156 0.092969
0 0.379688 0.220312 0.038281 0.075781
0 0.340625 0.210938 0.044531 0.081250
0 0.290625 0.199219 0.061719 0.089844
0 0.156250 0.126562 0.078906 0.115625
0 0.077344 0.103125 0.097656 0.130469
0 0.021094 0.088281 0.041406 0.121094
0 0.178125 0.415625 0.071094 0.092969
0 0.107031 0.421094 0.086719 0.100781
0 0.037500 0.426563 0.075000 0.106250
0 0.039062 0.319531 0.078125 0.108594
0 0.176563 0.367188 0.022656 0.004687
0 0.152344 0.367969 0.025781 0.005469
0 0.125000 0.347656 0.031250 0.034375
0 0.099219 0.367969 0.028125 0.004687
0 0.081250 0.367969 0.007031 0.004687
0 0.096875 0.346875 0.032031 0.035156
0 0.078906 0.346875 0.010156 0.035156
0 0.170313 0.280469 0.026562 0.035156
0 0.145313 0.278125 0.028906 0.035937
0 0.118750 0.275781 0.030469 0.038281
0 0.090625 0.273438 0.032813 0.039062
0 0.060156 0.269531 0.035156 0.039844
0 0.026562 0.257031 0.035156 0.023438
0 0.005469 0.254688 0.010937 0.021875
0 0.331250 0.307812 0.016406 0.026562
0 0.315625 0.306250 0.017188 0.028125
0 0.281250 0.303906 0.019531 0.029687
0 0.299219 0.305469 0.017969 0.028906
0 0.297656 0.286719 0.016406 0.009375
0 0.280469 0.285156 0.017969 0.009375
0 0.261719 0.283594 0.018750 0.009375
0 0.249219 0.282031 0.006250 0.008594
0 0.263281 0.301563 0.019531 0.029687
0 0.250000 0.301563 0.009375 0.028906
0 0.216406 0.298438 0.011719 0.031250
