0 0.072656 0.571875 0.078125 0.069531
0 0.077344 0.623437 0.077344 0.074219
0 0.120313 0.603906 0.015625 0.057031
0 0.132031 0.592969 0.014844 0.053906
0 0.089844 0.557031 0.069531 0.055469
0 0.111719 0.334375 0.060156 0.046094
0 0.145313 0.341406 0.011719 0.042969
0 0.162500 0.348438 0.009375 0.036719
0 0.154688 0.345313 0.010156 0.039062
0 0.131250 0.305469 0.052344 0.046875
0 0.160156 0.311719 0.010156 0.040625
0 0.167969 0.317188 0.008594 0.038281
0 0.175000 0.321094 0.007812 0.035937
0 0.169531 0.350781 0.008594 0.035156
0 0.176563 0.353906 0.007031 0.033594
0 0.182812 0.356250 0.007031 0.032031
0 0.188281 0.348438 0.018750 0.029687
0 0.199219 0.350781 0.005469 0.028125
0 0.203906 0.353125 0.005469 0.026562
0 0.207813 0.355469 0.004687 0.025000
0 0.211719 0.357031 0.003906 0.024219
0 0.214844 0.358594 0.004687 0.024219
0 0.217969 0.360938 0.003906 0.023438
0 0.185156 0.436719 0.034375 0.028125
0 0.203906 0.436719 0.005469 0.026562
0 0.208594 0.435937 0.004687 0.025781
0 0.193750 0.409375 0.032031 0.025781
0 0.212500 0.434375 0.004687 0.025000
0 0.215625 0.434375 0.004687 0.024219
0 0.219531 0.433594 0.003906 0.024219
0 0.221875 0.432031 0.003906 0.021875
0 0.210938 0.409375 0.003906 0.025000
0 0.214844 0.409375 0.003906 0.024219
0 0.217969 0.409375 0.003906 0.023438
0 0.744531 0.674219 0.078906 0.096875
0 0.462500 0.503125 0.001563 0.006250
0 0.461719 0.500781 0.006250 0.007031
0 0.463281 0.494531 0.009375 0.006250
0 0.452344 0.496094 0.005469 0.006250
0 0.671094 0.624219 0.055469 0.074219
0 0.646875 0.613281 0.049219 0.060937
0 0.613281 0.598437 0.019531 0.060937
0 0.649219 0.561719 0.051562 0.064062
0 0.540625 0.510938 0.032031 0.039062
0 0.540625 0.546094 0.032031 0.038281
0 0.520312 0.539844 0.008594 0.035156
0 0.512500 0.533594 0.007812 0.035937
0 0.531250 0.506250 0.028906 0.036719
0 0.509375 0.359375 0.027344 0.030469
0 0.491406 0.361719 0.006250 0.028906
0 0.479687 0.365625 0.005469 0.026562
0 0.485156 0.364063 0.005469 0.028125
0 0.495312 0.335938 0.025781 0.029687
0 0.479687 0.339062 0.005469 0.028125
0 0.474219 0.341406 0.005469 0.026562
0 0.468750 0.343750 0.004687 0.025781
0 0.474219 0.366406 0.004687 0.025781
0 0.468750 0.367969 0.004687 0.025000
0 0.464844 0.369531 0.003906 0.024219
0 0.459375 0.363281 0.013281 0.021875
0 0.450781 0.364063 0.003125 0.021094
0 0.446875 0.365625 0.003125 0.020313
0 0.442969 0.366406 0.003125 0.020313
0 0.439844 0.367969 0.003125 0.019531
0 0.436719 0.369531 0.003125 0.018750
0 0.434375 0.370312 0.002344 0.018750
0 0.462500 0.426563 0.020313 0.013281
0 0.457031 0.430469 0.016406 0.021094
0 0.446875 0.430469 0.003906 0.020313
0 0.454688 0.409375 0.018750 0.020313
0 0.443750 0.429688 0.003125 0.020313
0 0.440625 0.428906 0.003125 0.019531
0 0.437500 0.428906 0.002344 0.018750
0 0.434375 0.428125 0.002344 0.018750
0 0.443750 0.409375 0.002344 0.019531
0 0.440625 0.409375 0.002344 0.018750
0 0.437500 0.409375 0.002344 0.018750
0 0.932813 0.549219 0.053906 0.043750
0 0.632812 0.426563 0.014844 0.016406
0 0.621875 0.425781 0.011719 0.016406
0 0.612500 0.426563 0.006250 0.015625
0 0.617969 0.409375 0.016406 0.016406
0 0.606250 0.426563 0.006250 0.015625
0 0.600000 0.425781 0.006250 0.015625
0 0.594531 0.425000 0.005469 0.014844
0 0.589844 0.425000 0.002344 0.014844
0 0.606250 0.409375 0.005469 0.015625
0 0.600000 0.409375 0.005469 0.015625
0 0.594531 0.409375 0.005469 0.014844
0 0.634375 0.377344 0.016406 0.008594
0 0.614062 0.378906 0.005469 0.006250
0 0.607812 0.380469 0.005469 0.006250
0 0.600781 0.381250 0.005469 0.006250
0 0.595313 0.381250 0.005469 0.006250
0 0.590625 0.382031 0.002344 0.006250
0 0.710156 0.373437 0.023438 0.019531
0 0.692969 0.375781 0.011719 0.017969
0 0.672656 0.377344 0.009375 0.017969
0 0.682813 0.376563 0.010156 0.017969
0 0.663281 0.378125 0.009375 0.016406
0 0.654687 0.378906 0.008594 0.015625
0 0.646094 0.380469 0.008594 0.015625
