0 0.858594 0.640625 0.064062 0.065625
0 0.282031 0.601562 0.043750 0.048438
0 0.693750 0.626563 0.028906 0.059375
0 0.661719 0.624219 0.034375 0.058594
0 0.635156 0.622656 0.032031 0.058594
0 0.662500 0.581250 0.035156 0.054688
0 0.601562 0.578125 0.027344 0.053125
0 0.602344 0.626563 0.025781 0.044531
0 0.577344 0.625000 0.025000 0.044531
0 0.551562 0.617969 0.024219 0.055469
0 0.577344 0.577344 0.025000 0.053125
0 0.325000 0.487500 0.038281 0.039844
0 0.295312 0.487500 0.021094 0.039844
0 0.275000 0.487500 0.020313 0.038281
0 0.284375 0.448437 0.039844 0.039062
0 0.255469 0.487500 0.019531 0.038281
0 0.235937 0.486719 0.019531 0.036719
0 0.217188 0.486719 0.018750 0.036719
0 0.198437 0.485938 0.018750 0.036719
0 0.254688 0.448437 0.019531 0.038281
0 0.235156 0.448437 0.019531 0.038281
0 0.216406 0.448437 0.018750 0.038281
0 0.325000 0.366406 0.039062 0.044531
0 0.295312 0.365625 0.021094 0.039062
0 0.274219 0.366406 0.020313 0.039062
0 0.254688 0.367969 0.020313 0.039062
0 0.235156 0.367969 0.019531 0.038281
0 0.215625 0.368750 0.018750 0.038281
0 0.196875 0.369531 0.018750 0.038281
0 0.506250 0.374219 0.024219 0.043750
0 0.481250 0.375781 0.024219 0.043750
0 0.433594 0.377344 0.022656 0.041406
0 0.457031 0.376563 0.023438 0.041406
0 0.460938 0.333594 0.030469 0.043750
0 0.433594 0.334375 0.022656 0.043750
0 0.410156 0.335938 0.022656 0.042969
0 0.387500 0.337500 0.022656 0.041406
0 0.410938 0.378125 0.022656 0.041406
0 0.388281 0.378906 0.021875 0.040625
0 0.366406 0.378906 0.021875 0.041406
