0 0.339844 0.493750 0.019531 0.017969
0 0.323437 0.494531 0.020313 0.020313
0 0.319531 0.482812 0.019531 0.025000
0 0.292187 0.483594 0.019531 0.018750
0 0.309375 0.482031 0.019531 0.018750
0 0.943750 0.646094 0.066406 0.104688
0 0.886719 0.629687 0.071094 0.107031
0 0.836719 0.617969 0.071094 0.101562
0 0.894531 0.571875 0.085938 0.103906
0 0.609375 0.510938 0.036719 0.076563
0 0.607031 0.561719 0.035937 0.073438
0 0.575781 0.561719 0.030469 0.053906
0 0.547656 0.543750 0.028906 0.074219
0 0.580469 0.504687 0.036719 0.074219
0 0.503906 0.252344 0.042969 0.058594
0 0.468750 0.253125 0.028906 0.057031
0 0.417187 0.253906 0.025781 0.053125
0 0.442188 0.253906 0.027344 0.054688
0 0.450000 0.197656 0.045312 0.058594
0 0.414844 0.199219 0.025781 0.056250
0 0.390625 0.201563 0.025781 0.054688
0 0.367969 0.203125 0.025000 0.053906
0 0.392969 0.254688 0.025000 0.051562
0 0.370312 0.255469 0.024219 0.050781
0 0.349219 0.254688 0.023438 0.050000
0 0.314063 0.236719 0.047656 0.048438
0 0.282813 0.237500 0.022656 0.046875
0 0.264844 0.238281 0.021094 0.045312
0 0.247656 0.239063 0.021094 0.044531
0 0.231250 0.239063 0.020313 0.043750
0 0.216406 0.240625 0.019531 0.043750
0 0.202344 0.240625 0.021094 0.042969
0 0.323437 0.369531 0.043750 0.049219
0 0.302344 0.367969 0.037500 0.048438
0 0.277344 0.368750 0.019531 0.041406
0 0.285938 0.326562 0.046094 0.044531
0 0.260937 0.366406 0.019531 0.040625
0 0.245312 0.364844 0.019531 0.039062
0 0.230469 0.363281 0.018750 0.039062
0 0.216406 0.359375 0.017969 0.039844
0 0.265625 0.325781 0.038281 0.043750
0 0.250000 0.324219 0.038281 0.042969
0 0.235937 0.323437 0.039844 0.041406
0 0.779687 0.417969 0.029687 0.034375
0 0.465625 0.381250 0.020313 0.024219
0 0.685937 0.400781 0.016406 0.020313
0 0.671094 0.403906 0.015625 0.028906
0 0.656250 0.396094 0.014844 0.015625
0 0.672656 0.380469 0.016406 0.029687
0 0.638281 0.377344 0.015625 0.028906
0 0.636719 0.395313 0.014844 0.013281
0 0.622656 0.394531 0.013281 0.010156
0 0.609375 0.390625 0.013281 0.014844
0 0.624219 0.375781 0.015625 0.028125
0 0.486719 0.320312 0.014844 0.021875
0 0.477344 0.319531 0.016406 0.023438
0 0.463281 0.320312 0.010156 0.020313
0 0.466406 0.305469 0.016406 0.008594
0 0.453125 0.319531 0.010156 0.020313
0 0.442969 0.319531 0.010156 0.020313
0 0.432812 0.318750 0.010156 0.020313
0 0.423438 0.317188 0.010156 0.021094
0 0.453125 0.305469 0.010156 0.008594
0 0.442188 0.303906 0.010156 0.008594
0 0.432812 0.303906 0.010156 0.008594
0 0.589844 0.261719 0.014063 0.025000
0 0.575781 0.261719 0.014063 0.025000
0 0.550000 0.261719 0.013281 0.024219
0 0.562500 0.261719 0.013281 0.024219
0 0.564844 0.236719 0.016406 0.024219
0 0.550000 0.237500 0.013281 0.025000
0 0.539844 0.238281 0.007031 0.024219
0 0.526563 0.238281 0.002344 0.023438
0 0.539844 0.262500 0.007031 0.023438
0 0.526563 0.262500 0.002344 0.023438
