0 0.002344 0.314063 0.003906 0.034375
0 0.005469 0.328906 0.010156 0.039844
0 0.010937 0.344531 0.010156 0.035937
0 0.017188 0.359375 0.008594 0.034375
0 0.021875 0.372656 0.007812 0.032031
0 0.003125 0.496875 0.006250 0.039062
0 0.000781 0.430469 0.001563 0.011719
0 0.003906 0.452344 0.007031 0.049219
0 0.410938 0.642969 0.024219 0.029687
0 0.734375 0.621094 0.057813 0.066406
0 0.689063 0.624219 0.039062 0.060937
0 0.656250 0.626563 0.033594 0.058594
0 0.693750 0.564844 0.052344 0.063281
0 0.625000 0.577344 0.046094 0.054688
0 0.622656 0.628906 0.037500 0.053906
0 0.592969 0.630469 0.024219 0.050000
0 0.570312 0.631250 0.021875 0.048438
0 0.591406 0.581250 0.024219 0.050781
0 0.433594 0.548438 0.025000 0.029687
0 0.416406 0.551562 0.009375 0.028906
0 0.407813 0.554688 0.008594 0.028125
0 0.417969 0.528125 0.025781 0.030469
0 0.400000 0.557813 0.007812 0.026562
0 0.392969 0.560156 0.007031 0.025781
0 0.385937 0.563281 0.007031 0.025000
0 0.378906 0.565625 0.007031 0.024219
0 0.400781 0.532031 0.008594 0.028906
0 0.393750 0.535937 0.007812 0.028906
0 0.386719 0.539062 0.007031 0.028125
0 0.435156 0.459375 0.021875 0.028125
0 0.419531 0.465625 0.008594 0.028125
0 0.411719 0.471094 0.008594 0.026562
0 0.403125 0.476562 0.007812 0.025000
0 0.396094 0.481250 0.007812 0.025000
0 0.389062 0.485938 0.007031 0.024219
0 0.382812 0.490625 0.007031 0.023438
0 0.540625 0.409375 0.035937 0.046875
0 0.514844 0.414844 0.014844 0.039062
0 0.486719 0.432812 0.012500 0.035937
0 0.500000 0.424219 0.013281 0.036719
0 0.509375 0.392969 0.032813 0.041406
0 0.486719 0.403125 0.012500 0.040625
0 0.474219 0.411719 0.011719 0.039062
0 0.462500 0.420312 0.010937 0.036719
0 0.473438 0.441406 0.011719 0.034375
0 0.462500 0.448437 0.010937 0.032031
0 0.450781 0.455469 0.010156 0.031250
