0 0.145313 0.616406 0.019531 0.013281
0 0.141406 0.609375 0.021094 0.004687
0 0.153906 0.606250 0.021094 0.017969
0 0.152344 0.603125 0.017969 0.007031
0 0.165625 0.606250 0.005469 0.010156
0 0.037500 0.639062 0.075000 0.096875
0 0.037500 0.719531 0.074219 0.110156
0 0.080469 0.694531 0.013281 0.084375
0 0.092969 0.680469 0.011719 0.076563
0 0.043750 0.622656 0.087500 0.079687
0 0.093750 0.321094 0.039844 0.054688
0 0.124219 0.344531 0.002344 0.038281
0 0.134375 0.360156 0.005469 0.040625
0 0.128906 0.351562 0.006250 0.043750
0 0.100000 0.300781 0.064844 0.074219
0 0.135156 0.320312 0.005469 0.053906
0 0.139844 0.331250 0.005469 0.050781
0 0.144531 0.340625 0.003906 0.046875
0 0.139844 0.367969 0.004687 0.038281
0 0.144531 0.375781 0.003906 0.035156
0 0.148438 0.382031 0.003906 0.034375
0 0.151562 0.382031 0.010156 0.035937
0 0.164062 0.391406 0.001563 0.024219
0 0.166406 0.396094 0.002344 0.024219
0 0.168750 0.400000 0.002344 0.021875
0 0.171094 0.403906 0.002344 0.021094
0 0.172656 0.408594 0.002344 0.020313
0 0.139063 0.485156 0.033594 0.020313
0 0.163281 0.496094 0.002344 0.032031
0 0.147656 0.461719 0.033594 0.035156
0 0.165625 0.496875 0.002344 0.030469
0 0.167969 0.496875 0.002344 0.029687
0 0.170313 0.497656 0.002344 0.028906
0 0.172656 0.498437 0.002344 0.028125
0 0.165625 0.465625 0.002344 0.031250
0 0.167969 0.467187 0.002344 0.030469
0 0.170313 0.468750 0.002344 0.028906
0 0.828125 0.671094 0.085156 0.083594
0 0.447656 0.568750 0.017969 0.025000
0 0.648438 0.621875 0.036719 0.053125
0 0.620313 0.617969 0.019531 0.045312
0 0.601562 0.610938 0.017969 0.046094
0 0.629687 0.575781 0.038281 0.045312
0 0.588281 0.568750 0.034375 0.039844
0 0.589063 0.606250 0.035156 0.040625
0 0.564063 0.603125 0.014063 0.039062
0 0.550781 0.598437 0.012500 0.039062
0 0.572656 0.566406 0.030469 0.038281
0 0.463281 0.500781 0.021875 0.023438
0 0.449219 0.500781 0.005469 0.021875
0 0.442969 0.501563 0.005469 0.021094
0 0.449219 0.478906 0.017188 0.021875
0 0.437500 0.501563 0.005469 0.021094
0 0.432031 0.501563 0.004687 0.020313
0 0.427344 0.501563 0.003906 0.020313
0 0.422656 0.502344 0.003906 0.019531
0 0.437500 0.480469 0.005469 0.021094
0 0.432031 0.480469 0.004687 0.020313
0 0.427344 0.481250 0.003906 0.020313
0 0.464062 0.428125 0.021875 0.024219
0 0.450000 0.430469 0.005469 0.023438
0 0.443750 0.432031 0.005469 0.021875
0 0.438281 0.434375 0.005469 0.021094
0 0.432812 0.436719 0.004687 0.021094
0 0.427344 0.438281 0.003906 0.019531
0 0.422656 0.440625 0.003906 0.019531
0 0.536719 0.413281 0.028906 0.032031
0 0.516406 0.417187 0.010156 0.030469
0 0.496875 0.423438 0.008594 0.028906
0 0.506250 0.420312 0.009375 0.029687
0 0.514844 0.392969 0.027344 0.031250
0 0.496875 0.396875 0.008594 0.030469
0 0.488281 0.400781 0.007812 0.028906
0 0.479687 0.403906 0.007812 0.028906
0 0.488281 0.426563 0.007812 0.028125
0 0.479687 0.428906 0.007812 0.026562
0 0.471875 0.432031 0.007031 0.025000
