0 0.625781 0.626563 0.027344 0.026562
0 0.152344 0.617969 0.085938 0.067969
0 0.575000 0.625781 0.011719 0.031250
0 0.563281 0.625781 0.012500 0.032031
0 0.548438 0.625000 0.017188 0.033594
0 0.553906 0.592969 0.029687 0.032031
0 0.532031 0.589844 0.013281 0.035156
0 0.532813 0.625000 0.014063 0.035156
0 0.517969 0.624219 0.014844 0.035937
0 0.493750 0.624219 0.032813 0.038281
0 0.509375 0.588281 0.032031 0.035937
0 0.257812 0.450781 0.039844 0.058594
0 0.219531 0.440625 0.043750 0.061719
0 0.176563 0.430469 0.049219 0.064844
0 0.182031 0.375000 0.048438 0.068750
0 0.129688 0.417969 0.055469 0.069531
0 0.075781 0.403906 0.064062 0.075000
0 0.025781 0.390625 0.051562 0.076563
0 0.135937 0.359375 0.054688 0.073438
0 0.083594 0.342969 0.062500 0.079687
0 0.029687 0.322656 0.059375 0.085938
0 0.271094 0.298438 0.036719 0.057031
0 0.235156 0.281250 0.040625 0.060156
0 0.196094 0.261719 0.044531 0.064844
0 0.152344 0.241406 0.050781 0.069531
0 0.103125 0.217969 0.057813 0.074219
0 0.048438 0.191406 0.064844 0.080469
0 0.011719 0.171094 0.023438 0.067187
0 0.471875 0.408594 0.017188 0.039062
0 0.453906 0.400781 0.017969 0.039844
0 0.414062 0.382812 0.021875 0.043750
0 0.435156 0.391406 0.019531 0.040625
0 0.435156 0.357031 0.019531 0.045312
0 0.414844 0.346094 0.021875 0.046875
0 0.392969 0.334375 0.023438 0.049219
0 0.364063 0.321875 0.036719 0.051562
0 0.392188 0.372656 0.023438 0.045312
0 0.367969 0.361719 0.025781 0.046875
0 0.337500 0.350000 0.037500 0.050000
