0 0.844531 0.469531 0.060937 0.052344
0 0.039062 0.678906 0.059375 0.064844
0 0.007031 0.690625 0.014063 0.044531
0 0.815625 0.482031 0.022656 0.055469
0 0.786719 0.485938 0.043750 0.057813
0 0.759375 0.487500 0.061719 0.065625
0 0.783594 0.434375 0.062500 0.061719
0 0.615625 0.464062 0.059375 0.079687
0 0.627344 0.532813 0.030469 0.067969
0 0.584375 0.533594 0.058594 0.084375
0 0.558594 0.537500 0.049219 0.094531
0 0.585938 0.469531 0.061719 0.084375
0 0.496094 0.093750 0.047656 0.102344
0 0.447656 0.080469 0.052344 0.108594
0 0.332813 0.057813 0.067969 0.115625
0 0.392188 0.069531 0.059375 0.114844
0 0.391406 0.014063 0.057813 0.027344
0 0.344531 0.005469 0.037500 0.010937
0 0.266406 0.051562 0.077344 0.103125
0 0.192188 0.045312 0.085938 0.090625
0 0.109375 0.037500 0.096875 0.075000
0 0.022656 0.344531 0.045312 0.117188
0 0.560937 0.403125 0.019531 0.006250
0 0.202344 0.436719 0.037500 0.009375
0 0.490625 0.410156 0.002344 0.005469
0 0.482812 0.410938 0.012500 0.007812
0 0.467187 0.412500 0.017188 0.007812
0 0.478906 0.366406 0.017969 0.005469
0 0.449219 0.366406 0.017188 0.005469
0 0.450781 0.414062 0.012500 0.007812
0 0.437500 0.415625 0.012500 0.007812
0 0.421094 0.416406 0.017969 0.007812
0 0.433594 0.367188 0.017969 0.005469
0 0.237500 0.326562 0.027344 0.032031
0 0.212500 0.326562 0.025781 0.032031
0 0.189844 0.326562 0.026562 0.034375
0 0.190625 0.292187 0.034375 0.034375
0 0.166406 0.326562 0.026562 0.034375
0 0.142969 0.327344 0.028906 0.034375
0 0.117969 0.327344 0.027344 0.034375
0 0.081250 0.328125 0.009375 0.035156
0 0.162500 0.292187 0.027344 0.034375
0 0.137500 0.292187 0.028906 0.035156
0 0.113281 0.291406 0.028906 0.035937
0 0.228906 0.223438 0.029687 0.035937
0 0.203906 0.222656 0.026562 0.035937
0 0.179688 0.220312 0.027344 0.035937
0 0.155469 0.217969 0.028906 0.038281
0 0.130469 0.215625 0.030469 0.038281
0 0.103906 0.214062 0.030469 0.038281
0 0.077344 0.211719 0.032813 0.040625
0 0.387500 0.248438 0.017188 0.030469
0 0.370312 0.247656 0.017188 0.029687
0 0.335156 0.245312 0.019531 0.030469
0 0.352344 0.246094 0.017969 0.030469
0 0.350781 0.215625 0.019531 0.032813
0 0.332813 0.213281 0.019531 0.032813
0 0.314063 0.212500 0.021094 0.032813
0 0.294531 0.209375 0.021094 0.034375
0 0.315625 0.244531 0.021094 0.032813
0 0.296875 0.242188 0.021094 0.032031
0 0.277344 0.240625 0.022656 0.032813
