0 0.092969 0.989062 0.007031 0.020313
0 0.094531 0.949219 0.005469 0.100000
0 0.094531 0.903906 0.006250 0.086719
0 0.028125 0.434375 0.056250 0.085938
0 0.029687 0.428125 0.058594 0.074219
0 0.025781 0.354687 0.050781 0.071875
0 0.067969 0.414844 0.006250 0.051562
0 0.067187 0.392969 0.010156 0.048438
0 0.071094 0.392188 0.006250 0.045312
0 0.072656 0.391406 0.005469 0.042969
0 0.075000 0.526563 0.021875 0.041406
0 0.083594 0.521094 0.007031 0.035937
0 0.085938 0.517969 0.003906 0.039062
0 0.080469 0.486719 0.007031 0.025000
0 0.827344 0.719531 0.071094 0.091406
0 0.421875 0.530469 0.021094 0.030469
0 0.657031 0.636719 0.036719 0.061719
0 0.634375 0.630469 0.035156 0.050000
0 0.607812 0.617188 0.020313 0.054688
0 0.635938 0.589844 0.035156 0.055469
0 0.590625 0.571875 0.032031 0.049219
0 0.589844 0.609375 0.032031 0.044531
0 0.565625 0.603125 0.016406 0.039844
0 0.550781 0.591406 0.015625 0.046875
0 0.573438 0.565625 0.030469 0.046875
0 0.439844 0.463281 0.024219 0.028906
0 0.431250 0.461719 0.022656 0.028125
0 0.415625 0.460938 0.007812 0.024219
0 0.423438 0.436719 0.023438 0.025000
0 0.408594 0.459375 0.007031 0.024219
0 0.401562 0.457813 0.007031 0.023438
0 0.394531 0.455469 0.007031 0.021875
0 0.388281 0.453125 0.006250 0.023438
0 0.414844 0.435937 0.021094 0.025000
0 0.407813 0.434375 0.021094 0.024219
0 0.400781 0.432812 0.020313 0.023438
0 0.439063 0.388281 0.024219 0.025781
0 0.422656 0.387500 0.008594 0.025000
0 0.414844 0.387500 0.007812 0.025000
0 0.407031 0.387500 0.007031 0.023438
0 0.400000 0.387500 0.007031 0.023438
0 0.392969 0.386719 0.007031 0.021875
0 0.386719 0.386719 0.007031 0.021875
0 0.532813 0.403125 0.029687 0.033594
0 0.510938 0.402344 0.013281 0.032031
0 0.485156 0.400781 0.011719 0.029687
0 0.497656 0.401562 0.011719 0.030469
0 0.505469 0.370312 0.028125 0.031250
0 0.485156 0.370312 0.011719 0.029687
0 0.473438 0.371094 0.010937 0.028906
0 0.463281 0.371094 0.010156 0.028125
0 0.474219 0.400781 0.010937 0.028906
0 0.463281 0.400000 0.010156 0.028125
0 0.453125 0.399219 0.010156 0.028125
