0 0.681250 0.525781 0.032813 0.035937
0 0.212500 0.655469 0.060937 0.066406
0 0.607812 0.546094 0.016406 0.045312
0 0.585938 0.551562 0.028906 0.043750
0 0.573438 0.553906 0.022656 0.049219
0 0.586719 0.518750 0.031250 0.046094
0 0.548438 0.528125 0.029687 0.049219
0 0.553906 0.567187 0.017188 0.035937
0 0.531250 0.567187 0.028906 0.046875
0 0.514062 0.569531 0.027344 0.053906
0 0.531250 0.532031 0.029687 0.050000
0 0.266406 0.506250 0.039844 0.064844
0 0.232031 0.511719 0.039844 0.066406
0 0.196094 0.525781 0.040625 0.053906
0 0.195312 0.471094 0.052344 0.065625
0 0.160156 0.532031 0.042969 0.054688
0 0.121094 0.538281 0.046875 0.056250
0 0.080469 0.546094 0.050000 0.058594
0 0.037500 0.544531 0.053906 0.076563
0 0.157031 0.475781 0.052344 0.067969
0 0.117969 0.480469 0.058594 0.070312
0 0.078125 0.485938 0.064062 0.073438
0 0.254688 0.364063 0.042969 0.054688
0 0.217188 0.366406 0.042969 0.056250
0 0.182812 0.367969 0.049219 0.059375
0 0.143750 0.369531 0.054688 0.060937
0 0.103125 0.371094 0.060156 0.063281
0 0.059375 0.373437 0.064844 0.064844
0 0.025000 0.375000 0.050000 0.066406
0 0.476562 0.370312 0.028906 0.044531
0 0.457813 0.371875 0.023438 0.046094
0 0.409375 0.376563 0.026562 0.045312
0 0.434375 0.375000 0.024219 0.044531
0 0.432812 0.331250 0.025000 0.043750
0 0.407813 0.332031 0.026562 0.045312
0 0.381250 0.332031 0.028906 0.046094
0 0.353125 0.332031 0.030469 0.048438
0 0.382812 0.378125 0.027344 0.045312
0 0.356250 0.380469 0.029687 0.046875
0 0.327344 0.378906 0.032031 0.053125
