0 0.950000 0.725781 0.099219 0.110937
0 0.396875 0.568750 0.024219 0.032031
0 0.701562 0.651563 0.039844 0.070312
0 0.671094 0.646875 0.039062 0.060156
0 0.638281 0.635938 0.027344 0.063281
0 0.671875 0.596094 0.039062 0.060937
0 0.610938 0.584375 0.036719 0.053906
0 0.610938 0.628906 0.036719 0.053125
0 0.582031 0.624219 0.021094 0.046875
0 0.560937 0.614844 0.019531 0.053906
0 0.588281 0.579688 0.034375 0.051562
0 0.420312 0.487500 0.028125 0.028906
0 0.406250 0.486719 0.019531 0.028906
0 0.391406 0.486719 0.008594 0.026562
0 0.400000 0.458594 0.026562 0.026562
0 0.382031 0.485938 0.008594 0.025781
0 0.373437 0.485938 0.007812 0.025000
0 0.365625 0.485938 0.007031 0.025000
0 0.357812 0.484375 0.007031 0.025000
0 0.382031 0.458594 0.008594 0.026562
0 0.373437 0.459375 0.008594 0.025781
0 0.365625 0.459375 0.007812 0.025000
0 0.420312 0.397656 0.027344 0.030469
0 0.401562 0.399219 0.010156 0.029687
0 0.391406 0.400781 0.008594 0.028125
0 0.382031 0.403125 0.008594 0.028125
0 0.373437 0.403906 0.007812 0.026562
0 0.365625 0.405469 0.007812 0.025781
0 0.357812 0.407813 0.007031 0.025000
0 0.534375 0.390625 0.033594 0.039062
0 0.508594 0.393750 0.016406 0.039062
0 0.477344 0.398438 0.014063 0.035937
0 0.492188 0.396094 0.014844 0.036719
0 0.500781 0.360938 0.032031 0.038281
0 0.477344 0.364063 0.014063 0.036719
0 0.463281 0.367969 0.013281 0.035156
0 0.450000 0.371094 0.012500 0.034375
0 0.463281 0.400781 0.013281 0.033594
0 0.450000 0.403125 0.011719 0.033594
0 0.438281 0.405469 0.011719 0.032031
