0 0.325000 0.576562 0.020313 0.014844
0 0.307031 0.576562 0.025781 0.015625
0 0.309375 0.563281 0.025781 0.010937
0 0.281250 0.573438 0.019531 0.014063
0 0.292969 0.573438 0.007031 0.013281
0 0.685937 0.473438 0.072656 0.109375
0 0.689063 0.580469 0.073438 0.109375
0 0.625781 0.578125 0.055469 0.100000
0 0.575000 0.575000 0.047656 0.092969
0 0.624219 0.478906 0.053906 0.100000
0 0.510938 0.155469 0.063281 0.113281
0 0.463281 0.160938 0.031250 0.075000
0 0.407813 0.201563 0.024219 0.064844
0 0.434375 0.182031 0.027344 0.070312
0 0.448437 0.125781 0.054688 0.084375
0 0.408594 0.147656 0.024219 0.078906
0 0.385156 0.167969 0.022656 0.073438
0 0.364063 0.185938 0.020313 0.069531
0 0.384375 0.218750 0.022656 0.060156
0 0.363281 0.234375 0.019531 0.057031
0 0.344531 0.248438 0.017969 0.054688
0 0.317188 0.259375 0.036719 0.046094
0 0.291406 0.269531 0.014844 0.044531
0 0.278125 0.279687 0.013281 0.042969
0 0.265625 0.289844 0.011719 0.040625
0 0.254688 0.298438 0.011719 0.039844
0 0.243750 0.307031 0.010156 0.036719
0 0.234375 0.315625 0.010156 0.035937
0 0.310937 0.408594 0.033594 0.046875
0 0.287500 0.413281 0.014844 0.046875
0 0.274219 0.418750 0.013281 0.044531
0 0.287500 0.376563 0.036719 0.049219
0 0.261719 0.423438 0.012500 0.042969
0 0.250781 0.428125 0.011719 0.040625
0 0.239844 0.432031 0.010156 0.039844
0 0.230469 0.435937 0.010156 0.038281
0 0.263281 0.382031 0.012500 0.048438
0 0.251563 0.388281 0.011719 0.045312
0 0.241406 0.393750 0.010156 0.043750
0 0.979688 0.558594 0.039844 0.041406
0 0.528125 0.553125 0.009375 0.021875
0 0.817187 0.556250 0.026562 0.035156
0 0.792188 0.556250 0.024219 0.034375
0 0.768750 0.555469 0.022656 0.033594
0 0.791406 0.521875 0.025000 0.034375
0 0.739062 0.523438 0.021094 0.031250
0 0.739844 0.555469 0.021875 0.031250
0 0.726562 0.555469 0.003906 0.030469
0 0.725781 0.523438 0.005469 0.030469
0 0.542188 0.480469 0.010937 0.023438
0 0.530469 0.482031 0.011719 0.023438
0 0.523438 0.482031 0.001563 0.021875
0 0.528125 0.460156 0.010156 0.021875
0 0.506250 0.484375 0.005469 0.021094
0 0.498437 0.485156 0.010156 0.021875
0 0.488281 0.486719 0.009375 0.021094
0 0.478125 0.486719 0.008594 0.020313
0 0.506250 0.462500 0.005469 0.021094
0 0.498437 0.464062 0.010156 0.021875
0 0.488281 0.465625 0.009375 0.021094
0 0.662500 0.399219 0.016406 0.015625
0 0.645312 0.403125 0.016406 0.015625
0 0.614062 0.409375 0.014844 0.014844
0 0.629687 0.406250 0.014844 0.015625
0 0.600000 0.411719 0.014063 0.014844
0 0.585938 0.415625 0.013281 0.014063
0 0.572656 0.417969 0.012500 0.013281
