0 0.745313 0.517969 0.044531 0.049219
0 0.201563 0.627344 0.064844 0.071094
0 0.644531 0.535937 0.022656 0.059375
0 0.617969 0.541406 0.034375 0.057031
0 0.600000 0.543750 0.028906 0.061719
0 0.619531 0.506250 0.037500 0.057031
0 0.571875 0.515625 0.032031 0.059375
0 0.575000 0.561719 0.022656 0.039062
0 0.550000 0.558594 0.028906 0.054688
0 0.527344 0.558594 0.031250 0.064844
0 0.550000 0.519531 0.032813 0.060937
0 0.244531 0.482031 0.049219 0.075781
0 0.209375 0.486719 0.050781 0.076563
0 0.170313 0.503906 0.045312 0.053125
0 0.169531 0.442969 0.066406 0.076563
0 0.135156 0.509375 0.047656 0.053906
0 0.097656 0.514062 0.050781 0.054688
0 0.059375 0.519531 0.052344 0.054688
0 0.024219 0.515625 0.047656 0.076563
0 0.128906 0.446875 0.063281 0.078125
0 0.091406 0.451562 0.067969 0.080469
0 0.053125 0.456250 0.074219 0.082031
0 0.219531 0.328906 0.055469 0.070312
0 0.181250 0.330469 0.058594 0.071875
0 0.143750 0.332813 0.064062 0.073438
0 0.103906 0.335938 0.068750 0.075000
0 0.063281 0.338281 0.075781 0.075781
0 0.030469 0.340625 0.060937 0.078125
0 0.010937 0.306250 0.021875 0.005469
0 0.482031 0.331250 0.033594 0.060937
0 0.456250 0.333594 0.029687 0.063281
0 0.396875 0.343750 0.032813 0.053906
0 0.427344 0.341406 0.031250 0.053125
0 0.425000 0.285156 0.032813 0.060937
0 0.393750 0.286719 0.034375 0.061719
0 0.361719 0.288281 0.036719 0.063281
0 0.328906 0.289844 0.038281 0.064844
0 0.365625 0.345313 0.035156 0.055469
0 0.334375 0.348438 0.036719 0.055469
0 0.300781 0.344531 0.039844 0.067969
