0 0.146094 0.622656 0.020313 0.015625
0 0.141406 0.617969 0.021875 0.015625
0 0.153906 0.607031 0.021094 0.018750
0 0.153125 0.603125 0.019531 0.013281
0 0.159375 0.605469 0.018750 0.011719
0 0.042188 0.732031 0.084375 0.121875
0 0.043750 0.810937 0.087500 0.135156
0 0.091406 0.765625 0.014063 0.091406
0 0.101562 0.740625 0.013281 0.082031
0 0.073438 0.696094 0.044531 0.086719
0 0.063281 0.371094 0.079687 0.066406
0 0.114062 0.383594 0.003906 0.050781
0 0.124219 0.389062 0.007031 0.048438
0 0.117969 0.385937 0.008594 0.050781
0 0.083594 0.330469 0.071875 0.066406
0 0.121875 0.342187 0.007031 0.053125
0 0.128125 0.348438 0.007031 0.050000
0 0.132812 0.353125 0.006250 0.046875
0 0.129688 0.392969 0.006250 0.044531
0 0.134375 0.395313 0.005469 0.042969
0 0.139063 0.397656 0.005469 0.039844
0 0.141406 0.387500 0.011719 0.038281
0 0.153906 0.392188 0.002344 0.030469
0 0.156250 0.394531 0.003125 0.029687
0 0.158594 0.396094 0.003125 0.028906
0 0.160938 0.397656 0.003125 0.028906
0 0.163281 0.399219 0.002344 0.026562
0 0.134375 0.494531 0.033594 0.026562
0 0.157812 0.499219 0.002344 0.028125
0 0.137500 0.464062 0.039844 0.033594
0 0.160156 0.496875 0.003125 0.025781
0 0.162500 0.492969 0.002344 0.031250
0 0.164844 0.490625 0.002344 0.029687
0 0.167187 0.489063 0.002344 0.028906
0 0.158594 0.453125 0.002344 0.011719
0 0.161719 0.461719 0.003125 0.029687
0 0.164062 0.461719 0.002344 0.028906
0 0.821875 0.717969 0.080469 0.094531
0 0.446094 0.546875 0.017969 0.026562
0 0.647656 0.635938 0.036719 0.059375
0 0.627344 0.630469 0.036719 0.048438
0 0.600781 0.618750 0.017969 0.050781
0 0.628906 0.588281 0.038281 0.051562
0 0.588281 0.573438 0.034375 0.045312
0 0.588281 0.611719 0.034375 0.041406
0 0.563281 0.605469 0.013281 0.039844
0 0.550000 0.596875 0.012500 0.041406
0 0.572656 0.568750 0.032031 0.042969
0 0.461719 0.481250 0.022656 0.024219
0 0.453906 0.480469 0.018750 0.024219
0 0.441406 0.480469 0.005469 0.021875
0 0.447656 0.457813 0.017969 0.021094
0 0.435156 0.478906 0.005469 0.021094
0 0.429688 0.478125 0.004687 0.021094
0 0.425000 0.478125 0.004687 0.020313
0 0.420312 0.476562 0.004687 0.020313
0 0.435156 0.457031 0.005469 0.020313
0 0.429688 0.457031 0.004687 0.020313
0 0.425000 0.457031 0.004687 0.019531
0 0.462500 0.408594 0.022656 0.024219
0 0.447656 0.409375 0.006250 0.023438
0 0.441406 0.410938 0.005469 0.023438
0 0.435156 0.411719 0.005469 0.021875
0 0.429688 0.412500 0.004687 0.021094
0 0.425000 0.413281 0.004687 0.021094
0 0.419531 0.414062 0.003906 0.020313
0 0.536719 0.409375 0.030469 0.032031
0 0.516406 0.410938 0.010937 0.031250
0 0.496094 0.413281 0.008594 0.028906
0 0.506250 0.411719 0.010156 0.029687
0 0.514844 0.382812 0.027344 0.030469
0 0.496094 0.385156 0.008594 0.029687
0 0.486719 0.387500 0.008594 0.028906
0 0.478906 0.389062 0.007031 0.028125
0 0.486719 0.414844 0.008594 0.028125
0 0.478906 0.415625 0.007031 0.025781
0 0.471094 0.416406 0.007031 0.025781
