0 0.346094 0.653906 0.312500 0.410156
0 0.788281 0.709375 0.245312 0.384375
0 0.560937 0.630469 0.151562 0.243750
0 0.571875 0.371875 0.158594 0.179688
0 0.772656 0.271094 0.209375 0.363281
0 0.576562 0.072656 0.091406 0.145313
0 0.454688 0.110937 0.129688 0.221875
0 0.377344 0.211719 0.042969 0.166406
0 0.339062 0.253906 0.038281 0.132812
0 0.292969 0.290625 0.038281 0.102344
0 0.235937 0.335156 0.062500 0.115625
0 0.455469 0.380469 0.074219 0.162500
0 0.375000 0.384375 0.053125 0.136719
0 0.330469 0.406250 0.031250 0.102344
0 0.288281 0.410156 0.038281 0.085156
0 0.247656 0.421094 0.042969 0.072656
0 0.095312 0.365625 0.021875 0.064062
0 0.057813 0.354687 0.019531 0.068750
0 0.017188 0.470313 0.033594 0.230469
1 0.092188 0.542969 0.026562 0.153906
1 0.116406 0.525781 0.026562 0.110937
0 0.170313 0.540625 0.071875 0.141406
