0 0.897656 0.658594 0.078125 0.070312
0 0.200000 0.646875 0.063281 0.064844
0 0.723437 0.652344 0.032031 0.067969
0 0.683594 0.652344 0.046094 0.067969
0 0.653906 0.651563 0.041406 0.067969
0 0.683594 0.600781 0.046875 0.061719
0 0.614062 0.600000 0.038281 0.060937
0 0.617969 0.657031 0.030469 0.053906
0 0.585156 0.651563 0.035156 0.064844
0 0.555469 0.650000 0.032031 0.066406
0 0.584375 0.599219 0.035937 0.060937
0 0.263281 0.493750 0.052344 0.050781
0 0.221875 0.493750 0.028906 0.050781
0 0.193750 0.494531 0.027344 0.050000
0 0.207813 0.442969 0.057031 0.050781
0 0.164844 0.494531 0.028125 0.050000
0 0.136719 0.494531 0.028125 0.050000
0 0.108594 0.494531 0.027344 0.050000
0 0.081250 0.493750 0.027344 0.050781
0 0.164844 0.443750 0.028125 0.050000
0 0.136719 0.443750 0.027344 0.050000
0 0.108594 0.443750 0.027344 0.050000
0 0.264844 0.340625 0.052344 0.059375
0 0.224219 0.335938 0.028906 0.049219
0 0.195312 0.335938 0.028125 0.048438
0 0.167187 0.336719 0.027344 0.049219
0 0.139063 0.336719 0.027344 0.048438
0 0.110937 0.338281 0.027344 0.048438
0 0.083594 0.338281 0.027344 0.048438
0 0.500000 0.352344 0.030469 0.050781
0 0.469531 0.353125 0.030469 0.050000
0 0.409375 0.353906 0.028906 0.050000
0 0.439063 0.353906 0.028906 0.050000
0 0.442188 0.301563 0.035156 0.051562
0 0.409375 0.303125 0.028906 0.051562
0 0.379688 0.303906 0.028906 0.051562
0 0.350000 0.303906 0.028906 0.051562
0 0.379688 0.354687 0.028906 0.050000
0 0.350000 0.355469 0.028906 0.049219
0 0.321094 0.354687 0.028906 0.050000
