0 0.967969 0.672656 0.063281 0.082031
0 0.360156 0.612500 0.030469 0.034375
0 0.723437 0.647656 0.037500 0.064062
0 0.688281 0.646094 0.035156 0.057031
0 0.655469 0.641406 0.031250 0.058594
0 0.687500 0.593750 0.035937 0.053906
0 0.619531 0.590625 0.035156 0.048438
0 0.620313 0.638281 0.035937 0.053125
0 0.589844 0.636719 0.025781 0.049219
0 0.564844 0.632812 0.024219 0.050781
0 0.589063 0.589844 0.025781 0.046094
0 0.391406 0.514062 0.031250 0.032031
0 0.368750 0.515625 0.013281 0.032031
0 0.356250 0.517188 0.011719 0.030469
0 0.366406 0.485938 0.031250 0.031250
0 0.344531 0.517969 0.011719 0.029687
0 0.333594 0.518750 0.010937 0.028906
0 0.322656 0.519531 0.010156 0.028906
0 0.313281 0.521094 0.010156 0.028906
0 0.346094 0.487500 0.011719 0.030469
0 0.334375 0.489844 0.010937 0.029687
0 0.324219 0.491406 0.010156 0.028906
0 0.393750 0.417187 0.031250 0.035937
0 0.371875 0.418750 0.013281 0.031250
0 0.359375 0.421875 0.011719 0.030469
0 0.347656 0.425000 0.011719 0.029687
0 0.336719 0.428125 0.010937 0.028906
0 0.325781 0.431250 0.010156 0.028125
0 0.315625 0.434375 0.010156 0.028125
0 0.528125 0.392969 0.033594 0.041406
0 0.501563 0.398438 0.019531 0.040625
0 0.464844 0.407813 0.016406 0.038281
0 0.482031 0.403125 0.017969 0.038281
0 0.489844 0.367188 0.032813 0.041406
0 0.464844 0.372656 0.016406 0.039844
0 0.447656 0.378125 0.016406 0.039062
0 0.432031 0.382812 0.014844 0.038281
0 0.447656 0.412500 0.016406 0.035937
0 0.431250 0.415625 0.014844 0.035156
0 0.416406 0.419531 0.014844 0.034375
